0.0 21.26 17.89 14.87 11.66 14.0 11.18 14.87 7.81 14.0 14.0 14.87 14.87 11.18 0.0 5.83 7.81 11.18 14.87 11.66 14.87 10.0 23.77 25.08 10.0 10.0 14.0 14.0 23.77 14.0 7.81 5.83 14.87 23.77 10.0 5.83 5.83 11.66 23.77 21.26 10.0 10.0 25.08 26.08 25.08 10.0 7.81 10.0 32.76 32.76 5.83 17.89 7.81 17.2 14.0 23.77 17.89 7.81 0.0 25.08 17.89 17.89 17.2 11.18 11.18 17.89 7.81 5.83 32.76 32.76 11.66 26.08 11.66 21.26 11.18 11.66 7.81 17.2 11.66 26.08 23.77
21.26 0.0 6.0 6.4 10.0 16.0 11.7 6.4 13.6 16.0 16.0 6.4 6.4 11.7 21.26 15.56 13.6 11.7 6.4 10.0 6.4 16.49 10.63 8.06 16.49 16.49 16.0 16.0 10.63 16.0 13.6 15.56 6.4 10.63 16.49 15.56 15.56 10.0 10.63 0.0 16.49 16.49 8.06 6.0 8.06 16.49 13.6 16.49 12.37 12.37 15.56 6.0 13.6 6.0 16.0 10.63 6.0 13.6 21.26 8.06 6.0 6.0 6.0 11.7 11.7 6.0 13.6 15.56 12.37 12.37 10.0 6.0 10.0 0.0 11.7 10.0 13.6 6.0 10.0 6.0 10.63
17.89 6.0 0.0 5.39 6.32 17.09 11.18 5.39 11.18 17.09 17.09 5.39 5.39 11.18 17.89 12.08 11.18 11.18 5.39 6.32 5.39 16.12 7.28 7.28 16.12 16.12 17.09 17.09 7.28 17.09 11.18 12.08 5.39 7.28 16.12 12.08 12.08 6.32 7.28 6.0 16.12 16.12 7.28 8.49 7.28 16.12 11.18 16.12 15.0 15.0 12.08 0.0 11.18 8.49 17.09 7.28 0.0 11.18 17.89 7.28 0.0 0.0 8.49 11.18 11.18 0.0 11.18 12.08 15.0 15.0 6.32 8.49 6.32 6.0 11.18 6.32 11.18 8.49 6.32 8.49 7.28
14.87 6.4 5.39 0.0 4.12 11.7 6.0 0.0 7.21 11.7 11.7 0.0 0.0 6.0 14.87 9.22 7.21 6.0 0.0 4.12 0.0 11.0 12.65 12.0 11.0 11.0 11.7 11.7 12.65 11.7 7.21 9.22 0.0 12.65 11.0 9.22 9.22 4.12 12.65 6.4 11.0 11.0 12.0 11.7 12.0 11.0 7.21 11.0 18.38 18.38 9.22 5.39 7.21 4.12 11.7 12.65 5.39 7.21 14.87 12.0 5.39 5.39 4.12 6.0 6.0 5.39 7.21 9.22 18.38 18.38 4.12 11.7 4.12 6.4 6.0 4.12 7.21 4.12 4.12 11.7 12.65
11.66 10.0 6.32 4.12 0.0 12.81 6.4 4.12 5.0 12.81 12.81 4.12 4.12 6.4 11.66 5.83 5.0 6.4 4.12 0.0 4.12 10.77 13.0 13.6 10.77 10.77 12.81 12.81 13.0 12.81 5.0 5.83 4.12 13.0 10.77 5.83 5.83 0.0 13.0 10.0 10.77 10.77 13.6 14.42 13.6 10.77 5.0 10.77 21.1 21.1 5.83 6.32 5.0 8.0 12.81 13.0 6.32 5.0 11.66 13.6 6.32 6.32 8.0 6.4 6.4 6.32 5.0 5.83 21.1 21.1 0.0 14.42 0.0 10.0 6.4 0.0 5.0 8.0 0.0 14.42 13.0
14.0 16.0 17.09 11.7 12.81 0.0 6.4 11.7 9.43 0.0 0.0 11.7 11.7 6.4 14.0 12.08 9.43 6.4 11.7 12.81 11.7 4.0 24.35 23.35 4.0 4.0 0.0 0.0 24.35 0.0 9.43 12.08 11.7 24.35 4.0 12.08 12.08 12.81 24.35 16.0 4.0 4.0 23.35 22.0 23.35 4.0 9.43 4.0 28.16 28.16 12.08 17.09 9.43 10.0 0.0 24.35 17.09 9.43 14.0 23.35 17.09 17.09 10.0 6.4 6.4 17.09 9.43 12.08 28.16 28.16 12.81 22.0 12.81 16.0 6.4 12.81 9.43 10.0 12.81 22.0 24.35
11.18 11.7 11.18 6.0 6.4 6.4 0.0 6.0 4.0 6.4 6.4 6.0 6.0 0.0 11.18 7.0 4.0 0.0 6.0 6.4 6.0 5.0 18.44 18.0 5.0 5.0 6.4 6.4 18.44 6.4 4.0 7.0 6.0 18.44 5.0 7.0 7.0 6.4 18.44 11.7 5.0 5.0 18.0 17.46 18.0 5.0 4.0 5.0 24.04 24.04 7.0 11.18 4.0 6.4 6.4 18.44 11.18 4.0 11.18 18.0 11.18 11.18 6.4 0.0 0.0 11.18 4.0 7.0 24.04 24.04 6.4 17.46 6.4 11.7 0.0 6.4 4.0 6.4 6.4 17.46 18.44
14.87 6.4 5.39 0.0 4.12 11.7 6.0 0.0 7.21 11.7 11.7 0.0 0.0 6.0 14.87 9.22 7.21 6.0 0.0 4.12 0.0 11.0 12.65 12.0 11.0 11.0 11.7 11.7 12.65 11.7 7.21 9.22 0.0 12.65 11.0 9.22 9.22 4.12 12.65 6.4 11.0 11.0 12.0 11.7 12.0 11.0 7.21 11.0 18.38 18.38 9.22 5.39 7.21 4.12 11.7 12.65 5.39 7.21 14.87 12.0 5.39 5.39 4.12 6.0 6.0 5.39 7.21 9.22 18.38 18.38 4.12 11.7 4.12 6.4 6.0 4.12 7.21 4.12 4.12 11.7 12.65
7.81 13.6 11.18 7.21 5.0 9.43 4.0 7.21 0.0 9.43 9.43 7.21 7.21 4.0 7.81 3.0 0.0 4.0 7.21 5.0 7.21 6.4 18.0 18.44 6.4 6.4 9.43 9.43 18.0 9.43 0.0 3.0 7.21 18.0 6.4 3.0 3.0 5.0 18.0 13.6 6.4 6.4 18.44 18.79 18.44 6.4 0.0 6.4 25.5 25.5 3.0 11.18 0.0 9.43 9.43 18.0 11.18 0.0 7.81 18.44 11.18 11.18 9.43 4.0 4.0 11.18 0.0 3.0 25.5 25.5 5.0 18.79 5.0 13.6 4.0 5.0 0.0 9.43 5.0 18.79 18.0
14.0 16.0 17.09 11.7 12.81 0.0 6.4 11.7 9.43 0.0 0.0 11.7 11.7 6.4 14.0 12.08 9.43 6.4 11.7 12.81 11.7 4.0 24.35 23.35 4.0 4.0 0.0 0.0 24.35 0.0 9.43 12.08 11.7 24.35 4.0 12.08 12.08 12.81 24.35 16.0 4.0 4.0 23.35 22.0 23.35 4.0 9.43 4.0 28.16 28.16 12.08 17.09 9.43 10.0 0.0 24.35 17.09 9.43 14.0 23.35 17.09 17.09 10.0 6.4 6.4 17.09 9.43 12.08 28.16 28.16 12.81 22.0 12.81 16.0 6.4 12.81 9.43 10.0 12.81 22.0 24.35
14.0 16.0 17.09 11.7 12.81 0.0 6.4 11.7 9.43 0.0 0.0 11.7 11.7 6.4 14.0 12.08 9.43 6.4 11.7 12.81 11.7 4.0 24.35 23.35 4.0 4.0 0.0 0.0 24.35 0.0 9.43 12.08 11.7 24.35 4.0 12.08 12.08 12.81 24.35 16.0 4.0 4.0 23.35 22.0 23.35 4.0 9.43 4.0 28.16 28.16 12.08 17.09 9.43 10.0 0.0 24.35 17.09 9.43 14.0 23.35 17.09 17.09 10.0 6.4 6.4 17.09 9.43 12.08 28.16 28.16 12.81 22.0 12.81 16.0 6.4 12.81 9.43 10.0 12.81 22.0 24.35
14.87 6.4 5.39 0.0 4.12 11.7 6.0 0.0 7.21 11.7 11.7 0.0 0.0 6.0 14.87 9.22 7.21 6.0 0.0 4.12 0.0 11.0 12.65 12.0 11.0 11.0 11.7 11.7 12.65 11.7 7.21 9.22 0.0 12.65 11.0 9.22 9.22 4.12 12.65 6.4 11.0 11.0 12.0 11.7 12.0 11.0 7.21 11.0 18.38 18.38 9.22 5.39 7.21 4.12 11.7 12.65 5.39 7.21 14.87 12.0 5.39 5.39 4.12 6.0 6.0 5.39 7.21 9.22 18.38 18.38 4.12 11.7 4.12 6.4 6.0 4.12 7.21 4.12 4.12 11.7 12.65
14.87 6.4 5.39 0.0 4.12 11.7 6.0 0.0 7.21 11.7 11.7 0.0 0.0 6.0 14.87 9.22 7.21 6.0 0.0 4.12 0.0 11.0 12.65 12.0 11.0 11.0 11.7 11.7 12.65 11.7 7.21 9.22 0.0 12.65 11.0 9.22 9.22 4.12 12.65 6.4 11.0 11.0 12.0 11.7 12.0 11.0 7.21 11.0 18.38 18.38 9.22 5.39 7.21 4.12 11.7 12.65 5.39 7.21 14.87 12.0 5.39 5.39 4.12 6.0 6.0 5.39 7.21 9.22 18.38 18.38 4.12 11.7 4.12 6.4 6.0 4.12 7.21 4.12 4.12 11.7 12.65
11.18 11.7 11.18 6.0 6.4 6.4 0.0 6.0 4.0 6.4 6.4 6.0 6.0 0.0 11.18 7.0 4.0 0.0 6.0 6.4 6.0 5.0 18.44 18.0 5.0 5.0 6.4 6.4 18.44 6.4 4.0 7.0 6.0 18.44 5.0 7.0 7.0 6.4 18.44 11.7 5.0 5.0 18.0 17.46 18.0 5.0 4.0 5.0 24.04 24.04 7.0 11.18 4.0 6.4 6.4 18.44 11.18 4.0 11.18 18.0 11.18 11.18 6.4 0.0 0.0 11.18 4.0 7.0 24.04 24.04 6.4 17.46 6.4 11.7 0.0 6.4 4.0 6.4 6.4 17.46 18.44
0.0 21.26 17.89 14.87 11.66 14.0 11.18 14.87 7.81 14.0 14.0 14.87 14.87 11.18 0.0 5.83 7.81 11.18 14.87 11.66 14.87 10.0 23.77 25.08 10.0 10.0 14.0 14.0 23.77 14.0 7.81 5.83 14.87 23.77 10.0 5.83 5.83 11.66 23.77 21.26 10.0 10.0 25.08 26.08 25.08 10.0 7.81 10.0 32.76 32.76 5.83 17.89 7.81 17.2 14.0 23.77 17.89 7.81 0.0 25.08 17.89 17.89 17.2 11.18 11.18 17.89 7.81 5.83 32.76 32.76 11.66 26.08 11.66 21.26 11.18 11.66 7.81 17.2 11.66 26.08 23.77
5.83 15.56 12.08 9.22 5.83 12.08 7.0 9.22 3.0 12.08 12.08 9.22 9.22 7.0 5.83 0.0 3.0 7.0 9.22 5.83 9.22 8.6 18.25 19.31 8.6 8.6 12.08 12.08 18.25 12.08 3.0 0.0 9.22 18.25 8.6 0.0 0.0 5.83 18.25 15.56 8.6 8.6 19.31 20.25 19.31 8.6 3.0 8.6 26.93 26.93 0.0 12.08 3.0 12.08 12.08 18.25 12.08 3.0 5.83 19.31 12.08 12.08 12.08 7.0 7.0 12.08 3.0 0.0 26.93 26.93 5.83 20.25 5.83 15.56 7.0 5.83 3.0 12.08 5.83 20.25 18.25
7.81 13.6 11.18 7.21 5.0 9.43 4.0 7.21 0.0 9.43 9.43 7.21 7.21 4.0 7.81 3.0 0.0 4.0 7.21 5.0 7.21 6.4 18.0 18.44 6.4 6.4 9.43 9.43 18.0 9.43 0.0 3.0 7.21 18.0 6.4 3.0 3.0 5.0 18.0 13.6 6.4 6.4 18.44 18.79 18.44 6.4 0.0 6.4 25.5 25.5 3.0 11.18 0.0 9.43 9.43 18.0 11.18 0.0 7.81 18.44 11.18 11.18 9.43 4.0 4.0 11.18 0.0 3.0 25.5 25.5 5.0 18.79 5.0 13.6 4.0 5.0 0.0 9.43 5.0 18.79 18.0
11.18 11.7 11.18 6.0 6.4 6.4 0.0 6.0 4.0 6.4 6.4 6.0 6.0 0.0 11.18 7.0 4.0 0.0 6.0 6.4 6.0 5.0 18.44 18.0 5.0 5.0 6.4 6.4 18.44 6.4 4.0 7.0 6.0 18.44 5.0 7.0 7.0 6.4 18.44 11.7 5.0 5.0 18.0 17.46 18.0 5.0 4.0 5.0 24.04 24.04 7.0 11.18 4.0 6.4 6.4 18.44 11.18 4.0 11.18 18.0 11.18 11.18 6.4 0.0 0.0 11.18 4.0 7.0 24.04 24.04 6.4 17.46 6.4 11.7 0.0 6.4 4.0 6.4 6.4 17.46 18.44
14.87 6.4 5.39 0.0 4.12 11.7 6.0 0.0 7.21 11.7 11.7 0.0 0.0 6.0 14.87 9.22 7.21 6.0 0.0 4.12 0.0 11.0 12.65 12.0 11.0 11.0 11.7 11.7 12.65 11.7 7.21 9.22 0.0 12.65 11.0 9.22 9.22 4.12 12.65 6.4 11.0 11.0 12.0 11.7 12.0 11.0 7.21 11.0 18.38 18.38 9.22 5.39 7.21 4.12 11.7 12.65 5.39 7.21 14.87 12.0 5.39 5.39 4.12 6.0 6.0 5.39 7.21 9.22 18.38 18.38 4.12 11.7 4.12 6.4 6.0 4.12 7.21 4.12 4.12 11.7 12.65
11.66 10.0 6.32 4.12 0.0 12.81 6.4 4.12 5.0 12.81 12.81 4.12 4.12 6.4 11.66 5.83 5.0 6.4 4.12 0.0 4.12 10.77 13.0 13.6 10.77 10.77 12.81 12.81 13.0 12.81 5.0 5.83 4.12 13.0 10.77 5.83 5.83 0.0 13.0 10.0 10.77 10.77 13.6 14.42 13.6 10.77 5.0 10.77 21.1 21.1 5.83 6.32 5.0 8.0 12.81 13.0 6.32 5.0 11.66 13.6 6.32 6.32 8.0 6.4 6.4 6.32 5.0 5.83 21.1 21.1 0.0 14.42 0.0 10.0 6.4 0.0 5.0 8.0 0.0 14.42 13.0
14.87 6.4 5.39 0.0 4.12 11.7 6.0 0.0 7.21 11.7 11.7 0.0 0.0 6.0 14.87 9.22 7.21 6.0 0.0 4.12 0.0 11.0 12.65 12.0 11.0 11.0 11.7 11.7 12.65 11.7 7.21 9.22 0.0 12.65 11.0 9.22 9.22 4.12 12.65 6.4 11.0 11.0 12.0 11.7 12.0 11.0 7.21 11.0 18.38 18.38 9.22 5.39 7.21 4.12 11.7 12.65 5.39 7.21 14.87 12.0 5.39 5.39 4.12 6.0 6.0 5.39 7.21 9.22 18.38 18.38 4.12 11.7 4.12 6.4 6.0 4.12 7.21 4.12 4.12 11.7 12.65
10.0 16.49 16.12 11.0 10.77 4.0 5.0 11.0 6.4 4.0 4.0 11.0 11.0 5.0 10.0 8.6 6.4 5.0 11.0 10.77 11.0 0.0 23.35 23.0 0.0 0.0 4.0 4.0 23.35 4.0 6.4 8.6 11.0 23.35 0.0 8.6 8.6 10.77 23.35 16.49 0.0 0.0 23.0 22.36 23.0 0.0 6.4 0.0 28.86 28.86 8.6 16.12 6.4 10.77 4.0 23.35 16.12 6.4 10.0 23.0 16.12 16.12 10.77 5.0 5.0 16.12 6.4 8.6 28.86 28.86 10.77 22.36 10.77 16.49 5.0 10.77 6.4 10.77 10.77 22.36 23.35
23.77 10.63 7.28 12.65 13.0 24.35 18.44 12.65 18.0 24.35 24.35 12.65 12.65 18.44 23.77 18.25 18.0 18.44 12.65 13.0 12.65 23.35 0.0 4.0 23.35 23.35 24.35 24.35 0.0 24.35 18.0 18.25 12.65 0.0 23.35 18.25 18.25 13.0 0.0 10.63 23.35 23.35 4.0 8.06 4.0 23.35 18.0 23.35 12.08 12.08 18.25 7.28 18.0 15.26 24.35 0.0 7.28 18.0 23.77 4.0 7.28 7.28 15.26 18.44 18.44 7.28 18.0 18.25 12.08 12.08 13.0 8.06 13.0 10.63 18.44 13.0 18.0 15.26 13.0 8.06 0.0
25.08 8.06 7.28 12.0 13.6 23.35 18.0 12.0 18.44 23.35 23.35 12.0 12.0 18.0 25.08 19.31 18.44 18.0 12.0 13.6 12.0 23.0 4.0 0.0 23.0 23.0 23.35 23.35 4.0 23.35 18.44 19.31 12.0 4.0 23.0 19.31 19.31 13.6 4.0 8.06 23.0 23.0 0.0 4.12 0.0 23.0 18.44 23.0 8.6 8.6 19.31 7.28 18.44 13.6 23.35 4.0 7.28 18.44 25.08 0.0 7.28 7.28 13.6 18.0 18.0 7.28 18.44 19.31 8.6 8.6 13.6 4.12 13.6 8.06 18.0 13.6 18.44 13.6 13.6 4.12 4.0
10.0 16.49 16.12 11.0 10.77 4.0 5.0 11.0 6.4 4.0 4.0 11.0 11.0 5.0 10.0 8.6 6.4 5.0 11.0 10.77 11.0 0.0 23.35 23.0 0.0 0.0 4.0 4.0 23.35 4.0 6.4 8.6 11.0 23.35 0.0 8.6 8.6 10.77 23.35 16.49 0.0 0.0 23.0 22.36 23.0 0.0 6.4 0.0 28.86 28.86 8.6 16.12 6.4 10.77 4.0 23.35 16.12 6.4 10.0 23.0 16.12 16.12 10.77 5.0 5.0 16.12 6.4 8.6 28.86 28.86 10.77 22.36 10.77 16.49 5.0 10.77 6.4 10.77 10.77 22.36 23.35
10.0 16.49 16.12 11.0 10.77 4.0 5.0 11.0 6.4 4.0 4.0 11.0 11.0 5.0 10.0 8.6 6.4 5.0 11.0 10.77 11.0 0.0 23.35 23.0 0.0 0.0 4.0 4.0 23.35 4.0 6.4 8.6 11.0 23.35 0.0 8.6 8.6 10.77 23.35 16.49 0.0 0.0 23.0 22.36 23.0 0.0 6.4 0.0 28.86 28.86 8.6 16.12 6.4 10.77 4.0 23.35 16.12 6.4 10.0 23.0 16.12 16.12 10.77 5.0 5.0 16.12 6.4 8.6 28.86 28.86 10.77 22.36 10.77 16.49 5.0 10.77 6.4 10.77 10.77 22.36 23.35
14.0 16.0 17.09 11.7 12.81 0.0 6.4 11.7 9.43 0.0 0.0 11.7 11.7 6.4 14.0 12.08 9.43 6.4 11.7 12.81 11.7 4.0 24.35 23.35 4.0 4.0 0.0 0.0 24.35 0.0 9.43 12.08 11.7 24.35 4.0 12.08 12.08 12.81 24.35 16.0 4.0 4.0 23.35 22.0 23.35 4.0 9.43 4.0 28.16 28.16 12.08 17.09 9.43 10.0 0.0 24.35 17.09 9.43 14.0 23.35 17.09 17.09 10.0 6.4 6.4 17.09 9.43 12.08 28.16 28.16 12.81 22.0 12.81 16.0 6.4 12.81 9.43 10.0 12.81 22.0 24.35
14.0 16.0 17.09 11.7 12.81 0.0 6.4 11.7 9.43 0.0 0.0 11.7 11.7 6.4 14.0 12.08 9.43 6.4 11.7 12.81 11.7 4.0 24.35 23.35 4.0 4.0 0.0 0.0 24.35 0.0 9.43 12.08 11.7 24.35 4.0 12.08 12.08 12.81 24.35 16.0 4.0 4.0 23.35 22.0 23.35 4.0 9.43 4.0 28.16 28.16 12.08 17.09 9.43 10.0 0.0 24.35 17.09 9.43 14.0 23.35 17.09 17.09 10.0 6.4 6.4 17.09 9.43 12.08 28.16 28.16 12.81 22.0 12.81 16.0 6.4 12.81 9.43 10.0 12.81 22.0 24.35
23.77 10.63 7.28 12.65 13.0 24.35 18.44 12.65 18.0 24.35 24.35 12.65 12.65 18.44 23.77 18.25 18.0 18.44 12.65 13.0 12.65 23.35 0.0 4.0 23.35 23.35 24.35 24.35 0.0 24.35 18.0 18.25 12.65 0.0 23.35 18.25 18.25 13.0 0.0 10.63 23.35 23.35 4.0 8.06 4.0 23.35 18.0 23.35 12.08 12.08 18.25 7.28 18.0 15.26 24.35 0.0 7.28 18.0 23.77 4.0 7.28 7.28 15.26 18.44 18.44 7.28 18.0 18.25 12.08 12.08 13.0 8.06 13.0 10.63 18.44 13.0 18.0 15.26 13.0 8.06 0.0
14.0 16.0 17.09 11.7 12.81 0.0 6.4 11.7 9.43 0.0 0.0 11.7 11.7 6.4 14.0 12.08 9.43 6.4 11.7 12.81 11.7 4.0 24.35 23.35 4.0 4.0 0.0 0.0 24.35 0.0 9.43 12.08 11.7 24.35 4.0 12.08 12.08 12.81 24.35 16.0 4.0 4.0 23.35 22.0 23.35 4.0 9.43 4.0 28.16 28.16 12.08 17.09 9.43 10.0 0.0 24.35 17.09 9.43 14.0 23.35 17.09 17.09 10.0 6.4 6.4 17.09 9.43 12.08 28.16 28.16 12.81 22.0 12.81 16.0 6.4 12.81 9.43 10.0 12.81 22.0 24.35
7.81 13.6 11.18 7.21 5.0 9.43 4.0 7.21 0.0 9.43 9.43 7.21 7.21 4.0 7.81 3.0 0.0 4.0 7.21 5.0 7.21 6.4 18.0 18.44 6.4 6.4 9.43 9.43 18.0 9.43 0.0 3.0 7.21 18.0 6.4 3.0 3.0 5.0 18.0 13.6 6.4 6.4 18.44 18.79 18.44 6.4 0.0 6.4 25.5 25.5 3.0 11.18 0.0 9.43 9.43 18.0 11.18 0.0 7.81 18.44 11.18 11.18 9.43 4.0 4.0 11.18 0.0 3.0 25.5 25.5 5.0 18.79 5.0 13.6 4.0 5.0 0.0 9.43 5.0 18.79 18.0
5.83 15.56 12.08 9.22 5.83 12.08 7.0 9.22 3.0 12.08 12.08 9.22 9.22 7.0 5.83 0.0 3.0 7.0 9.22 5.83 9.22 8.6 18.25 19.31 8.6 8.6 12.08 12.08 18.25 12.08 3.0 0.0 9.22 18.25 8.6 0.0 0.0 5.83 18.25 15.56 8.6 8.6 19.31 20.25 19.31 8.6 3.0 8.6 26.93 26.93 0.0 12.08 3.0 12.08 12.08 18.25 12.08 3.0 5.83 19.31 12.08 12.08 12.08 7.0 7.0 12.08 3.0 0.0 26.93 26.93 5.83 20.25 5.83 15.56 7.0 5.83 3.0 12.08 5.83 20.25 18.25
14.87 6.4 5.39 0.0 4.12 11.7 6.0 0.0 7.21 11.7 11.7 0.0 0.0 6.0 14.87 9.22 7.21 6.0 0.0 4.12 0.0 11.0 12.65 12.0 11.0 11.0 11.7 11.7 12.65 11.7 7.21 9.22 0.0 12.65 11.0 9.22 9.22 4.12 12.65 6.4 11.0 11.0 12.0 11.7 12.0 11.0 7.21 11.0 18.38 18.38 9.22 5.39 7.21 4.12 11.7 12.65 5.39 7.21 14.87 12.0 5.39 5.39 4.12 6.0 6.0 5.39 7.21 9.22 18.38 18.38 4.12 11.7 4.12 6.4 6.0 4.12 7.21 4.12 4.12 11.7 12.65
23.77 10.63 7.28 12.65 13.0 24.35 18.44 12.65 18.0 24.35 24.35 12.65 12.65 18.44 23.77 18.25 18.0 18.44 12.65 13.0 12.65 23.35 0.0 4.0 23.35 23.35 24.35 24.35 0.0 24.35 18.0 18.25 12.65 0.0 23.35 18.25 18.25 13.0 0.0 10.63 23.35 23.35 4.0 8.06 4.0 23.35 18.0 23.35 12.08 12.08 18.25 7.28 18.0 15.26 24.35 0.0 7.28 18.0 23.77 4.0 7.28 7.28 15.26 18.44 18.44 7.28 18.0 18.25 12.08 12.08 13.0 8.06 13.0 10.63 18.44 13.0 18.0 15.26 13.0 8.06 0.0
10.0 16.49 16.12 11.0 10.77 4.0 5.0 11.0 6.4 4.0 4.0 11.0 11.0 5.0 10.0 8.6 6.4 5.0 11.0 10.77 11.0 0.0 23.35 23.0 0.0 0.0 4.0 4.0 23.35 4.0 6.4 8.6 11.0 23.35 0.0 8.6 8.6 10.77 23.35 16.49 0.0 0.0 23.0 22.36 23.0 0.0 6.4 0.0 28.86 28.86 8.6 16.12 6.4 10.77 4.0 23.35 16.12 6.4 10.0 23.0 16.12 16.12 10.77 5.0 5.0 16.12 6.4 8.6 28.86 28.86 10.77 22.36 10.77 16.49 5.0 10.77 6.4 10.77 10.77 22.36 23.35
5.83 15.56 12.08 9.22 5.83 12.08 7.0 9.22 3.0 12.08 12.08 9.22 9.22 7.0 5.83 0.0 3.0 7.0 9.22 5.83 9.22 8.6 18.25 19.31 8.6 8.6 12.08 12.08 18.25 12.08 3.0 0.0 9.22 18.25 8.6 0.0 0.0 5.83 18.25 15.56 8.6 8.6 19.31 20.25 19.31 8.6 3.0 8.6 26.93 26.93 0.0 12.08 3.0 12.08 12.08 18.25 12.08 3.0 5.83 19.31 12.08 12.08 12.08 7.0 7.0 12.08 3.0 0.0 26.93 26.93 5.83 20.25 5.83 15.56 7.0 5.83 3.0 12.08 5.83 20.25 18.25
5.83 15.56 12.08 9.22 5.83 12.08 7.0 9.22 3.0 12.08 12.08 9.22 9.22 7.0 5.83 0.0 3.0 7.0 9.22 5.83 9.22 8.6 18.25 19.31 8.6 8.6 12.08 12.08 18.25 12.08 3.0 0.0 9.22 18.25 8.6 0.0 0.0 5.83 18.25 15.56 8.6 8.6 19.31 20.25 19.31 8.6 3.0 8.6 26.93 26.93 0.0 12.08 3.0 12.08 12.08 18.25 12.08 3.0 5.83 19.31 12.08 12.08 12.08 7.0 7.0 12.08 3.0 0.0 26.93 26.93 5.83 20.25 5.83 15.56 7.0 5.83 3.0 12.08 5.83 20.25 18.25
11.66 10.0 6.32 4.12 0.0 12.81 6.4 4.12 5.0 12.81 12.81 4.12 4.12 6.4 11.66 5.83 5.0 6.4 4.12 0.0 4.12 10.77 13.0 13.6 10.77 10.77 12.81 12.81 13.0 12.81 5.0 5.83 4.12 13.0 10.77 5.83 5.83 0.0 13.0 10.0 10.77 10.77 13.6 14.42 13.6 10.77 5.0 10.77 21.1 21.1 5.83 6.32 5.0 8.0 12.81 13.0 6.32 5.0 11.66 13.6 6.32 6.32 8.0 6.4 6.4 6.32 5.0 5.83 21.1 21.1 0.0 14.42 0.0 10.0 6.4 0.0 5.0 8.0 0.0 14.42 13.0
23.77 10.63 7.28 12.65 13.0 24.35 18.44 12.65 18.0 24.35 24.35 12.65 12.65 18.44 23.77 18.25 18.0 18.44 12.65 13.0 12.65 23.35 0.0 4.0 23.35 23.35 24.35 24.35 0.0 24.35 18.0 18.25 12.65 0.0 23.35 18.25 18.25 13.0 0.0 10.63 23.35 23.35 4.0 8.06 4.0 23.35 18.0 23.35 12.08 12.08 18.25 7.28 18.0 15.26 24.35 0.0 7.28 18.0 23.77 4.0 7.28 7.28 15.26 18.44 18.44 7.28 18.0 18.25 12.08 12.08 13.0 8.06 13.0 10.63 18.44 13.0 18.0 15.26 13.0 8.06 0.0
21.26 0.0 6.0 6.4 10.0 16.0 11.7 6.4 13.6 16.0 16.0 6.4 6.4 11.7 21.26 15.56 13.6 11.7 6.4 10.0 6.4 16.49 10.63 8.06 16.49 16.49 16.0 16.0 10.63 16.0 13.6 15.56 6.4 10.63 16.49 15.56 15.56 10.0 10.63 0.0 16.49 16.49 8.06 6.0 8.06 16.49 13.6 16.49 12.37 12.37 15.56 6.0 13.6 6.0 16.0 10.63 6.0 13.6 21.26 8.06 6.0 6.0 6.0 11.7 11.7 6.0 13.6 15.56 12.37 12.37 10.0 6.0 10.0 0.0 11.7 10.0 13.6 6.0 10.0 6.0 10.63
10.0 16.49 16.12 11.0 10.77 4.0 5.0 11.0 6.4 4.0 4.0 11.0 11.0 5.0 10.0 8.6 6.4 5.0 11.0 10.77 11.0 0.0 23.35 23.0 0.0 0.0 4.0 4.0 23.35 4.0 6.4 8.6 11.0 23.35 0.0 8.6 8.6 10.77 23.35 16.49 0.0 0.0 23.0 22.36 23.0 0.0 6.4 0.0 28.86 28.86 8.6 16.12 6.4 10.77 4.0 23.35 16.12 6.4 10.0 23.0 16.12 16.12 10.77 5.0 5.0 16.12 6.4 8.6 28.86 28.86 10.77 22.36 10.77 16.49 5.0 10.77 6.4 10.77 10.77 22.36 23.35
10.0 16.49 16.12 11.0 10.77 4.0 5.0 11.0 6.4 4.0 4.0 11.0 11.0 5.0 10.0 8.6 6.4 5.0 11.0 10.77 11.0 0.0 23.35 23.0 0.0 0.0 4.0 4.0 23.35 4.0 6.4 8.6 11.0 23.35 0.0 8.6 8.6 10.77 23.35 16.49 0.0 0.0 23.0 22.36 23.0 0.0 6.4 0.0 28.86 28.86 8.6 16.12 6.4 10.77 4.0 23.35 16.12 6.4 10.0 23.0 16.12 16.12 10.77 5.0 5.0 16.12 6.4 8.6 28.86 28.86 10.77 22.36 10.77 16.49 5.0 10.77 6.4 10.77 10.77 22.36 23.35
25.08 8.06 7.28 12.0 13.6 23.35 18.0 12.0 18.44 23.35 23.35 12.0 12.0 18.0 25.08 19.31 18.44 18.0 12.0 13.6 12.0 23.0 4.0 0.0 23.0 23.0 23.35 23.35 4.0 23.35 18.44 19.31 12.0 4.0 23.0 19.31 19.31 13.6 4.0 8.06 23.0 23.0 0.0 4.12 0.0 23.0 18.44 23.0 8.6 8.6 19.31 7.28 18.44 13.6 23.35 4.0 7.28 18.44 25.08 0.0 7.28 7.28 13.6 18.0 18.0 7.28 18.44 19.31 8.6 8.6 13.6 4.12 13.6 8.06 18.0 13.6 18.44 13.6 13.6 4.12 4.0
26.08 6.0 8.49 11.7 14.42 22.0 17.46 11.7 18.79 22.0 22.0 11.7 11.7 17.46 26.08 20.25 18.79 17.46 11.7 14.42 11.7 22.36 8.06 4.12 22.36 22.36 22.0 22.0 8.06 22.0 18.79 20.25 11.7 8.06 22.36 20.25 20.25 14.42 8.06 6.0 22.36 22.36 4.12 0.0 4.12 22.36 18.79 22.36 6.71 6.71 20.25 8.49 18.79 12.0 22.0 8.06 8.49 18.79 26.08 4.12 8.49 8.49 12.0 17.46 17.46 8.49 18.79 20.25 6.71 6.71 14.42 0.0 14.42 6.0 17.46 14.42 18.79 12.0 14.42 0.0 8.06
25.08 8.06 7.28 12.0 13.6 23.35 18.0 12.0 18.44 23.35 23.35 12.0 12.0 18.0 25.08 19.31 18.44 18.0 12.0 13.6 12.0 23.0 4.0 0.0 23.0 23.0 23.35 23.35 4.0 23.35 18.44 19.31 12.0 4.0 23.0 19.31 19.31 13.6 4.0 8.06 23.0 23.0 0.0 4.12 0.0 23.0 18.44 23.0 8.6 8.6 19.31 7.28 18.44 13.6 23.35 4.0 7.28 18.44 25.08 0.0 7.28 7.28 13.6 18.0 18.0 7.28 18.44 19.31 8.6 8.6 13.6 4.12 13.6 8.06 18.0 13.6 18.44 13.6 13.6 4.12 4.0
10.0 16.49 16.12 11.0 10.77 4.0 5.0 11.0 6.4 4.0 4.0 11.0 11.0 5.0 10.0 8.6 6.4 5.0 11.0 10.77 11.0 0.0 23.35 23.0 0.0 0.0 4.0 4.0 23.35 4.0 6.4 8.6 11.0 23.35 0.0 8.6 8.6 10.77 23.35 16.49 0.0 0.0 23.0 22.36 23.0 0.0 6.4 0.0 28.86 28.86 8.6 16.12 6.4 10.77 4.0 23.35 16.12 6.4 10.0 23.0 16.12 16.12 10.77 5.0 5.0 16.12 6.4 8.6 28.86 28.86 10.77 22.36 10.77 16.49 5.0 10.77 6.4 10.77 10.77 22.36 23.35
7.81 13.6 11.18 7.21 5.0 9.43 4.0 7.21 0.0 9.43 9.43 7.21 7.21 4.0 7.81 3.0 0.0 4.0 7.21 5.0 7.21 6.4 18.0 18.44 6.4 6.4 9.43 9.43 18.0 9.43 0.0 3.0 7.21 18.0 6.4 3.0 3.0 5.0 18.0 13.6 6.4 6.4 18.44 18.79 18.44 6.4 0.0 6.4 25.5 25.5 3.0 11.18 0.0 9.43 9.43 18.0 11.18 0.0 7.81 18.44 11.18 11.18 9.43 4.0 4.0 11.18 0.0 3.0 25.5 25.5 5.0 18.79 5.0 13.6 4.0 5.0 0.0 9.43 5.0 18.79 18.0
10.0 16.49 16.12 11.0 10.77 4.0 5.0 11.0 6.4 4.0 4.0 11.0 11.0 5.0 10.0 8.6 6.4 5.0 11.0 10.77 11.0 0.0 23.35 23.0 0.0 0.0 4.0 4.0 23.35 4.0 6.4 8.6 11.0 23.35 0.0 8.6 8.6 10.77 23.35 16.49 0.0 0.0 23.0 22.36 23.0 0.0 6.4 0.0 28.86 28.86 8.6 16.12 6.4 10.77 4.0 23.35 16.12 6.4 10.0 23.0 16.12 16.12 10.77 5.0 5.0 16.12 6.4 8.6 28.86 28.86 10.77 22.36 10.77 16.49 5.0 10.77 6.4 10.77 10.77 22.36 23.35
32.76 12.37 15.0 18.38 21.1 28.16 24.04 18.38 25.5 28.16 28.16 18.38 18.38 24.04 32.76 26.93 25.5 24.04 18.38 21.1 18.38 28.86 12.08 8.6 28.86 28.86 28.16 28.16 12.08 28.16 25.5 26.93 18.38 12.08 28.86 26.93 26.93 21.1 12.08 12.37 28.86 28.86 8.6 6.71 8.6 28.86 25.5 28.86 0.0 0.0 26.93 15.0 25.5 18.25 28.16 12.08 15.0 25.5 32.76 8.6 15.0 15.0 18.25 24.04 24.04 15.0 25.5 26.93 0.0 0.0 21.1 6.71 21.1 12.37 24.04 21.1 25.5 18.25 21.1 6.71 12.08
32.76 12.37 15.0 18.38 21.1 28.16 24.04 18.38 25.5 28.16 28.16 18.38 18.38 24.04 32.76 26.93 25.5 24.04 18.38 21.1 18.38 28.86 12.08 8.6 28.86 28.86 28.16 28.16 12.08 28.16 25.5 26.93 18.38 12.08 28.86 26.93 26.93 21.1 12.08 12.37 28.86 28.86 8.6 6.71 8.6 28.86 25.5 28.86 0.0 0.0 26.93 15.0 25.5 18.25 28.16 12.08 15.0 25.5 32.76 8.6 15.0 15.0 18.25 24.04 24.04 15.0 25.5 26.93 0.0 0.0 21.1 6.71 21.1 12.37 24.04 21.1 25.5 18.25 21.1 6.71 12.08
5.83 15.56 12.08 9.22 5.83 12.08 7.0 9.22 3.0 12.08 12.08 9.22 9.22 7.0 5.83 0.0 3.0 7.0 9.22 5.83 9.22 8.6 18.25 19.31 8.6 8.6 12.08 12.08 18.25 12.08 3.0 0.0 9.22 18.25 8.6 0.0 0.0 5.83 18.25 15.56 8.6 8.6 19.31 20.25 19.31 8.6 3.0 8.6 26.93 26.93 0.0 12.08 3.0 12.08 12.08 18.25 12.08 3.0 5.83 19.31 12.08 12.08 12.08 7.0 7.0 12.08 3.0 0.0 26.93 26.93 5.83 20.25 5.83 15.56 7.0 5.83 3.0 12.08 5.83 20.25 18.25
17.89 6.0 0.0 5.39 6.32 17.09 11.18 5.39 11.18 17.09 17.09 5.39 5.39 11.18 17.89 12.08 11.18 11.18 5.39 6.32 5.39 16.12 7.28 7.28 16.12 16.12 17.09 17.09 7.28 17.09 11.18 12.08 5.39 7.28 16.12 12.08 12.08 6.32 7.28 6.0 16.12 16.12 7.28 8.49 7.28 16.12 11.18 16.12 15.0 15.0 12.08 0.0 11.18 8.49 17.09 7.28 0.0 11.18 17.89 7.28 0.0 0.0 8.49 11.18 11.18 0.0 11.18 12.08 15.0 15.0 6.32 8.49 6.32 6.0 11.18 6.32 11.18 8.49 6.32 8.49 7.28
7.81 13.6 11.18 7.21 5.0 9.43 4.0 7.21 0.0 9.43 9.43 7.21 7.21 4.0 7.81 3.0 0.0 4.0 7.21 5.0 7.21 6.4 18.0 18.44 6.4 6.4 9.43 9.43 18.0 9.43 0.0 3.0 7.21 18.0 6.4 3.0 3.0 5.0 18.0 13.6 6.4 6.4 18.44 18.79 18.44 6.4 0.0 6.4 25.5 25.5 3.0 11.18 0.0 9.43 9.43 18.0 11.18 0.0 7.81 18.44 11.18 11.18 9.43 4.0 4.0 11.18 0.0 3.0 25.5 25.5 5.0 18.79 5.0 13.6 4.0 5.0 0.0 9.43 5.0 18.79 18.0
17.2 6.0 8.49 4.12 8.0 10.0 6.4 4.12 9.43 10.0 10.0 4.12 4.12 6.4 17.2 12.08 9.43 6.4 4.12 8.0 4.12 10.77 15.26 13.6 10.77 10.77 10.0 10.0 15.26 10.0 9.43 12.08 4.12 15.26 10.77 12.08 12.08 8.0 15.26 6.0 10.77 10.77 13.6 12.0 13.6 10.77 9.43 10.77 18.25 18.25 12.08 8.49 9.43 0.0 10.0 15.26 8.49 9.43 17.2 13.6 8.49 8.49 0.0 6.4 6.4 8.49 9.43 12.08 18.25 18.25 8.0 12.0 8.0 6.0 6.4 8.0 9.43 0.0 8.0 12.0 15.26
14.0 16.0 17.09 11.7 12.81 0.0 6.4 11.7 9.43 0.0 0.0 11.7 11.7 6.4 14.0 12.08 9.43 6.4 11.7 12.81 11.7 4.0 24.35 23.35 4.0 4.0 0.0 0.0 24.35 0.0 9.43 12.08 11.7 24.35 4.0 12.08 12.08 12.81 24.35 16.0 4.0 4.0 23.35 22.0 23.35 4.0 9.43 4.0 28.16 28.16 12.08 17.09 9.43 10.0 0.0 24.35 17.09 9.43 14.0 23.35 17.09 17.09 10.0 6.4 6.4 17.09 9.43 12.08 28.16 28.16 12.81 22.0 12.81 16.0 6.4 12.81 9.43 10.0 12.81 22.0 24.35
23.77 10.63 7.28 12.65 13.0 24.35 18.44 12.65 18.0 24.35 24.35 12.65 12.65 18.44 23.77 18.25 18.0 18.44 12.65 13.0 12.65 23.35 0.0 4.0 23.35 23.35 24.35 24.35 0.0 24.35 18.0 18.25 12.65 0.0 23.35 18.25 18.25 13.0 0.0 10.63 23.35 23.35 4.0 8.06 4.0 23.35 18.0 23.35 12.08 12.08 18.25 7.28 18.0 15.26 24.35 0.0 7.28 18.0 23.77 4.0 7.28 7.28 15.26 18.44 18.44 7.28 18.0 18.25 12.08 12.08 13.0 8.06 13.0 10.63 18.44 13.0 18.0 15.26 13.0 8.06 0.0
17.89 6.0 0.0 5.39 6.32 17.09 11.18 5.39 11.18 17.09 17.09 5.39 5.39 11.18 17.89 12.08 11.18 11.18 5.39 6.32 5.39 16.12 7.28 7.28 16.12 16.12 17.09 17.09 7.28 17.09 11.18 12.08 5.39 7.28 16.12 12.08 12.08 6.32 7.28 6.0 16.12 16.12 7.28 8.49 7.28 16.12 11.18 16.12 15.0 15.0 12.08 0.0 11.18 8.49 17.09 7.28 0.0 11.18 17.89 7.28 0.0 0.0 8.49 11.18 11.18 0.0 11.18 12.08 15.0 15.0 6.32 8.49 6.32 6.0 11.18 6.32 11.18 8.49 6.32 8.49 7.28
7.81 13.6 11.18 7.21 5.0 9.43 4.0 7.21 0.0 9.43 9.43 7.21 7.21 4.0 7.81 3.0 0.0 4.0 7.21 5.0 7.21 6.4 18.0 18.44 6.4 6.4 9.43 9.43 18.0 9.43 0.0 3.0 7.21 18.0 6.4 3.0 3.0 5.0 18.0 13.6 6.4 6.4 18.44 18.79 18.44 6.4 0.0 6.4 25.5 25.5 3.0 11.18 0.0 9.43 9.43 18.0 11.18 0.0 7.81 18.44 11.18 11.18 9.43 4.0 4.0 11.18 0.0 3.0 25.5 25.5 5.0 18.79 5.0 13.6 4.0 5.0 0.0 9.43 5.0 18.79 18.0
0.0 21.26 17.89 14.87 11.66 14.0 11.18 14.87 7.81 14.0 14.0 14.87 14.87 11.18 0.0 5.83 7.81 11.18 14.87 11.66 14.87 10.0 23.77 25.08 10.0 10.0 14.0 14.0 23.77 14.0 7.81 5.83 14.87 23.77 10.0 5.83 5.83 11.66 23.77 21.26 10.0 10.0 25.08 26.08 25.08 10.0 7.81 10.0 32.76 32.76 5.83 17.89 7.81 17.2 14.0 23.77 17.89 7.81 0.0 25.08 17.89 17.89 17.2 11.18 11.18 17.89 7.81 5.83 32.76 32.76 11.66 26.08 11.66 21.26 11.18 11.66 7.81 17.2 11.66 26.08 23.77
25.08 8.06 7.28 12.0 13.6 23.35 18.0 12.0 18.44 23.35 23.35 12.0 12.0 18.0 25.08 19.31 18.44 18.0 12.0 13.6 12.0 23.0 4.0 0.0 23.0 23.0 23.35 23.35 4.0 23.35 18.44 19.31 12.0 4.0 23.0 19.31 19.31 13.6 4.0 8.06 23.0 23.0 0.0 4.12 0.0 23.0 18.44 23.0 8.6 8.6 19.31 7.28 18.44 13.6 23.35 4.0 7.28 18.44 25.08 0.0 7.28 7.28 13.6 18.0 18.0 7.28 18.44 19.31 8.6 8.6 13.6 4.12 13.6 8.06 18.0 13.6 18.44 13.6 13.6 4.12 4.0
17.89 6.0 0.0 5.39 6.32 17.09 11.18 5.39 11.18 17.09 17.09 5.39 5.39 11.18 17.89 12.08 11.18 11.18 5.39 6.32 5.39 16.12 7.28 7.28 16.12 16.12 17.09 17.09 7.28 17.09 11.18 12.08 5.39 7.28 16.12 12.08 12.08 6.32 7.28 6.0 16.12 16.12 7.28 8.49 7.28 16.12 11.18 16.12 15.0 15.0 12.08 0.0 11.18 8.49 17.09 7.28 0.0 11.18 17.89 7.28 0.0 0.0 8.49 11.18 11.18 0.0 11.18 12.08 15.0 15.0 6.32 8.49 6.32 6.0 11.18 6.32 11.18 8.49 6.32 8.49 7.28
17.89 6.0 0.0 5.39 6.32 17.09 11.18 5.39 11.18 17.09 17.09 5.39 5.39 11.18 17.89 12.08 11.18 11.18 5.39 6.32 5.39 16.12 7.28 7.28 16.12 16.12 17.09 17.09 7.28 17.09 11.18 12.08 5.39 7.28 16.12 12.08 12.08 6.32 7.28 6.0 16.12 16.12 7.28 8.49 7.28 16.12 11.18 16.12 15.0 15.0 12.08 0.0 11.18 8.49 17.09 7.28 0.0 11.18 17.89 7.28 0.0 0.0 8.49 11.18 11.18 0.0 11.18 12.08 15.0 15.0 6.32 8.49 6.32 6.0 11.18 6.32 11.18 8.49 6.32 8.49 7.28
17.2 6.0 8.49 4.12 8.0 10.0 6.4 4.12 9.43 10.0 10.0 4.12 4.12 6.4 17.2 12.08 9.43 6.4 4.12 8.0 4.12 10.77 15.26 13.6 10.77 10.77 10.0 10.0 15.26 10.0 9.43 12.08 4.12 15.26 10.77 12.08 12.08 8.0 15.26 6.0 10.77 10.77 13.6 12.0 13.6 10.77 9.43 10.77 18.25 18.25 12.08 8.49 9.43 0.0 10.0 15.26 8.49 9.43 17.2 13.6 8.49 8.49 0.0 6.4 6.4 8.49 9.43 12.08 18.25 18.25 8.0 12.0 8.0 6.0 6.4 8.0 9.43 0.0 8.0 12.0 15.26
11.18 11.7 11.18 6.0 6.4 6.4 0.0 6.0 4.0 6.4 6.4 6.0 6.0 0.0 11.18 7.0 4.0 0.0 6.0 6.4 6.0 5.0 18.44 18.0 5.0 5.0 6.4 6.4 18.44 6.4 4.0 7.0 6.0 18.44 5.0 7.0 7.0 6.4 18.44 11.7 5.0 5.0 18.0 17.46 18.0 5.0 4.0 5.0 24.04 24.04 7.0 11.18 4.0 6.4 6.4 18.44 11.18 4.0 11.18 18.0 11.18 11.18 6.4 0.0 0.0 11.18 4.0 7.0 24.04 24.04 6.4 17.46 6.4 11.7 0.0 6.4 4.0 6.4 6.4 17.46 18.44
11.18 11.7 11.18 6.0 6.4 6.4 0.0 6.0 4.0 6.4 6.4 6.0 6.0 0.0 11.18 7.0 4.0 0.0 6.0 6.4 6.0 5.0 18.44 18.0 5.0 5.0 6.4 6.4 18.44 6.4 4.0 7.0 6.0 18.44 5.0 7.0 7.0 6.4 18.44 11.7 5.0 5.0 18.0 17.46 18.0 5.0 4.0 5.0 24.04 24.04 7.0 11.18 4.0 6.4 6.4 18.44 11.18 4.0 11.18 18.0 11.18 11.18 6.4 0.0 0.0 11.18 4.0 7.0 24.04 24.04 6.4 17.46 6.4 11.7 0.0 6.4 4.0 6.4 6.4 17.46 18.44
17.89 6.0 0.0 5.39 6.32 17.09 11.18 5.39 11.18 17.09 17.09 5.39 5.39 11.18 17.89 12.08 11.18 11.18 5.39 6.32 5.39 16.12 7.28 7.28 16.12 16.12 17.09 17.09 7.28 17.09 11.18 12.08 5.39 7.28 16.12 12.08 12.08 6.32 7.28 6.0 16.12 16.12 7.28 8.49 7.28 16.12 11.18 16.12 15.0 15.0 12.08 0.0 11.18 8.49 17.09 7.28 0.0 11.18 17.89 7.28 0.0 0.0 8.49 11.18 11.18 0.0 11.18 12.08 15.0 15.0 6.32 8.49 6.32 6.0 11.18 6.32 11.18 8.49 6.32 8.49 7.28
7.81 13.6 11.18 7.21 5.0 9.43 4.0 7.21 0.0 9.43 9.43 7.21 7.21 4.0 7.81 3.0 0.0 4.0 7.21 5.0 7.21 6.4 18.0 18.44 6.4 6.4 9.43 9.43 18.0 9.43 0.0 3.0 7.21 18.0 6.4 3.0 3.0 5.0 18.0 13.6 6.4 6.4 18.44 18.79 18.44 6.4 0.0 6.4 25.5 25.5 3.0 11.18 0.0 9.43 9.43 18.0 11.18 0.0 7.81 18.44 11.18 11.18 9.43 4.0 4.0 11.18 0.0 3.0 25.5 25.5 5.0 18.79 5.0 13.6 4.0 5.0 0.0 9.43 5.0 18.79 18.0
5.83 15.56 12.08 9.22 5.83 12.08 7.0 9.22 3.0 12.08 12.08 9.22 9.22 7.0 5.83 0.0 3.0 7.0 9.22 5.83 9.22 8.6 18.25 19.31 8.6 8.6 12.08 12.08 18.25 12.08 3.0 0.0 9.22 18.25 8.6 0.0 0.0 5.83 18.25 15.56 8.6 8.6 19.31 20.25 19.31 8.6 3.0 8.6 26.93 26.93 0.0 12.08 3.0 12.08 12.08 18.25 12.08 3.0 5.83 19.31 12.08 12.08 12.08 7.0 7.0 12.08 3.0 0.0 26.93 26.93 5.83 20.25 5.83 15.56 7.0 5.83 3.0 12.08 5.83 20.25 18.25
32.76 12.37 15.0 18.38 21.1 28.16 24.04 18.38 25.5 28.16 28.16 18.38 18.38 24.04 32.76 26.93 25.5 24.04 18.38 21.1 18.38 28.86 12.08 8.6 28.86 28.86 28.16 28.16 12.08 28.16 25.5 26.93 18.38 12.08 28.86 26.93 26.93 21.1 12.08 12.37 28.86 28.86 8.6 6.71 8.6 28.86 25.5 28.86 0.0 0.0 26.93 15.0 25.5 18.25 28.16 12.08 15.0 25.5 32.76 8.6 15.0 15.0 18.25 24.04 24.04 15.0 25.5 26.93 0.0 0.0 21.1 6.71 21.1 12.37 24.04 21.1 25.5 18.25 21.1 6.71 12.08
32.76 12.37 15.0 18.38 21.1 28.16 24.04 18.38 25.5 28.16 28.16 18.38 18.38 24.04 32.76 26.93 25.5 24.04 18.38 21.1 18.38 28.86 12.08 8.6 28.86 28.86 28.16 28.16 12.08 28.16 25.5 26.93 18.38 12.08 28.86 26.93 26.93 21.1 12.08 12.37 28.86 28.86 8.6 6.71 8.6 28.86 25.5 28.86 0.0 0.0 26.93 15.0 25.5 18.25 28.16 12.08 15.0 25.5 32.76 8.6 15.0 15.0 18.25 24.04 24.04 15.0 25.5 26.93 0.0 0.0 21.1 6.71 21.1 12.37 24.04 21.1 25.5 18.25 21.1 6.71 12.08
11.66 10.0 6.32 4.12 0.0 12.81 6.4 4.12 5.0 12.81 12.81 4.12 4.12 6.4 11.66 5.83 5.0 6.4 4.12 0.0 4.12 10.77 13.0 13.6 10.77 10.77 12.81 12.81 13.0 12.81 5.0 5.83 4.12 13.0 10.77 5.83 5.83 0.0 13.0 10.0 10.77 10.77 13.6 14.42 13.6 10.77 5.0 10.77 21.1 21.1 5.83 6.32 5.0 8.0 12.81 13.0 6.32 5.0 11.66 13.6 6.32 6.32 8.0 6.4 6.4 6.32 5.0 5.83 21.1 21.1 0.0 14.42 0.0 10.0 6.4 0.0 5.0 8.0 0.0 14.42 13.0
26.08 6.0 8.49 11.7 14.42 22.0 17.46 11.7 18.79 22.0 22.0 11.7 11.7 17.46 26.08 20.25 18.79 17.46 11.7 14.42 11.7 22.36 8.06 4.12 22.36 22.36 22.0 22.0 8.06 22.0 18.79 20.25 11.7 8.06 22.36 20.25 20.25 14.42 8.06 6.0 22.36 22.36 4.12 0.0 4.12 22.36 18.79 22.36 6.71 6.71 20.25 8.49 18.79 12.0 22.0 8.06 8.49 18.79 26.08 4.12 8.49 8.49 12.0 17.46 17.46 8.49 18.79 20.25 6.71 6.71 14.42 0.0 14.42 6.0 17.46 14.42 18.79 12.0 14.42 0.0 8.06
11.66 10.0 6.32 4.12 0.0 12.81 6.4 4.12 5.0 12.81 12.81 4.12 4.12 6.4 11.66 5.83 5.0 6.4 4.12 0.0 4.12 10.77 13.0 13.6 10.77 10.77 12.81 12.81 13.0 12.81 5.0 5.83 4.12 13.0 10.77 5.83 5.83 0.0 13.0 10.0 10.77 10.77 13.6 14.42 13.6 10.77 5.0 10.77 21.1 21.1 5.83 6.32 5.0 8.0 12.81 13.0 6.32 5.0 11.66 13.6 6.32 6.32 8.0 6.4 6.4 6.32 5.0 5.83 21.1 21.1 0.0 14.42 0.0 10.0 6.4 0.0 5.0 8.0 0.0 14.42 13.0
21.26 0.0 6.0 6.4 10.0 16.0 11.7 6.4 13.6 16.0 16.0 6.4 6.4 11.7 21.26 15.56 13.6 11.7 6.4 10.0 6.4 16.49 10.63 8.06 16.49 16.49 16.0 16.0 10.63 16.0 13.6 15.56 6.4 10.63 16.49 15.56 15.56 10.0 10.63 0.0 16.49 16.49 8.06 6.0 8.06 16.49 13.6 16.49 12.37 12.37 15.56 6.0 13.6 6.0 16.0 10.63 6.0 13.6 21.26 8.06 6.0 6.0 6.0 11.7 11.7 6.0 13.6 15.56 12.37 12.37 10.0 6.0 10.0 0.0 11.7 10.0 13.6 6.0 10.0 6.0 10.63
11.18 11.7 11.18 6.0 6.4 6.4 0.0 6.0 4.0 6.4 6.4 6.0 6.0 0.0 11.18 7.0 4.0 0.0 6.0 6.4 6.0 5.0 18.44 18.0 5.0 5.0 6.4 6.4 18.44 6.4 4.0 7.0 6.0 18.44 5.0 7.0 7.0 6.4 18.44 11.7 5.0 5.0 18.0 17.46 18.0 5.0 4.0 5.0 24.04 24.04 7.0 11.18 4.0 6.4 6.4 18.44 11.18 4.0 11.18 18.0 11.18 11.18 6.4 0.0 0.0 11.18 4.0 7.0 24.04 24.04 6.4 17.46 6.4 11.7 0.0 6.4 4.0 6.4 6.4 17.46 18.44
11.66 10.0 6.32 4.12 0.0 12.81 6.4 4.12 5.0 12.81 12.81 4.12 4.12 6.4 11.66 5.83 5.0 6.4 4.12 0.0 4.12 10.77 13.0 13.6 10.77 10.77 12.81 12.81 13.0 12.81 5.0 5.83 4.12 13.0 10.77 5.83 5.83 0.0 13.0 10.0 10.77 10.77 13.6 14.42 13.6 10.77 5.0 10.77 21.1 21.1 5.83 6.32 5.0 8.0 12.81 13.0 6.32 5.0 11.66 13.6 6.32 6.32 8.0 6.4 6.4 6.32 5.0 5.83 21.1 21.1 0.0 14.42 0.0 10.0 6.4 0.0 5.0 8.0 0.0 14.42 13.0
7.81 13.6 11.18 7.21 5.0 9.43 4.0 7.21 0.0 9.43 9.43 7.21 7.21 4.0 7.81 3.0 0.0 4.0 7.21 5.0 7.21 6.4 18.0 18.44 6.4 6.4 9.43 9.43 18.0 9.43 0.0 3.0 7.21 18.0 6.4 3.0 3.0 5.0 18.0 13.6 6.4 6.4 18.44 18.79 18.44 6.4 0.0 6.4 25.5 25.5 3.0 11.18 0.0 9.43 9.43 18.0 11.18 0.0 7.81 18.44 11.18 11.18 9.43 4.0 4.0 11.18 0.0 3.0 25.5 25.5 5.0 18.79 5.0 13.6 4.0 5.0 0.0 9.43 5.0 18.79 18.0
17.2 6.0 8.49 4.12 8.0 10.0 6.4 4.12 9.43 10.0 10.0 4.12 4.12 6.4 17.2 12.08 9.43 6.4 4.12 8.0 4.12 10.77 15.26 13.6 10.77 10.77 10.0 10.0 15.26 10.0 9.43 12.08 4.12 15.26 10.77 12.08 12.08 8.0 15.26 6.0 10.77 10.77 13.6 12.0 13.6 10.77 9.43 10.77 18.25 18.25 12.08 8.49 9.43 0.0 10.0 15.26 8.49 9.43 17.2 13.6 8.49 8.49 0.0 6.4 6.4 8.49 9.43 12.08 18.25 18.25 8.0 12.0 8.0 6.0 6.4 8.0 9.43 0.0 8.0 12.0 15.26
11.66 10.0 6.32 4.12 0.0 12.81 6.4 4.12 5.0 12.81 12.81 4.12 4.12 6.4 11.66 5.83 5.0 6.4 4.12 0.0 4.12 10.77 13.0 13.6 10.77 10.77 12.81 12.81 13.0 12.81 5.0 5.83 4.12 13.0 10.77 5.83 5.83 0.0 13.0 10.0 10.77 10.77 13.6 14.42 13.6 10.77 5.0 10.77 21.1 21.1 5.83 6.32 5.0 8.0 12.81 13.0 6.32 5.0 11.66 13.6 6.32 6.32 8.0 6.4 6.4 6.32 5.0 5.83 21.1 21.1 0.0 14.42 0.0 10.0 6.4 0.0 5.0 8.0 0.0 14.42 13.0
26.08 6.0 8.49 11.7 14.42 22.0 17.46 11.7 18.79 22.0 22.0 11.7 11.7 17.46 26.08 20.25 18.79 17.46 11.7 14.42 11.7 22.36 8.06 4.12 22.36 22.36 22.0 22.0 8.06 22.0 18.79 20.25 11.7 8.06 22.36 20.25 20.25 14.42 8.06 6.0 22.36 22.36 4.12 0.0 4.12 22.36 18.79 22.36 6.71 6.71 20.25 8.49 18.79 12.0 22.0 8.06 8.49 18.79 26.08 4.12 8.49 8.49 12.0 17.46 17.46 8.49 18.79 20.25 6.71 6.71 14.42 0.0 14.42 6.0 17.46 14.42 18.79 12.0 14.42 0.0 8.06
23.77 10.63 7.28 12.65 13.0 24.35 18.44 12.65 18.0 24.35 24.35 12.65 12.65 18.44 23.77 18.25 18.0 18.44 12.65 13.0 12.65 23.35 0.0 4.0 23.35 23.35 24.35 24.35 0.0 24.35 18.0 18.25 12.65 0.0 23.35 18.25 18.25 13.0 0.0 10.63 23.35 23.35 4.0 8.06 4.0 23.35 18.0 23.35 12.08 12.08 18.25 7.28 18.0 15.26 24.35 0.0 7.28 18.0 23.77 4.0 7.28 7.28 15.26 18.44 18.44 7.28 18.0 18.25 12.08 12.08 13.0 8.06 13.0 10.63 18.44 13.0 18.0 15.26 13.0 8.06 0.0
