0.0 0.0 21.26 25.08 17.89 5.83 32.76 14.0 23.77 5.83 26.08 10.0 25.08 11.66 11.18 21.26 25.08 21.26 17.2 7.81 11.66 21.26 10.0 11.18 7.81 32.76 26.08 17.2 14.87 10.0 21.26 17.2 11.66 11.66 14.0 0.0 26.08 25.08 10.0 5.83 11.18 11.66 11.18 17.2 14.87 21.26 17.2 0.0 17.2 14.87 14.87 21.26 17.89 10.0 14.0 14.87 25.08 5.83 5.83 10.0 0.0 0.0 23.77 32.76 14.0 10.0 14.0 32.76 5.83 17.2 32.76 11.66 21.26 17.89 25.08 14.0 17.89 11.66 25.08 5.83 17.2 32.76 5.83 7.81 32.76 32.76 17.89 5.83 25.08 10.0 23.77 14.0 14.0 10.0 14.0 25.08 14.87 14.0 5.83 11.18 11.18
0.0 0.0 21.26 25.08 17.89 5.83 32.76 14.0 23.77 5.83 26.08 10.0 25.08 11.66 11.18 21.26 25.08 21.26 17.2 7.81 11.66 21.26 10.0 11.18 7.81 32.76 26.08 17.2 14.87 10.0 21.26 17.2 11.66 11.66 14.0 0.0 26.08 25.08 10.0 5.83 11.18 11.66 11.18 17.2 14.87 21.26 17.2 0.0 17.2 14.87 14.87 21.26 17.89 10.0 14.0 14.87 25.08 5.83 5.83 10.0 0.0 0.0 23.77 32.76 14.0 10.0 14.0 32.76 5.83 17.2 32.76 11.66 21.26 17.89 25.08 14.0 17.89 11.66 25.08 5.83 17.2 32.76 5.83 7.81 32.76 32.76 17.89 5.83 25.08 10.0 23.77 14.0 14.0 10.0 14.0 25.08 14.87 14.0 5.83 11.18 11.18
21.26 21.26 0.0 8.06 6.0 15.56 12.37 16.0 10.63 15.56 6.0 16.49 8.06 10.0 11.7 0.0 8.06 0.0 6.0 13.6 10.0 0.0 16.49 11.7 13.6 12.37 6.0 6.0 6.4 16.49 0.0 6.0 10.0 10.0 16.0 21.26 6.0 8.06 16.49 15.56 11.7 10.0 11.7 6.0 6.4 0.0 6.0 21.26 6.0 6.4 6.4 0.0 6.0 16.49 16.0 6.4 8.06 15.56 15.56 16.49 21.26 21.26 10.63 12.37 16.0 16.49 16.0 12.37 15.56 6.0 12.37 10.0 0.0 6.0 8.06 16.0 6.0 10.0 8.06 15.56 6.0 12.37 15.56 13.6 12.37 12.37 6.0 15.56 8.06 16.49 10.63 16.0 16.0 16.49 16.0 8.06 6.4 16.0 15.56 11.7 11.7
25.08 25.08 8.06 0.0 7.28 19.31 8.6 23.35 4.0 19.31 4.12 23.0 0.0 13.6 18.0 8.06 0.0 8.06 13.6 18.44 13.6 8.06 23.0 18.0 18.44 8.6 4.12 13.6 12.0 23.0 8.06 13.6 13.6 13.6 23.35 25.08 4.12 0.0 23.0 19.31 18.0 13.6 18.0 13.6 12.0 8.06 13.6 25.08 13.6 12.0 12.0 8.06 7.28 23.0 23.35 12.0 0.0 19.31 19.31 23.0 25.08 25.08 4.0 8.6 23.35 23.0 23.35 8.6 19.31 13.6 8.6 13.6 8.06 7.28 0.0 23.35 7.28 13.6 0.0 19.31 13.6 8.6 19.31 18.44 8.6 8.6 7.28 19.31 0.0 23.0 4.0 23.35 23.35 23.0 23.35 0.0 12.0 23.35 19.31 18.0 18.0
17.89 17.89 6.0 7.28 0.0 12.08 15.0 17.09 7.28 12.08 8.49 16.12 7.28 6.32 11.18 6.0 7.28 6.0 8.49 11.18 6.32 6.0 16.12 11.18 11.18 15.0 8.49 8.49 5.39 16.12 6.0 8.49 6.32 6.32 17.09 17.89 8.49 7.28 16.12 12.08 11.18 6.32 11.18 8.49 5.39 6.0 8.49 17.89 8.49 5.39 5.39 6.0 0.0 16.12 17.09 5.39 7.28 12.08 12.08 16.12 17.89 17.89 7.28 15.0 17.09 16.12 17.09 15.0 12.08 8.49 15.0 6.32 6.0 0.0 7.28 17.09 0.0 6.32 7.28 12.08 8.49 15.0 12.08 11.18 15.0 15.0 0.0 12.08 7.28 16.12 7.28 17.09 17.09 16.12 17.09 7.28 5.39 17.09 12.08 11.18 11.18
5.83 5.83 15.56 19.31 12.08 0.0 26.93 12.08 18.25 0.0 20.25 8.6 19.31 5.83 7.0 15.56 19.31 15.56 12.08 3.0 5.83 15.56 8.6 7.0 3.0 26.93 20.25 12.08 9.22 8.6 15.56 12.08 5.83 5.83 12.08 5.83 20.25 19.31 8.6 0.0 7.0 5.83 7.0 12.08 9.22 15.56 12.08 5.83 12.08 9.22 9.22 15.56 12.08 8.6 12.08 9.22 19.31 0.0 0.0 8.6 5.83 5.83 18.25 26.93 12.08 8.6 12.08 26.93 0.0 12.08 26.93 5.83 15.56 12.08 19.31 12.08 12.08 5.83 19.31 0.0 12.08 26.93 0.0 3.0 26.93 26.93 12.08 0.0 19.31 8.6 18.25 12.08 12.08 8.6 12.08 19.31 9.22 12.08 0.0 7.0 7.0
32.76 32.76 12.37 8.6 15.0 26.93 0.0 28.16 12.08 26.93 6.71 28.86 8.6 21.1 24.04 12.37 8.6 12.37 18.25 25.5 21.1 12.37 28.86 24.04 25.5 0.0 6.71 18.25 18.38 28.86 12.37 18.25 21.1 21.1 28.16 32.76 6.71 8.6 28.86 26.93 24.04 21.1 24.04 18.25 18.38 12.37 18.25 32.76 18.25 18.38 18.38 12.37 15.0 28.86 28.16 18.38 8.6 26.93 26.93 28.86 32.76 32.76 12.08 0.0 28.16 28.86 28.16 0.0 26.93 18.25 0.0 21.1 12.37 15.0 8.6 28.16 15.0 21.1 8.6 26.93 18.25 0.0 26.93 25.5 0.0 0.0 15.0 26.93 8.6 28.86 12.08 28.16 28.16 28.86 28.16 8.6 18.38 28.16 26.93 24.04 24.04
14.0 14.0 16.0 23.35 17.09 12.08 28.16 0.0 24.35 12.08 22.0 4.0 23.35 12.81 6.4 16.0 23.35 16.0 10.0 9.43 12.81 16.0 4.0 6.4 9.43 28.16 22.0 10.0 11.7 4.0 16.0 10.0 12.81 12.81 0.0 14.0 22.0 23.35 4.0 12.08 6.4 12.81 6.4 10.0 11.7 16.0 10.0 14.0 10.0 11.7 11.7 16.0 17.09 4.0 0.0 11.7 23.35 12.08 12.08 4.0 14.0 14.0 24.35 28.16 0.0 4.0 0.0 28.16 12.08 10.0 28.16 12.81 16.0 17.09 23.35 0.0 17.09 12.81 23.35 12.08 10.0 28.16 12.08 9.43 28.16 28.16 17.09 12.08 23.35 4.0 24.35 0.0 0.0 4.0 0.0 23.35 11.7 0.0 12.08 6.4 6.4
23.77 23.77 10.63 4.0 7.28 18.25 12.08 24.35 0.0 18.25 8.06 23.35 4.0 13.0 18.44 10.63 4.0 10.63 15.26 18.0 13.0 10.63 23.35 18.44 18.0 12.08 8.06 15.26 12.65 23.35 10.63 15.26 13.0 13.0 24.35 23.77 8.06 4.0 23.35 18.25 18.44 13.0 18.44 15.26 12.65 10.63 15.26 23.77 15.26 12.65 12.65 10.63 7.28 23.35 24.35 12.65 4.0 18.25 18.25 23.35 23.77 23.77 0.0 12.08 24.35 23.35 24.35 12.08 18.25 15.26 12.08 13.0 10.63 7.28 4.0 24.35 7.28 13.0 4.0 18.25 15.26 12.08 18.25 18.0 12.08 12.08 7.28 18.25 4.0 23.35 0.0 24.35 24.35 23.35 24.35 4.0 12.65 24.35 18.25 18.44 18.44
5.83 5.83 15.56 19.31 12.08 0.0 26.93 12.08 18.25 0.0 20.25 8.6 19.31 5.83 7.0 15.56 19.31 15.56 12.08 3.0 5.83 15.56 8.6 7.0 3.0 26.93 20.25 12.08 9.22 8.6 15.56 12.08 5.83 5.83 12.08 5.83 20.25 19.31 8.6 0.0 7.0 5.83 7.0 12.08 9.22 15.56 12.08 5.83 12.08 9.22 9.22 15.56 12.08 8.6 12.08 9.22 19.31 0.0 0.0 8.6 5.83 5.83 18.25 26.93 12.08 8.6 12.08 26.93 0.0 12.08 26.93 5.83 15.56 12.08 19.31 12.08 12.08 5.83 19.31 0.0 12.08 26.93 0.0 3.0 26.93 26.93 12.08 0.0 19.31 8.6 18.25 12.08 12.08 8.6 12.08 19.31 9.22 12.08 0.0 7.0 7.0
26.08 26.08 6.0 4.12 8.49 20.25 6.71 22.0 8.06 20.25 0.0 22.36 4.12 14.42 17.46 6.0 4.12 6.0 12.0 18.79 14.42 6.0 22.36 17.46 18.79 6.71 0.0 12.0 11.7 22.36 6.0 12.0 14.42 14.42 22.0 26.08 0.0 4.12 22.36 20.25 17.46 14.42 17.46 12.0 11.7 6.0 12.0 26.08 12.0 11.7 11.7 6.0 8.49 22.36 22.0 11.7 4.12 20.25 20.25 22.36 26.08 26.08 8.06 6.71 22.0 22.36 22.0 6.71 20.25 12.0 6.71 14.42 6.0 8.49 4.12 22.0 8.49 14.42 4.12 20.25 12.0 6.71 20.25 18.79 6.71 6.71 8.49 20.25 4.12 22.36 8.06 22.0 22.0 22.36 22.0 4.12 11.7 22.0 20.25 17.46 17.46
10.0 10.0 16.49 23.0 16.12 8.6 28.86 4.0 23.35 8.6 22.36 0.0 23.0 10.77 5.0 16.49 23.0 16.49 10.77 6.4 10.77 16.49 0.0 5.0 6.4 28.86 22.36 10.77 11.0 0.0 16.49 10.77 10.77 10.77 4.0 10.0 22.36 23.0 0.0 8.6 5.0 10.77 5.0 10.77 11.0 16.49 10.77 10.0 10.77 11.0 11.0 16.49 16.12 0.0 4.0 11.0 23.0 8.6 8.6 0.0 10.0 10.0 23.35 28.86 4.0 0.0 4.0 28.86 8.6 10.77 28.86 10.77 16.49 16.12 23.0 4.0 16.12 10.77 23.0 8.6 10.77 28.86 8.6 6.4 28.86 28.86 16.12 8.6 23.0 0.0 23.35 4.0 4.0 0.0 4.0 23.0 11.0 4.0 8.6 5.0 5.0
25.08 25.08 8.06 0.0 7.28 19.31 8.6 23.35 4.0 19.31 4.12 23.0 0.0 13.6 18.0 8.06 0.0 8.06 13.6 18.44 13.6 8.06 23.0 18.0 18.44 8.6 4.12 13.6 12.0 23.0 8.06 13.6 13.6 13.6 23.35 25.08 4.12 0.0 23.0 19.31 18.0 13.6 18.0 13.6 12.0 8.06 13.6 25.08 13.6 12.0 12.0 8.06 7.28 23.0 23.35 12.0 0.0 19.31 19.31 23.0 25.08 25.08 4.0 8.6 23.35 23.0 23.35 8.6 19.31 13.6 8.6 13.6 8.06 7.28 0.0 23.35 7.28 13.6 0.0 19.31 13.6 8.6 19.31 18.44 8.6 8.6 7.28 19.31 0.0 23.0 4.0 23.35 23.35 23.0 23.35 0.0 12.0 23.35 19.31 18.0 18.0
11.66 11.66 10.0 13.6 6.32 5.83 21.1 12.81 13.0 5.83 14.42 10.77 13.6 0.0 6.4 10.0 13.6 10.0 8.0 5.0 0.0 10.0 10.77 6.4 5.0 21.1 14.42 8.0 4.12 10.77 10.0 8.0 0.0 0.0 12.81 11.66 14.42 13.6 10.77 5.83 6.4 0.0 6.4 8.0 4.12 10.0 8.0 11.66 8.0 4.12 4.12 10.0 6.32 10.77 12.81 4.12 13.6 5.83 5.83 10.77 11.66 11.66 13.0 21.1 12.81 10.77 12.81 21.1 5.83 8.0 21.1 0.0 10.0 6.32 13.6 12.81 6.32 0.0 13.6 5.83 8.0 21.1 5.83 5.0 21.1 21.1 6.32 5.83 13.6 10.77 13.0 12.81 12.81 10.77 12.81 13.6 4.12 12.81 5.83 6.4 6.4
11.18 11.18 11.7 18.0 11.18 7.0 24.04 6.4 18.44 7.0 17.46 5.0 18.0 6.4 0.0 11.7 18.0 11.7 6.4 4.0 6.4 11.7 5.0 0.0 4.0 24.04 17.46 6.4 6.0 5.0 11.7 6.4 6.4 6.4 6.4 11.18 17.46 18.0 5.0 7.0 0.0 6.4 0.0 6.4 6.0 11.7 6.4 11.18 6.4 6.0 6.0 11.7 11.18 5.0 6.4 6.0 18.0 7.0 7.0 5.0 11.18 11.18 18.44 24.04 6.4 5.0 6.4 24.04 7.0 6.4 24.04 6.4 11.7 11.18 18.0 6.4 11.18 6.4 18.0 7.0 6.4 24.04 7.0 4.0 24.04 24.04 11.18 7.0 18.0 5.0 18.44 6.4 6.4 5.0 6.4 18.0 6.0 6.4 7.0 0.0 0.0
21.26 21.26 0.0 8.06 6.0 15.56 12.37 16.0 10.63 15.56 6.0 16.49 8.06 10.0 11.7 0.0 8.06 0.0 6.0 13.6 10.0 0.0 16.49 11.7 13.6 12.37 6.0 6.0 6.4 16.49 0.0 6.0 10.0 10.0 16.0 21.26 6.0 8.06 16.49 15.56 11.7 10.0 11.7 6.0 6.4 0.0 6.0 21.26 6.0 6.4 6.4 0.0 6.0 16.49 16.0 6.4 8.06 15.56 15.56 16.49 21.26 21.26 10.63 12.37 16.0 16.49 16.0 12.37 15.56 6.0 12.37 10.0 0.0 6.0 8.06 16.0 6.0 10.0 8.06 15.56 6.0 12.37 15.56 13.6 12.37 12.37 6.0 15.56 8.06 16.49 10.63 16.0 16.0 16.49 16.0 8.06 6.4 16.0 15.56 11.7 11.7
25.08 25.08 8.06 0.0 7.28 19.31 8.6 23.35 4.0 19.31 4.12 23.0 0.0 13.6 18.0 8.06 0.0 8.06 13.6 18.44 13.6 8.06 23.0 18.0 18.44 8.6 4.12 13.6 12.0 23.0 8.06 13.6 13.6 13.6 23.35 25.08 4.12 0.0 23.0 19.31 18.0 13.6 18.0 13.6 12.0 8.06 13.6 25.08 13.6 12.0 12.0 8.06 7.28 23.0 23.35 12.0 0.0 19.31 19.31 23.0 25.08 25.08 4.0 8.6 23.35 23.0 23.35 8.6 19.31 13.6 8.6 13.6 8.06 7.28 0.0 23.35 7.28 13.6 0.0 19.31 13.6 8.6 19.31 18.44 8.6 8.6 7.28 19.31 0.0 23.0 4.0 23.35 23.35 23.0 23.35 0.0 12.0 23.35 19.31 18.0 18.0
21.26 21.26 0.0 8.06 6.0 15.56 12.37 16.0 10.63 15.56 6.0 16.49 8.06 10.0 11.7 0.0 8.06 0.0 6.0 13.6 10.0 0.0 16.49 11.7 13.6 12.37 6.0 6.0 6.4 16.49 0.0 6.0 10.0 10.0 16.0 21.26 6.0 8.06 16.49 15.56 11.7 10.0 11.7 6.0 6.4 0.0 6.0 21.26 6.0 6.4 6.4 0.0 6.0 16.49 16.0 6.4 8.06 15.56 15.56 16.49 21.26 21.26 10.63 12.37 16.0 16.49 16.0 12.37 15.56 6.0 12.37 10.0 0.0 6.0 8.06 16.0 6.0 10.0 8.06 15.56 6.0 12.37 15.56 13.6 12.37 12.37 6.0 15.56 8.06 16.49 10.63 16.0 16.0 16.49 16.0 8.06 6.4 16.0 15.56 11.7 11.7
17.2 17.2 6.0 13.6 8.49 12.08 18.25 10.0 15.26 12.08 12.0 10.77 13.6 8.0 6.4 6.0 13.6 6.0 0.0 9.43 8.0 6.0 10.77 6.4 9.43 18.25 12.0 0.0 4.12 10.77 6.0 0.0 8.0 8.0 10.0 17.2 12.0 13.6 10.77 12.08 6.4 8.0 6.4 0.0 4.12 6.0 0.0 17.2 0.0 4.12 4.12 6.0 8.49 10.77 10.0 4.12 13.6 12.08 12.08 10.77 17.2 17.2 15.26 18.25 10.0 10.77 10.0 18.25 12.08 0.0 18.25 8.0 6.0 8.49 13.6 10.0 8.49 8.0 13.6 12.08 0.0 18.25 12.08 9.43 18.25 18.25 8.49 12.08 13.6 10.77 15.26 10.0 10.0 10.77 10.0 13.6 4.12 10.0 12.08 6.4 6.4
7.81 7.81 13.6 18.44 11.18 3.0 25.5 9.43 18.0 3.0 18.79 6.4 18.44 5.0 4.0 13.6 18.44 13.6 9.43 0.0 5.0 13.6 6.4 4.0 0.0 25.5 18.79 9.43 7.21 6.4 13.6 9.43 5.0 5.0 9.43 7.81 18.79 18.44 6.4 3.0 4.0 5.0 4.0 9.43 7.21 13.6 9.43 7.81 9.43 7.21 7.21 13.6 11.18 6.4 9.43 7.21 18.44 3.0 3.0 6.4 7.81 7.81 18.0 25.5 9.43 6.4 9.43 25.5 3.0 9.43 25.5 5.0 13.6 11.18 18.44 9.43 11.18 5.0 18.44 3.0 9.43 25.5 3.0 0.0 25.5 25.5 11.18 3.0 18.44 6.4 18.0 9.43 9.43 6.4 9.43 18.44 7.21 9.43 3.0 4.0 4.0
11.66 11.66 10.0 13.6 6.32 5.83 21.1 12.81 13.0 5.83 14.42 10.77 13.6 0.0 6.4 10.0 13.6 10.0 8.0 5.0 0.0 10.0 10.77 6.4 5.0 21.1 14.42 8.0 4.12 10.77 10.0 8.0 0.0 0.0 12.81 11.66 14.42 13.6 10.77 5.83 6.4 0.0 6.4 8.0 4.12 10.0 8.0 11.66 8.0 4.12 4.12 10.0 6.32 10.77 12.81 4.12 13.6 5.83 5.83 10.77 11.66 11.66 13.0 21.1 12.81 10.77 12.81 21.1 5.83 8.0 21.1 0.0 10.0 6.32 13.6 12.81 6.32 0.0 13.6 5.83 8.0 21.1 5.83 5.0 21.1 21.1 6.32 5.83 13.6 10.77 13.0 12.81 12.81 10.77 12.81 13.6 4.12 12.81 5.83 6.4 6.4
21.26 21.26 0.0 8.06 6.0 15.56 12.37 16.0 10.63 15.56 6.0 16.49 8.06 10.0 11.7 0.0 8.06 0.0 6.0 13.6 10.0 0.0 16.49 11.7 13.6 12.37 6.0 6.0 6.4 16.49 0.0 6.0 10.0 10.0 16.0 21.26 6.0 8.06 16.49 15.56 11.7 10.0 11.7 6.0 6.4 0.0 6.0 21.26 6.0 6.4 6.4 0.0 6.0 16.49 16.0 6.4 8.06 15.56 15.56 16.49 21.26 21.26 10.63 12.37 16.0 16.49 16.0 12.37 15.56 6.0 12.37 10.0 0.0 6.0 8.06 16.0 6.0 10.0 8.06 15.56 6.0 12.37 15.56 13.6 12.37 12.37 6.0 15.56 8.06 16.49 10.63 16.0 16.0 16.49 16.0 8.06 6.4 16.0 15.56 11.7 11.7
10.0 10.0 16.49 23.0 16.12 8.6 28.86 4.0 23.35 8.6 22.36 0.0 23.0 10.77 5.0 16.49 23.0 16.49 10.77 6.4 10.77 16.49 0.0 5.0 6.4 28.86 22.36 10.77 11.0 0.0 16.49 10.77 10.77 10.77 4.0 10.0 22.36 23.0 0.0 8.6 5.0 10.77 5.0 10.77 11.0 16.49 10.77 10.0 10.77 11.0 11.0 16.49 16.12 0.0 4.0 11.0 23.0 8.6 8.6 0.0 10.0 10.0 23.35 28.86 4.0 0.0 4.0 28.86 8.6 10.77 28.86 10.77 16.49 16.12 23.0 4.0 16.12 10.77 23.0 8.6 10.77 28.86 8.6 6.4 28.86 28.86 16.12 8.6 23.0 0.0 23.35 4.0 4.0 0.0 4.0 23.0 11.0 4.0 8.6 5.0 5.0
11.18 11.18 11.7 18.0 11.18 7.0 24.04 6.4 18.44 7.0 17.46 5.0 18.0 6.4 0.0 11.7 18.0 11.7 6.4 4.0 6.4 11.7 5.0 0.0 4.0 24.04 17.46 6.4 6.0 5.0 11.7 6.4 6.4 6.4 6.4 11.18 17.46 18.0 5.0 7.0 0.0 6.4 0.0 6.4 6.0 11.7 6.4 11.18 6.4 6.0 6.0 11.7 11.18 5.0 6.4 6.0 18.0 7.0 7.0 5.0 11.18 11.18 18.44 24.04 6.4 5.0 6.4 24.04 7.0 6.4 24.04 6.4 11.7 11.18 18.0 6.4 11.18 6.4 18.0 7.0 6.4 24.04 7.0 4.0 24.04 24.04 11.18 7.0 18.0 5.0 18.44 6.4 6.4 5.0 6.4 18.0 6.0 6.4 7.0 0.0 0.0
7.81 7.81 13.6 18.44 11.18 3.0 25.5 9.43 18.0 3.0 18.79 6.4 18.44 5.0 4.0 13.6 18.44 13.6 9.43 0.0 5.0 13.6 6.4 4.0 0.0 25.5 18.79 9.43 7.21 6.4 13.6 9.43 5.0 5.0 9.43 7.81 18.79 18.44 6.4 3.0 4.0 5.0 4.0 9.43 7.21 13.6 9.43 7.81 9.43 7.21 7.21 13.6 11.18 6.4 9.43 7.21 18.44 3.0 3.0 6.4 7.81 7.81 18.0 25.5 9.43 6.4 9.43 25.5 3.0 9.43 25.5 5.0 13.6 11.18 18.44 9.43 11.18 5.0 18.44 3.0 9.43 25.5 3.0 0.0 25.5 25.5 11.18 3.0 18.44 6.4 18.0 9.43 9.43 6.4 9.43 18.44 7.21 9.43 3.0 4.0 4.0
32.76 32.76 12.37 8.6 15.0 26.93 0.0 28.16 12.08 26.93 6.71 28.86 8.6 21.1 24.04 12.37 8.6 12.37 18.25 25.5 21.1 12.37 28.86 24.04 25.5 0.0 6.71 18.25 18.38 28.86 12.37 18.25 21.1 21.1 28.16 32.76 6.71 8.6 28.86 26.93 24.04 21.1 24.04 18.25 18.38 12.37 18.25 32.76 18.25 18.38 18.38 12.37 15.0 28.86 28.16 18.38 8.6 26.93 26.93 28.86 32.76 32.76 12.08 0.0 28.16 28.86 28.16 0.0 26.93 18.25 0.0 21.1 12.37 15.0 8.6 28.16 15.0 21.1 8.6 26.93 18.25 0.0 26.93 25.5 0.0 0.0 15.0 26.93 8.6 28.86 12.08 28.16 28.16 28.86 28.16 8.6 18.38 28.16 26.93 24.04 24.04
26.08 26.08 6.0 4.12 8.49 20.25 6.71 22.0 8.06 20.25 0.0 22.36 4.12 14.42 17.46 6.0 4.12 6.0 12.0 18.79 14.42 6.0 22.36 17.46 18.79 6.71 0.0 12.0 11.7 22.36 6.0 12.0 14.42 14.42 22.0 26.08 0.0 4.12 22.36 20.25 17.46 14.42 17.46 12.0 11.7 6.0 12.0 26.08 12.0 11.7 11.7 6.0 8.49 22.36 22.0 11.7 4.12 20.25 20.25 22.36 26.08 26.08 8.06 6.71 22.0 22.36 22.0 6.71 20.25 12.0 6.71 14.42 6.0 8.49 4.12 22.0 8.49 14.42 4.12 20.25 12.0 6.71 20.25 18.79 6.71 6.71 8.49 20.25 4.12 22.36 8.06 22.0 22.0 22.36 22.0 4.12 11.7 22.0 20.25 17.46 17.46
17.2 17.2 6.0 13.6 8.49 12.08 18.25 10.0 15.26 12.08 12.0 10.77 13.6 8.0 6.4 6.0 13.6 6.0 0.0 9.43 8.0 6.0 10.77 6.4 9.43 18.25 12.0 0.0 4.12 10.77 6.0 0.0 8.0 8.0 10.0 17.2 12.0 13.6 10.77 12.08 6.4 8.0 6.4 0.0 4.12 6.0 0.0 17.2 0.0 4.12 4.12 6.0 8.49 10.77 10.0 4.12 13.6 12.08 12.08 10.77 17.2 17.2 15.26 18.25 10.0 10.77 10.0 18.25 12.08 0.0 18.25 8.0 6.0 8.49 13.6 10.0 8.49 8.0 13.6 12.08 0.0 18.25 12.08 9.43 18.25 18.25 8.49 12.08 13.6 10.77 15.26 10.0 10.0 10.77 10.0 13.6 4.12 10.0 12.08 6.4 6.4
14.87 14.87 6.4 12.0 5.39 9.22 18.38 11.7 12.65 9.22 11.7 11.0 12.0 4.12 6.0 6.4 12.0 6.4 4.12 7.21 4.12 6.4 11.0 6.0 7.21 18.38 11.7 4.12 0.0 11.0 6.4 4.12 4.12 4.12 11.7 14.87 11.7 12.0 11.0 9.22 6.0 4.12 6.0 4.12 0.0 6.4 4.12 14.87 4.12 0.0 0.0 6.4 5.39 11.0 11.7 0.0 12.0 9.22 9.22 11.0 14.87 14.87 12.65 18.38 11.7 11.0 11.7 18.38 9.22 4.12 18.38 4.12 6.4 5.39 12.0 11.7 5.39 4.12 12.0 9.22 4.12 18.38 9.22 7.21 18.38 18.38 5.39 9.22 12.0 11.0 12.65 11.7 11.7 11.0 11.7 12.0 0.0 11.7 9.22 6.0 6.0
10.0 10.0 16.49 23.0 16.12 8.6 28.86 4.0 23.35 8.6 22.36 0.0 23.0 10.77 5.0 16.49 23.0 16.49 10.77 6.4 10.77 16.49 0.0 5.0 6.4 28.86 22.36 10.77 11.0 0.0 16.49 10.77 10.77 10.77 4.0 10.0 22.36 23.0 0.0 8.6 5.0 10.77 5.0 10.77 11.0 16.49 10.77 10.0 10.77 11.0 11.0 16.49 16.12 0.0 4.0 11.0 23.0 8.6 8.6 0.0 10.0 10.0 23.35 28.86 4.0 0.0 4.0 28.86 8.6 10.77 28.86 10.77 16.49 16.12 23.0 4.0 16.12 10.77 23.0 8.6 10.77 28.86 8.6 6.4 28.86 28.86 16.12 8.6 23.0 0.0 23.35 4.0 4.0 0.0 4.0 23.0 11.0 4.0 8.6 5.0 5.0
21.26 21.26 0.0 8.06 6.0 15.56 12.37 16.0 10.63 15.56 6.0 16.49 8.06 10.0 11.7 0.0 8.06 0.0 6.0 13.6 10.0 0.0 16.49 11.7 13.6 12.37 6.0 6.0 6.4 16.49 0.0 6.0 10.0 10.0 16.0 21.26 6.0 8.06 16.49 15.56 11.7 10.0 11.7 6.0 6.4 0.0 6.0 21.26 6.0 6.4 6.4 0.0 6.0 16.49 16.0 6.4 8.06 15.56 15.56 16.49 21.26 21.26 10.63 12.37 16.0 16.49 16.0 12.37 15.56 6.0 12.37 10.0 0.0 6.0 8.06 16.0 6.0 10.0 8.06 15.56 6.0 12.37 15.56 13.6 12.37 12.37 6.0 15.56 8.06 16.49 10.63 16.0 16.0 16.49 16.0 8.06 6.4 16.0 15.56 11.7 11.7
17.2 17.2 6.0 13.6 8.49 12.08 18.25 10.0 15.26 12.08 12.0 10.77 13.6 8.0 6.4 6.0 13.6 6.0 0.0 9.43 8.0 6.0 10.77 6.4 9.43 18.25 12.0 0.0 4.12 10.77 6.0 0.0 8.0 8.0 10.0 17.2 12.0 13.6 10.77 12.08 6.4 8.0 6.4 0.0 4.12 6.0 0.0 17.2 0.0 4.12 4.12 6.0 8.49 10.77 10.0 4.12 13.6 12.08 12.08 10.77 17.2 17.2 15.26 18.25 10.0 10.77 10.0 18.25 12.08 0.0 18.25 8.0 6.0 8.49 13.6 10.0 8.49 8.0 13.6 12.08 0.0 18.25 12.08 9.43 18.25 18.25 8.49 12.08 13.6 10.77 15.26 10.0 10.0 10.77 10.0 13.6 4.12 10.0 12.08 6.4 6.4
11.66 11.66 10.0 13.6 6.32 5.83 21.1 12.81 13.0 5.83 14.42 10.77 13.6 0.0 6.4 10.0 13.6 10.0 8.0 5.0 0.0 10.0 10.77 6.4 5.0 21.1 14.42 8.0 4.12 10.77 10.0 8.0 0.0 0.0 12.81 11.66 14.42 13.6 10.77 5.83 6.4 0.0 6.4 8.0 4.12 10.0 8.0 11.66 8.0 4.12 4.12 10.0 6.32 10.77 12.81 4.12 13.6 5.83 5.83 10.77 11.66 11.66 13.0 21.1 12.81 10.77 12.81 21.1 5.83 8.0 21.1 0.0 10.0 6.32 13.6 12.81 6.32 0.0 13.6 5.83 8.0 21.1 5.83 5.0 21.1 21.1 6.32 5.83 13.6 10.77 13.0 12.81 12.81 10.77 12.81 13.6 4.12 12.81 5.83 6.4 6.4
11.66 11.66 10.0 13.6 6.32 5.83 21.1 12.81 13.0 5.83 14.42 10.77 13.6 0.0 6.4 10.0 13.6 10.0 8.0 5.0 0.0 10.0 10.77 6.4 5.0 21.1 14.42 8.0 4.12 10.77 10.0 8.0 0.0 0.0 12.81 11.66 14.42 13.6 10.77 5.83 6.4 0.0 6.4 8.0 4.12 10.0 8.0 11.66 8.0 4.12 4.12 10.0 6.32 10.77 12.81 4.12 13.6 5.83 5.83 10.77 11.66 11.66 13.0 21.1 12.81 10.77 12.81 21.1 5.83 8.0 21.1 0.0 10.0 6.32 13.6 12.81 6.32 0.0 13.6 5.83 8.0 21.1 5.83 5.0 21.1 21.1 6.32 5.83 13.6 10.77 13.0 12.81 12.81 10.77 12.81 13.6 4.12 12.81 5.83 6.4 6.4
14.0 14.0 16.0 23.35 17.09 12.08 28.16 0.0 24.35 12.08 22.0 4.0 23.35 12.81 6.4 16.0 23.35 16.0 10.0 9.43 12.81 16.0 4.0 6.4 9.43 28.16 22.0 10.0 11.7 4.0 16.0 10.0 12.81 12.81 0.0 14.0 22.0 23.35 4.0 12.08 6.4 12.81 6.4 10.0 11.7 16.0 10.0 14.0 10.0 11.7 11.7 16.0 17.09 4.0 0.0 11.7 23.35 12.08 12.08 4.0 14.0 14.0 24.35 28.16 0.0 4.0 0.0 28.16 12.08 10.0 28.16 12.81 16.0 17.09 23.35 0.0 17.09 12.81 23.35 12.08 10.0 28.16 12.08 9.43 28.16 28.16 17.09 12.08 23.35 4.0 24.35 0.0 0.0 4.0 0.0 23.35 11.7 0.0 12.08 6.4 6.4
0.0 0.0 21.26 25.08 17.89 5.83 32.76 14.0 23.77 5.83 26.08 10.0 25.08 11.66 11.18 21.26 25.08 21.26 17.2 7.81 11.66 21.26 10.0 11.18 7.81 32.76 26.08 17.2 14.87 10.0 21.26 17.2 11.66 11.66 14.0 0.0 26.08 25.08 10.0 5.83 11.18 11.66 11.18 17.2 14.87 21.26 17.2 0.0 17.2 14.87 14.87 21.26 17.89 10.0 14.0 14.87 25.08 5.83 5.83 10.0 0.0 0.0 23.77 32.76 14.0 10.0 14.0 32.76 5.83 17.2 32.76 11.66 21.26 17.89 25.08 14.0 17.89 11.66 25.08 5.83 17.2 32.76 5.83 7.81 32.76 32.76 17.89 5.83 25.08 10.0 23.77 14.0 14.0 10.0 14.0 25.08 14.87 14.0 5.83 11.18 11.18
26.08 26.08 6.0 4.12 8.49 20.25 6.71 22.0 8.06 20.25 0.0 22.36 4.12 14.42 17.46 6.0 4.12 6.0 12.0 18.79 14.42 6.0 22.36 17.46 18.79 6.71 0.0 12.0 11.7 22.36 6.0 12.0 14.42 14.42 22.0 26.08 0.0 4.12 22.36 20.25 17.46 14.42 17.46 12.0 11.7 6.0 12.0 26.08 12.0 11.7 11.7 6.0 8.49 22.36 22.0 11.7 4.12 20.25 20.25 22.36 26.08 26.08 8.06 6.71 22.0 22.36 22.0 6.71 20.25 12.0 6.71 14.42 6.0 8.49 4.12 22.0 8.49 14.42 4.12 20.25 12.0 6.71 20.25 18.79 6.71 6.71 8.49 20.25 4.12 22.36 8.06 22.0 22.0 22.36 22.0 4.12 11.7 22.0 20.25 17.46 17.46
25.08 25.08 8.06 0.0 7.28 19.31 8.6 23.35 4.0 19.31 4.12 23.0 0.0 13.6 18.0 8.06 0.0 8.06 13.6 18.44 13.6 8.06 23.0 18.0 18.44 8.6 4.12 13.6 12.0 23.0 8.06 13.6 13.6 13.6 23.35 25.08 4.12 0.0 23.0 19.31 18.0 13.6 18.0 13.6 12.0 8.06 13.6 25.08 13.6 12.0 12.0 8.06 7.28 23.0 23.35 12.0 0.0 19.31 19.31 23.0 25.08 25.08 4.0 8.6 23.35 23.0 23.35 8.6 19.31 13.6 8.6 13.6 8.06 7.28 0.0 23.35 7.28 13.6 0.0 19.31 13.6 8.6 19.31 18.44 8.6 8.6 7.28 19.31 0.0 23.0 4.0 23.35 23.35 23.0 23.35 0.0 12.0 23.35 19.31 18.0 18.0
10.0 10.0 16.49 23.0 16.12 8.6 28.86 4.0 23.35 8.6 22.36 0.0 23.0 10.77 5.0 16.49 23.0 16.49 10.77 6.4 10.77 16.49 0.0 5.0 6.4 28.86 22.36 10.77 11.0 0.0 16.49 10.77 10.77 10.77 4.0 10.0 22.36 23.0 0.0 8.6 5.0 10.77 5.0 10.77 11.0 16.49 10.77 10.0 10.77 11.0 11.0 16.49 16.12 0.0 4.0 11.0 23.0 8.6 8.6 0.0 10.0 10.0 23.35 28.86 4.0 0.0 4.0 28.86 8.6 10.77 28.86 10.77 16.49 16.12 23.0 4.0 16.12 10.77 23.0 8.6 10.77 28.86 8.6 6.4 28.86 28.86 16.12 8.6 23.0 0.0 23.35 4.0 4.0 0.0 4.0 23.0 11.0 4.0 8.6 5.0 5.0
5.83 5.83 15.56 19.31 12.08 0.0 26.93 12.08 18.25 0.0 20.25 8.6 19.31 5.83 7.0 15.56 19.31 15.56 12.08 3.0 5.83 15.56 8.6 7.0 3.0 26.93 20.25 12.08 9.22 8.6 15.56 12.08 5.83 5.83 12.08 5.83 20.25 19.31 8.6 0.0 7.0 5.83 7.0 12.08 9.22 15.56 12.08 5.83 12.08 9.22 9.22 15.56 12.08 8.6 12.08 9.22 19.31 0.0 0.0 8.6 5.83 5.83 18.25 26.93 12.08 8.6 12.08 26.93 0.0 12.08 26.93 5.83 15.56 12.08 19.31 12.08 12.08 5.83 19.31 0.0 12.08 26.93 0.0 3.0 26.93 26.93 12.08 0.0 19.31 8.6 18.25 12.08 12.08 8.6 12.08 19.31 9.22 12.08 0.0 7.0 7.0
11.18 11.18 11.7 18.0 11.18 7.0 24.04 6.4 18.44 7.0 17.46 5.0 18.0 6.4 0.0 11.7 18.0 11.7 6.4 4.0 6.4 11.7 5.0 0.0 4.0 24.04 17.46 6.4 6.0 5.0 11.7 6.4 6.4 6.4 6.4 11.18 17.46 18.0 5.0 7.0 0.0 6.4 0.0 6.4 6.0 11.7 6.4 11.18 6.4 6.0 6.0 11.7 11.18 5.0 6.4 6.0 18.0 7.0 7.0 5.0 11.18 11.18 18.44 24.04 6.4 5.0 6.4 24.04 7.0 6.4 24.04 6.4 11.7 11.18 18.0 6.4 11.18 6.4 18.0 7.0 6.4 24.04 7.0 4.0 24.04 24.04 11.18 7.0 18.0 5.0 18.44 6.4 6.4 5.0 6.4 18.0 6.0 6.4 7.0 0.0 0.0
11.66 11.66 10.0 13.6 6.32 5.83 21.1 12.81 13.0 5.83 14.42 10.77 13.6 0.0 6.4 10.0 13.6 10.0 8.0 5.0 0.0 10.0 10.77 6.4 5.0 21.1 14.42 8.0 4.12 10.77 10.0 8.0 0.0 0.0 12.81 11.66 14.42 13.6 10.77 5.83 6.4 0.0 6.4 8.0 4.12 10.0 8.0 11.66 8.0 4.12 4.12 10.0 6.32 10.77 12.81 4.12 13.6 5.83 5.83 10.77 11.66 11.66 13.0 21.1 12.81 10.77 12.81 21.1 5.83 8.0 21.1 0.0 10.0 6.32 13.6 12.81 6.32 0.0 13.6 5.83 8.0 21.1 5.83 5.0 21.1 21.1 6.32 5.83 13.6 10.77 13.0 12.81 12.81 10.77 12.81 13.6 4.12 12.81 5.83 6.4 6.4
11.18 11.18 11.7 18.0 11.18 7.0 24.04 6.4 18.44 7.0 17.46 5.0 18.0 6.4 0.0 11.7 18.0 11.7 6.4 4.0 6.4 11.7 5.0 0.0 4.0 24.04 17.46 6.4 6.0 5.0 11.7 6.4 6.4 6.4 6.4 11.18 17.46 18.0 5.0 7.0 0.0 6.4 0.0 6.4 6.0 11.7 6.4 11.18 6.4 6.0 6.0 11.7 11.18 5.0 6.4 6.0 18.0 7.0 7.0 5.0 11.18 11.18 18.44 24.04 6.4 5.0 6.4 24.04 7.0 6.4 24.04 6.4 11.7 11.18 18.0 6.4 11.18 6.4 18.0 7.0 6.4 24.04 7.0 4.0 24.04 24.04 11.18 7.0 18.0 5.0 18.44 6.4 6.4 5.0 6.4 18.0 6.0 6.4 7.0 0.0 0.0
17.2 17.2 6.0 13.6 8.49 12.08 18.25 10.0 15.26 12.08 12.0 10.77 13.6 8.0 6.4 6.0 13.6 6.0 0.0 9.43 8.0 6.0 10.77 6.4 9.43 18.25 12.0 0.0 4.12 10.77 6.0 0.0 8.0 8.0 10.0 17.2 12.0 13.6 10.77 12.08 6.4 8.0 6.4 0.0 4.12 6.0 0.0 17.2 0.0 4.12 4.12 6.0 8.49 10.77 10.0 4.12 13.6 12.08 12.08 10.77 17.2 17.2 15.26 18.25 10.0 10.77 10.0 18.25 12.08 0.0 18.25 8.0 6.0 8.49 13.6 10.0 8.49 8.0 13.6 12.08 0.0 18.25 12.08 9.43 18.25 18.25 8.49 12.08 13.6 10.77 15.26 10.0 10.0 10.77 10.0 13.6 4.12 10.0 12.08 6.4 6.4
14.87 14.87 6.4 12.0 5.39 9.22 18.38 11.7 12.65 9.22 11.7 11.0 12.0 4.12 6.0 6.4 12.0 6.4 4.12 7.21 4.12 6.4 11.0 6.0 7.21 18.38 11.7 4.12 0.0 11.0 6.4 4.12 4.12 4.12 11.7 14.87 11.7 12.0 11.0 9.22 6.0 4.12 6.0 4.12 0.0 6.4 4.12 14.87 4.12 0.0 0.0 6.4 5.39 11.0 11.7 0.0 12.0 9.22 9.22 11.0 14.87 14.87 12.65 18.38 11.7 11.0 11.7 18.38 9.22 4.12 18.38 4.12 6.4 5.39 12.0 11.7 5.39 4.12 12.0 9.22 4.12 18.38 9.22 7.21 18.38 18.38 5.39 9.22 12.0 11.0 12.65 11.7 11.7 11.0 11.7 12.0 0.0 11.7 9.22 6.0 6.0
21.26 21.26 0.0 8.06 6.0 15.56 12.37 16.0 10.63 15.56 6.0 16.49 8.06 10.0 11.7 0.0 8.06 0.0 6.0 13.6 10.0 0.0 16.49 11.7 13.6 12.37 6.0 6.0 6.4 16.49 0.0 6.0 10.0 10.0 16.0 21.26 6.0 8.06 16.49 15.56 11.7 10.0 11.7 6.0 6.4 0.0 6.0 21.26 6.0 6.4 6.4 0.0 6.0 16.49 16.0 6.4 8.06 15.56 15.56 16.49 21.26 21.26 10.63 12.37 16.0 16.49 16.0 12.37 15.56 6.0 12.37 10.0 0.0 6.0 8.06 16.0 6.0 10.0 8.06 15.56 6.0 12.37 15.56 13.6 12.37 12.37 6.0 15.56 8.06 16.49 10.63 16.0 16.0 16.49 16.0 8.06 6.4 16.0 15.56 11.7 11.7
17.2 17.2 6.0 13.6 8.49 12.08 18.25 10.0 15.26 12.08 12.0 10.77 13.6 8.0 6.4 6.0 13.6 6.0 0.0 9.43 8.0 6.0 10.77 6.4 9.43 18.25 12.0 0.0 4.12 10.77 6.0 0.0 8.0 8.0 10.0 17.2 12.0 13.6 10.77 12.08 6.4 8.0 6.4 0.0 4.12 6.0 0.0 17.2 0.0 4.12 4.12 6.0 8.49 10.77 10.0 4.12 13.6 12.08 12.08 10.77 17.2 17.2 15.26 18.25 10.0 10.77 10.0 18.25 12.08 0.0 18.25 8.0 6.0 8.49 13.6 10.0 8.49 8.0 13.6 12.08 0.0 18.25 12.08 9.43 18.25 18.25 8.49 12.08 13.6 10.77 15.26 10.0 10.0 10.77 10.0 13.6 4.12 10.0 12.08 6.4 6.4
0.0 0.0 21.26 25.08 17.89 5.83 32.76 14.0 23.77 5.83 26.08 10.0 25.08 11.66 11.18 21.26 25.08 21.26 17.2 7.81 11.66 21.26 10.0 11.18 7.81 32.76 26.08 17.2 14.87 10.0 21.26 17.2 11.66 11.66 14.0 0.0 26.08 25.08 10.0 5.83 11.18 11.66 11.18 17.2 14.87 21.26 17.2 0.0 17.2 14.87 14.87 21.26 17.89 10.0 14.0 14.87 25.08 5.83 5.83 10.0 0.0 0.0 23.77 32.76 14.0 10.0 14.0 32.76 5.83 17.2 32.76 11.66 21.26 17.89 25.08 14.0 17.89 11.66 25.08 5.83 17.2 32.76 5.83 7.81 32.76 32.76 17.89 5.83 25.08 10.0 23.77 14.0 14.0 10.0 14.0 25.08 14.87 14.0 5.83 11.18 11.18
17.2 17.2 6.0 13.6 8.49 12.08 18.25 10.0 15.26 12.08 12.0 10.77 13.6 8.0 6.4 6.0 13.6 6.0 0.0 9.43 8.0 6.0 10.77 6.4 9.43 18.25 12.0 0.0 4.12 10.77 6.0 0.0 8.0 8.0 10.0 17.2 12.0 13.6 10.77 12.08 6.4 8.0 6.4 0.0 4.12 6.0 0.0 17.2 0.0 4.12 4.12 6.0 8.49 10.77 10.0 4.12 13.6 12.08 12.08 10.77 17.2 17.2 15.26 18.25 10.0 10.77 10.0 18.25 12.08 0.0 18.25 8.0 6.0 8.49 13.6 10.0 8.49 8.0 13.6 12.08 0.0 18.25 12.08 9.43 18.25 18.25 8.49 12.08 13.6 10.77 15.26 10.0 10.0 10.77 10.0 13.6 4.12 10.0 12.08 6.4 6.4
14.87 14.87 6.4 12.0 5.39 9.22 18.38 11.7 12.65 9.22 11.7 11.0 12.0 4.12 6.0 6.4 12.0 6.4 4.12 7.21 4.12 6.4 11.0 6.0 7.21 18.38 11.7 4.12 0.0 11.0 6.4 4.12 4.12 4.12 11.7 14.87 11.7 12.0 11.0 9.22 6.0 4.12 6.0 4.12 0.0 6.4 4.12 14.87 4.12 0.0 0.0 6.4 5.39 11.0 11.7 0.0 12.0 9.22 9.22 11.0 14.87 14.87 12.65 18.38 11.7 11.0 11.7 18.38 9.22 4.12 18.38 4.12 6.4 5.39 12.0 11.7 5.39 4.12 12.0 9.22 4.12 18.38 9.22 7.21 18.38 18.38 5.39 9.22 12.0 11.0 12.65 11.7 11.7 11.0 11.7 12.0 0.0 11.7 9.22 6.0 6.0
14.87 14.87 6.4 12.0 5.39 9.22 18.38 11.7 12.65 9.22 11.7 11.0 12.0 4.12 6.0 6.4 12.0 6.4 4.12 7.21 4.12 6.4 11.0 6.0 7.21 18.38 11.7 4.12 0.0 11.0 6.4 4.12 4.12 4.12 11.7 14.87 11.7 12.0 11.0 9.22 6.0 4.12 6.0 4.12 0.0 6.4 4.12 14.87 4.12 0.0 0.0 6.4 5.39 11.0 11.7 0.0 12.0 9.22 9.22 11.0 14.87 14.87 12.65 18.38 11.7 11.0 11.7 18.38 9.22 4.12 18.38 4.12 6.4 5.39 12.0 11.7 5.39 4.12 12.0 9.22 4.12 18.38 9.22 7.21 18.38 18.38 5.39 9.22 12.0 11.0 12.65 11.7 11.7 11.0 11.7 12.0 0.0 11.7 9.22 6.0 6.0
21.26 21.26 0.0 8.06 6.0 15.56 12.37 16.0 10.63 15.56 6.0 16.49 8.06 10.0 11.7 0.0 8.06 0.0 6.0 13.6 10.0 0.0 16.49 11.7 13.6 12.37 6.0 6.0 6.4 16.49 0.0 6.0 10.0 10.0 16.0 21.26 6.0 8.06 16.49 15.56 11.7 10.0 11.7 6.0 6.4 0.0 6.0 21.26 6.0 6.4 6.4 0.0 6.0 16.49 16.0 6.4 8.06 15.56 15.56 16.49 21.26 21.26 10.63 12.37 16.0 16.49 16.0 12.37 15.56 6.0 12.37 10.0 0.0 6.0 8.06 16.0 6.0 10.0 8.06 15.56 6.0 12.37 15.56 13.6 12.37 12.37 6.0 15.56 8.06 16.49 10.63 16.0 16.0 16.49 16.0 8.06 6.4 16.0 15.56 11.7 11.7
17.89 17.89 6.0 7.28 0.0 12.08 15.0 17.09 7.28 12.08 8.49 16.12 7.28 6.32 11.18 6.0 7.28 6.0 8.49 11.18 6.32 6.0 16.12 11.18 11.18 15.0 8.49 8.49 5.39 16.12 6.0 8.49 6.32 6.32 17.09 17.89 8.49 7.28 16.12 12.08 11.18 6.32 11.18 8.49 5.39 6.0 8.49 17.89 8.49 5.39 5.39 6.0 0.0 16.12 17.09 5.39 7.28 12.08 12.08 16.12 17.89 17.89 7.28 15.0 17.09 16.12 17.09 15.0 12.08 8.49 15.0 6.32 6.0 0.0 7.28 17.09 0.0 6.32 7.28 12.08 8.49 15.0 12.08 11.18 15.0 15.0 0.0 12.08 7.28 16.12 7.28 17.09 17.09 16.12 17.09 7.28 5.39 17.09 12.08 11.18 11.18
10.0 10.0 16.49 23.0 16.12 8.6 28.86 4.0 23.35 8.6 22.36 0.0 23.0 10.77 5.0 16.49 23.0 16.49 10.77 6.4 10.77 16.49 0.0 5.0 6.4 28.86 22.36 10.77 11.0 0.0 16.49 10.77 10.77 10.77 4.0 10.0 22.36 23.0 0.0 8.6 5.0 10.77 5.0 10.77 11.0 16.49 10.77 10.0 10.77 11.0 11.0 16.49 16.12 0.0 4.0 11.0 23.0 8.6 8.6 0.0 10.0 10.0 23.35 28.86 4.0 0.0 4.0 28.86 8.6 10.77 28.86 10.77 16.49 16.12 23.0 4.0 16.12 10.77 23.0 8.6 10.77 28.86 8.6 6.4 28.86 28.86 16.12 8.6 23.0 0.0 23.35 4.0 4.0 0.0 4.0 23.0 11.0 4.0 8.6 5.0 5.0
14.0 14.0 16.0 23.35 17.09 12.08 28.16 0.0 24.35 12.08 22.0 4.0 23.35 12.81 6.4 16.0 23.35 16.0 10.0 9.43 12.81 16.0 4.0 6.4 9.43 28.16 22.0 10.0 11.7 4.0 16.0 10.0 12.81 12.81 0.0 14.0 22.0 23.35 4.0 12.08 6.4 12.81 6.4 10.0 11.7 16.0 10.0 14.0 10.0 11.7 11.7 16.0 17.09 4.0 0.0 11.7 23.35 12.08 12.08 4.0 14.0 14.0 24.35 28.16 0.0 4.0 0.0 28.16 12.08 10.0 28.16 12.81 16.0 17.09 23.35 0.0 17.09 12.81 23.35 12.08 10.0 28.16 12.08 9.43 28.16 28.16 17.09 12.08 23.35 4.0 24.35 0.0 0.0 4.0 0.0 23.35 11.7 0.0 12.08 6.4 6.4
14.87 14.87 6.4 12.0 5.39 9.22 18.38 11.7 12.65 9.22 11.7 11.0 12.0 4.12 6.0 6.4 12.0 6.4 4.12 7.21 4.12 6.4 11.0 6.0 7.21 18.38 11.7 4.12 0.0 11.0 6.4 4.12 4.12 4.12 11.7 14.87 11.7 12.0 11.0 9.22 6.0 4.12 6.0 4.12 0.0 6.4 4.12 14.87 4.12 0.0 0.0 6.4 5.39 11.0 11.7 0.0 12.0 9.22 9.22 11.0 14.87 14.87 12.65 18.38 11.7 11.0 11.7 18.38 9.22 4.12 18.38 4.12 6.4 5.39 12.0 11.7 5.39 4.12 12.0 9.22 4.12 18.38 9.22 7.21 18.38 18.38 5.39 9.22 12.0 11.0 12.65 11.7 11.7 11.0 11.7 12.0 0.0 11.7 9.22 6.0 6.0
25.08 25.08 8.06 0.0 7.28 19.31 8.6 23.35 4.0 19.31 4.12 23.0 0.0 13.6 18.0 8.06 0.0 8.06 13.6 18.44 13.6 8.06 23.0 18.0 18.44 8.6 4.12 13.6 12.0 23.0 8.06 13.6 13.6 13.6 23.35 25.08 4.12 0.0 23.0 19.31 18.0 13.6 18.0 13.6 12.0 8.06 13.6 25.08 13.6 12.0 12.0 8.06 7.28 23.0 23.35 12.0 0.0 19.31 19.31 23.0 25.08 25.08 4.0 8.6 23.35 23.0 23.35 8.6 19.31 13.6 8.6 13.6 8.06 7.28 0.0 23.35 7.28 13.6 0.0 19.31 13.6 8.6 19.31 18.44 8.6 8.6 7.28 19.31 0.0 23.0 4.0 23.35 23.35 23.0 23.35 0.0 12.0 23.35 19.31 18.0 18.0
5.83 5.83 15.56 19.31 12.08 0.0 26.93 12.08 18.25 0.0 20.25 8.6 19.31 5.83 7.0 15.56 19.31 15.56 12.08 3.0 5.83 15.56 8.6 7.0 3.0 26.93 20.25 12.08 9.22 8.6 15.56 12.08 5.83 5.83 12.08 5.83 20.25 19.31 8.6 0.0 7.0 5.83 7.0 12.08 9.22 15.56 12.08 5.83 12.08 9.22 9.22 15.56 12.08 8.6 12.08 9.22 19.31 0.0 0.0 8.6 5.83 5.83 18.25 26.93 12.08 8.6 12.08 26.93 0.0 12.08 26.93 5.83 15.56 12.08 19.31 12.08 12.08 5.83 19.31 0.0 12.08 26.93 0.0 3.0 26.93 26.93 12.08 0.0 19.31 8.6 18.25 12.08 12.08 8.6 12.08 19.31 9.22 12.08 0.0 7.0 7.0
5.83 5.83 15.56 19.31 12.08 0.0 26.93 12.08 18.25 0.0 20.25 8.6 19.31 5.83 7.0 15.56 19.31 15.56 12.08 3.0 5.83 15.56 8.6 7.0 3.0 26.93 20.25 12.08 9.22 8.6 15.56 12.08 5.83 5.83 12.08 5.83 20.25 19.31 8.6 0.0 7.0 5.83 7.0 12.08 9.22 15.56 12.08 5.83 12.08 9.22 9.22 15.56 12.08 8.6 12.08 9.22 19.31 0.0 0.0 8.6 5.83 5.83 18.25 26.93 12.08 8.6 12.08 26.93 0.0 12.08 26.93 5.83 15.56 12.08 19.31 12.08 12.08 5.83 19.31 0.0 12.08 26.93 0.0 3.0 26.93 26.93 12.08 0.0 19.31 8.6 18.25 12.08 12.08 8.6 12.08 19.31 9.22 12.08 0.0 7.0 7.0
10.0 10.0 16.49 23.0 16.12 8.6 28.86 4.0 23.35 8.6 22.36 0.0 23.0 10.77 5.0 16.49 23.0 16.49 10.77 6.4 10.77 16.49 0.0 5.0 6.4 28.86 22.36 10.77 11.0 0.0 16.49 10.77 10.77 10.77 4.0 10.0 22.36 23.0 0.0 8.6 5.0 10.77 5.0 10.77 11.0 16.49 10.77 10.0 10.77 11.0 11.0 16.49 16.12 0.0 4.0 11.0 23.0 8.6 8.6 0.0 10.0 10.0 23.35 28.86 4.0 0.0 4.0 28.86 8.6 10.77 28.86 10.77 16.49 16.12 23.0 4.0 16.12 10.77 23.0 8.6 10.77 28.86 8.6 6.4 28.86 28.86 16.12 8.6 23.0 0.0 23.35 4.0 4.0 0.0 4.0 23.0 11.0 4.0 8.6 5.0 5.0
0.0 0.0 21.26 25.08 17.89 5.83 32.76 14.0 23.77 5.83 26.08 10.0 25.08 11.66 11.18 21.26 25.08 21.26 17.2 7.81 11.66 21.26 10.0 11.18 7.81 32.76 26.08 17.2 14.87 10.0 21.26 17.2 11.66 11.66 14.0 0.0 26.08 25.08 10.0 5.83 11.18 11.66 11.18 17.2 14.87 21.26 17.2 0.0 17.2 14.87 14.87 21.26 17.89 10.0 14.0 14.87 25.08 5.83 5.83 10.0 0.0 0.0 23.77 32.76 14.0 10.0 14.0 32.76 5.83 17.2 32.76 11.66 21.26 17.89 25.08 14.0 17.89 11.66 25.08 5.83 17.2 32.76 5.83 7.81 32.76 32.76 17.89 5.83 25.08 10.0 23.77 14.0 14.0 10.0 14.0 25.08 14.87 14.0 5.83 11.18 11.18
0.0 0.0 21.26 25.08 17.89 5.83 32.76 14.0 23.77 5.83 26.08 10.0 25.08 11.66 11.18 21.26 25.08 21.26 17.2 7.81 11.66 21.26 10.0 11.18 7.81 32.76 26.08 17.2 14.87 10.0 21.26 17.2 11.66 11.66 14.0 0.0 26.08 25.08 10.0 5.83 11.18 11.66 11.18 17.2 14.87 21.26 17.2 0.0 17.2 14.87 14.87 21.26 17.89 10.0 14.0 14.87 25.08 5.83 5.83 10.0 0.0 0.0 23.77 32.76 14.0 10.0 14.0 32.76 5.83 17.2 32.76 11.66 21.26 17.89 25.08 14.0 17.89 11.66 25.08 5.83 17.2 32.76 5.83 7.81 32.76 32.76 17.89 5.83 25.08 10.0 23.77 14.0 14.0 10.0 14.0 25.08 14.87 14.0 5.83 11.18 11.18
23.77 23.77 10.63 4.0 7.28 18.25 12.08 24.35 0.0 18.25 8.06 23.35 4.0 13.0 18.44 10.63 4.0 10.63 15.26 18.0 13.0 10.63 23.35 18.44 18.0 12.08 8.06 15.26 12.65 23.35 10.63 15.26 13.0 13.0 24.35 23.77 8.06 4.0 23.35 18.25 18.44 13.0 18.44 15.26 12.65 10.63 15.26 23.77 15.26 12.65 12.65 10.63 7.28 23.35 24.35 12.65 4.0 18.25 18.25 23.35 23.77 23.77 0.0 12.08 24.35 23.35 24.35 12.08 18.25 15.26 12.08 13.0 10.63 7.28 4.0 24.35 7.28 13.0 4.0 18.25 15.26 12.08 18.25 18.0 12.08 12.08 7.28 18.25 4.0 23.35 0.0 24.35 24.35 23.35 24.35 4.0 12.65 24.35 18.25 18.44 18.44
32.76 32.76 12.37 8.6 15.0 26.93 0.0 28.16 12.08 26.93 6.71 28.86 8.6 21.1 24.04 12.37 8.6 12.37 18.25 25.5 21.1 12.37 28.86 24.04 25.5 0.0 6.71 18.25 18.38 28.86 12.37 18.25 21.1 21.1 28.16 32.76 6.71 8.6 28.86 26.93 24.04 21.1 24.04 18.25 18.38 12.37 18.25 32.76 18.25 18.38 18.38 12.37 15.0 28.86 28.16 18.38 8.6 26.93 26.93 28.86 32.76 32.76 12.08 0.0 28.16 28.86 28.16 0.0 26.93 18.25 0.0 21.1 12.37 15.0 8.6 28.16 15.0 21.1 8.6 26.93 18.25 0.0 26.93 25.5 0.0 0.0 15.0 26.93 8.6 28.86 12.08 28.16 28.16 28.86 28.16 8.6 18.38 28.16 26.93 24.04 24.04
14.0 14.0 16.0 23.35 17.09 12.08 28.16 0.0 24.35 12.08 22.0 4.0 23.35 12.81 6.4 16.0 23.35 16.0 10.0 9.43 12.81 16.0 4.0 6.4 9.43 28.16 22.0 10.0 11.7 4.0 16.0 10.0 12.81 12.81 0.0 14.0 22.0 23.35 4.0 12.08 6.4 12.81 6.4 10.0 11.7 16.0 10.0 14.0 10.0 11.7 11.7 16.0 17.09 4.0 0.0 11.7 23.35 12.08 12.08 4.0 14.0 14.0 24.35 28.16 0.0 4.0 0.0 28.16 12.08 10.0 28.16 12.81 16.0 17.09 23.35 0.0 17.09 12.81 23.35 12.08 10.0 28.16 12.08 9.43 28.16 28.16 17.09 12.08 23.35 4.0 24.35 0.0 0.0 4.0 0.0 23.35 11.7 0.0 12.08 6.4 6.4
10.0 10.0 16.49 23.0 16.12 8.6 28.86 4.0 23.35 8.6 22.36 0.0 23.0 10.77 5.0 16.49 23.0 16.49 10.77 6.4 10.77 16.49 0.0 5.0 6.4 28.86 22.36 10.77 11.0 0.0 16.49 10.77 10.77 10.77 4.0 10.0 22.36 23.0 0.0 8.6 5.0 10.77 5.0 10.77 11.0 16.49 10.77 10.0 10.77 11.0 11.0 16.49 16.12 0.0 4.0 11.0 23.0 8.6 8.6 0.0 10.0 10.0 23.35 28.86 4.0 0.0 4.0 28.86 8.6 10.77 28.86 10.77 16.49 16.12 23.0 4.0 16.12 10.77 23.0 8.6 10.77 28.86 8.6 6.4 28.86 28.86 16.12 8.6 23.0 0.0 23.35 4.0 4.0 0.0 4.0 23.0 11.0 4.0 8.6 5.0 5.0
14.0 14.0 16.0 23.35 17.09 12.08 28.16 0.0 24.35 12.08 22.0 4.0 23.35 12.81 6.4 16.0 23.35 16.0 10.0 9.43 12.81 16.0 4.0 6.4 9.43 28.16 22.0 10.0 11.7 4.0 16.0 10.0 12.81 12.81 0.0 14.0 22.0 23.35 4.0 12.08 6.4 12.81 6.4 10.0 11.7 16.0 10.0 14.0 10.0 11.7 11.7 16.0 17.09 4.0 0.0 11.7 23.35 12.08 12.08 4.0 14.0 14.0 24.35 28.16 0.0 4.0 0.0 28.16 12.08 10.0 28.16 12.81 16.0 17.09 23.35 0.0 17.09 12.81 23.35 12.08 10.0 28.16 12.08 9.43 28.16 28.16 17.09 12.08 23.35 4.0 24.35 0.0 0.0 4.0 0.0 23.35 11.7 0.0 12.08 6.4 6.4
32.76 32.76 12.37 8.6 15.0 26.93 0.0 28.16 12.08 26.93 6.71 28.86 8.6 21.1 24.04 12.37 8.6 12.37 18.25 25.5 21.1 12.37 28.86 24.04 25.5 0.0 6.71 18.25 18.38 28.86 12.37 18.25 21.1 21.1 28.16 32.76 6.71 8.6 28.86 26.93 24.04 21.1 24.04 18.25 18.38 12.37 18.25 32.76 18.25 18.38 18.38 12.37 15.0 28.86 28.16 18.38 8.6 26.93 26.93 28.86 32.76 32.76 12.08 0.0 28.16 28.86 28.16 0.0 26.93 18.25 0.0 21.1 12.37 15.0 8.6 28.16 15.0 21.1 8.6 26.93 18.25 0.0 26.93 25.5 0.0 0.0 15.0 26.93 8.6 28.86 12.08 28.16 28.16 28.86 28.16 8.6 18.38 28.16 26.93 24.04 24.04
5.83 5.83 15.56 19.31 12.08 0.0 26.93 12.08 18.25 0.0 20.25 8.6 19.31 5.83 7.0 15.56 19.31 15.56 12.08 3.0 5.83 15.56 8.6 7.0 3.0 26.93 20.25 12.08 9.22 8.6 15.56 12.08 5.83 5.83 12.08 5.83 20.25 19.31 8.6 0.0 7.0 5.83 7.0 12.08 9.22 15.56 12.08 5.83 12.08 9.22 9.22 15.56 12.08 8.6 12.08 9.22 19.31 0.0 0.0 8.6 5.83 5.83 18.25 26.93 12.08 8.6 12.08 26.93 0.0 12.08 26.93 5.83 15.56 12.08 19.31 12.08 12.08 5.83 19.31 0.0 12.08 26.93 0.0 3.0 26.93 26.93 12.08 0.0 19.31 8.6 18.25 12.08 12.08 8.6 12.08 19.31 9.22 12.08 0.0 7.0 7.0
17.2 17.2 6.0 13.6 8.49 12.08 18.25 10.0 15.26 12.08 12.0 10.77 13.6 8.0 6.4 6.0 13.6 6.0 0.0 9.43 8.0 6.0 10.77 6.4 9.43 18.25 12.0 0.0 4.12 10.77 6.0 0.0 8.0 8.0 10.0 17.2 12.0 13.6 10.77 12.08 6.4 8.0 6.4 0.0 4.12 6.0 0.0 17.2 0.0 4.12 4.12 6.0 8.49 10.77 10.0 4.12 13.6 12.08 12.08 10.77 17.2 17.2 15.26 18.25 10.0 10.77 10.0 18.25 12.08 0.0 18.25 8.0 6.0 8.49 13.6 10.0 8.49 8.0 13.6 12.08 0.0 18.25 12.08 9.43 18.25 18.25 8.49 12.08 13.6 10.77 15.26 10.0 10.0 10.77 10.0 13.6 4.12 10.0 12.08 6.4 6.4
32.76 32.76 12.37 8.6 15.0 26.93 0.0 28.16 12.08 26.93 6.71 28.86 8.6 21.1 24.04 12.37 8.6 12.37 18.25 25.5 21.1 12.37 28.86 24.04 25.5 0.0 6.71 18.25 18.38 28.86 12.37 18.25 21.1 21.1 28.16 32.76 6.71 8.6 28.86 26.93 24.04 21.1 24.04 18.25 18.38 12.37 18.25 32.76 18.25 18.38 18.38 12.37 15.0 28.86 28.16 18.38 8.6 26.93 26.93 28.86 32.76 32.76 12.08 0.0 28.16 28.86 28.16 0.0 26.93 18.25 0.0 21.1 12.37 15.0 8.6 28.16 15.0 21.1 8.6 26.93 18.25 0.0 26.93 25.5 0.0 0.0 15.0 26.93 8.6 28.86 12.08 28.16 28.16 28.86 28.16 8.6 18.38 28.16 26.93 24.04 24.04
11.66 11.66 10.0 13.6 6.32 5.83 21.1 12.81 13.0 5.83 14.42 10.77 13.6 0.0 6.4 10.0 13.6 10.0 8.0 5.0 0.0 10.0 10.77 6.4 5.0 21.1 14.42 8.0 4.12 10.77 10.0 8.0 0.0 0.0 12.81 11.66 14.42 13.6 10.77 5.83 6.4 0.0 6.4 8.0 4.12 10.0 8.0 11.66 8.0 4.12 4.12 10.0 6.32 10.77 12.81 4.12 13.6 5.83 5.83 10.77 11.66 11.66 13.0 21.1 12.81 10.77 12.81 21.1 5.83 8.0 21.1 0.0 10.0 6.32 13.6 12.81 6.32 0.0 13.6 5.83 8.0 21.1 5.83 5.0 21.1 21.1 6.32 5.83 13.6 10.77 13.0 12.81 12.81 10.77 12.81 13.6 4.12 12.81 5.83 6.4 6.4
21.26 21.26 0.0 8.06 6.0 15.56 12.37 16.0 10.63 15.56 6.0 16.49 8.06 10.0 11.7 0.0 8.06 0.0 6.0 13.6 10.0 0.0 16.49 11.7 13.6 12.37 6.0 6.0 6.4 16.49 0.0 6.0 10.0 10.0 16.0 21.26 6.0 8.06 16.49 15.56 11.7 10.0 11.7 6.0 6.4 0.0 6.0 21.26 6.0 6.4 6.4 0.0 6.0 16.49 16.0 6.4 8.06 15.56 15.56 16.49 21.26 21.26 10.63 12.37 16.0 16.49 16.0 12.37 15.56 6.0 12.37 10.0 0.0 6.0 8.06 16.0 6.0 10.0 8.06 15.56 6.0 12.37 15.56 13.6 12.37 12.37 6.0 15.56 8.06 16.49 10.63 16.0 16.0 16.49 16.0 8.06 6.4 16.0 15.56 11.7 11.7
17.89 17.89 6.0 7.28 0.0 12.08 15.0 17.09 7.28 12.08 8.49 16.12 7.28 6.32 11.18 6.0 7.28 6.0 8.49 11.18 6.32 6.0 16.12 11.18 11.18 15.0 8.49 8.49 5.39 16.12 6.0 8.49 6.32 6.32 17.09 17.89 8.49 7.28 16.12 12.08 11.18 6.32 11.18 8.49 5.39 6.0 8.49 17.89 8.49 5.39 5.39 6.0 0.0 16.12 17.09 5.39 7.28 12.08 12.08 16.12 17.89 17.89 7.28 15.0 17.09 16.12 17.09 15.0 12.08 8.49 15.0 6.32 6.0 0.0 7.28 17.09 0.0 6.32 7.28 12.08 8.49 15.0 12.08 11.18 15.0 15.0 0.0 12.08 7.28 16.12 7.28 17.09 17.09 16.12 17.09 7.28 5.39 17.09 12.08 11.18 11.18
25.08 25.08 8.06 0.0 7.28 19.31 8.6 23.35 4.0 19.31 4.12 23.0 0.0 13.6 18.0 8.06 0.0 8.06 13.6 18.44 13.6 8.06 23.0 18.0 18.44 8.6 4.12 13.6 12.0 23.0 8.06 13.6 13.6 13.6 23.35 25.08 4.12 0.0 23.0 19.31 18.0 13.6 18.0 13.6 12.0 8.06 13.6 25.08 13.6 12.0 12.0 8.06 7.28 23.0 23.35 12.0 0.0 19.31 19.31 23.0 25.08 25.08 4.0 8.6 23.35 23.0 23.35 8.6 19.31 13.6 8.6 13.6 8.06 7.28 0.0 23.35 7.28 13.6 0.0 19.31 13.6 8.6 19.31 18.44 8.6 8.6 7.28 19.31 0.0 23.0 4.0 23.35 23.35 23.0 23.35 0.0 12.0 23.35 19.31 18.0 18.0
14.0 14.0 16.0 23.35 17.09 12.08 28.16 0.0 24.35 12.08 22.0 4.0 23.35 12.81 6.4 16.0 23.35 16.0 10.0 9.43 12.81 16.0 4.0 6.4 9.43 28.16 22.0 10.0 11.7 4.0 16.0 10.0 12.81 12.81 0.0 14.0 22.0 23.35 4.0 12.08 6.4 12.81 6.4 10.0 11.7 16.0 10.0 14.0 10.0 11.7 11.7 16.0 17.09 4.0 0.0 11.7 23.35 12.08 12.08 4.0 14.0 14.0 24.35 28.16 0.0 4.0 0.0 28.16 12.08 10.0 28.16 12.81 16.0 17.09 23.35 0.0 17.09 12.81 23.35 12.08 10.0 28.16 12.08 9.43 28.16 28.16 17.09 12.08 23.35 4.0 24.35 0.0 0.0 4.0 0.0 23.35 11.7 0.0 12.08 6.4 6.4
17.89 17.89 6.0 7.28 0.0 12.08 15.0 17.09 7.28 12.08 8.49 16.12 7.28 6.32 11.18 6.0 7.28 6.0 8.49 11.18 6.32 6.0 16.12 11.18 11.18 15.0 8.49 8.49 5.39 16.12 6.0 8.49 6.32 6.32 17.09 17.89 8.49 7.28 16.12 12.08 11.18 6.32 11.18 8.49 5.39 6.0 8.49 17.89 8.49 5.39 5.39 6.0 0.0 16.12 17.09 5.39 7.28 12.08 12.08 16.12 17.89 17.89 7.28 15.0 17.09 16.12 17.09 15.0 12.08 8.49 15.0 6.32 6.0 0.0 7.28 17.09 0.0 6.32 7.28 12.08 8.49 15.0 12.08 11.18 15.0 15.0 0.0 12.08 7.28 16.12 7.28 17.09 17.09 16.12 17.09 7.28 5.39 17.09 12.08 11.18 11.18
11.66 11.66 10.0 13.6 6.32 5.83 21.1 12.81 13.0 5.83 14.42 10.77 13.6 0.0 6.4 10.0 13.6 10.0 8.0 5.0 0.0 10.0 10.77 6.4 5.0 21.1 14.42 8.0 4.12 10.77 10.0 8.0 0.0 0.0 12.81 11.66 14.42 13.6 10.77 5.83 6.4 0.0 6.4 8.0 4.12 10.0 8.0 11.66 8.0 4.12 4.12 10.0 6.32 10.77 12.81 4.12 13.6 5.83 5.83 10.77 11.66 11.66 13.0 21.1 12.81 10.77 12.81 21.1 5.83 8.0 21.1 0.0 10.0 6.32 13.6 12.81 6.32 0.0 13.6 5.83 8.0 21.1 5.83 5.0 21.1 21.1 6.32 5.83 13.6 10.77 13.0 12.81 12.81 10.77 12.81 13.6 4.12 12.81 5.83 6.4 6.4
25.08 25.08 8.06 0.0 7.28 19.31 8.6 23.35 4.0 19.31 4.12 23.0 0.0 13.6 18.0 8.06 0.0 8.06 13.6 18.44 13.6 8.06 23.0 18.0 18.44 8.6 4.12 13.6 12.0 23.0 8.06 13.6 13.6 13.6 23.35 25.08 4.12 0.0 23.0 19.31 18.0 13.6 18.0 13.6 12.0 8.06 13.6 25.08 13.6 12.0 12.0 8.06 7.28 23.0 23.35 12.0 0.0 19.31 19.31 23.0 25.08 25.08 4.0 8.6 23.35 23.0 23.35 8.6 19.31 13.6 8.6 13.6 8.06 7.28 0.0 23.35 7.28 13.6 0.0 19.31 13.6 8.6 19.31 18.44 8.6 8.6 7.28 19.31 0.0 23.0 4.0 23.35 23.35 23.0 23.35 0.0 12.0 23.35 19.31 18.0 18.0
5.83 5.83 15.56 19.31 12.08 0.0 26.93 12.08 18.25 0.0 20.25 8.6 19.31 5.83 7.0 15.56 19.31 15.56 12.08 3.0 5.83 15.56 8.6 7.0 3.0 26.93 20.25 12.08 9.22 8.6 15.56 12.08 5.83 5.83 12.08 5.83 20.25 19.31 8.6 0.0 7.0 5.83 7.0 12.08 9.22 15.56 12.08 5.83 12.08 9.22 9.22 15.56 12.08 8.6 12.08 9.22 19.31 0.0 0.0 8.6 5.83 5.83 18.25 26.93 12.08 8.6 12.08 26.93 0.0 12.08 26.93 5.83 15.56 12.08 19.31 12.08 12.08 5.83 19.31 0.0 12.08 26.93 0.0 3.0 26.93 26.93 12.08 0.0 19.31 8.6 18.25 12.08 12.08 8.6 12.08 19.31 9.22 12.08 0.0 7.0 7.0
17.2 17.2 6.0 13.6 8.49 12.08 18.25 10.0 15.26 12.08 12.0 10.77 13.6 8.0 6.4 6.0 13.6 6.0 0.0 9.43 8.0 6.0 10.77 6.4 9.43 18.25 12.0 0.0 4.12 10.77 6.0 0.0 8.0 8.0 10.0 17.2 12.0 13.6 10.77 12.08 6.4 8.0 6.4 0.0 4.12 6.0 0.0 17.2 0.0 4.12 4.12 6.0 8.49 10.77 10.0 4.12 13.6 12.08 12.08 10.77 17.2 17.2 15.26 18.25 10.0 10.77 10.0 18.25 12.08 0.0 18.25 8.0 6.0 8.49 13.6 10.0 8.49 8.0 13.6 12.08 0.0 18.25 12.08 9.43 18.25 18.25 8.49 12.08 13.6 10.77 15.26 10.0 10.0 10.77 10.0 13.6 4.12 10.0 12.08 6.4 6.4
32.76 32.76 12.37 8.6 15.0 26.93 0.0 28.16 12.08 26.93 6.71 28.86 8.6 21.1 24.04 12.37 8.6 12.37 18.25 25.5 21.1 12.37 28.86 24.04 25.5 0.0 6.71 18.25 18.38 28.86 12.37 18.25 21.1 21.1 28.16 32.76 6.71 8.6 28.86 26.93 24.04 21.1 24.04 18.25 18.38 12.37 18.25 32.76 18.25 18.38 18.38 12.37 15.0 28.86 28.16 18.38 8.6 26.93 26.93 28.86 32.76 32.76 12.08 0.0 28.16 28.86 28.16 0.0 26.93 18.25 0.0 21.1 12.37 15.0 8.6 28.16 15.0 21.1 8.6 26.93 18.25 0.0 26.93 25.5 0.0 0.0 15.0 26.93 8.6 28.86 12.08 28.16 28.16 28.86 28.16 8.6 18.38 28.16 26.93 24.04 24.04
5.83 5.83 15.56 19.31 12.08 0.0 26.93 12.08 18.25 0.0 20.25 8.6 19.31 5.83 7.0 15.56 19.31 15.56 12.08 3.0 5.83 15.56 8.6 7.0 3.0 26.93 20.25 12.08 9.22 8.6 15.56 12.08 5.83 5.83 12.08 5.83 20.25 19.31 8.6 0.0 7.0 5.83 7.0 12.08 9.22 15.56 12.08 5.83 12.08 9.22 9.22 15.56 12.08 8.6 12.08 9.22 19.31 0.0 0.0 8.6 5.83 5.83 18.25 26.93 12.08 8.6 12.08 26.93 0.0 12.08 26.93 5.83 15.56 12.08 19.31 12.08 12.08 5.83 19.31 0.0 12.08 26.93 0.0 3.0 26.93 26.93 12.08 0.0 19.31 8.6 18.25 12.08 12.08 8.6 12.08 19.31 9.22 12.08 0.0 7.0 7.0
7.81 7.81 13.6 18.44 11.18 3.0 25.5 9.43 18.0 3.0 18.79 6.4 18.44 5.0 4.0 13.6 18.44 13.6 9.43 0.0 5.0 13.6 6.4 4.0 0.0 25.5 18.79 9.43 7.21 6.4 13.6 9.43 5.0 5.0 9.43 7.81 18.79 18.44 6.4 3.0 4.0 5.0 4.0 9.43 7.21 13.6 9.43 7.81 9.43 7.21 7.21 13.6 11.18 6.4 9.43 7.21 18.44 3.0 3.0 6.4 7.81 7.81 18.0 25.5 9.43 6.4 9.43 25.5 3.0 9.43 25.5 5.0 13.6 11.18 18.44 9.43 11.18 5.0 18.44 3.0 9.43 25.5 3.0 0.0 25.5 25.5 11.18 3.0 18.44 6.4 18.0 9.43 9.43 6.4 9.43 18.44 7.21 9.43 3.0 4.0 4.0
32.76 32.76 12.37 8.6 15.0 26.93 0.0 28.16 12.08 26.93 6.71 28.86 8.6 21.1 24.04 12.37 8.6 12.37 18.25 25.5 21.1 12.37 28.86 24.04 25.5 0.0 6.71 18.25 18.38 28.86 12.37 18.25 21.1 21.1 28.16 32.76 6.71 8.6 28.86 26.93 24.04 21.1 24.04 18.25 18.38 12.37 18.25 32.76 18.25 18.38 18.38 12.37 15.0 28.86 28.16 18.38 8.6 26.93 26.93 28.86 32.76 32.76 12.08 0.0 28.16 28.86 28.16 0.0 26.93 18.25 0.0 21.1 12.37 15.0 8.6 28.16 15.0 21.1 8.6 26.93 18.25 0.0 26.93 25.5 0.0 0.0 15.0 26.93 8.6 28.86 12.08 28.16 28.16 28.86 28.16 8.6 18.38 28.16 26.93 24.04 24.04
32.76 32.76 12.37 8.6 15.0 26.93 0.0 28.16 12.08 26.93 6.71 28.86 8.6 21.1 24.04 12.37 8.6 12.37 18.25 25.5 21.1 12.37 28.86 24.04 25.5 0.0 6.71 18.25 18.38 28.86 12.37 18.25 21.1 21.1 28.16 32.76 6.71 8.6 28.86 26.93 24.04 21.1 24.04 18.25 18.38 12.37 18.25 32.76 18.25 18.38 18.38 12.37 15.0 28.86 28.16 18.38 8.6 26.93 26.93 28.86 32.76 32.76 12.08 0.0 28.16 28.86 28.16 0.0 26.93 18.25 0.0 21.1 12.37 15.0 8.6 28.16 15.0 21.1 8.6 26.93 18.25 0.0 26.93 25.5 0.0 0.0 15.0 26.93 8.6 28.86 12.08 28.16 28.16 28.86 28.16 8.6 18.38 28.16 26.93 24.04 24.04
17.89 17.89 6.0 7.28 0.0 12.08 15.0 17.09 7.28 12.08 8.49 16.12 7.28 6.32 11.18 6.0 7.28 6.0 8.49 11.18 6.32 6.0 16.12 11.18 11.18 15.0 8.49 8.49 5.39 16.12 6.0 8.49 6.32 6.32 17.09 17.89 8.49 7.28 16.12 12.08 11.18 6.32 11.18 8.49 5.39 6.0 8.49 17.89 8.49 5.39 5.39 6.0 0.0 16.12 17.09 5.39 7.28 12.08 12.08 16.12 17.89 17.89 7.28 15.0 17.09 16.12 17.09 15.0 12.08 8.49 15.0 6.32 6.0 0.0 7.28 17.09 0.0 6.32 7.28 12.08 8.49 15.0 12.08 11.18 15.0 15.0 0.0 12.08 7.28 16.12 7.28 17.09 17.09 16.12 17.09 7.28 5.39 17.09 12.08 11.18 11.18
5.83 5.83 15.56 19.31 12.08 0.0 26.93 12.08 18.25 0.0 20.25 8.6 19.31 5.83 7.0 15.56 19.31 15.56 12.08 3.0 5.83 15.56 8.6 7.0 3.0 26.93 20.25 12.08 9.22 8.6 15.56 12.08 5.83 5.83 12.08 5.83 20.25 19.31 8.6 0.0 7.0 5.83 7.0 12.08 9.22 15.56 12.08 5.83 12.08 9.22 9.22 15.56 12.08 8.6 12.08 9.22 19.31 0.0 0.0 8.6 5.83 5.83 18.25 26.93 12.08 8.6 12.08 26.93 0.0 12.08 26.93 5.83 15.56 12.08 19.31 12.08 12.08 5.83 19.31 0.0 12.08 26.93 0.0 3.0 26.93 26.93 12.08 0.0 19.31 8.6 18.25 12.08 12.08 8.6 12.08 19.31 9.22 12.08 0.0 7.0 7.0
25.08 25.08 8.06 0.0 7.28 19.31 8.6 23.35 4.0 19.31 4.12 23.0 0.0 13.6 18.0 8.06 0.0 8.06 13.6 18.44 13.6 8.06 23.0 18.0 18.44 8.6 4.12 13.6 12.0 23.0 8.06 13.6 13.6 13.6 23.35 25.08 4.12 0.0 23.0 19.31 18.0 13.6 18.0 13.6 12.0 8.06 13.6 25.08 13.6 12.0 12.0 8.06 7.28 23.0 23.35 12.0 0.0 19.31 19.31 23.0 25.08 25.08 4.0 8.6 23.35 23.0 23.35 8.6 19.31 13.6 8.6 13.6 8.06 7.28 0.0 23.35 7.28 13.6 0.0 19.31 13.6 8.6 19.31 18.44 8.6 8.6 7.28 19.31 0.0 23.0 4.0 23.35 23.35 23.0 23.35 0.0 12.0 23.35 19.31 18.0 18.0
10.0 10.0 16.49 23.0 16.12 8.6 28.86 4.0 23.35 8.6 22.36 0.0 23.0 10.77 5.0 16.49 23.0 16.49 10.77 6.4 10.77 16.49 0.0 5.0 6.4 28.86 22.36 10.77 11.0 0.0 16.49 10.77 10.77 10.77 4.0 10.0 22.36 23.0 0.0 8.6 5.0 10.77 5.0 10.77 11.0 16.49 10.77 10.0 10.77 11.0 11.0 16.49 16.12 0.0 4.0 11.0 23.0 8.6 8.6 0.0 10.0 10.0 23.35 28.86 4.0 0.0 4.0 28.86 8.6 10.77 28.86 10.77 16.49 16.12 23.0 4.0 16.12 10.77 23.0 8.6 10.77 28.86 8.6 6.4 28.86 28.86 16.12 8.6 23.0 0.0 23.35 4.0 4.0 0.0 4.0 23.0 11.0 4.0 8.6 5.0 5.0
23.77 23.77 10.63 4.0 7.28 18.25 12.08 24.35 0.0 18.25 8.06 23.35 4.0 13.0 18.44 10.63 4.0 10.63 15.26 18.0 13.0 10.63 23.35 18.44 18.0 12.08 8.06 15.26 12.65 23.35 10.63 15.26 13.0 13.0 24.35 23.77 8.06 4.0 23.35 18.25 18.44 13.0 18.44 15.26 12.65 10.63 15.26 23.77 15.26 12.65 12.65 10.63 7.28 23.35 24.35 12.65 4.0 18.25 18.25 23.35 23.77 23.77 0.0 12.08 24.35 23.35 24.35 12.08 18.25 15.26 12.08 13.0 10.63 7.28 4.0 24.35 7.28 13.0 4.0 18.25 15.26 12.08 18.25 18.0 12.08 12.08 7.28 18.25 4.0 23.35 0.0 24.35 24.35 23.35 24.35 4.0 12.65 24.35 18.25 18.44 18.44
14.0 14.0 16.0 23.35 17.09 12.08 28.16 0.0 24.35 12.08 22.0 4.0 23.35 12.81 6.4 16.0 23.35 16.0 10.0 9.43 12.81 16.0 4.0 6.4 9.43 28.16 22.0 10.0 11.7 4.0 16.0 10.0 12.81 12.81 0.0 14.0 22.0 23.35 4.0 12.08 6.4 12.81 6.4 10.0 11.7 16.0 10.0 14.0 10.0 11.7 11.7 16.0 17.09 4.0 0.0 11.7 23.35 12.08 12.08 4.0 14.0 14.0 24.35 28.16 0.0 4.0 0.0 28.16 12.08 10.0 28.16 12.81 16.0 17.09 23.35 0.0 17.09 12.81 23.35 12.08 10.0 28.16 12.08 9.43 28.16 28.16 17.09 12.08 23.35 4.0 24.35 0.0 0.0 4.0 0.0 23.35 11.7 0.0 12.08 6.4 6.4
14.0 14.0 16.0 23.35 17.09 12.08 28.16 0.0 24.35 12.08 22.0 4.0 23.35 12.81 6.4 16.0 23.35 16.0 10.0 9.43 12.81 16.0 4.0 6.4 9.43 28.16 22.0 10.0 11.7 4.0 16.0 10.0 12.81 12.81 0.0 14.0 22.0 23.35 4.0 12.08 6.4 12.81 6.4 10.0 11.7 16.0 10.0 14.0 10.0 11.7 11.7 16.0 17.09 4.0 0.0 11.7 23.35 12.08 12.08 4.0 14.0 14.0 24.35 28.16 0.0 4.0 0.0 28.16 12.08 10.0 28.16 12.81 16.0 17.09 23.35 0.0 17.09 12.81 23.35 12.08 10.0 28.16 12.08 9.43 28.16 28.16 17.09 12.08 23.35 4.0 24.35 0.0 0.0 4.0 0.0 23.35 11.7 0.0 12.08 6.4 6.4
10.0 10.0 16.49 23.0 16.12 8.6 28.86 4.0 23.35 8.6 22.36 0.0 23.0 10.77 5.0 16.49 23.0 16.49 10.77 6.4 10.77 16.49 0.0 5.0 6.4 28.86 22.36 10.77 11.0 0.0 16.49 10.77 10.77 10.77 4.0 10.0 22.36 23.0 0.0 8.6 5.0 10.77 5.0 10.77 11.0 16.49 10.77 10.0 10.77 11.0 11.0 16.49 16.12 0.0 4.0 11.0 23.0 8.6 8.6 0.0 10.0 10.0 23.35 28.86 4.0 0.0 4.0 28.86 8.6 10.77 28.86 10.77 16.49 16.12 23.0 4.0 16.12 10.77 23.0 8.6 10.77 28.86 8.6 6.4 28.86 28.86 16.12 8.6 23.0 0.0 23.35 4.0 4.0 0.0 4.0 23.0 11.0 4.0 8.6 5.0 5.0
14.0 14.0 16.0 23.35 17.09 12.08 28.16 0.0 24.35 12.08 22.0 4.0 23.35 12.81 6.4 16.0 23.35 16.0 10.0 9.43 12.81 16.0 4.0 6.4 9.43 28.16 22.0 10.0 11.7 4.0 16.0 10.0 12.81 12.81 0.0 14.0 22.0 23.35 4.0 12.08 6.4 12.81 6.4 10.0 11.7 16.0 10.0 14.0 10.0 11.7 11.7 16.0 17.09 4.0 0.0 11.7 23.35 12.08 12.08 4.0 14.0 14.0 24.35 28.16 0.0 4.0 0.0 28.16 12.08 10.0 28.16 12.81 16.0 17.09 23.35 0.0 17.09 12.81 23.35 12.08 10.0 28.16 12.08 9.43 28.16 28.16 17.09 12.08 23.35 4.0 24.35 0.0 0.0 4.0 0.0 23.35 11.7 0.0 12.08 6.4 6.4
25.08 25.08 8.06 0.0 7.28 19.31 8.6 23.35 4.0 19.31 4.12 23.0 0.0 13.6 18.0 8.06 0.0 8.06 13.6 18.44 13.6 8.06 23.0 18.0 18.44 8.6 4.12 13.6 12.0 23.0 8.06 13.6 13.6 13.6 23.35 25.08 4.12 0.0 23.0 19.31 18.0 13.6 18.0 13.6 12.0 8.06 13.6 25.08 13.6 12.0 12.0 8.06 7.28 23.0 23.35 12.0 0.0 19.31 19.31 23.0 25.08 25.08 4.0 8.6 23.35 23.0 23.35 8.6 19.31 13.6 8.6 13.6 8.06 7.28 0.0 23.35 7.28 13.6 0.0 19.31 13.6 8.6 19.31 18.44 8.6 8.6 7.28 19.31 0.0 23.0 4.0 23.35 23.35 23.0 23.35 0.0 12.0 23.35 19.31 18.0 18.0
14.87 14.87 6.4 12.0 5.39 9.22 18.38 11.7 12.65 9.22 11.7 11.0 12.0 4.12 6.0 6.4 12.0 6.4 4.12 7.21 4.12 6.4 11.0 6.0 7.21 18.38 11.7 4.12 0.0 11.0 6.4 4.12 4.12 4.12 11.7 14.87 11.7 12.0 11.0 9.22 6.0 4.12 6.0 4.12 0.0 6.4 4.12 14.87 4.12 0.0 0.0 6.4 5.39 11.0 11.7 0.0 12.0 9.22 9.22 11.0 14.87 14.87 12.65 18.38 11.7 11.0 11.7 18.38 9.22 4.12 18.38 4.12 6.4 5.39 12.0 11.7 5.39 4.12 12.0 9.22 4.12 18.38 9.22 7.21 18.38 18.38 5.39 9.22 12.0 11.0 12.65 11.7 11.7 11.0 11.7 12.0 0.0 11.7 9.22 6.0 6.0
14.0 14.0 16.0 23.35 17.09 12.08 28.16 0.0 24.35 12.08 22.0 4.0 23.35 12.81 6.4 16.0 23.35 16.0 10.0 9.43 12.81 16.0 4.0 6.4 9.43 28.16 22.0 10.0 11.7 4.0 16.0 10.0 12.81 12.81 0.0 14.0 22.0 23.35 4.0 12.08 6.4 12.81 6.4 10.0 11.7 16.0 10.0 14.0 10.0 11.7 11.7 16.0 17.09 4.0 0.0 11.7 23.35 12.08 12.08 4.0 14.0 14.0 24.35 28.16 0.0 4.0 0.0 28.16 12.08 10.0 28.16 12.81 16.0 17.09 23.35 0.0 17.09 12.81 23.35 12.08 10.0 28.16 12.08 9.43 28.16 28.16 17.09 12.08 23.35 4.0 24.35 0.0 0.0 4.0 0.0 23.35 11.7 0.0 12.08 6.4 6.4
5.83 5.83 15.56 19.31 12.08 0.0 26.93 12.08 18.25 0.0 20.25 8.6 19.31 5.83 7.0 15.56 19.31 15.56 12.08 3.0 5.83 15.56 8.6 7.0 3.0 26.93 20.25 12.08 9.22 8.6 15.56 12.08 5.83 5.83 12.08 5.83 20.25 19.31 8.6 0.0 7.0 5.83 7.0 12.08 9.22 15.56 12.08 5.83 12.08 9.22 9.22 15.56 12.08 8.6 12.08 9.22 19.31 0.0 0.0 8.6 5.83 5.83 18.25 26.93 12.08 8.6 12.08 26.93 0.0 12.08 26.93 5.83 15.56 12.08 19.31 12.08 12.08 5.83 19.31 0.0 12.08 26.93 0.0 3.0 26.93 26.93 12.08 0.0 19.31 8.6 18.25 12.08 12.08 8.6 12.08 19.31 9.22 12.08 0.0 7.0 7.0
11.18 11.18 11.7 18.0 11.18 7.0 24.04 6.4 18.44 7.0 17.46 5.0 18.0 6.4 0.0 11.7 18.0 11.7 6.4 4.0 6.4 11.7 5.0 0.0 4.0 24.04 17.46 6.4 6.0 5.0 11.7 6.4 6.4 6.4 6.4 11.18 17.46 18.0 5.0 7.0 0.0 6.4 0.0 6.4 6.0 11.7 6.4 11.18 6.4 6.0 6.0 11.7 11.18 5.0 6.4 6.0 18.0 7.0 7.0 5.0 11.18 11.18 18.44 24.04 6.4 5.0 6.4 24.04 7.0 6.4 24.04 6.4 11.7 11.18 18.0 6.4 11.18 6.4 18.0 7.0 6.4 24.04 7.0 4.0 24.04 24.04 11.18 7.0 18.0 5.0 18.44 6.4 6.4 5.0 6.4 18.0 6.0 6.4 7.0 0.0 0.0
11.18 11.18 11.7 18.0 11.18 7.0 24.04 6.4 18.44 7.0 17.46 5.0 18.0 6.4 0.0 11.7 18.0 11.7 6.4 4.0 6.4 11.7 5.0 0.0 4.0 24.04 17.46 6.4 6.0 5.0 11.7 6.4 6.4 6.4 6.4 11.18 17.46 18.0 5.0 7.0 0.0 6.4 0.0 6.4 6.0 11.7 6.4 11.18 6.4 6.0 6.0 11.7 11.18 5.0 6.4 6.0 18.0 7.0 7.0 5.0 11.18 11.18 18.44 24.04 6.4 5.0 6.4 24.04 7.0 6.4 24.04 6.4 11.7 11.18 18.0 6.4 11.18 6.4 18.0 7.0 6.4 24.04 7.0 4.0 24.04 24.04 11.18 7.0 18.0 5.0 18.44 6.4 6.4 5.0 6.4 18.0 6.0 6.4 7.0 0.0 0.0
