0.0 5.83 32.76 23.77 7.81 7.81 17.2 11.66 17.89 17.2 25.08 10.0 17.89 17.2 0.0 14.87 11.66 14.87 17.89 21.26 25.08 10.0 5.83 17.2 17.2 14.0 11.66 23.77 10.0 32.76 0.0 11.18 26.08 14.87 5.83 11.66 10.0 14.0 32.76 0.0 21.26
5.83 0.0 26.93 18.25 3.0 3.0 12.08 5.83 12.08 12.08 19.31 8.6 12.08 12.08 5.83 9.22 5.83 9.22 12.08 15.56 19.31 8.6 0.0 12.08 12.08 12.08 5.83 18.25 8.6 26.93 5.83 7.0 20.25 9.22 0.0 5.83 8.6 12.08 26.93 5.83 15.56
32.76 26.93 0.0 12.08 25.5 25.5 18.25 21.1 15.0 18.25 8.6 28.86 15.0 18.25 32.76 18.38 21.1 18.38 15.0 12.37 8.6 28.86 26.93 18.25 18.25 28.16 21.1 12.08 28.86 0.0 32.76 24.04 6.71 18.38 26.93 21.1 28.86 28.16 0.0 32.76 12.37
23.77 18.25 12.08 0.0 18.0 18.0 15.26 13.0 7.28 15.26 4.0 23.35 7.28 15.26 23.77 12.65 13.0 12.65 7.28 10.63 4.0 23.35 18.25 15.26 15.26 24.35 13.0 0.0 23.35 12.08 23.77 18.44 8.06 12.65 18.25 13.0 23.35 24.35 12.08 23.77 10.63
7.81 3.0 25.5 18.0 0.0 0.0 9.43 5.0 11.18 9.43 18.44 6.4 11.18 9.43 7.81 7.21 5.0 7.21 11.18 13.6 18.44 6.4 3.0 9.43 9.43 9.43 5.0 18.0 6.4 25.5 7.81 4.0 18.79 7.21 3.0 5.0 6.4 9.43 25.5 7.81 13.6
7.81 3.0 25.5 18.0 0.0 0.0 9.43 5.0 11.18 9.43 18.44 6.4 11.18 9.43 7.81 7.21 5.0 7.21 11.18 13.6 18.44 6.4 3.0 9.43 9.43 9.43 5.0 18.0 6.4 25.5 7.81 4.0 18.79 7.21 3.0 5.0 6.4 9.43 25.5 7.81 13.6
17.2 12.08 18.25 15.26 9.43 9.43 0.0 8.0 8.49 0.0 13.6 10.77 8.49 0.0 17.2 4.12 8.0 4.12 8.49 6.0 13.6 10.77 12.08 0.0 0.0 10.0 8.0 15.26 10.77 18.25 17.2 6.4 12.0 4.12 12.08 8.0 10.77 10.0 18.25 17.2 6.0
11.66 5.83 21.1 13.0 5.0 5.0 8.0 0.0 6.32 8.0 13.6 10.77 6.32 8.0 11.66 4.12 0.0 4.12 6.32 10.0 13.6 10.77 5.83 8.0 8.0 12.81 0.0 13.0 10.77 21.1 11.66 6.4 14.42 4.12 5.83 0.0 10.77 12.81 21.1 11.66 10.0
17.89 12.08 15.0 7.28 11.18 11.18 8.49 6.32 0.0 8.49 7.28 16.12 0.0 8.49 17.89 5.39 6.32 5.39 0.0 6.0 7.28 16.12 12.08 8.49 8.49 17.09 6.32 7.28 16.12 15.0 17.89 11.18 8.49 5.39 12.08 6.32 16.12 17.09 15.0 17.89 6.0
17.2 12.08 18.25 15.26 9.43 9.43 0.0 8.0 8.49 0.0 13.6 10.77 8.49 0.0 17.2 4.12 8.0 4.12 8.49 6.0 13.6 10.77 12.08 0.0 0.0 10.0 8.0 15.26 10.77 18.25 17.2 6.4 12.0 4.12 12.08 8.0 10.77 10.0 18.25 17.2 6.0
25.08 19.31 8.6 4.0 18.44 18.44 13.6 13.6 7.28 13.6 0.0 23.0 7.28 13.6 25.08 12.0 13.6 12.0 7.28 8.06 0.0 23.0 19.31 13.6 13.6 23.35 13.6 4.0 23.0 8.6 25.08 18.0 4.12 12.0 19.31 13.6 23.0 23.35 8.6 25.08 8.06
10.0 8.6 28.86 23.35 6.4 6.4 10.77 10.77 16.12 10.77 23.0 0.0 16.12 10.77 10.0 11.0 10.77 11.0 16.12 16.49 23.0 0.0 8.6 10.77 10.77 4.0 10.77 23.35 0.0 28.86 10.0 5.0 22.36 11.0 8.6 10.77 0.0 4.0 28.86 10.0 16.49
17.89 12.08 15.0 7.28 11.18 11.18 8.49 6.32 0.0 8.49 7.28 16.12 0.0 8.49 17.89 5.39 6.32 5.39 0.0 6.0 7.28 16.12 12.08 8.49 8.49 17.09 6.32 7.28 16.12 15.0 17.89 11.18 8.49 5.39 12.08 6.32 16.12 17.09 15.0 17.89 6.0
17.2 12.08 18.25 15.26 9.43 9.43 0.0 8.0 8.49 0.0 13.6 10.77 8.49 0.0 17.2 4.12 8.0 4.12 8.49 6.0 13.6 10.77 12.08 0.0 0.0 10.0 8.0 15.26 10.77 18.25 17.2 6.4 12.0 4.12 12.08 8.0 10.77 10.0 18.25 17.2 6.0
0.0 5.83 32.76 23.77 7.81 7.81 17.2 11.66 17.89 17.2 25.08 10.0 17.89 17.2 0.0 14.87 11.66 14.87 17.89 21.26 25.08 10.0 5.83 17.2 17.2 14.0 11.66 23.77 10.0 32.76 0.0 11.18 26.08 14.87 5.83 11.66 10.0 14.0 32.76 0.0 21.26
14.87 9.22 18.38 12.65 7.21 7.21 4.12 4.12 5.39 4.12 12.0 11.0 5.39 4.12 14.87 0.0 4.12 0.0 5.39 6.4 12.0 11.0 9.22 4.12 4.12 11.7 4.12 12.65 11.0 18.38 14.87 6.0 11.7 0.0 9.22 4.12 11.0 11.7 18.38 14.87 6.4
11.66 5.83 21.1 13.0 5.0 5.0 8.0 0.0 6.32 8.0 13.6 10.77 6.32 8.0 11.66 4.12 0.0 4.12 6.32 10.0 13.6 10.77 5.83 8.0 8.0 12.81 0.0 13.0 10.77 21.1 11.66 6.4 14.42 4.12 5.83 0.0 10.77 12.81 21.1 11.66 10.0
14.87 9.22 18.38 12.65 7.21 7.21 4.12 4.12 5.39 4.12 12.0 11.0 5.39 4.12 14.87 0.0 4.12 0.0 5.39 6.4 12.0 11.0 9.22 4.12 4.12 11.7 4.12 12.65 11.0 18.38 14.87 6.0 11.7 0.0 9.22 4.12 11.0 11.7 18.38 14.87 6.4
17.89 12.08 15.0 7.28 11.18 11.18 8.49 6.32 0.0 8.49 7.28 16.12 0.0 8.49 17.89 5.39 6.32 5.39 0.0 6.0 7.28 16.12 12.08 8.49 8.49 17.09 6.32 7.28 16.12 15.0 17.89 11.18 8.49 5.39 12.08 6.32 16.12 17.09 15.0 17.89 6.0
21.26 15.56 12.37 10.63 13.6 13.6 6.0 10.0 6.0 6.0 8.06 16.49 6.0 6.0 21.26 6.4 10.0 6.4 6.0 0.0 8.06 16.49 15.56 6.0 6.0 16.0 10.0 10.63 16.49 12.37 21.26 11.7 6.0 6.4 15.56 10.0 16.49 16.0 12.37 21.26 0.0
25.08 19.31 8.6 4.0 18.44 18.44 13.6 13.6 7.28 13.6 0.0 23.0 7.28 13.6 25.08 12.0 13.6 12.0 7.28 8.06 0.0 23.0 19.31 13.6 13.6 23.35 13.6 4.0 23.0 8.6 25.08 18.0 4.12 12.0 19.31 13.6 23.0 23.35 8.6 25.08 8.06
10.0 8.6 28.86 23.35 6.4 6.4 10.77 10.77 16.12 10.77 23.0 0.0 16.12 10.77 10.0 11.0 10.77 11.0 16.12 16.49 23.0 0.0 8.6 10.77 10.77 4.0 10.77 23.35 0.0 28.86 10.0 5.0 22.36 11.0 8.6 10.77 0.0 4.0 28.86 10.0 16.49
5.83 0.0 26.93 18.25 3.0 3.0 12.08 5.83 12.08 12.08 19.31 8.6 12.08 12.08 5.83 9.22 5.83 9.22 12.08 15.56 19.31 8.6 0.0 12.08 12.08 12.08 5.83 18.25 8.6 26.93 5.83 7.0 20.25 9.22 0.0 5.83 8.6 12.08 26.93 5.83 15.56
17.2 12.08 18.25 15.26 9.43 9.43 0.0 8.0 8.49 0.0 13.6 10.77 8.49 0.0 17.2 4.12 8.0 4.12 8.49 6.0 13.6 10.77 12.08 0.0 0.0 10.0 8.0 15.26 10.77 18.25 17.2 6.4 12.0 4.12 12.08 8.0 10.77 10.0 18.25 17.2 6.0
17.2 12.08 18.25 15.26 9.43 9.43 0.0 8.0 8.49 0.0 13.6 10.77 8.49 0.0 17.2 4.12 8.0 4.12 8.49 6.0 13.6 10.77 12.08 0.0 0.0 10.0 8.0 15.26 10.77 18.25 17.2 6.4 12.0 4.12 12.08 8.0 10.77 10.0 18.25 17.2 6.0
14.0 12.08 28.16 24.35 9.43 9.43 10.0 12.81 17.09 10.0 23.35 4.0 17.09 10.0 14.0 11.7 12.81 11.7 17.09 16.0 23.35 4.0 12.08 10.0 10.0 0.0 12.81 24.35 4.0 28.16 14.0 6.4 22.0 11.7 12.08 12.81 4.0 0.0 28.16 14.0 16.0
11.66 5.83 21.1 13.0 5.0 5.0 8.0 0.0 6.32 8.0 13.6 10.77 6.32 8.0 11.66 4.12 0.0 4.12 6.32 10.0 13.6 10.77 5.83 8.0 8.0 12.81 0.0 13.0 10.77 21.1 11.66 6.4 14.42 4.12 5.83 0.0 10.77 12.81 21.1 11.66 10.0
23.77 18.25 12.08 0.0 18.0 18.0 15.26 13.0 7.28 15.26 4.0 23.35 7.28 15.26 23.77 12.65 13.0 12.65 7.28 10.63 4.0 23.35 18.25 15.26 15.26 24.35 13.0 0.0 23.35 12.08 23.77 18.44 8.06 12.65 18.25 13.0 23.35 24.35 12.08 23.77 10.63
10.0 8.6 28.86 23.35 6.4 6.4 10.77 10.77 16.12 10.77 23.0 0.0 16.12 10.77 10.0 11.0 10.77 11.0 16.12 16.49 23.0 0.0 8.6 10.77 10.77 4.0 10.77 23.35 0.0 28.86 10.0 5.0 22.36 11.0 8.6 10.77 0.0 4.0 28.86 10.0 16.49
32.76 26.93 0.0 12.08 25.5 25.5 18.25 21.1 15.0 18.25 8.6 28.86 15.0 18.25 32.76 18.38 21.1 18.38 15.0 12.37 8.6 28.86 26.93 18.25 18.25 28.16 21.1 12.08 28.86 0.0 32.76 24.04 6.71 18.38 26.93 21.1 28.86 28.16 0.0 32.76 12.37
0.0 5.83 32.76 23.77 7.81 7.81 17.2 11.66 17.89 17.2 25.08 10.0 17.89 17.2 0.0 14.87 11.66 14.87 17.89 21.26 25.08 10.0 5.83 17.2 17.2 14.0 11.66 23.77 10.0 32.76 0.0 11.18 26.08 14.87 5.83 11.66 10.0 14.0 32.76 0.0 21.26
11.18 7.0 24.04 18.44 4.0 4.0 6.4 6.4 11.18 6.4 18.0 5.0 11.18 6.4 11.18 6.0 6.4 6.0 11.18 11.7 18.0 5.0 7.0 6.4 6.4 6.4 6.4 18.44 5.0 24.04 11.18 0.0 17.46 6.0 7.0 6.4 5.0 6.4 24.04 11.18 11.7
26.08 20.25 6.71 8.06 18.79 18.79 12.0 14.42 8.49 12.0 4.12 22.36 8.49 12.0 26.08 11.7 14.42 11.7 8.49 6.0 4.12 22.36 20.25 12.0 12.0 22.0 14.42 8.06 22.36 6.71 26.08 17.46 0.0 11.7 20.25 14.42 22.36 22.0 6.71 26.08 6.0
14.87 9.22 18.38 12.65 7.21 7.21 4.12 4.12 5.39 4.12 12.0 11.0 5.39 4.12 14.87 0.0 4.12 0.0 5.39 6.4 12.0 11.0 9.22 4.12 4.12 11.7 4.12 12.65 11.0 18.38 14.87 6.0 11.7 0.0 9.22 4.12 11.0 11.7 18.38 14.87 6.4
5.83 0.0 26.93 18.25 3.0 3.0 12.08 5.83 12.08 12.08 19.31 8.6 12.08 12.08 5.83 9.22 5.83 9.22 12.08 15.56 19.31 8.6 0.0 12.08 12.08 12.08 5.83 18.25 8.6 26.93 5.83 7.0 20.25 9.22 0.0 5.83 8.6 12.08 26.93 5.83 15.56
11.66 5.83 21.1 13.0 5.0 5.0 8.0 0.0 6.32 8.0 13.6 10.77 6.32 8.0 11.66 4.12 0.0 4.12 6.32 10.0 13.6 10.77 5.83 8.0 8.0 12.81 0.0 13.0 10.77 21.1 11.66 6.4 14.42 4.12 5.83 0.0 10.77 12.81 21.1 11.66 10.0
10.0 8.6 28.86 23.35 6.4 6.4 10.77 10.77 16.12 10.77 23.0 0.0 16.12 10.77 10.0 11.0 10.77 11.0 16.12 16.49 23.0 0.0 8.6 10.77 10.77 4.0 10.77 23.35 0.0 28.86 10.0 5.0 22.36 11.0 8.6 10.77 0.0 4.0 28.86 10.0 16.49
14.0 12.08 28.16 24.35 9.43 9.43 10.0 12.81 17.09 10.0 23.35 4.0 17.09 10.0 14.0 11.7 12.81 11.7 17.09 16.0 23.35 4.0 12.08 10.0 10.0 0.0 12.81 24.35 4.0 28.16 14.0 6.4 22.0 11.7 12.08 12.81 4.0 0.0 28.16 14.0 16.0
32.76 26.93 0.0 12.08 25.5 25.5 18.25 21.1 15.0 18.25 8.6 28.86 15.0 18.25 32.76 18.38 21.1 18.38 15.0 12.37 8.6 28.86 26.93 18.25 18.25 28.16 21.1 12.08 28.86 0.0 32.76 24.04 6.71 18.38 26.93 21.1 28.86 28.16 0.0 32.76 12.37
0.0 5.83 32.76 23.77 7.81 7.81 17.2 11.66 17.89 17.2 25.08 10.0 17.89 17.2 0.0 14.87 11.66 14.87 17.89 21.26 25.08 10.0 5.83 17.2 17.2 14.0 11.66 23.77 10.0 32.76 0.0 11.18 26.08 14.87 5.83 11.66 10.0 14.0 32.76 0.0 21.26
21.26 15.56 12.37 10.63 13.6 13.6 6.0 10.0 6.0 6.0 8.06 16.49 6.0 6.0 21.26 6.4 10.0 6.4 6.0 0.0 8.06 16.49 15.56 6.0 6.0 16.0 10.0 10.63 16.49 12.37 21.26 11.7 6.0 6.4 15.56 10.0 16.49 16.0 12.37 21.26 0.0
