0.0 14.87 25.08 10.0 17.89 25.08 10.0 32.76 25.08 5.83 10.0 17.2 14.87 26.08 32.76 21.26 14.0 26.08 14.87 11.18 25.08 14.0 14.87 23.77 32.76 17.2 5.83 17.2 32.76 23.77 32.76 32.76 14.87 26.08 10.0 14.87 5.83 26.08 32.76 23.77 14.87 23.77 17.89 14.0 11.18 10.0 5.83 0.0 10.0 23.77 14.87 11.18 11.18 7.81 5.83 14.0 0.0 7.81 14.0 26.08 17.89
14.87 0.0 12.0 11.0 5.39 12.0 11.0 18.38 12.0 9.22 11.0 4.12 0.0 11.7 18.38 6.4 11.7 11.7 0.0 6.0 12.0 11.7 0.0 12.65 18.38 4.12 9.22 4.12 18.38 12.65 18.38 18.38 0.0 11.7 11.0 0.0 9.22 11.7 18.38 12.65 0.0 12.65 5.39 11.7 6.0 11.0 9.22 14.87 11.0 12.65 0.0 6.0 6.0 7.21 9.22 11.7 14.87 7.21 11.7 11.7 5.39
25.08 12.0 0.0 23.0 7.28 0.0 23.0 8.6 0.0 19.31 23.0 13.6 12.0 4.12 8.6 8.06 23.35 4.12 12.0 18.0 0.0 23.35 12.0 4.0 8.6 13.6 19.31 13.6 8.6 4.0 8.6 8.6 12.0 4.12 23.0 12.0 19.31 4.12 8.6 4.0 12.0 4.0 7.28 23.35 18.0 23.0 19.31 25.08 23.0 4.0 12.0 18.0 18.0 18.44 19.31 23.35 25.08 18.44 23.35 4.12 7.28
10.0 11.0 23.0 0.0 16.12 23.0 0.0 28.86 23.0 8.6 0.0 10.77 11.0 22.36 28.86 16.49 4.0 22.36 11.0 5.0 23.0 4.0 11.0 23.35 28.86 10.77 8.6 10.77 28.86 23.35 28.86 28.86 11.0 22.36 0.0 11.0 8.6 22.36 28.86 23.35 11.0 23.35 16.12 4.0 5.0 0.0 8.6 10.0 0.0 23.35 11.0 5.0 5.0 6.4 8.6 4.0 10.0 6.4 4.0 22.36 16.12
17.89 5.39 7.28 16.12 0.0 7.28 16.12 15.0 7.28 12.08 16.12 8.49 5.39 8.49 15.0 6.0 17.09 8.49 5.39 11.18 7.28 17.09 5.39 7.28 15.0 8.49 12.08 8.49 15.0 7.28 15.0 15.0 5.39 8.49 16.12 5.39 12.08 8.49 15.0 7.28 5.39 7.28 0.0 17.09 11.18 16.12 12.08 17.89 16.12 7.28 5.39 11.18 11.18 11.18 12.08 17.09 17.89 11.18 17.09 8.49 0.0
25.08 12.0 0.0 23.0 7.28 0.0 23.0 8.6 0.0 19.31 23.0 13.6 12.0 4.12 8.6 8.06 23.35 4.12 12.0 18.0 0.0 23.35 12.0 4.0 8.6 13.6 19.31 13.6 8.6 4.0 8.6 8.6 12.0 4.12 23.0 12.0 19.31 4.12 8.6 4.0 12.0 4.0 7.28 23.35 18.0 23.0 19.31 25.08 23.0 4.0 12.0 18.0 18.0 18.44 19.31 23.35 25.08 18.44 23.35 4.12 7.28
10.0 11.0 23.0 0.0 16.12 23.0 0.0 28.86 23.0 8.6 0.0 10.77 11.0 22.36 28.86 16.49 4.0 22.36 11.0 5.0 23.0 4.0 11.0 23.35 28.86 10.77 8.6 10.77 28.86 23.35 28.86 28.86 11.0 22.36 0.0 11.0 8.6 22.36 28.86 23.35 11.0 23.35 16.12 4.0 5.0 0.0 8.6 10.0 0.0 23.35 11.0 5.0 5.0 6.4 8.6 4.0 10.0 6.4 4.0 22.36 16.12
32.76 18.38 8.6 28.86 15.0 8.6 28.86 0.0 8.6 26.93 28.86 18.25 18.38 6.71 0.0 12.37 28.16 6.71 18.38 24.04 8.6 28.16 18.38 12.08 0.0 18.25 26.93 18.25 0.0 12.08 0.0 0.0 18.38 6.71 28.86 18.38 26.93 6.71 0.0 12.08 18.38 12.08 15.0 28.16 24.04 28.86 26.93 32.76 28.86 12.08 18.38 24.04 24.04 25.5 26.93 28.16 32.76 25.5 28.16 6.71 15.0
25.08 12.0 0.0 23.0 7.28 0.0 23.0 8.6 0.0 19.31 23.0 13.6 12.0 4.12 8.6 8.06 23.35 4.12 12.0 18.0 0.0 23.35 12.0 4.0 8.6 13.6 19.31 13.6 8.6 4.0 8.6 8.6 12.0 4.12 23.0 12.0 19.31 4.12 8.6 4.0 12.0 4.0 7.28 23.35 18.0 23.0 19.31 25.08 23.0 4.0 12.0 18.0 18.0 18.44 19.31 23.35 25.08 18.44 23.35 4.12 7.28
5.83 9.22 19.31 8.6 12.08 19.31 8.6 26.93 19.31 0.0 8.6 12.08 9.22 20.25 26.93 15.56 12.08 20.25 9.22 7.0 19.31 12.08 9.22 18.25 26.93 12.08 0.0 12.08 26.93 18.25 26.93 26.93 9.22 20.25 8.6 9.22 0.0 20.25 26.93 18.25 9.22 18.25 12.08 12.08 7.0 8.6 0.0 5.83 8.6 18.25 9.22 7.0 7.0 3.0 0.0 12.08 5.83 3.0 12.08 20.25 12.08
10.0 11.0 23.0 0.0 16.12 23.0 0.0 28.86 23.0 8.6 0.0 10.77 11.0 22.36 28.86 16.49 4.0 22.36 11.0 5.0 23.0 4.0 11.0 23.35 28.86 10.77 8.6 10.77 28.86 23.35 28.86 28.86 11.0 22.36 0.0 11.0 8.6 22.36 28.86 23.35 11.0 23.35 16.12 4.0 5.0 0.0 8.6 10.0 0.0 23.35 11.0 5.0 5.0 6.4 8.6 4.0 10.0 6.4 4.0 22.36 16.12
17.2 4.12 13.6 10.77 8.49 13.6 10.77 18.25 13.6 12.08 10.77 0.0 4.12 12.0 18.25 6.0 10.0 12.0 4.12 6.4 13.6 10.0 4.12 15.26 18.25 0.0 12.08 0.0 18.25 15.26 18.25 18.25 4.12 12.0 10.77 4.12 12.08 12.0 18.25 15.26 4.12 15.26 8.49 10.0 6.4 10.77 12.08 17.2 10.77 15.26 4.12 6.4 6.4 9.43 12.08 10.0 17.2 9.43 10.0 12.0 8.49
14.87 0.0 12.0 11.0 5.39 12.0 11.0 18.38 12.0 9.22 11.0 4.12 0.0 11.7 18.38 6.4 11.7 11.7 0.0 6.0 12.0 11.7 0.0 12.65 18.38 4.12 9.22 4.12 18.38 12.65 18.38 18.38 0.0 11.7 11.0 0.0 9.22 11.7 18.38 12.65 0.0 12.65 5.39 11.7 6.0 11.0 9.22 14.87 11.0 12.65 0.0 6.0 6.0 7.21 9.22 11.7 14.87 7.21 11.7 11.7 5.39
26.08 11.7 4.12 22.36 8.49 4.12 22.36 6.71 4.12 20.25 22.36 12.0 11.7 0.0 6.71 6.0 22.0 0.0 11.7 17.46 4.12 22.0 11.7 8.06 6.71 12.0 20.25 12.0 6.71 8.06 6.71 6.71 11.7 0.0 22.36 11.7 20.25 0.0 6.71 8.06 11.7 8.06 8.49 22.0 17.46 22.36 20.25 26.08 22.36 8.06 11.7 17.46 17.46 18.79 20.25 22.0 26.08 18.79 22.0 0.0 8.49
32.76 18.38 8.6 28.86 15.0 8.6 28.86 0.0 8.6 26.93 28.86 18.25 18.38 6.71 0.0 12.37 28.16 6.71 18.38 24.04 8.6 28.16 18.38 12.08 0.0 18.25 26.93 18.25 0.0 12.08 0.0 0.0 18.38 6.71 28.86 18.38 26.93 6.71 0.0 12.08 18.38 12.08 15.0 28.16 24.04 28.86 26.93 32.76 28.86 12.08 18.38 24.04 24.04 25.5 26.93 28.16 32.76 25.5 28.16 6.71 15.0
21.26 6.4 8.06 16.49 6.0 8.06 16.49 12.37 8.06 15.56 16.49 6.0 6.4 6.0 12.37 0.0 16.0 6.0 6.4 11.7 8.06 16.0 6.4 10.63 12.37 6.0 15.56 6.0 12.37 10.63 12.37 12.37 6.4 6.0 16.49 6.4 15.56 6.0 12.37 10.63 6.4 10.63 6.0 16.0 11.7 16.49 15.56 21.26 16.49 10.63 6.4 11.7 11.7 13.6 15.56 16.0 21.26 13.6 16.0 6.0 6.0
14.0 11.7 23.35 4.0 17.09 23.35 4.0 28.16 23.35 12.08 4.0 10.0 11.7 22.0 28.16 16.0 0.0 22.0 11.7 6.4 23.35 0.0 11.7 24.35 28.16 10.0 12.08 10.0 28.16 24.35 28.16 28.16 11.7 22.0 4.0 11.7 12.08 22.0 28.16 24.35 11.7 24.35 17.09 0.0 6.4 4.0 12.08 14.0 4.0 24.35 11.7 6.4 6.4 9.43 12.08 0.0 14.0 9.43 0.0 22.0 17.09
26.08 11.7 4.12 22.36 8.49 4.12 22.36 6.71 4.12 20.25 22.36 12.0 11.7 0.0 6.71 6.0 22.0 0.0 11.7 17.46 4.12 22.0 11.7 8.06 6.71 12.0 20.25 12.0 6.71 8.06 6.71 6.71 11.7 0.0 22.36 11.7 20.25 0.0 6.71 8.06 11.7 8.06 8.49 22.0 17.46 22.36 20.25 26.08 22.36 8.06 11.7 17.46 17.46 18.79 20.25 22.0 26.08 18.79 22.0 0.0 8.49
14.87 0.0 12.0 11.0 5.39 12.0 11.0 18.38 12.0 9.22 11.0 4.12 0.0 11.7 18.38 6.4 11.7 11.7 0.0 6.0 12.0 11.7 0.0 12.65 18.38 4.12 9.22 4.12 18.38 12.65 18.38 18.38 0.0 11.7 11.0 0.0 9.22 11.7 18.38 12.65 0.0 12.65 5.39 11.7 6.0 11.0 9.22 14.87 11.0 12.65 0.0 6.0 6.0 7.21 9.22 11.7 14.87 7.21 11.7 11.7 5.39
11.18 6.0 18.0 5.0 11.18 18.0 5.0 24.04 18.0 7.0 5.0 6.4 6.0 17.46 24.04 11.7 6.4 17.46 6.0 0.0 18.0 6.4 6.0 18.44 24.04 6.4 7.0 6.4 24.04 18.44 24.04 24.04 6.0 17.46 5.0 6.0 7.0 17.46 24.04 18.44 6.0 18.44 11.18 6.4 0.0 5.0 7.0 11.18 5.0 18.44 6.0 0.0 0.0 4.0 7.0 6.4 11.18 4.0 6.4 17.46 11.18
25.08 12.0 0.0 23.0 7.28 0.0 23.0 8.6 0.0 19.31 23.0 13.6 12.0 4.12 8.6 8.06 23.35 4.12 12.0 18.0 0.0 23.35 12.0 4.0 8.6 13.6 19.31 13.6 8.6 4.0 8.6 8.6 12.0 4.12 23.0 12.0 19.31 4.12 8.6 4.0 12.0 4.0 7.28 23.35 18.0 23.0 19.31 25.08 23.0 4.0 12.0 18.0 18.0 18.44 19.31 23.35 25.08 18.44 23.35 4.12 7.28
14.0 11.7 23.35 4.0 17.09 23.35 4.0 28.16 23.35 12.08 4.0 10.0 11.7 22.0 28.16 16.0 0.0 22.0 11.7 6.4 23.35 0.0 11.7 24.35 28.16 10.0 12.08 10.0 28.16 24.35 28.16 28.16 11.7 22.0 4.0 11.7 12.08 22.0 28.16 24.35 11.7 24.35 17.09 0.0 6.4 4.0 12.08 14.0 4.0 24.35 11.7 6.4 6.4 9.43 12.08 0.0 14.0 9.43 0.0 22.0 17.09
14.87 0.0 12.0 11.0 5.39 12.0 11.0 18.38 12.0 9.22 11.0 4.12 0.0 11.7 18.38 6.4 11.7 11.7 0.0 6.0 12.0 11.7 0.0 12.65 18.38 4.12 9.22 4.12 18.38 12.65 18.38 18.38 0.0 11.7 11.0 0.0 9.22 11.7 18.38 12.65 0.0 12.65 5.39 11.7 6.0 11.0 9.22 14.87 11.0 12.65 0.0 6.0 6.0 7.21 9.22 11.7 14.87 7.21 11.7 11.7 5.39
23.77 12.65 4.0 23.35 7.28 4.0 23.35 12.08 4.0 18.25 23.35 15.26 12.65 8.06 12.08 10.63 24.35 8.06 12.65 18.44 4.0 24.35 12.65 0.0 12.08 15.26 18.25 15.26 12.08 0.0 12.08 12.08 12.65 8.06 23.35 12.65 18.25 8.06 12.08 0.0 12.65 0.0 7.28 24.35 18.44 23.35 18.25 23.77 23.35 0.0 12.65 18.44 18.44 18.0 18.25 24.35 23.77 18.0 24.35 8.06 7.28
32.76 18.38 8.6 28.86 15.0 8.6 28.86 0.0 8.6 26.93 28.86 18.25 18.38 6.71 0.0 12.37 28.16 6.71 18.38 24.04 8.6 28.16 18.38 12.08 0.0 18.25 26.93 18.25 0.0 12.08 0.0 0.0 18.38 6.71 28.86 18.38 26.93 6.71 0.0 12.08 18.38 12.08 15.0 28.16 24.04 28.86 26.93 32.76 28.86 12.08 18.38 24.04 24.04 25.5 26.93 28.16 32.76 25.5 28.16 6.71 15.0
17.2 4.12 13.6 10.77 8.49 13.6 10.77 18.25 13.6 12.08 10.77 0.0 4.12 12.0 18.25 6.0 10.0 12.0 4.12 6.4 13.6 10.0 4.12 15.26 18.25 0.0 12.08 0.0 18.25 15.26 18.25 18.25 4.12 12.0 10.77 4.12 12.08 12.0 18.25 15.26 4.12 15.26 8.49 10.0 6.4 10.77 12.08 17.2 10.77 15.26 4.12 6.4 6.4 9.43 12.08 10.0 17.2 9.43 10.0 12.0 8.49
5.83 9.22 19.31 8.6 12.08 19.31 8.6 26.93 19.31 0.0 8.6 12.08 9.22 20.25 26.93 15.56 12.08 20.25 9.22 7.0 19.31 12.08 9.22 18.25 26.93 12.08 0.0 12.08 26.93 18.25 26.93 26.93 9.22 20.25 8.6 9.22 0.0 20.25 26.93 18.25 9.22 18.25 12.08 12.08 7.0 8.6 0.0 5.83 8.6 18.25 9.22 7.0 7.0 3.0 0.0 12.08 5.83 3.0 12.08 20.25 12.08
17.2 4.12 13.6 10.77 8.49 13.6 10.77 18.25 13.6 12.08 10.77 0.0 4.12 12.0 18.25 6.0 10.0 12.0 4.12 6.4 13.6 10.0 4.12 15.26 18.25 0.0 12.08 0.0 18.25 15.26 18.25 18.25 4.12 12.0 10.77 4.12 12.08 12.0 18.25 15.26 4.12 15.26 8.49 10.0 6.4 10.77 12.08 17.2 10.77 15.26 4.12 6.4 6.4 9.43 12.08 10.0 17.2 9.43 10.0 12.0 8.49
32.76 18.38 8.6 28.86 15.0 8.6 28.86 0.0 8.6 26.93 28.86 18.25 18.38 6.71 0.0 12.37 28.16 6.71 18.38 24.04 8.6 28.16 18.38 12.08 0.0 18.25 26.93 18.25 0.0 12.08 0.0 0.0 18.38 6.71 28.86 18.38 26.93 6.71 0.0 12.08 18.38 12.08 15.0 28.16 24.04 28.86 26.93 32.76 28.86 12.08 18.38 24.04 24.04 25.5 26.93 28.16 32.76 25.5 28.16 6.71 15.0
23.77 12.65 4.0 23.35 7.28 4.0 23.35 12.08 4.0 18.25 23.35 15.26 12.65 8.06 12.08 10.63 24.35 8.06 12.65 18.44 4.0 24.35 12.65 0.0 12.08 15.26 18.25 15.26 12.08 0.0 12.08 12.08 12.65 8.06 23.35 12.65 18.25 8.06 12.08 0.0 12.65 0.0 7.28 24.35 18.44 23.35 18.25 23.77 23.35 0.0 12.65 18.44 18.44 18.0 18.25 24.35 23.77 18.0 24.35 8.06 7.28
32.76 18.38 8.6 28.86 15.0 8.6 28.86 0.0 8.6 26.93 28.86 18.25 18.38 6.71 0.0 12.37 28.16 6.71 18.38 24.04 8.6 28.16 18.38 12.08 0.0 18.25 26.93 18.25 0.0 12.08 0.0 0.0 18.38 6.71 28.86 18.38 26.93 6.71 0.0 12.08 18.38 12.08 15.0 28.16 24.04 28.86 26.93 32.76 28.86 12.08 18.38 24.04 24.04 25.5 26.93 28.16 32.76 25.5 28.16 6.71 15.0
32.76 18.38 8.6 28.86 15.0 8.6 28.86 0.0 8.6 26.93 28.86 18.25 18.38 6.71 0.0 12.37 28.16 6.71 18.38 24.04 8.6 28.16 18.38 12.08 0.0 18.25 26.93 18.25 0.0 12.08 0.0 0.0 18.38 6.71 28.86 18.38 26.93 6.71 0.0 12.08 18.38 12.08 15.0 28.16 24.04 28.86 26.93 32.76 28.86 12.08 18.38 24.04 24.04 25.5 26.93 28.16 32.76 25.5 28.16 6.71 15.0
14.87 0.0 12.0 11.0 5.39 12.0 11.0 18.38 12.0 9.22 11.0 4.12 0.0 11.7 18.38 6.4 11.7 11.7 0.0 6.0 12.0 11.7 0.0 12.65 18.38 4.12 9.22 4.12 18.38 12.65 18.38 18.38 0.0 11.7 11.0 0.0 9.22 11.7 18.38 12.65 0.0 12.65 5.39 11.7 6.0 11.0 9.22 14.87 11.0 12.65 0.0 6.0 6.0 7.21 9.22 11.7 14.87 7.21 11.7 11.7 5.39
26.08 11.7 4.12 22.36 8.49 4.12 22.36 6.71 4.12 20.25 22.36 12.0 11.7 0.0 6.71 6.0 22.0 0.0 11.7 17.46 4.12 22.0 11.7 8.06 6.71 12.0 20.25 12.0 6.71 8.06 6.71 6.71 11.7 0.0 22.36 11.7 20.25 0.0 6.71 8.06 11.7 8.06 8.49 22.0 17.46 22.36 20.25 26.08 22.36 8.06 11.7 17.46 17.46 18.79 20.25 22.0 26.08 18.79 22.0 0.0 8.49
10.0 11.0 23.0 0.0 16.12 23.0 0.0 28.86 23.0 8.6 0.0 10.77 11.0 22.36 28.86 16.49 4.0 22.36 11.0 5.0 23.0 4.0 11.0 23.35 28.86 10.77 8.6 10.77 28.86 23.35 28.86 28.86 11.0 22.36 0.0 11.0 8.6 22.36 28.86 23.35 11.0 23.35 16.12 4.0 5.0 0.0 8.6 10.0 0.0 23.35 11.0 5.0 5.0 6.4 8.6 4.0 10.0 6.4 4.0 22.36 16.12
14.87 0.0 12.0 11.0 5.39 12.0 11.0 18.38 12.0 9.22 11.0 4.12 0.0 11.7 18.38 6.4 11.7 11.7 0.0 6.0 12.0 11.7 0.0 12.65 18.38 4.12 9.22 4.12 18.38 12.65 18.38 18.38 0.0 11.7 11.0 0.0 9.22 11.7 18.38 12.65 0.0 12.65 5.39 11.7 6.0 11.0 9.22 14.87 11.0 12.65 0.0 6.0 6.0 7.21 9.22 11.7 14.87 7.21 11.7 11.7 5.39
5.83 9.22 19.31 8.6 12.08 19.31 8.6 26.93 19.31 0.0 8.6 12.08 9.22 20.25 26.93 15.56 12.08 20.25 9.22 7.0 19.31 12.08 9.22 18.25 26.93 12.08 0.0 12.08 26.93 18.25 26.93 26.93 9.22 20.25 8.6 9.22 0.0 20.25 26.93 18.25 9.22 18.25 12.08 12.08 7.0 8.6 0.0 5.83 8.6 18.25 9.22 7.0 7.0 3.0 0.0 12.08 5.83 3.0 12.08 20.25 12.08
26.08 11.7 4.12 22.36 8.49 4.12 22.36 6.71 4.12 20.25 22.36 12.0 11.7 0.0 6.71 6.0 22.0 0.0 11.7 17.46 4.12 22.0 11.7 8.06 6.71 12.0 20.25 12.0 6.71 8.06 6.71 6.71 11.7 0.0 22.36 11.7 20.25 0.0 6.71 8.06 11.7 8.06 8.49 22.0 17.46 22.36 20.25 26.08 22.36 8.06 11.7 17.46 17.46 18.79 20.25 22.0 26.08 18.79 22.0 0.0 8.49
32.76 18.38 8.6 28.86 15.0 8.6 28.86 0.0 8.6 26.93 28.86 18.25 18.38 6.71 0.0 12.37 28.16 6.71 18.38 24.04 8.6 28.16 18.38 12.08 0.0 18.25 26.93 18.25 0.0 12.08 0.0 0.0 18.38 6.71 28.86 18.38 26.93 6.71 0.0 12.08 18.38 12.08 15.0 28.16 24.04 28.86 26.93 32.76 28.86 12.08 18.38 24.04 24.04 25.5 26.93 28.16 32.76 25.5 28.16 6.71 15.0
23.77 12.65 4.0 23.35 7.28 4.0 23.35 12.08 4.0 18.25 23.35 15.26 12.65 8.06 12.08 10.63 24.35 8.06 12.65 18.44 4.0 24.35 12.65 0.0 12.08 15.26 18.25 15.26 12.08 0.0 12.08 12.08 12.65 8.06 23.35 12.65 18.25 8.06 12.08 0.0 12.65 0.0 7.28 24.35 18.44 23.35 18.25 23.77 23.35 0.0 12.65 18.44 18.44 18.0 18.25 24.35 23.77 18.0 24.35 8.06 7.28
14.87 0.0 12.0 11.0 5.39 12.0 11.0 18.38 12.0 9.22 11.0 4.12 0.0 11.7 18.38 6.4 11.7 11.7 0.0 6.0 12.0 11.7 0.0 12.65 18.38 4.12 9.22 4.12 18.38 12.65 18.38 18.38 0.0 11.7 11.0 0.0 9.22 11.7 18.38 12.65 0.0 12.65 5.39 11.7 6.0 11.0 9.22 14.87 11.0 12.65 0.0 6.0 6.0 7.21 9.22 11.7 14.87 7.21 11.7 11.7 5.39
23.77 12.65 4.0 23.35 7.28 4.0 23.35 12.08 4.0 18.25 23.35 15.26 12.65 8.06 12.08 10.63 24.35 8.06 12.65 18.44 4.0 24.35 12.65 0.0 12.08 15.26 18.25 15.26 12.08 0.0 12.08 12.08 12.65 8.06 23.35 12.65 18.25 8.06 12.08 0.0 12.65 0.0 7.28 24.35 18.44 23.35 18.25 23.77 23.35 0.0 12.65 18.44 18.44 18.0 18.25 24.35 23.77 18.0 24.35 8.06 7.28
17.89 5.39 7.28 16.12 0.0 7.28 16.12 15.0 7.28 12.08 16.12 8.49 5.39 8.49 15.0 6.0 17.09 8.49 5.39 11.18 7.28 17.09 5.39 7.28 15.0 8.49 12.08 8.49 15.0 7.28 15.0 15.0 5.39 8.49 16.12 5.39 12.08 8.49 15.0 7.28 5.39 7.28 0.0 17.09 11.18 16.12 12.08 17.89 16.12 7.28 5.39 11.18 11.18 11.18 12.08 17.09 17.89 11.18 17.09 8.49 0.0
14.0 11.7 23.35 4.0 17.09 23.35 4.0 28.16 23.35 12.08 4.0 10.0 11.7 22.0 28.16 16.0 0.0 22.0 11.7 6.4 23.35 0.0 11.7 24.35 28.16 10.0 12.08 10.0 28.16 24.35 28.16 28.16 11.7 22.0 4.0 11.7 12.08 22.0 28.16 24.35 11.7 24.35 17.09 0.0 6.4 4.0 12.08 14.0 4.0 24.35 11.7 6.4 6.4 9.43 12.08 0.0 14.0 9.43 0.0 22.0 17.09
11.18 6.0 18.0 5.0 11.18 18.0 5.0 24.04 18.0 7.0 5.0 6.4 6.0 17.46 24.04 11.7 6.4 17.46 6.0 0.0 18.0 6.4 6.0 18.44 24.04 6.4 7.0 6.4 24.04 18.44 24.04 24.04 6.0 17.46 5.0 6.0 7.0 17.46 24.04 18.44 6.0 18.44 11.18 6.4 0.0 5.0 7.0 11.18 5.0 18.44 6.0 0.0 0.0 4.0 7.0 6.4 11.18 4.0 6.4 17.46 11.18
10.0 11.0 23.0 0.0 16.12 23.0 0.0 28.86 23.0 8.6 0.0 10.77 11.0 22.36 28.86 16.49 4.0 22.36 11.0 5.0 23.0 4.0 11.0 23.35 28.86 10.77 8.6 10.77 28.86 23.35 28.86 28.86 11.0 22.36 0.0 11.0 8.6 22.36 28.86 23.35 11.0 23.35 16.12 4.0 5.0 0.0 8.6 10.0 0.0 23.35 11.0 5.0 5.0 6.4 8.6 4.0 10.0 6.4 4.0 22.36 16.12
5.83 9.22 19.31 8.6 12.08 19.31 8.6 26.93 19.31 0.0 8.6 12.08 9.22 20.25 26.93 15.56 12.08 20.25 9.22 7.0 19.31 12.08 9.22 18.25 26.93 12.08 0.0 12.08 26.93 18.25 26.93 26.93 9.22 20.25 8.6 9.22 0.0 20.25 26.93 18.25 9.22 18.25 12.08 12.08 7.0 8.6 0.0 5.83 8.6 18.25 9.22 7.0 7.0 3.0 0.0 12.08 5.83 3.0 12.08 20.25 12.08
0.0 14.87 25.08 10.0 17.89 25.08 10.0 32.76 25.08 5.83 10.0 17.2 14.87 26.08 32.76 21.26 14.0 26.08 14.87 11.18 25.08 14.0 14.87 23.77 32.76 17.2 5.83 17.2 32.76 23.77 32.76 32.76 14.87 26.08 10.0 14.87 5.83 26.08 32.76 23.77 14.87 23.77 17.89 14.0 11.18 10.0 5.83 0.0 10.0 23.77 14.87 11.18 11.18 7.81 5.83 14.0 0.0 7.81 14.0 26.08 17.89
10.0 11.0 23.0 0.0 16.12 23.0 0.0 28.86 23.0 8.6 0.0 10.77 11.0 22.36 28.86 16.49 4.0 22.36 11.0 5.0 23.0 4.0 11.0 23.35 28.86 10.77 8.6 10.77 28.86 23.35 28.86 28.86 11.0 22.36 0.0 11.0 8.6 22.36 28.86 23.35 11.0 23.35 16.12 4.0 5.0 0.0 8.6 10.0 0.0 23.35 11.0 5.0 5.0 6.4 8.6 4.0 10.0 6.4 4.0 22.36 16.12
23.77 12.65 4.0 23.35 7.28 4.0 23.35 12.08 4.0 18.25 23.35 15.26 12.65 8.06 12.08 10.63 24.35 8.06 12.65 18.44 4.0 24.35 12.65 0.0 12.08 15.26 18.25 15.26 12.08 0.0 12.08 12.08 12.65 8.06 23.35 12.65 18.25 8.06 12.08 0.0 12.65 0.0 7.28 24.35 18.44 23.35 18.25 23.77 23.35 0.0 12.65 18.44 18.44 18.0 18.25 24.35 23.77 18.0 24.35 8.06 7.28
14.87 0.0 12.0 11.0 5.39 12.0 11.0 18.38 12.0 9.22 11.0 4.12 0.0 11.7 18.38 6.4 11.7 11.7 0.0 6.0 12.0 11.7 0.0 12.65 18.38 4.12 9.22 4.12 18.38 12.65 18.38 18.38 0.0 11.7 11.0 0.0 9.22 11.7 18.38 12.65 0.0 12.65 5.39 11.7 6.0 11.0 9.22 14.87 11.0 12.65 0.0 6.0 6.0 7.21 9.22 11.7 14.87 7.21 11.7 11.7 5.39
11.18 6.0 18.0 5.0 11.18 18.0 5.0 24.04 18.0 7.0 5.0 6.4 6.0 17.46 24.04 11.7 6.4 17.46 6.0 0.0 18.0 6.4 6.0 18.44 24.04 6.4 7.0 6.4 24.04 18.44 24.04 24.04 6.0 17.46 5.0 6.0 7.0 17.46 24.04 18.44 6.0 18.44 11.18 6.4 0.0 5.0 7.0 11.18 5.0 18.44 6.0 0.0 0.0 4.0 7.0 6.4 11.18 4.0 6.4 17.46 11.18
11.18 6.0 18.0 5.0 11.18 18.0 5.0 24.04 18.0 7.0 5.0 6.4 6.0 17.46 24.04 11.7 6.4 17.46 6.0 0.0 18.0 6.4 6.0 18.44 24.04 6.4 7.0 6.4 24.04 18.44 24.04 24.04 6.0 17.46 5.0 6.0 7.0 17.46 24.04 18.44 6.0 18.44 11.18 6.4 0.0 5.0 7.0 11.18 5.0 18.44 6.0 0.0 0.0 4.0 7.0 6.4 11.18 4.0 6.4 17.46 11.18
7.81 7.21 18.44 6.4 11.18 18.44 6.4 25.5 18.44 3.0 6.4 9.43 7.21 18.79 25.5 13.6 9.43 18.79 7.21 4.0 18.44 9.43 7.21 18.0 25.5 9.43 3.0 9.43 25.5 18.0 25.5 25.5 7.21 18.79 6.4 7.21 3.0 18.79 25.5 18.0 7.21 18.0 11.18 9.43 4.0 6.4 3.0 7.81 6.4 18.0 7.21 4.0 4.0 0.0 3.0 9.43 7.81 0.0 9.43 18.79 11.18
5.83 9.22 19.31 8.6 12.08 19.31 8.6 26.93 19.31 0.0 8.6 12.08 9.22 20.25 26.93 15.56 12.08 20.25 9.22 7.0 19.31 12.08 9.22 18.25 26.93 12.08 0.0 12.08 26.93 18.25 26.93 26.93 9.22 20.25 8.6 9.22 0.0 20.25 26.93 18.25 9.22 18.25 12.08 12.08 7.0 8.6 0.0 5.83 8.6 18.25 9.22 7.0 7.0 3.0 0.0 12.08 5.83 3.0 12.08 20.25 12.08
14.0 11.7 23.35 4.0 17.09 23.35 4.0 28.16 23.35 12.08 4.0 10.0 11.7 22.0 28.16 16.0 0.0 22.0 11.7 6.4 23.35 0.0 11.7 24.35 28.16 10.0 12.08 10.0 28.16 24.35 28.16 28.16 11.7 22.0 4.0 11.7 12.08 22.0 28.16 24.35 11.7 24.35 17.09 0.0 6.4 4.0 12.08 14.0 4.0 24.35 11.7 6.4 6.4 9.43 12.08 0.0 14.0 9.43 0.0 22.0 17.09
0.0 14.87 25.08 10.0 17.89 25.08 10.0 32.76 25.08 5.83 10.0 17.2 14.87 26.08 32.76 21.26 14.0 26.08 14.87 11.18 25.08 14.0 14.87 23.77 32.76 17.2 5.83 17.2 32.76 23.77 32.76 32.76 14.87 26.08 10.0 14.87 5.83 26.08 32.76 23.77 14.87 23.77 17.89 14.0 11.18 10.0 5.83 0.0 10.0 23.77 14.87 11.18 11.18 7.81 5.83 14.0 0.0 7.81 14.0 26.08 17.89
7.81 7.21 18.44 6.4 11.18 18.44 6.4 25.5 18.44 3.0 6.4 9.43 7.21 18.79 25.5 13.6 9.43 18.79 7.21 4.0 18.44 9.43 7.21 18.0 25.5 9.43 3.0 9.43 25.5 18.0 25.5 25.5 7.21 18.79 6.4 7.21 3.0 18.79 25.5 18.0 7.21 18.0 11.18 9.43 4.0 6.4 3.0 7.81 6.4 18.0 7.21 4.0 4.0 0.0 3.0 9.43 7.81 0.0 9.43 18.79 11.18
14.0 11.7 23.35 4.0 17.09 23.35 4.0 28.16 23.35 12.08 4.0 10.0 11.7 22.0 28.16 16.0 0.0 22.0 11.7 6.4 23.35 0.0 11.7 24.35 28.16 10.0 12.08 10.0 28.16 24.35 28.16 28.16 11.7 22.0 4.0 11.7 12.08 22.0 28.16 24.35 11.7 24.35 17.09 0.0 6.4 4.0 12.08 14.0 4.0 24.35 11.7 6.4 6.4 9.43 12.08 0.0 14.0 9.43 0.0 22.0 17.09
26.08 11.7 4.12 22.36 8.49 4.12 22.36 6.71 4.12 20.25 22.36 12.0 11.7 0.0 6.71 6.0 22.0 0.0 11.7 17.46 4.12 22.0 11.7 8.06 6.71 12.0 20.25 12.0 6.71 8.06 6.71 6.71 11.7 0.0 22.36 11.7 20.25 0.0 6.71 8.06 11.7 8.06 8.49 22.0 17.46 22.36 20.25 26.08 22.36 8.06 11.7 17.46 17.46 18.79 20.25 22.0 26.08 18.79 22.0 0.0 8.49
17.89 5.39 7.28 16.12 0.0 7.28 16.12 15.0 7.28 12.08 16.12 8.49 5.39 8.49 15.0 6.0 17.09 8.49 5.39 11.18 7.28 17.09 5.39 7.28 15.0 8.49 12.08 8.49 15.0 7.28 15.0 15.0 5.39 8.49 16.12 5.39 12.08 8.49 15.0 7.28 5.39 7.28 0.0 17.09 11.18 16.12 12.08 17.89 16.12 7.28 5.39 11.18 11.18 11.18 12.08 17.09 17.89 11.18 17.09 8.49 0.0
