0.0 19.97 7.72 3.75 16.97 7.72 7.72 3.75 9.75 13.52 3.75 13.12 16.77 18.79 19.97 13.12 6.0 10.2 13.12 26.34 16.97 13.12 18.26 26.34 16.77 16.05 18.79 25.47 16.97 13.12 13.12 6.75 18.79 16.05 13.52 20.19 25.47 19.97 25.47 9.75 23.84 6.0 25.47 18.79 7.72 6.0 16.97 13.52 18.26 16.77 10.09 13.52 6.75 16.05 26.34 20.19 19.97 19.97 13.12 19.97 9.75 3.75 25.47 13.12 25.47 6.75 3.75 9.75 6.75 9.75 6.0 13.52 0.0 0.0 16.97 10.2 10.2 26.34 10.2 10.09 26.34 6.0 9.75 26.34 3.75 16.77 9.75 6.0 16.77 0.0 26.34 10.2 16.97 6.0 16.97 26.34 7.72 0.0 19.97 18.79 25.47
19.97 0.0 12.3 18.12 4.56 12.3 12.3 18.12 16.57 6.45 18.12 9.75 4.04 2.25 0.0 9.75 17.32 13.58 9.75 8.55 4.56 9.75 5.3 8.55 4.04 4.04 2.25 9.78 4.56 9.75 9.75 14.89 2.25 4.04 6.45 4.37 9.78 0.0 9.78 16.57 5.46 17.32 9.78 2.25 12.3 17.32 4.56 6.45 5.3 4.04 10.45 6.45 14.89 4.04 8.55 4.37 0.0 0.0 9.75 0.0 16.57 18.12 9.78 9.75 9.78 14.89 18.12 16.57 14.89 16.57 17.32 6.45 19.97 19.97 4.56 13.58 13.58 8.55 13.58 10.45 8.55 17.32 16.57 8.55 18.12 4.04 16.57 17.32 4.04 19.97 8.55 13.58 4.56 17.32 4.56 8.55 12.3 19.97 0.0 2.25 9.78
7.72 12.3 0.0 6.75 9.78 0.0 0.0 6.75 9.03 5.86 6.75 7.5 9.06 11.07 12.3 7.5 7.12 7.08 7.5 18.75 9.78 7.5 10.74 18.75 9.06 8.49 11.07 18.14 9.78 7.5 7.5 3.75 11.07 8.49 5.86 12.57 18.14 12.3 18.14 9.03 16.16 7.12 18.14 11.07 0.0 7.12 9.78 5.86 10.74 9.06 3.75 5.86 3.75 8.49 18.75 12.57 12.3 12.3 7.5 12.3 9.03 6.75 18.14 7.5 18.14 3.75 6.75 9.03 3.75 9.03 7.12 5.86 7.72 7.72 9.78 7.08 7.08 18.75 7.08 3.75 18.75 7.12 9.03 18.75 6.75 9.06 9.03 7.12 9.06 7.72 18.75 7.08 9.78 7.12 9.78 18.75 0.0 7.72 12.3 11.07 18.14
3.75 18.12 6.75 0.0 14.56 6.75 6.75 0.0 6.0 11.86 0.0 10.09 15.46 17.32 18.12 10.09 2.25 6.71 10.09 25.3 14.56 10.09 17.4 25.3 15.46 14.09 17.32 24.85 14.56 10.09 10.09 7.72 17.32 14.09 11.86 19.12 24.85 18.12 24.85 6.0 22.56 2.25 24.85 17.32 6.75 2.25 14.56 11.86 17.4 15.46 7.72 11.86 7.72 14.09 25.3 19.12 18.12 18.12 10.09 18.12 6.0 0.0 24.85 10.09 24.85 7.72 0.0 6.0 7.72 6.0 2.25 11.86 3.75 3.75 14.56 6.71 6.71 25.3 6.71 7.72 25.3 2.25 6.0 25.3 0.0 15.46 6.0 2.25 15.46 3.75 25.3 6.71 14.56 2.25 14.56 25.3 6.75 3.75 18.12 17.32 24.85
16.97 4.56 9.78 14.56 0.0 9.78 9.78 14.56 12.21 4.56 14.56 5.3 5.41 5.41 4.56 5.3 13.42 9.28 5.3 13.1 0.0 5.3 7.97 13.1 5.41 2.37 5.41 14.09 0.0 5.3 5.3 13.1 5.41 2.37 4.56 8.11 14.09 4.56 14.09 12.21 10.01 13.42 14.09 5.41 9.78 13.42 0.0 4.56 7.97 5.41 6.91 4.56 13.1 2.37 13.1 8.11 4.56 4.56 5.3 4.56 12.21 14.56 14.09 5.3 14.09 13.1 14.56 12.21 13.1 12.21 13.42 4.56 16.97 16.97 0.0 9.28 9.28 13.1 9.28 6.91 13.1 13.42 12.21 13.1 14.56 5.41 12.21 13.42 5.41 16.97 13.1 9.28 0.0 13.42 0.0 13.1 9.78 16.97 4.56 5.41 14.09
7.72 12.3 0.0 6.75 9.78 0.0 0.0 6.75 9.03 5.86 6.75 7.5 9.06 11.07 12.3 7.5 7.12 7.08 7.5 18.75 9.78 7.5 10.74 18.75 9.06 8.49 11.07 18.14 9.78 7.5 7.5 3.75 11.07 8.49 5.86 12.57 18.14 12.3 18.14 9.03 16.16 7.12 18.14 11.07 0.0 7.12 9.78 5.86 10.74 9.06 3.75 5.86 3.75 8.49 18.75 12.57 12.3 12.3 7.5 12.3 9.03 6.75 18.14 7.5 18.14 3.75 6.75 9.03 3.75 9.03 7.12 5.86 7.72 7.72 9.78 7.08 7.08 18.75 7.08 3.75 18.75 7.12 9.03 18.75 6.75 9.06 9.03 7.12 9.06 7.72 18.75 7.08 9.78 7.12 9.78 18.75 0.0 7.72 12.3 11.07 18.14
7.72 12.3 0.0 6.75 9.78 0.0 0.0 6.75 9.03 5.86 6.75 7.5 9.06 11.07 12.3 7.5 7.12 7.08 7.5 18.75 9.78 7.5 10.74 18.75 9.06 8.49 11.07 18.14 9.78 7.5 7.5 3.75 11.07 8.49 5.86 12.57 18.14 12.3 18.14 9.03 16.16 7.12 18.14 11.07 0.0 7.12 9.78 5.86 10.74 9.06 3.75 5.86 3.75 8.49 18.75 12.57 12.3 12.3 7.5 12.3 9.03 6.75 18.14 7.5 18.14 3.75 6.75 9.03 3.75 9.03 7.12 5.86 7.72 7.72 9.78 7.08 7.08 18.75 7.08 3.75 18.75 7.12 9.03 18.75 6.75 9.06 9.03 7.12 9.06 7.72 18.75 7.08 9.78 7.12 9.78 18.75 0.0 7.72 12.3 11.07 18.14
3.75 18.12 6.75 0.0 14.56 6.75 6.75 0.0 6.0 11.86 0.0 10.09 15.46 17.32 18.12 10.09 2.25 6.71 10.09 25.3 14.56 10.09 17.4 25.3 15.46 14.09 17.32 24.85 14.56 10.09 10.09 7.72 17.32 14.09 11.86 19.12 24.85 18.12 24.85 6.0 22.56 2.25 24.85 17.32 6.75 2.25 14.56 11.86 17.4 15.46 7.72 11.86 7.72 14.09 25.3 19.12 18.12 18.12 10.09 18.12 6.0 0.0 24.85 10.09 24.85 7.72 0.0 6.0 7.72 6.0 2.25 11.86 3.75 3.75 14.56 6.71 6.71 25.3 6.71 7.72 25.3 2.25 6.0 25.3 0.0 15.46 6.0 2.25 15.46 3.75 25.3 6.71 14.56 2.25 14.56 25.3 6.75 3.75 18.12 17.32 24.85
9.75 16.57 9.03 6.0 12.21 9.03 9.03 6.0 0.0 11.47 6.0 6.91 15.17 16.52 16.57 6.91 3.75 3.0 6.91 24.76 12.21 6.91 17.65 24.76 15.17 12.75 16.52 25.03 12.21 6.91 6.91 11.86 16.52 12.75 11.47 18.88 25.03 16.57 25.03 0.0 21.75 3.75 25.03 16.52 9.03 3.75 12.21 11.47 17.65 15.17 7.12 11.47 11.86 12.75 24.76 18.88 16.57 16.57 6.91 16.57 0.0 6.0 25.03 6.91 25.03 11.86 6.0 0.0 11.86 0.0 3.75 11.47 9.75 9.75 12.21 3.0 3.0 24.76 3.0 7.12 24.76 3.75 0.0 24.76 6.0 15.17 0.0 3.75 15.17 9.75 24.76 3.0 12.21 3.75 12.21 24.76 9.03 9.75 16.57 16.52 25.03
13.52 6.45 5.86 11.86 4.56 5.86 5.86 11.86 11.47 0.0 11.86 5.86 3.75 5.46 6.45 5.86 11.35 8.55 5.86 13.58 4.56 5.86 6.18 13.58 3.75 2.7 5.46 13.58 4.56 5.86 5.86 8.75 5.46 2.7 0.0 7.5 13.58 6.45 13.58 11.47 10.74 11.35 13.58 5.46 5.86 11.35 4.56 0.0 6.18 3.75 4.5 0.0 8.75 2.7 13.58 7.5 6.45 6.45 5.86 6.45 11.47 11.86 13.58 5.86 13.58 8.75 11.86 11.47 8.75 11.47 11.35 0.0 13.52 13.52 4.56 8.55 8.55 13.58 8.55 4.5 13.58 11.35 11.47 13.58 11.86 3.75 11.47 11.35 3.75 13.52 13.58 8.55 4.56 11.35 4.56 13.58 5.86 13.52 6.45 5.46 13.58
3.75 18.12 6.75 0.0 14.56 6.75 6.75 0.0 6.0 11.86 0.0 10.09 15.46 17.32 18.12 10.09 2.25 6.71 10.09 25.3 14.56 10.09 17.4 25.3 15.46 14.09 17.32 24.85 14.56 10.09 10.09 7.72 17.32 14.09 11.86 19.12 24.85 18.12 24.85 6.0 22.56 2.25 24.85 17.32 6.75 2.25 14.56 11.86 17.4 15.46 7.72 11.86 7.72 14.09 25.3 19.12 18.12 18.12 10.09 18.12 6.0 0.0 24.85 10.09 24.85 7.72 0.0 6.0 7.72 6.0 2.25 11.86 3.75 3.75 14.56 6.71 6.71 25.3 6.71 7.72 25.3 2.25 6.0 25.3 0.0 15.46 6.0 2.25 15.46 3.75 25.3 6.71 14.56 2.25 14.56 25.3 6.75 3.75 18.12 17.32 24.85
13.12 9.75 7.5 10.09 5.3 7.5 7.5 10.09 6.91 5.86 10.09 0.0 9.06 10.01 9.75 0.0 8.55 4.04 0.0 18.14 5.3 0.0 11.74 18.14 9.06 6.18 10.01 18.75 5.3 0.0 0.0 11.25 10.01 6.18 5.86 12.57 18.75 9.75 18.75 6.91 15.07 8.55 18.75 10.01 7.5 8.55 5.3 5.86 11.74 9.06 3.75 5.86 11.25 6.18 18.14 12.57 9.75 9.75 0.0 9.75 6.91 10.09 18.75 0.0 18.75 11.25 10.09 6.91 11.25 6.91 8.55 5.86 13.12 13.12 5.3 4.04 4.04 18.14 4.04 3.75 18.14 8.55 6.91 18.14 10.09 9.06 6.91 8.55 9.06 13.12 18.14 4.04 5.3 8.55 5.3 18.14 7.5 13.12 9.75 10.01 18.75
16.77 4.04 9.06 15.46 5.41 9.06 9.06 15.46 15.17 3.75 15.46 9.06 0.0 2.12 4.04 9.06 15.07 12.21 9.06 9.86 5.41 9.06 2.7 9.86 0.0 3.18 2.12 9.86 5.41 9.06 9.06 11.15 2.12 3.18 3.75 3.75 9.86 4.04 9.86 15.17 7.12 15.07 9.86 2.12 9.06 15.07 5.41 3.75 2.7 0.0 8.25 3.75 11.15 3.18 9.86 3.75 4.04 4.04 9.06 4.04 15.17 15.46 9.86 9.06 9.86 11.15 15.46 15.17 11.15 15.17 15.07 3.75 16.77 16.77 5.41 12.21 12.21 9.86 12.21 8.25 9.86 15.07 15.17 9.86 15.46 0.0 15.17 15.07 0.0 16.77 9.86 12.21 5.41 15.07 5.41 9.86 9.06 16.77 4.04 2.12 9.86
18.79 2.25 11.07 17.32 5.41 11.07 11.07 17.32 16.52 5.46 17.32 10.01 2.12 0.0 2.25 10.01 16.77 13.52 10.01 8.25 5.41 10.01 3.09 8.25 2.12 3.82 0.0 8.78 5.41 10.01 10.01 13.27 0.0 3.82 5.46 2.7 8.78 2.25 8.78 16.52 5.3 16.77 8.78 0.0 11.07 16.77 5.41 5.46 3.09 2.12 9.86 5.46 13.27 3.82 8.25 2.7 2.25 2.25 10.01 2.25 16.52 17.32 8.78 10.01 8.78 13.27 17.32 16.52 13.27 16.52 16.77 5.46 18.79 18.79 5.41 13.52 13.52 8.25 13.52 9.86 8.25 16.77 16.52 8.25 17.32 2.12 16.52 16.77 2.12 18.79 8.25 13.52 5.41 16.77 5.41 8.25 11.07 18.79 2.25 0.0 8.78
19.97 0.0 12.3 18.12 4.56 12.3 12.3 18.12 16.57 6.45 18.12 9.75 4.04 2.25 0.0 9.75 17.32 13.58 9.75 8.55 4.56 9.75 5.3 8.55 4.04 4.04 2.25 9.78 4.56 9.75 9.75 14.89 2.25 4.04 6.45 4.37 9.78 0.0 9.78 16.57 5.46 17.32 9.78 2.25 12.3 17.32 4.56 6.45 5.3 4.04 10.45 6.45 14.89 4.04 8.55 4.37 0.0 0.0 9.75 0.0 16.57 18.12 9.78 9.75 9.78 14.89 18.12 16.57 14.89 16.57 17.32 6.45 19.97 19.97 4.56 13.58 13.58 8.55 13.58 10.45 8.55 17.32 16.57 8.55 18.12 4.04 16.57 17.32 4.04 19.97 8.55 13.58 4.56 17.32 4.56 8.55 12.3 19.97 0.0 2.25 9.78
13.12 9.75 7.5 10.09 5.3 7.5 7.5 10.09 6.91 5.86 10.09 0.0 9.06 10.01 9.75 0.0 8.55 4.04 0.0 18.14 5.3 0.0 11.74 18.14 9.06 6.18 10.01 18.75 5.3 0.0 0.0 11.25 10.01 6.18 5.86 12.57 18.75 9.75 18.75 6.91 15.07 8.55 18.75 10.01 7.5 8.55 5.3 5.86 11.74 9.06 3.75 5.86 11.25 6.18 18.14 12.57 9.75 9.75 0.0 9.75 6.91 10.09 18.75 0.0 18.75 11.25 10.09 6.91 11.25 6.91 8.55 5.86 13.12 13.12 5.3 4.04 4.04 18.14 4.04 3.75 18.14 8.55 6.91 18.14 10.09 9.06 6.91 8.55 9.06 13.12 18.14 4.04 5.3 8.55 5.3 18.14 7.5 13.12 9.75 10.01 18.75
6.0 17.32 7.12 2.25 13.42 7.12 7.12 2.25 3.75 11.35 2.25 8.55 15.07 16.77 17.32 8.55 0.0 4.8 8.55 24.93 13.42 8.55 17.25 24.93 15.07 13.29 16.77 24.75 13.42 8.55 8.55 9.03 16.77 13.29 11.35 18.81 24.75 17.32 24.75 3.75 22.07 0.0 24.75 16.77 7.12 0.0 13.42 11.35 17.25 15.07 6.91 11.35 9.03 13.29 24.93 18.81 17.32 17.32 8.55 17.32 3.75 2.25 24.75 8.55 24.75 9.03 2.25 3.75 9.03 3.75 0.0 11.35 6.0 6.0 13.42 4.8 4.8 24.93 4.8 6.91 24.93 0.0 3.75 24.93 2.25 15.07 3.75 0.0 15.07 6.0 24.93 4.8 13.42 0.0 13.42 24.93 7.12 6.0 17.32 16.77 24.75
10.2 13.58 7.08 6.71 9.28 7.08 7.08 6.71 3.0 8.55 6.71 4.04 12.21 13.52 13.58 4.04 4.8 0.0 4.04 21.76 9.28 4.04 14.74 21.76 12.21 9.75 13.52 22.07 9.28 4.04 4.04 10.45 13.52 9.75 8.55 15.91 22.07 13.58 22.07 3.0 18.75 4.8 22.07 13.52 7.08 4.8 9.28 8.55 14.74 12.21 4.37 8.55 10.45 9.75 21.76 15.91 13.58 13.58 4.04 13.58 3.0 6.71 22.07 4.04 22.07 10.45 6.71 3.0 10.45 3.0 4.8 8.55 10.2 10.2 9.28 0.0 0.0 21.76 0.0 4.37 21.76 4.8 3.0 21.76 6.71 12.21 3.0 4.8 12.21 10.2 21.76 0.0 9.28 4.8 9.28 21.76 7.08 10.2 13.58 13.52 22.07
13.12 9.75 7.5 10.09 5.3 7.5 7.5 10.09 6.91 5.86 10.09 0.0 9.06 10.01 9.75 0.0 8.55 4.04 0.0 18.14 5.3 0.0 11.74 18.14 9.06 6.18 10.01 18.75 5.3 0.0 0.0 11.25 10.01 6.18 5.86 12.57 18.75 9.75 18.75 6.91 15.07 8.55 18.75 10.01 7.5 8.55 5.3 5.86 11.74 9.06 3.75 5.86 11.25 6.18 18.14 12.57 9.75 9.75 0.0 9.75 6.91 10.09 18.75 0.0 18.75 11.25 10.09 6.91 11.25 6.91 8.55 5.86 13.12 13.12 5.3 4.04 4.04 18.14 4.04 3.75 18.14 8.55 6.91 18.14 10.09 9.06 6.91 8.55 9.06 13.12 18.14 4.04 5.3 8.55 5.3 18.14 7.5 13.12 9.75 10.01 18.75
26.34 8.55 18.75 25.3 13.1 18.75 18.75 25.3 24.76 13.58 25.3 18.14 9.86 8.25 8.55 18.14 24.93 21.76 18.14 0.0 13.1 18.14 8.08 0.0 9.86 12.02 8.25 3.0 13.1 18.14 18.14 20.12 8.25 12.02 13.58 6.18 3.0 8.55 3.0 24.76 3.09 24.93 3.0 8.25 18.75 24.93 13.1 13.58 8.08 9.86 18.06 13.58 20.12 12.02 0.0 6.18 8.55 8.55 18.14 8.55 24.76 25.3 3.0 18.14 3.0 20.12 25.3 24.76 20.12 24.76 24.93 13.58 26.34 26.34 13.1 21.76 21.76 0.0 21.76 18.06 0.0 24.93 24.76 0.0 25.3 9.86 24.76 24.93 9.86 26.34 0.0 21.76 13.1 24.93 13.1 0.0 18.75 26.34 8.55 8.25 3.0
16.97 4.56 9.78 14.56 0.0 9.78 9.78 14.56 12.21 4.56 14.56 5.3 5.41 5.41 4.56 5.3 13.42 9.28 5.3 13.1 0.0 5.3 7.97 13.1 5.41 2.37 5.41 14.09 0.0 5.3 5.3 13.1 5.41 2.37 4.56 8.11 14.09 4.56 14.09 12.21 10.01 13.42 14.09 5.41 9.78 13.42 0.0 4.56 7.97 5.41 6.91 4.56 13.1 2.37 13.1 8.11 4.56 4.56 5.3 4.56 12.21 14.56 14.09 5.3 14.09 13.1 14.56 12.21 13.1 12.21 13.42 4.56 16.97 16.97 0.0 9.28 9.28 13.1 9.28 6.91 13.1 13.42 12.21 13.1 14.56 5.41 12.21 13.42 5.41 16.97 13.1 9.28 0.0 13.42 0.0 13.1 9.78 16.97 4.56 5.41 14.09
13.12 9.75 7.5 10.09 5.3 7.5 7.5 10.09 6.91 5.86 10.09 0.0 9.06 10.01 9.75 0.0 8.55 4.04 0.0 18.14 5.3 0.0 11.74 18.14 9.06 6.18 10.01 18.75 5.3 0.0 0.0 11.25 10.01 6.18 5.86 12.57 18.75 9.75 18.75 6.91 15.07 8.55 18.75 10.01 7.5 8.55 5.3 5.86 11.74 9.06 3.75 5.86 11.25 6.18 18.14 12.57 9.75 9.75 0.0 9.75 6.91 10.09 18.75 0.0 18.75 11.25 10.09 6.91 11.25 6.91 8.55 5.86 13.12 13.12 5.3 4.04 4.04 18.14 4.04 3.75 18.14 8.55 6.91 18.14 10.09 9.06 6.91 8.55 9.06 13.12 18.14 4.04 5.3 8.55 5.3 18.14 7.5 13.12 9.75 10.01 18.75
18.26 5.3 10.74 17.4 7.97 10.74 10.74 17.4 17.65 6.18 17.4 11.74 2.7 3.09 5.3 11.74 17.25 14.74 11.74 8.08 7.97 11.74 0.0 8.08 2.7 5.86 3.09 7.5 7.97 11.74 11.74 12.09 3.09 5.86 6.18 2.12 7.5 5.3 7.5 17.65 5.86 17.25 7.5 3.09 10.74 17.25 7.97 6.18 0.0 2.7 10.61 6.18 12.09 5.86 8.08 2.12 5.3 5.3 11.74 5.3 17.65 17.4 7.5 11.74 7.5 12.09 17.4 17.65 12.09 17.65 17.25 6.18 18.26 18.26 7.97 14.74 14.74 8.08 14.74 10.61 8.08 17.25 17.65 8.08 17.4 2.7 17.65 17.25 2.7 18.26 8.08 14.74 7.97 17.25 7.97 8.08 10.74 18.26 5.3 3.09 7.5
26.34 8.55 18.75 25.3 13.1 18.75 18.75 25.3 24.76 13.58 25.3 18.14 9.86 8.25 8.55 18.14 24.93 21.76 18.14 0.0 13.1 18.14 8.08 0.0 9.86 12.02 8.25 3.0 13.1 18.14 18.14 20.12 8.25 12.02 13.58 6.18 3.0 8.55 3.0 24.76 3.09 24.93 3.0 8.25 18.75 24.93 13.1 13.58 8.08 9.86 18.06 13.58 20.12 12.02 0.0 6.18 8.55 8.55 18.14 8.55 24.76 25.3 3.0 18.14 3.0 20.12 25.3 24.76 20.12 24.76 24.93 13.58 26.34 26.34 13.1 21.76 21.76 0.0 21.76 18.06 0.0 24.93 24.76 0.0 25.3 9.86 24.76 24.93 9.86 26.34 0.0 21.76 13.1 24.93 13.1 0.0 18.75 26.34 8.55 8.25 3.0
16.77 4.04 9.06 15.46 5.41 9.06 9.06 15.46 15.17 3.75 15.46 9.06 0.0 2.12 4.04 9.06 15.07 12.21 9.06 9.86 5.41 9.06 2.7 9.86 0.0 3.18 2.12 9.86 5.41 9.06 9.06 11.15 2.12 3.18 3.75 3.75 9.86 4.04 9.86 15.17 7.12 15.07 9.86 2.12 9.06 15.07 5.41 3.75 2.7 0.0 8.25 3.75 11.15 3.18 9.86 3.75 4.04 4.04 9.06 4.04 15.17 15.46 9.86 9.06 9.86 11.15 15.46 15.17 11.15 15.17 15.07 3.75 16.77 16.77 5.41 12.21 12.21 9.86 12.21 8.25 9.86 15.07 15.17 9.86 15.46 0.0 15.17 15.07 0.0 16.77 9.86 12.21 5.41 15.07 5.41 9.86 9.06 16.77 4.04 2.12 9.86
16.05 4.04 8.49 14.09 2.37 8.49 8.49 14.09 12.75 2.7 14.09 6.18 3.18 3.82 4.04 6.18 13.29 9.75 6.18 12.02 2.37 6.18 5.86 12.02 3.18 0.0 3.82 12.57 2.37 6.18 6.18 11.45 3.82 0.0 2.7 6.41 12.57 4.04 12.57 12.75 9.0 13.29 12.57 3.82 8.49 13.29 2.37 2.7 5.86 3.18 6.41 2.7 11.45 0.0 12.02 6.41 4.04 4.04 6.18 4.04 12.75 14.09 12.57 6.18 12.57 11.45 14.09 12.75 11.45 12.75 13.29 2.7 16.05 16.05 2.37 9.75 9.75 12.02 9.75 6.41 12.02 13.29 12.75 12.02 14.09 3.18 12.75 13.29 3.18 16.05 12.02 9.75 2.37 13.29 2.37 12.02 8.49 16.05 4.04 3.82 12.57
18.79 2.25 11.07 17.32 5.41 11.07 11.07 17.32 16.52 5.46 17.32 10.01 2.12 0.0 2.25 10.01 16.77 13.52 10.01 8.25 5.41 10.01 3.09 8.25 2.12 3.82 0.0 8.78 5.41 10.01 10.01 13.27 0.0 3.82 5.46 2.7 8.78 2.25 8.78 16.52 5.3 16.77 8.78 0.0 11.07 16.77 5.41 5.46 3.09 2.12 9.86 5.46 13.27 3.82 8.25 2.7 2.25 2.25 10.01 2.25 16.52 17.32 8.78 10.01 8.78 13.27 17.32 16.52 13.27 16.52 16.77 5.46 18.79 18.79 5.41 13.52 13.52 8.25 13.52 9.86 8.25 16.77 16.52 8.25 17.32 2.12 16.52 16.77 2.12 18.79 8.25 13.52 5.41 16.77 5.41 8.25 11.07 18.79 2.25 0.0 8.78
25.47 9.78 18.14 24.85 14.09 18.14 18.14 24.85 25.03 13.58 24.85 18.75 9.86 8.78 9.78 18.75 24.75 22.07 18.75 3.0 14.09 18.75 7.5 3.0 9.86 12.57 8.78 0.0 14.09 18.75 18.75 18.97 8.78 12.57 13.58 6.18 0.0 9.78 0.0 25.03 4.8 24.75 0.0 8.78 18.14 24.75 14.09 13.58 7.5 9.86 18.06 13.58 18.97 12.57 3.0 6.18 9.78 9.78 18.75 9.78 25.03 24.85 0.0 18.75 0.0 18.97 24.85 25.03 18.97 25.03 24.75 13.58 25.47 25.47 14.09 22.07 22.07 3.0 22.07 18.06 3.0 24.75 25.03 3.0 24.85 9.86 25.03 24.75 9.86 25.47 3.0 22.07 14.09 24.75 14.09 3.0 18.14 25.47 9.78 8.78 0.0
16.97 4.56 9.78 14.56 0.0 9.78 9.78 14.56 12.21 4.56 14.56 5.3 5.41 5.41 4.56 5.3 13.42 9.28 5.3 13.1 0.0 5.3 7.97 13.1 5.41 2.37 5.41 14.09 0.0 5.3 5.3 13.1 5.41 2.37 4.56 8.11 14.09 4.56 14.09 12.21 10.01 13.42 14.09 5.41 9.78 13.42 0.0 4.56 7.97 5.41 6.91 4.56 13.1 2.37 13.1 8.11 4.56 4.56 5.3 4.56 12.21 14.56 14.09 5.3 14.09 13.1 14.56 12.21 13.1 12.21 13.42 4.56 16.97 16.97 0.0 9.28 9.28 13.1 9.28 6.91 13.1 13.42 12.21 13.1 14.56 5.41 12.21 13.42 5.41 16.97 13.1 9.28 0.0 13.42 0.0 13.1 9.78 16.97 4.56 5.41 14.09
13.12 9.75 7.5 10.09 5.3 7.5 7.5 10.09 6.91 5.86 10.09 0.0 9.06 10.01 9.75 0.0 8.55 4.04 0.0 18.14 5.3 0.0 11.74 18.14 9.06 6.18 10.01 18.75 5.3 0.0 0.0 11.25 10.01 6.18 5.86 12.57 18.75 9.75 18.75 6.91 15.07 8.55 18.75 10.01 7.5 8.55 5.3 5.86 11.74 9.06 3.75 5.86 11.25 6.18 18.14 12.57 9.75 9.75 0.0 9.75 6.91 10.09 18.75 0.0 18.75 11.25 10.09 6.91 11.25 6.91 8.55 5.86 13.12 13.12 5.3 4.04 4.04 18.14 4.04 3.75 18.14 8.55 6.91 18.14 10.09 9.06 6.91 8.55 9.06 13.12 18.14 4.04 5.3 8.55 5.3 18.14 7.5 13.12 9.75 10.01 18.75
13.12 9.75 7.5 10.09 5.3 7.5 7.5 10.09 6.91 5.86 10.09 0.0 9.06 10.01 9.75 0.0 8.55 4.04 0.0 18.14 5.3 0.0 11.74 18.14 9.06 6.18 10.01 18.75 5.3 0.0 0.0 11.25 10.01 6.18 5.86 12.57 18.75 9.75 18.75 6.91 15.07 8.55 18.75 10.01 7.5 8.55 5.3 5.86 11.74 9.06 3.75 5.86 11.25 6.18 18.14 12.57 9.75 9.75 0.0 9.75 6.91 10.09 18.75 0.0 18.75 11.25 10.09 6.91 11.25 6.91 8.55 5.86 13.12 13.12 5.3 4.04 4.04 18.14 4.04 3.75 18.14 8.55 6.91 18.14 10.09 9.06 6.91 8.55 9.06 13.12 18.14 4.04 5.3 8.55 5.3 18.14 7.5 13.12 9.75 10.01 18.75
6.75 14.89 3.75 7.72 13.1 3.75 3.75 7.72 11.86 8.75 7.72 11.25 11.15 13.27 14.89 11.25 9.03 10.45 11.25 20.12 13.1 11.25 12.09 20.12 11.15 11.45 13.27 18.97 13.1 11.25 11.25 0.0 13.27 11.45 8.75 14.15 18.97 14.89 18.97 11.86 17.89 9.03 18.97 13.27 3.75 9.03 13.1 8.75 12.09 11.15 7.5 8.75 0.0 11.45 20.12 14.15 14.89 14.89 11.25 14.89 11.86 7.72 18.97 11.25 18.97 0.0 7.72 11.86 0.0 11.86 9.03 8.75 6.75 6.75 13.1 10.45 10.45 20.12 10.45 7.5 20.12 9.03 11.86 20.12 7.72 11.15 11.86 9.03 11.15 6.75 20.12 10.45 13.1 9.03 13.1 20.12 3.75 6.75 14.89 13.27 18.97
18.79 2.25 11.07 17.32 5.41 11.07 11.07 17.32 16.52 5.46 17.32 10.01 2.12 0.0 2.25 10.01 16.77 13.52 10.01 8.25 5.41 10.01 3.09 8.25 2.12 3.82 0.0 8.78 5.41 10.01 10.01 13.27 0.0 3.82 5.46 2.7 8.78 2.25 8.78 16.52 5.3 16.77 8.78 0.0 11.07 16.77 5.41 5.46 3.09 2.12 9.86 5.46 13.27 3.82 8.25 2.7 2.25 2.25 10.01 2.25 16.52 17.32 8.78 10.01 8.78 13.27 17.32 16.52 13.27 16.52 16.77 5.46 18.79 18.79 5.41 13.52 13.52 8.25 13.52 9.86 8.25 16.77 16.52 8.25 17.32 2.12 16.52 16.77 2.12 18.79 8.25 13.52 5.41 16.77 5.41 8.25 11.07 18.79 2.25 0.0 8.78
16.05 4.04 8.49 14.09 2.37 8.49 8.49 14.09 12.75 2.7 14.09 6.18 3.18 3.82 4.04 6.18 13.29 9.75 6.18 12.02 2.37 6.18 5.86 12.02 3.18 0.0 3.82 12.57 2.37 6.18 6.18 11.45 3.82 0.0 2.7 6.41 12.57 4.04 12.57 12.75 9.0 13.29 12.57 3.82 8.49 13.29 2.37 2.7 5.86 3.18 6.41 2.7 11.45 0.0 12.02 6.41 4.04 4.04 6.18 4.04 12.75 14.09 12.57 6.18 12.57 11.45 14.09 12.75 11.45 12.75 13.29 2.7 16.05 16.05 2.37 9.75 9.75 12.02 9.75 6.41 12.02 13.29 12.75 12.02 14.09 3.18 12.75 13.29 3.18 16.05 12.02 9.75 2.37 13.29 2.37 12.02 8.49 16.05 4.04 3.82 12.57
13.52 6.45 5.86 11.86 4.56 5.86 5.86 11.86 11.47 0.0 11.86 5.86 3.75 5.46 6.45 5.86 11.35 8.55 5.86 13.58 4.56 5.86 6.18 13.58 3.75 2.7 5.46 13.58 4.56 5.86 5.86 8.75 5.46 2.7 0.0 7.5 13.58 6.45 13.58 11.47 10.74 11.35 13.58 5.46 5.86 11.35 4.56 0.0 6.18 3.75 4.5 0.0 8.75 2.7 13.58 7.5 6.45 6.45 5.86 6.45 11.47 11.86 13.58 5.86 13.58 8.75 11.86 11.47 8.75 11.47 11.35 0.0 13.52 13.52 4.56 8.55 8.55 13.58 8.55 4.5 13.58 11.35 11.47 13.58 11.86 3.75 11.47 11.35 3.75 13.52 13.58 8.55 4.56 11.35 4.56 13.58 5.86 13.52 6.45 5.46 13.58
20.19 4.37 12.57 19.12 8.11 12.57 12.57 19.12 18.88 7.5 19.12 12.57 3.75 2.7 4.37 12.57 18.81 15.91 12.57 6.18 8.11 12.57 2.12 6.18 3.75 6.41 2.7 6.18 8.11 12.57 12.57 14.15 2.7 6.41 7.5 0.0 6.18 4.37 6.18 18.88 3.75 18.81 6.18 2.7 12.57 18.81 8.11 7.5 2.12 3.75 12.0 7.5 14.15 6.41 6.18 0.0 4.37 4.37 12.57 4.37 18.88 19.12 6.18 12.57 6.18 14.15 19.12 18.88 14.15 18.88 18.81 7.5 20.19 20.19 8.11 15.91 15.91 6.18 15.91 12.0 6.18 18.81 18.88 6.18 19.12 3.75 18.88 18.81 3.75 20.19 6.18 15.91 8.11 18.81 8.11 6.18 12.57 20.19 4.37 2.7 6.18
25.47 9.78 18.14 24.85 14.09 18.14 18.14 24.85 25.03 13.58 24.85 18.75 9.86 8.78 9.78 18.75 24.75 22.07 18.75 3.0 14.09 18.75 7.5 3.0 9.86 12.57 8.78 0.0 14.09 18.75 18.75 18.97 8.78 12.57 13.58 6.18 0.0 9.78 0.0 25.03 4.8 24.75 0.0 8.78 18.14 24.75 14.09 13.58 7.5 9.86 18.06 13.58 18.97 12.57 3.0 6.18 9.78 9.78 18.75 9.78 25.03 24.85 0.0 18.75 0.0 18.97 24.85 25.03 18.97 25.03 24.75 13.58 25.47 25.47 14.09 22.07 22.07 3.0 22.07 18.06 3.0 24.75 25.03 3.0 24.85 9.86 25.03 24.75 9.86 25.47 3.0 22.07 14.09 24.75 14.09 3.0 18.14 25.47 9.78 8.78 0.0
19.97 0.0 12.3 18.12 4.56 12.3 12.3 18.12 16.57 6.45 18.12 9.75 4.04 2.25 0.0 9.75 17.32 13.58 9.75 8.55 4.56 9.75 5.3 8.55 4.04 4.04 2.25 9.78 4.56 9.75 9.75 14.89 2.25 4.04 6.45 4.37 9.78 0.0 9.78 16.57 5.46 17.32 9.78 2.25 12.3 17.32 4.56 6.45 5.3 4.04 10.45 6.45 14.89 4.04 8.55 4.37 0.0 0.0 9.75 0.0 16.57 18.12 9.78 9.75 9.78 14.89 18.12 16.57 14.89 16.57 17.32 6.45 19.97 19.97 4.56 13.58 13.58 8.55 13.58 10.45 8.55 17.32 16.57 8.55 18.12 4.04 16.57 17.32 4.04 19.97 8.55 13.58 4.56 17.32 4.56 8.55 12.3 19.97 0.0 2.25 9.78
25.47 9.78 18.14 24.85 14.09 18.14 18.14 24.85 25.03 13.58 24.85 18.75 9.86 8.78 9.78 18.75 24.75 22.07 18.75 3.0 14.09 18.75 7.5 3.0 9.86 12.57 8.78 0.0 14.09 18.75 18.75 18.97 8.78 12.57 13.58 6.18 0.0 9.78 0.0 25.03 4.8 24.75 0.0 8.78 18.14 24.75 14.09 13.58 7.5 9.86 18.06 13.58 18.97 12.57 3.0 6.18 9.78 9.78 18.75 9.78 25.03 24.85 0.0 18.75 0.0 18.97 24.85 25.03 18.97 25.03 24.75 13.58 25.47 25.47 14.09 22.07 22.07 3.0 22.07 18.06 3.0 24.75 25.03 3.0 24.85 9.86 25.03 24.75 9.86 25.47 3.0 22.07 14.09 24.75 14.09 3.0 18.14 25.47 9.78 8.78 0.0
9.75 16.57 9.03 6.0 12.21 9.03 9.03 6.0 0.0 11.47 6.0 6.91 15.17 16.52 16.57 6.91 3.75 3.0 6.91 24.76 12.21 6.91 17.65 24.76 15.17 12.75 16.52 25.03 12.21 6.91 6.91 11.86 16.52 12.75 11.47 18.88 25.03 16.57 25.03 0.0 21.75 3.75 25.03 16.52 9.03 3.75 12.21 11.47 17.65 15.17 7.12 11.47 11.86 12.75 24.76 18.88 16.57 16.57 6.91 16.57 0.0 6.0 25.03 6.91 25.03 11.86 6.0 0.0 11.86 0.0 3.75 11.47 9.75 9.75 12.21 3.0 3.0 24.76 3.0 7.12 24.76 3.75 0.0 24.76 6.0 15.17 0.0 3.75 15.17 9.75 24.76 3.0 12.21 3.75 12.21 24.76 9.03 9.75 16.57 16.52 25.03
23.84 5.46 16.16 22.56 10.01 16.16 16.16 22.56 21.75 10.74 22.56 15.07 7.12 5.3 5.46 15.07 22.07 18.75 15.07 3.09 10.01 15.07 5.86 3.09 7.12 9.0 5.3 4.8 10.01 15.07 15.07 17.89 5.3 9.0 10.74 3.75 4.8 5.46 4.8 21.75 0.0 22.07 4.8 5.3 16.16 22.07 10.01 10.74 5.86 7.12 15.17 10.74 17.89 9.0 3.09 3.75 5.46 5.46 15.07 5.46 21.75 22.56 4.8 15.07 4.8 17.89 22.56 21.75 17.89 21.75 22.07 10.74 23.84 23.84 10.01 18.75 18.75 3.09 18.75 15.17 3.09 22.07 21.75 3.09 22.56 7.12 21.75 22.07 7.12 23.84 3.09 18.75 10.01 22.07 10.01 3.09 16.16 23.84 5.46 5.3 4.8
6.0 17.32 7.12 2.25 13.42 7.12 7.12 2.25 3.75 11.35 2.25 8.55 15.07 16.77 17.32 8.55 0.0 4.8 8.55 24.93 13.42 8.55 17.25 24.93 15.07 13.29 16.77 24.75 13.42 8.55 8.55 9.03 16.77 13.29 11.35 18.81 24.75 17.32 24.75 3.75 22.07 0.0 24.75 16.77 7.12 0.0 13.42 11.35 17.25 15.07 6.91 11.35 9.03 13.29 24.93 18.81 17.32 17.32 8.55 17.32 3.75 2.25 24.75 8.55 24.75 9.03 2.25 3.75 9.03 3.75 0.0 11.35 6.0 6.0 13.42 4.8 4.8 24.93 4.8 6.91 24.93 0.0 3.75 24.93 2.25 15.07 3.75 0.0 15.07 6.0 24.93 4.8 13.42 0.0 13.42 24.93 7.12 6.0 17.32 16.77 24.75
25.47 9.78 18.14 24.85 14.09 18.14 18.14 24.85 25.03 13.58 24.85 18.75 9.86 8.78 9.78 18.75 24.75 22.07 18.75 3.0 14.09 18.75 7.5 3.0 9.86 12.57 8.78 0.0 14.09 18.75 18.75 18.97 8.78 12.57 13.58 6.18 0.0 9.78 0.0 25.03 4.8 24.75 0.0 8.78 18.14 24.75 14.09 13.58 7.5 9.86 18.06 13.58 18.97 12.57 3.0 6.18 9.78 9.78 18.75 9.78 25.03 24.85 0.0 18.75 0.0 18.97 24.85 25.03 18.97 25.03 24.75 13.58 25.47 25.47 14.09 22.07 22.07 3.0 22.07 18.06 3.0 24.75 25.03 3.0 24.85 9.86 25.03 24.75 9.86 25.47 3.0 22.07 14.09 24.75 14.09 3.0 18.14 25.47 9.78 8.78 0.0
18.79 2.25 11.07 17.32 5.41 11.07 11.07 17.32 16.52 5.46 17.32 10.01 2.12 0.0 2.25 10.01 16.77 13.52 10.01 8.25 5.41 10.01 3.09 8.25 2.12 3.82 0.0 8.78 5.41 10.01 10.01 13.27 0.0 3.82 5.46 2.7 8.78 2.25 8.78 16.52 5.3 16.77 8.78 0.0 11.07 16.77 5.41 5.46 3.09 2.12 9.86 5.46 13.27 3.82 8.25 2.7 2.25 2.25 10.01 2.25 16.52 17.32 8.78 10.01 8.78 13.27 17.32 16.52 13.27 16.52 16.77 5.46 18.79 18.79 5.41 13.52 13.52 8.25 13.52 9.86 8.25 16.77 16.52 8.25 17.32 2.12 16.52 16.77 2.12 18.79 8.25 13.52 5.41 16.77 5.41 8.25 11.07 18.79 2.25 0.0 8.78
7.72 12.3 0.0 6.75 9.78 0.0 0.0 6.75 9.03 5.86 6.75 7.5 9.06 11.07 12.3 7.5 7.12 7.08 7.5 18.75 9.78 7.5 10.74 18.75 9.06 8.49 11.07 18.14 9.78 7.5 7.5 3.75 11.07 8.49 5.86 12.57 18.14 12.3 18.14 9.03 16.16 7.12 18.14 11.07 0.0 7.12 9.78 5.86 10.74 9.06 3.75 5.86 3.75 8.49 18.75 12.57 12.3 12.3 7.5 12.3 9.03 6.75 18.14 7.5 18.14 3.75 6.75 9.03 3.75 9.03 7.12 5.86 7.72 7.72 9.78 7.08 7.08 18.75 7.08 3.75 18.75 7.12 9.03 18.75 6.75 9.06 9.03 7.12 9.06 7.72 18.75 7.08 9.78 7.12 9.78 18.75 0.0 7.72 12.3 11.07 18.14
6.0 17.32 7.12 2.25 13.42 7.12 7.12 2.25 3.75 11.35 2.25 8.55 15.07 16.77 17.32 8.55 0.0 4.8 8.55 24.93 13.42 8.55 17.25 24.93 15.07 13.29 16.77 24.75 13.42 8.55 8.55 9.03 16.77 13.29 11.35 18.81 24.75 17.32 24.75 3.75 22.07 0.0 24.75 16.77 7.12 0.0 13.42 11.35 17.25 15.07 6.91 11.35 9.03 13.29 24.93 18.81 17.32 17.32 8.55 17.32 3.75 2.25 24.75 8.55 24.75 9.03 2.25 3.75 9.03 3.75 0.0 11.35 6.0 6.0 13.42 4.8 4.8 24.93 4.8 6.91 24.93 0.0 3.75 24.93 2.25 15.07 3.75 0.0 15.07 6.0 24.93 4.8 13.42 0.0 13.42 24.93 7.12 6.0 17.32 16.77 24.75
16.97 4.56 9.78 14.56 0.0 9.78 9.78 14.56 12.21 4.56 14.56 5.3 5.41 5.41 4.56 5.3 13.42 9.28 5.3 13.1 0.0 5.3 7.97 13.1 5.41 2.37 5.41 14.09 0.0 5.3 5.3 13.1 5.41 2.37 4.56 8.11 14.09 4.56 14.09 12.21 10.01 13.42 14.09 5.41 9.78 13.42 0.0 4.56 7.97 5.41 6.91 4.56 13.1 2.37 13.1 8.11 4.56 4.56 5.3 4.56 12.21 14.56 14.09 5.3 14.09 13.1 14.56 12.21 13.1 12.21 13.42 4.56 16.97 16.97 0.0 9.28 9.28 13.1 9.28 6.91 13.1 13.42 12.21 13.1 14.56 5.41 12.21 13.42 5.41 16.97 13.1 9.28 0.0 13.42 0.0 13.1 9.78 16.97 4.56 5.41 14.09
13.52 6.45 5.86 11.86 4.56 5.86 5.86 11.86 11.47 0.0 11.86 5.86 3.75 5.46 6.45 5.86 11.35 8.55 5.86 13.58 4.56 5.86 6.18 13.58 3.75 2.7 5.46 13.58 4.56 5.86 5.86 8.75 5.46 2.7 0.0 7.5 13.58 6.45 13.58 11.47 10.74 11.35 13.58 5.46 5.86 11.35 4.56 0.0 6.18 3.75 4.5 0.0 8.75 2.7 13.58 7.5 6.45 6.45 5.86 6.45 11.47 11.86 13.58 5.86 13.58 8.75 11.86 11.47 8.75 11.47 11.35 0.0 13.52 13.52 4.56 8.55 8.55 13.58 8.55 4.5 13.58 11.35 11.47 13.58 11.86 3.75 11.47 11.35 3.75 13.52 13.58 8.55 4.56 11.35 4.56 13.58 5.86 13.52 6.45 5.46 13.58
18.26 5.3 10.74 17.4 7.97 10.74 10.74 17.4 17.65 6.18 17.4 11.74 2.7 3.09 5.3 11.74 17.25 14.74 11.74 8.08 7.97 11.74 0.0 8.08 2.7 5.86 3.09 7.5 7.97 11.74 11.74 12.09 3.09 5.86 6.18 2.12 7.5 5.3 7.5 17.65 5.86 17.25 7.5 3.09 10.74 17.25 7.97 6.18 0.0 2.7 10.61 6.18 12.09 5.86 8.08 2.12 5.3 5.3 11.74 5.3 17.65 17.4 7.5 11.74 7.5 12.09 17.4 17.65 12.09 17.65 17.25 6.18 18.26 18.26 7.97 14.74 14.74 8.08 14.74 10.61 8.08 17.25 17.65 8.08 17.4 2.7 17.65 17.25 2.7 18.26 8.08 14.74 7.97 17.25 7.97 8.08 10.74 18.26 5.3 3.09 7.5
16.77 4.04 9.06 15.46 5.41 9.06 9.06 15.46 15.17 3.75 15.46 9.06 0.0 2.12 4.04 9.06 15.07 12.21 9.06 9.86 5.41 9.06 2.7 9.86 0.0 3.18 2.12 9.86 5.41 9.06 9.06 11.15 2.12 3.18 3.75 3.75 9.86 4.04 9.86 15.17 7.12 15.07 9.86 2.12 9.06 15.07 5.41 3.75 2.7 0.0 8.25 3.75 11.15 3.18 9.86 3.75 4.04 4.04 9.06 4.04 15.17 15.46 9.86 9.06 9.86 11.15 15.46 15.17 11.15 15.17 15.07 3.75 16.77 16.77 5.41 12.21 12.21 9.86 12.21 8.25 9.86 15.07 15.17 9.86 15.46 0.0 15.17 15.07 0.0 16.77 9.86 12.21 5.41 15.07 5.41 9.86 9.06 16.77 4.04 2.12 9.86
10.09 10.45 3.75 7.72 6.91 3.75 3.75 7.72 7.12 4.5 7.72 3.75 8.25 9.86 10.45 3.75 6.91 4.37 3.75 18.06 6.91 3.75 10.61 18.06 8.25 6.41 9.86 18.06 6.91 3.75 3.75 7.5 9.86 6.41 4.5 12.0 18.06 10.45 18.06 7.12 15.17 6.91 18.06 9.86 3.75 6.91 6.91 4.5 10.61 8.25 0.0 4.5 7.5 6.41 18.06 12.0 10.45 10.45 3.75 10.45 7.12 7.72 18.06 3.75 18.06 7.5 7.72 7.12 7.5 7.12 6.91 4.5 10.09 10.09 6.91 4.37 4.37 18.06 4.37 0.0 18.06 6.91 7.12 18.06 7.72 8.25 7.12 6.91 8.25 10.09 18.06 4.37 6.91 6.91 6.91 18.06 3.75 10.09 10.45 9.86 18.06
13.52 6.45 5.86 11.86 4.56 5.86 5.86 11.86 11.47 0.0 11.86 5.86 3.75 5.46 6.45 5.86 11.35 8.55 5.86 13.58 4.56 5.86 6.18 13.58 3.75 2.7 5.46 13.58 4.56 5.86 5.86 8.75 5.46 2.7 0.0 7.5 13.58 6.45 13.58 11.47 10.74 11.35 13.58 5.46 5.86 11.35 4.56 0.0 6.18 3.75 4.5 0.0 8.75 2.7 13.58 7.5 6.45 6.45 5.86 6.45 11.47 11.86 13.58 5.86 13.58 8.75 11.86 11.47 8.75 11.47 11.35 0.0 13.52 13.52 4.56 8.55 8.55 13.58 8.55 4.5 13.58 11.35 11.47 13.58 11.86 3.75 11.47 11.35 3.75 13.52 13.58 8.55 4.56 11.35 4.56 13.58 5.86 13.52 6.45 5.46 13.58
6.75 14.89 3.75 7.72 13.1 3.75 3.75 7.72 11.86 8.75 7.72 11.25 11.15 13.27 14.89 11.25 9.03 10.45 11.25 20.12 13.1 11.25 12.09 20.12 11.15 11.45 13.27 18.97 13.1 11.25 11.25 0.0 13.27 11.45 8.75 14.15 18.97 14.89 18.97 11.86 17.89 9.03 18.97 13.27 3.75 9.03 13.1 8.75 12.09 11.15 7.5 8.75 0.0 11.45 20.12 14.15 14.89 14.89 11.25 14.89 11.86 7.72 18.97 11.25 18.97 0.0 7.72 11.86 0.0 11.86 9.03 8.75 6.75 6.75 13.1 10.45 10.45 20.12 10.45 7.5 20.12 9.03 11.86 20.12 7.72 11.15 11.86 9.03 11.15 6.75 20.12 10.45 13.1 9.03 13.1 20.12 3.75 6.75 14.89 13.27 18.97
16.05 4.04 8.49 14.09 2.37 8.49 8.49 14.09 12.75 2.7 14.09 6.18 3.18 3.82 4.04 6.18 13.29 9.75 6.18 12.02 2.37 6.18 5.86 12.02 3.18 0.0 3.82 12.57 2.37 6.18 6.18 11.45 3.82 0.0 2.7 6.41 12.57 4.04 12.57 12.75 9.0 13.29 12.57 3.82 8.49 13.29 2.37 2.7 5.86 3.18 6.41 2.7 11.45 0.0 12.02 6.41 4.04 4.04 6.18 4.04 12.75 14.09 12.57 6.18 12.57 11.45 14.09 12.75 11.45 12.75 13.29 2.7 16.05 16.05 2.37 9.75 9.75 12.02 9.75 6.41 12.02 13.29 12.75 12.02 14.09 3.18 12.75 13.29 3.18 16.05 12.02 9.75 2.37 13.29 2.37 12.02 8.49 16.05 4.04 3.82 12.57
26.34 8.55 18.75 25.3 13.1 18.75 18.75 25.3 24.76 13.58 25.3 18.14 9.86 8.25 8.55 18.14 24.93 21.76 18.14 0.0 13.1 18.14 8.08 0.0 9.86 12.02 8.25 3.0 13.1 18.14 18.14 20.12 8.25 12.02 13.58 6.18 3.0 8.55 3.0 24.76 3.09 24.93 3.0 8.25 18.75 24.93 13.1 13.58 8.08 9.86 18.06 13.58 20.12 12.02 0.0 6.18 8.55 8.55 18.14 8.55 24.76 25.3 3.0 18.14 3.0 20.12 25.3 24.76 20.12 24.76 24.93 13.58 26.34 26.34 13.1 21.76 21.76 0.0 21.76 18.06 0.0 24.93 24.76 0.0 25.3 9.86 24.76 24.93 9.86 26.34 0.0 21.76 13.1 24.93 13.1 0.0 18.75 26.34 8.55 8.25 3.0
20.19 4.37 12.57 19.12 8.11 12.57 12.57 19.12 18.88 7.5 19.12 12.57 3.75 2.7 4.37 12.57 18.81 15.91 12.57 6.18 8.11 12.57 2.12 6.18 3.75 6.41 2.7 6.18 8.11 12.57 12.57 14.15 2.7 6.41 7.5 0.0 6.18 4.37 6.18 18.88 3.75 18.81 6.18 2.7 12.57 18.81 8.11 7.5 2.12 3.75 12.0 7.5 14.15 6.41 6.18 0.0 4.37 4.37 12.57 4.37 18.88 19.12 6.18 12.57 6.18 14.15 19.12 18.88 14.15 18.88 18.81 7.5 20.19 20.19 8.11 15.91 15.91 6.18 15.91 12.0 6.18 18.81 18.88 6.18 19.12 3.75 18.88 18.81 3.75 20.19 6.18 15.91 8.11 18.81 8.11 6.18 12.57 20.19 4.37 2.7 6.18
19.97 0.0 12.3 18.12 4.56 12.3 12.3 18.12 16.57 6.45 18.12 9.75 4.04 2.25 0.0 9.75 17.32 13.58 9.75 8.55 4.56 9.75 5.3 8.55 4.04 4.04 2.25 9.78 4.56 9.75 9.75 14.89 2.25 4.04 6.45 4.37 9.78 0.0 9.78 16.57 5.46 17.32 9.78 2.25 12.3 17.32 4.56 6.45 5.3 4.04 10.45 6.45 14.89 4.04 8.55 4.37 0.0 0.0 9.75 0.0 16.57 18.12 9.78 9.75 9.78 14.89 18.12 16.57 14.89 16.57 17.32 6.45 19.97 19.97 4.56 13.58 13.58 8.55 13.58 10.45 8.55 17.32 16.57 8.55 18.12 4.04 16.57 17.32 4.04 19.97 8.55 13.58 4.56 17.32 4.56 8.55 12.3 19.97 0.0 2.25 9.78
19.97 0.0 12.3 18.12 4.56 12.3 12.3 18.12 16.57 6.45 18.12 9.75 4.04 2.25 0.0 9.75 17.32 13.58 9.75 8.55 4.56 9.75 5.3 8.55 4.04 4.04 2.25 9.78 4.56 9.75 9.75 14.89 2.25 4.04 6.45 4.37 9.78 0.0 9.78 16.57 5.46 17.32 9.78 2.25 12.3 17.32 4.56 6.45 5.3 4.04 10.45 6.45 14.89 4.04 8.55 4.37 0.0 0.0 9.75 0.0 16.57 18.12 9.78 9.75 9.78 14.89 18.12 16.57 14.89 16.57 17.32 6.45 19.97 19.97 4.56 13.58 13.58 8.55 13.58 10.45 8.55 17.32 16.57 8.55 18.12 4.04 16.57 17.32 4.04 19.97 8.55 13.58 4.56 17.32 4.56 8.55 12.3 19.97 0.0 2.25 9.78
13.12 9.75 7.5 10.09 5.3 7.5 7.5 10.09 6.91 5.86 10.09 0.0 9.06 10.01 9.75 0.0 8.55 4.04 0.0 18.14 5.3 0.0 11.74 18.14 9.06 6.18 10.01 18.75 5.3 0.0 0.0 11.25 10.01 6.18 5.86 12.57 18.75 9.75 18.75 6.91 15.07 8.55 18.75 10.01 7.5 8.55 5.3 5.86 11.74 9.06 3.75 5.86 11.25 6.18 18.14 12.57 9.75 9.75 0.0 9.75 6.91 10.09 18.75 0.0 18.75 11.25 10.09 6.91 11.25 6.91 8.55 5.86 13.12 13.12 5.3 4.04 4.04 18.14 4.04 3.75 18.14 8.55 6.91 18.14 10.09 9.06 6.91 8.55 9.06 13.12 18.14 4.04 5.3 8.55 5.3 18.14 7.5 13.12 9.75 10.01 18.75
19.97 0.0 12.3 18.12 4.56 12.3 12.3 18.12 16.57 6.45 18.12 9.75 4.04 2.25 0.0 9.75 17.32 13.58 9.75 8.55 4.56 9.75 5.3 8.55 4.04 4.04 2.25 9.78 4.56 9.75 9.75 14.89 2.25 4.04 6.45 4.37 9.78 0.0 9.78 16.57 5.46 17.32 9.78 2.25 12.3 17.32 4.56 6.45 5.3 4.04 10.45 6.45 14.89 4.04 8.55 4.37 0.0 0.0 9.75 0.0 16.57 18.12 9.78 9.75 9.78 14.89 18.12 16.57 14.89 16.57 17.32 6.45 19.97 19.97 4.56 13.58 13.58 8.55 13.58 10.45 8.55 17.32 16.57 8.55 18.12 4.04 16.57 17.32 4.04 19.97 8.55 13.58 4.56 17.32 4.56 8.55 12.3 19.97 0.0 2.25 9.78
9.75 16.57 9.03 6.0 12.21 9.03 9.03 6.0 0.0 11.47 6.0 6.91 15.17 16.52 16.57 6.91 3.75 3.0 6.91 24.76 12.21 6.91 17.65 24.76 15.17 12.75 16.52 25.03 12.21 6.91 6.91 11.86 16.52 12.75 11.47 18.88 25.03 16.57 25.03 0.0 21.75 3.75 25.03 16.52 9.03 3.75 12.21 11.47 17.65 15.17 7.12 11.47 11.86 12.75 24.76 18.88 16.57 16.57 6.91 16.57 0.0 6.0 25.03 6.91 25.03 11.86 6.0 0.0 11.86 0.0 3.75 11.47 9.75 9.75 12.21 3.0 3.0 24.76 3.0 7.12 24.76 3.75 0.0 24.76 6.0 15.17 0.0 3.75 15.17 9.75 24.76 3.0 12.21 3.75 12.21 24.76 9.03 9.75 16.57 16.52 25.03
3.75 18.12 6.75 0.0 14.56 6.75 6.75 0.0 6.0 11.86 0.0 10.09 15.46 17.32 18.12 10.09 2.25 6.71 10.09 25.3 14.56 10.09 17.4 25.3 15.46 14.09 17.32 24.85 14.56 10.09 10.09 7.72 17.32 14.09 11.86 19.12 24.85 18.12 24.85 6.0 22.56 2.25 24.85 17.32 6.75 2.25 14.56 11.86 17.4 15.46 7.72 11.86 7.72 14.09 25.3 19.12 18.12 18.12 10.09 18.12 6.0 0.0 24.85 10.09 24.85 7.72 0.0 6.0 7.72 6.0 2.25 11.86 3.75 3.75 14.56 6.71 6.71 25.3 6.71 7.72 25.3 2.25 6.0 25.3 0.0 15.46 6.0 2.25 15.46 3.75 25.3 6.71 14.56 2.25 14.56 25.3 6.75 3.75 18.12 17.32 24.85
25.47 9.78 18.14 24.85 14.09 18.14 18.14 24.85 25.03 13.58 24.85 18.75 9.86 8.78 9.78 18.75 24.75 22.07 18.75 3.0 14.09 18.75 7.5 3.0 9.86 12.57 8.78 0.0 14.09 18.75 18.75 18.97 8.78 12.57 13.58 6.18 0.0 9.78 0.0 25.03 4.8 24.75 0.0 8.78 18.14 24.75 14.09 13.58 7.5 9.86 18.06 13.58 18.97 12.57 3.0 6.18 9.78 9.78 18.75 9.78 25.03 24.85 0.0 18.75 0.0 18.97 24.85 25.03 18.97 25.03 24.75 13.58 25.47 25.47 14.09 22.07 22.07 3.0 22.07 18.06 3.0 24.75 25.03 3.0 24.85 9.86 25.03 24.75 9.86 25.47 3.0 22.07 14.09 24.75 14.09 3.0 18.14 25.47 9.78 8.78 0.0
13.12 9.75 7.5 10.09 5.3 7.5 7.5 10.09 6.91 5.86 10.09 0.0 9.06 10.01 9.75 0.0 8.55 4.04 0.0 18.14 5.3 0.0 11.74 18.14 9.06 6.18 10.01 18.75 5.3 0.0 0.0 11.25 10.01 6.18 5.86 12.57 18.75 9.75 18.75 6.91 15.07 8.55 18.75 10.01 7.5 8.55 5.3 5.86 11.74 9.06 3.75 5.86 11.25 6.18 18.14 12.57 9.75 9.75 0.0 9.75 6.91 10.09 18.75 0.0 18.75 11.25 10.09 6.91 11.25 6.91 8.55 5.86 13.12 13.12 5.3 4.04 4.04 18.14 4.04 3.75 18.14 8.55 6.91 18.14 10.09 9.06 6.91 8.55 9.06 13.12 18.14 4.04 5.3 8.55 5.3 18.14 7.5 13.12 9.75 10.01 18.75
25.47 9.78 18.14 24.85 14.09 18.14 18.14 24.85 25.03 13.58 24.85 18.75 9.86 8.78 9.78 18.75 24.75 22.07 18.75 3.0 14.09 18.75 7.5 3.0 9.86 12.57 8.78 0.0 14.09 18.75 18.75 18.97 8.78 12.57 13.58 6.18 0.0 9.78 0.0 25.03 4.8 24.75 0.0 8.78 18.14 24.75 14.09 13.58 7.5 9.86 18.06 13.58 18.97 12.57 3.0 6.18 9.78 9.78 18.75 9.78 25.03 24.85 0.0 18.75 0.0 18.97 24.85 25.03 18.97 25.03 24.75 13.58 25.47 25.47 14.09 22.07 22.07 3.0 22.07 18.06 3.0 24.75 25.03 3.0 24.85 9.86 25.03 24.75 9.86 25.47 3.0 22.07 14.09 24.75 14.09 3.0 18.14 25.47 9.78 8.78 0.0
6.75 14.89 3.75 7.72 13.1 3.75 3.75 7.72 11.86 8.75 7.72 11.25 11.15 13.27 14.89 11.25 9.03 10.45 11.25 20.12 13.1 11.25 12.09 20.12 11.15 11.45 13.27 18.97 13.1 11.25 11.25 0.0 13.27 11.45 8.75 14.15 18.97 14.89 18.97 11.86 17.89 9.03 18.97 13.27 3.75 9.03 13.1 8.75 12.09 11.15 7.5 8.75 0.0 11.45 20.12 14.15 14.89 14.89 11.25 14.89 11.86 7.72 18.97 11.25 18.97 0.0 7.72 11.86 0.0 11.86 9.03 8.75 6.75 6.75 13.1 10.45 10.45 20.12 10.45 7.5 20.12 9.03 11.86 20.12 7.72 11.15 11.86 9.03 11.15 6.75 20.12 10.45 13.1 9.03 13.1 20.12 3.75 6.75 14.89 13.27 18.97
3.75 18.12 6.75 0.0 14.56 6.75 6.75 0.0 6.0 11.86 0.0 10.09 15.46 17.32 18.12 10.09 2.25 6.71 10.09 25.3 14.56 10.09 17.4 25.3 15.46 14.09 17.32 24.85 14.56 10.09 10.09 7.72 17.32 14.09 11.86 19.12 24.85 18.12 24.85 6.0 22.56 2.25 24.85 17.32 6.75 2.25 14.56 11.86 17.4 15.46 7.72 11.86 7.72 14.09 25.3 19.12 18.12 18.12 10.09 18.12 6.0 0.0 24.85 10.09 24.85 7.72 0.0 6.0 7.72 6.0 2.25 11.86 3.75 3.75 14.56 6.71 6.71 25.3 6.71 7.72 25.3 2.25 6.0 25.3 0.0 15.46 6.0 2.25 15.46 3.75 25.3 6.71 14.56 2.25 14.56 25.3 6.75 3.75 18.12 17.32 24.85
9.75 16.57 9.03 6.0 12.21 9.03 9.03 6.0 0.0 11.47 6.0 6.91 15.17 16.52 16.57 6.91 3.75 3.0 6.91 24.76 12.21 6.91 17.65 24.76 15.17 12.75 16.52 25.03 12.21 6.91 6.91 11.86 16.52 12.75 11.47 18.88 25.03 16.57 25.03 0.0 21.75 3.75 25.03 16.52 9.03 3.75 12.21 11.47 17.65 15.17 7.12 11.47 11.86 12.75 24.76 18.88 16.57 16.57 6.91 16.57 0.0 6.0 25.03 6.91 25.03 11.86 6.0 0.0 11.86 0.0 3.75 11.47 9.75 9.75 12.21 3.0 3.0 24.76 3.0 7.12 24.76 3.75 0.0 24.76 6.0 15.17 0.0 3.75 15.17 9.75 24.76 3.0 12.21 3.75 12.21 24.76 9.03 9.75 16.57 16.52 25.03
6.75 14.89 3.75 7.72 13.1 3.75 3.75 7.72 11.86 8.75 7.72 11.25 11.15 13.27 14.89 11.25 9.03 10.45 11.25 20.12 13.1 11.25 12.09 20.12 11.15 11.45 13.27 18.97 13.1 11.25 11.25 0.0 13.27 11.45 8.75 14.15 18.97 14.89 18.97 11.86 17.89 9.03 18.97 13.27 3.75 9.03 13.1 8.75 12.09 11.15 7.5 8.75 0.0 11.45 20.12 14.15 14.89 14.89 11.25 14.89 11.86 7.72 18.97 11.25 18.97 0.0 7.72 11.86 0.0 11.86 9.03 8.75 6.75 6.75 13.1 10.45 10.45 20.12 10.45 7.5 20.12 9.03 11.86 20.12 7.72 11.15 11.86 9.03 11.15 6.75 20.12 10.45 13.1 9.03 13.1 20.12 3.75 6.75 14.89 13.27 18.97
9.75 16.57 9.03 6.0 12.21 9.03 9.03 6.0 0.0 11.47 6.0 6.91 15.17 16.52 16.57 6.91 3.75 3.0 6.91 24.76 12.21 6.91 17.65 24.76 15.17 12.75 16.52 25.03 12.21 6.91 6.91 11.86 16.52 12.75 11.47 18.88 25.03 16.57 25.03 0.0 21.75 3.75 25.03 16.52 9.03 3.75 12.21 11.47 17.65 15.17 7.12 11.47 11.86 12.75 24.76 18.88 16.57 16.57 6.91 16.57 0.0 6.0 25.03 6.91 25.03 11.86 6.0 0.0 11.86 0.0 3.75 11.47 9.75 9.75 12.21 3.0 3.0 24.76 3.0 7.12 24.76 3.75 0.0 24.76 6.0 15.17 0.0 3.75 15.17 9.75 24.76 3.0 12.21 3.75 12.21 24.76 9.03 9.75 16.57 16.52 25.03
6.0 17.32 7.12 2.25 13.42 7.12 7.12 2.25 3.75 11.35 2.25 8.55 15.07 16.77 17.32 8.55 0.0 4.8 8.55 24.93 13.42 8.55 17.25 24.93 15.07 13.29 16.77 24.75 13.42 8.55 8.55 9.03 16.77 13.29 11.35 18.81 24.75 17.32 24.75 3.75 22.07 0.0 24.75 16.77 7.12 0.0 13.42 11.35 17.25 15.07 6.91 11.35 9.03 13.29 24.93 18.81 17.32 17.32 8.55 17.32 3.75 2.25 24.75 8.55 24.75 9.03 2.25 3.75 9.03 3.75 0.0 11.35 6.0 6.0 13.42 4.8 4.8 24.93 4.8 6.91 24.93 0.0 3.75 24.93 2.25 15.07 3.75 0.0 15.07 6.0 24.93 4.8 13.42 0.0 13.42 24.93 7.12 6.0 17.32 16.77 24.75
13.52 6.45 5.86 11.86 4.56 5.86 5.86 11.86 11.47 0.0 11.86 5.86 3.75 5.46 6.45 5.86 11.35 8.55 5.86 13.58 4.56 5.86 6.18 13.58 3.75 2.7 5.46 13.58 4.56 5.86 5.86 8.75 5.46 2.7 0.0 7.5 13.58 6.45 13.58 11.47 10.74 11.35 13.58 5.46 5.86 11.35 4.56 0.0 6.18 3.75 4.5 0.0 8.75 2.7 13.58 7.5 6.45 6.45 5.86 6.45 11.47 11.86 13.58 5.86 13.58 8.75 11.86 11.47 8.75 11.47 11.35 0.0 13.52 13.52 4.56 8.55 8.55 13.58 8.55 4.5 13.58 11.35 11.47 13.58 11.86 3.75 11.47 11.35 3.75 13.52 13.58 8.55 4.56 11.35 4.56 13.58 5.86 13.52 6.45 5.46 13.58
0.0 19.97 7.72 3.75 16.97 7.72 7.72 3.75 9.75 13.52 3.75 13.12 16.77 18.79 19.97 13.12 6.0 10.2 13.12 26.34 16.97 13.12 18.26 26.34 16.77 16.05 18.79 25.47 16.97 13.12 13.12 6.75 18.79 16.05 13.52 20.19 25.47 19.97 25.47 9.75 23.84 6.0 25.47 18.79 7.72 6.0 16.97 13.52 18.26 16.77 10.09 13.52 6.75 16.05 26.34 20.19 19.97 19.97 13.12 19.97 9.75 3.75 25.47 13.12 25.47 6.75 3.75 9.75 6.75 9.75 6.0 13.52 0.0 0.0 16.97 10.2 10.2 26.34 10.2 10.09 26.34 6.0 9.75 26.34 3.75 16.77 9.75 6.0 16.77 0.0 26.34 10.2 16.97 6.0 16.97 26.34 7.72 0.0 19.97 18.79 25.47
0.0 19.97 7.72 3.75 16.97 7.72 7.72 3.75 9.75 13.52 3.75 13.12 16.77 18.79 19.97 13.12 6.0 10.2 13.12 26.34 16.97 13.12 18.26 26.34 16.77 16.05 18.79 25.47 16.97 13.12 13.12 6.75 18.79 16.05 13.52 20.19 25.47 19.97 25.47 9.75 23.84 6.0 25.47 18.79 7.72 6.0 16.97 13.52 18.26 16.77 10.09 13.52 6.75 16.05 26.34 20.19 19.97 19.97 13.12 19.97 9.75 3.75 25.47 13.12 25.47 6.75 3.75 9.75 6.75 9.75 6.0 13.52 0.0 0.0 16.97 10.2 10.2 26.34 10.2 10.09 26.34 6.0 9.75 26.34 3.75 16.77 9.75 6.0 16.77 0.0 26.34 10.2 16.97 6.0 16.97 26.34 7.72 0.0 19.97 18.79 25.47
16.97 4.56 9.78 14.56 0.0 9.78 9.78 14.56 12.21 4.56 14.56 5.3 5.41 5.41 4.56 5.3 13.42 9.28 5.3 13.1 0.0 5.3 7.97 13.1 5.41 2.37 5.41 14.09 0.0 5.3 5.3 13.1 5.41 2.37 4.56 8.11 14.09 4.56 14.09 12.21 10.01 13.42 14.09 5.41 9.78 13.42 0.0 4.56 7.97 5.41 6.91 4.56 13.1 2.37 13.1 8.11 4.56 4.56 5.3 4.56 12.21 14.56 14.09 5.3 14.09 13.1 14.56 12.21 13.1 12.21 13.42 4.56 16.97 16.97 0.0 9.28 9.28 13.1 9.28 6.91 13.1 13.42 12.21 13.1 14.56 5.41 12.21 13.42 5.41 16.97 13.1 9.28 0.0 13.42 0.0 13.1 9.78 16.97 4.56 5.41 14.09
10.2 13.58 7.08 6.71 9.28 7.08 7.08 6.71 3.0 8.55 6.71 4.04 12.21 13.52 13.58 4.04 4.8 0.0 4.04 21.76 9.28 4.04 14.74 21.76 12.21 9.75 13.52 22.07 9.28 4.04 4.04 10.45 13.52 9.75 8.55 15.91 22.07 13.58 22.07 3.0 18.75 4.8 22.07 13.52 7.08 4.8 9.28 8.55 14.74 12.21 4.37 8.55 10.45 9.75 21.76 15.91 13.58 13.58 4.04 13.58 3.0 6.71 22.07 4.04 22.07 10.45 6.71 3.0 10.45 3.0 4.8 8.55 10.2 10.2 9.28 0.0 0.0 21.76 0.0 4.37 21.76 4.8 3.0 21.76 6.71 12.21 3.0 4.8 12.21 10.2 21.76 0.0 9.28 4.8 9.28 21.76 7.08 10.2 13.58 13.52 22.07
10.2 13.58 7.08 6.71 9.28 7.08 7.08 6.71 3.0 8.55 6.71 4.04 12.21 13.52 13.58 4.04 4.8 0.0 4.04 21.76 9.28 4.04 14.74 21.76 12.21 9.75 13.52 22.07 9.28 4.04 4.04 10.45 13.52 9.75 8.55 15.91 22.07 13.58 22.07 3.0 18.75 4.8 22.07 13.52 7.08 4.8 9.28 8.55 14.74 12.21 4.37 8.55 10.45 9.75 21.76 15.91 13.58 13.58 4.04 13.58 3.0 6.71 22.07 4.04 22.07 10.45 6.71 3.0 10.45 3.0 4.8 8.55 10.2 10.2 9.28 0.0 0.0 21.76 0.0 4.37 21.76 4.8 3.0 21.76 6.71 12.21 3.0 4.8 12.21 10.2 21.76 0.0 9.28 4.8 9.28 21.76 7.08 10.2 13.58 13.52 22.07
26.34 8.55 18.75 25.3 13.1 18.75 18.75 25.3 24.76 13.58 25.3 18.14 9.86 8.25 8.55 18.14 24.93 21.76 18.14 0.0 13.1 18.14 8.08 0.0 9.86 12.02 8.25 3.0 13.1 18.14 18.14 20.12 8.25 12.02 13.58 6.18 3.0 8.55 3.0 24.76 3.09 24.93 3.0 8.25 18.75 24.93 13.1 13.58 8.08 9.86 18.06 13.58 20.12 12.02 0.0 6.18 8.55 8.55 18.14 8.55 24.76 25.3 3.0 18.14 3.0 20.12 25.3 24.76 20.12 24.76 24.93 13.58 26.34 26.34 13.1 21.76 21.76 0.0 21.76 18.06 0.0 24.93 24.76 0.0 25.3 9.86 24.76 24.93 9.86 26.34 0.0 21.76 13.1 24.93 13.1 0.0 18.75 26.34 8.55 8.25 3.0
10.2 13.58 7.08 6.71 9.28 7.08 7.08 6.71 3.0 8.55 6.71 4.04 12.21 13.52 13.58 4.04 4.8 0.0 4.04 21.76 9.28 4.04 14.74 21.76 12.21 9.75 13.52 22.07 9.28 4.04 4.04 10.45 13.52 9.75 8.55 15.91 22.07 13.58 22.07 3.0 18.75 4.8 22.07 13.52 7.08 4.8 9.28 8.55 14.74 12.21 4.37 8.55 10.45 9.75 21.76 15.91 13.58 13.58 4.04 13.58 3.0 6.71 22.07 4.04 22.07 10.45 6.71 3.0 10.45 3.0 4.8 8.55 10.2 10.2 9.28 0.0 0.0 21.76 0.0 4.37 21.76 4.8 3.0 21.76 6.71 12.21 3.0 4.8 12.21 10.2 21.76 0.0 9.28 4.8 9.28 21.76 7.08 10.2 13.58 13.52 22.07
10.09 10.45 3.75 7.72 6.91 3.75 3.75 7.72 7.12 4.5 7.72 3.75 8.25 9.86 10.45 3.75 6.91 4.37 3.75 18.06 6.91 3.75 10.61 18.06 8.25 6.41 9.86 18.06 6.91 3.75 3.75 7.5 9.86 6.41 4.5 12.0 18.06 10.45 18.06 7.12 15.17 6.91 18.06 9.86 3.75 6.91 6.91 4.5 10.61 8.25 0.0 4.5 7.5 6.41 18.06 12.0 10.45 10.45 3.75 10.45 7.12 7.72 18.06 3.75 18.06 7.5 7.72 7.12 7.5 7.12 6.91 4.5 10.09 10.09 6.91 4.37 4.37 18.06 4.37 0.0 18.06 6.91 7.12 18.06 7.72 8.25 7.12 6.91 8.25 10.09 18.06 4.37 6.91 6.91 6.91 18.06 3.75 10.09 10.45 9.86 18.06
26.34 8.55 18.75 25.3 13.1 18.75 18.75 25.3 24.76 13.58 25.3 18.14 9.86 8.25 8.55 18.14 24.93 21.76 18.14 0.0 13.1 18.14 8.08 0.0 9.86 12.02 8.25 3.0 13.1 18.14 18.14 20.12 8.25 12.02 13.58 6.18 3.0 8.55 3.0 24.76 3.09 24.93 3.0 8.25 18.75 24.93 13.1 13.58 8.08 9.86 18.06 13.58 20.12 12.02 0.0 6.18 8.55 8.55 18.14 8.55 24.76 25.3 3.0 18.14 3.0 20.12 25.3 24.76 20.12 24.76 24.93 13.58 26.34 26.34 13.1 21.76 21.76 0.0 21.76 18.06 0.0 24.93 24.76 0.0 25.3 9.86 24.76 24.93 9.86 26.34 0.0 21.76 13.1 24.93 13.1 0.0 18.75 26.34 8.55 8.25 3.0
6.0 17.32 7.12 2.25 13.42 7.12 7.12 2.25 3.75 11.35 2.25 8.55 15.07 16.77 17.32 8.55 0.0 4.8 8.55 24.93 13.42 8.55 17.25 24.93 15.07 13.29 16.77 24.75 13.42 8.55 8.55 9.03 16.77 13.29 11.35 18.81 24.75 17.32 24.75 3.75 22.07 0.0 24.75 16.77 7.12 0.0 13.42 11.35 17.25 15.07 6.91 11.35 9.03 13.29 24.93 18.81 17.32 17.32 8.55 17.32 3.75 2.25 24.75 8.55 24.75 9.03 2.25 3.75 9.03 3.75 0.0 11.35 6.0 6.0 13.42 4.8 4.8 24.93 4.8 6.91 24.93 0.0 3.75 24.93 2.25 15.07 3.75 0.0 15.07 6.0 24.93 4.8 13.42 0.0 13.42 24.93 7.12 6.0 17.32 16.77 24.75
9.75 16.57 9.03 6.0 12.21 9.03 9.03 6.0 0.0 11.47 6.0 6.91 15.17 16.52 16.57 6.91 3.75 3.0 6.91 24.76 12.21 6.91 17.65 24.76 15.17 12.75 16.52 25.03 12.21 6.91 6.91 11.86 16.52 12.75 11.47 18.88 25.03 16.57 25.03 0.0 21.75 3.75 25.03 16.52 9.03 3.75 12.21 11.47 17.65 15.17 7.12 11.47 11.86 12.75 24.76 18.88 16.57 16.57 6.91 16.57 0.0 6.0 25.03 6.91 25.03 11.86 6.0 0.0 11.86 0.0 3.75 11.47 9.75 9.75 12.21 3.0 3.0 24.76 3.0 7.12 24.76 3.75 0.0 24.76 6.0 15.17 0.0 3.75 15.17 9.75 24.76 3.0 12.21 3.75 12.21 24.76 9.03 9.75 16.57 16.52 25.03
26.34 8.55 18.75 25.3 13.1 18.75 18.75 25.3 24.76 13.58 25.3 18.14 9.86 8.25 8.55 18.14 24.93 21.76 18.14 0.0 13.1 18.14 8.08 0.0 9.86 12.02 8.25 3.0 13.1 18.14 18.14 20.12 8.25 12.02 13.58 6.18 3.0 8.55 3.0 24.76 3.09 24.93 3.0 8.25 18.75 24.93 13.1 13.58 8.08 9.86 18.06 13.58 20.12 12.02 0.0 6.18 8.55 8.55 18.14 8.55 24.76 25.3 3.0 18.14 3.0 20.12 25.3 24.76 20.12 24.76 24.93 13.58 26.34 26.34 13.1 21.76 21.76 0.0 21.76 18.06 0.0 24.93 24.76 0.0 25.3 9.86 24.76 24.93 9.86 26.34 0.0 21.76 13.1 24.93 13.1 0.0 18.75 26.34 8.55 8.25 3.0
3.75 18.12 6.75 0.0 14.56 6.75 6.75 0.0 6.0 11.86 0.0 10.09 15.46 17.32 18.12 10.09 2.25 6.71 10.09 25.3 14.56 10.09 17.4 25.3 15.46 14.09 17.32 24.85 14.56 10.09 10.09 7.72 17.32 14.09 11.86 19.12 24.85 18.12 24.85 6.0 22.56 2.25 24.85 17.32 6.75 2.25 14.56 11.86 17.4 15.46 7.72 11.86 7.72 14.09 25.3 19.12 18.12 18.12 10.09 18.12 6.0 0.0 24.85 10.09 24.85 7.72 0.0 6.0 7.72 6.0 2.25 11.86 3.75 3.75 14.56 6.71 6.71 25.3 6.71 7.72 25.3 2.25 6.0 25.3 0.0 15.46 6.0 2.25 15.46 3.75 25.3 6.71 14.56 2.25 14.56 25.3 6.75 3.75 18.12 17.32 24.85
16.77 4.04 9.06 15.46 5.41 9.06 9.06 15.46 15.17 3.75 15.46 9.06 0.0 2.12 4.04 9.06 15.07 12.21 9.06 9.86 5.41 9.06 2.7 9.86 0.0 3.18 2.12 9.86 5.41 9.06 9.06 11.15 2.12 3.18 3.75 3.75 9.86 4.04 9.86 15.17 7.12 15.07 9.86 2.12 9.06 15.07 5.41 3.75 2.7 0.0 8.25 3.75 11.15 3.18 9.86 3.75 4.04 4.04 9.06 4.04 15.17 15.46 9.86 9.06 9.86 11.15 15.46 15.17 11.15 15.17 15.07 3.75 16.77 16.77 5.41 12.21 12.21 9.86 12.21 8.25 9.86 15.07 15.17 9.86 15.46 0.0 15.17 15.07 0.0 16.77 9.86 12.21 5.41 15.07 5.41 9.86 9.06 16.77 4.04 2.12 9.86
9.75 16.57 9.03 6.0 12.21 9.03 9.03 6.0 0.0 11.47 6.0 6.91 15.17 16.52 16.57 6.91 3.75 3.0 6.91 24.76 12.21 6.91 17.65 24.76 15.17 12.75 16.52 25.03 12.21 6.91 6.91 11.86 16.52 12.75 11.47 18.88 25.03 16.57 25.03 0.0 21.75 3.75 25.03 16.52 9.03 3.75 12.21 11.47 17.65 15.17 7.12 11.47 11.86 12.75 24.76 18.88 16.57 16.57 6.91 16.57 0.0 6.0 25.03 6.91 25.03 11.86 6.0 0.0 11.86 0.0 3.75 11.47 9.75 9.75 12.21 3.0 3.0 24.76 3.0 7.12 24.76 3.75 0.0 24.76 6.0 15.17 0.0 3.75 15.17 9.75 24.76 3.0 12.21 3.75 12.21 24.76 9.03 9.75 16.57 16.52 25.03
6.0 17.32 7.12 2.25 13.42 7.12 7.12 2.25 3.75 11.35 2.25 8.55 15.07 16.77 17.32 8.55 0.0 4.8 8.55 24.93 13.42 8.55 17.25 24.93 15.07 13.29 16.77 24.75 13.42 8.55 8.55 9.03 16.77 13.29 11.35 18.81 24.75 17.32 24.75 3.75 22.07 0.0 24.75 16.77 7.12 0.0 13.42 11.35 17.25 15.07 6.91 11.35 9.03 13.29 24.93 18.81 17.32 17.32 8.55 17.32 3.75 2.25 24.75 8.55 24.75 9.03 2.25 3.75 9.03 3.75 0.0 11.35 6.0 6.0 13.42 4.8 4.8 24.93 4.8 6.91 24.93 0.0 3.75 24.93 2.25 15.07 3.75 0.0 15.07 6.0 24.93 4.8 13.42 0.0 13.42 24.93 7.12 6.0 17.32 16.77 24.75
16.77 4.04 9.06 15.46 5.41 9.06 9.06 15.46 15.17 3.75 15.46 9.06 0.0 2.12 4.04 9.06 15.07 12.21 9.06 9.86 5.41 9.06 2.7 9.86 0.0 3.18 2.12 9.86 5.41 9.06 9.06 11.15 2.12 3.18 3.75 3.75 9.86 4.04 9.86 15.17 7.12 15.07 9.86 2.12 9.06 15.07 5.41 3.75 2.7 0.0 8.25 3.75 11.15 3.18 9.86 3.75 4.04 4.04 9.06 4.04 15.17 15.46 9.86 9.06 9.86 11.15 15.46 15.17 11.15 15.17 15.07 3.75 16.77 16.77 5.41 12.21 12.21 9.86 12.21 8.25 9.86 15.07 15.17 9.86 15.46 0.0 15.17 15.07 0.0 16.77 9.86 12.21 5.41 15.07 5.41 9.86 9.06 16.77 4.04 2.12 9.86
0.0 19.97 7.72 3.75 16.97 7.72 7.72 3.75 9.75 13.52 3.75 13.12 16.77 18.79 19.97 13.12 6.0 10.2 13.12 26.34 16.97 13.12 18.26 26.34 16.77 16.05 18.79 25.47 16.97 13.12 13.12 6.75 18.79 16.05 13.52 20.19 25.47 19.97 25.47 9.75 23.84 6.0 25.47 18.79 7.72 6.0 16.97 13.52 18.26 16.77 10.09 13.52 6.75 16.05 26.34 20.19 19.97 19.97 13.12 19.97 9.75 3.75 25.47 13.12 25.47 6.75 3.75 9.75 6.75 9.75 6.0 13.52 0.0 0.0 16.97 10.2 10.2 26.34 10.2 10.09 26.34 6.0 9.75 26.34 3.75 16.77 9.75 6.0 16.77 0.0 26.34 10.2 16.97 6.0 16.97 26.34 7.72 0.0 19.97 18.79 25.47
26.34 8.55 18.75 25.3 13.1 18.75 18.75 25.3 24.76 13.58 25.3 18.14 9.86 8.25 8.55 18.14 24.93 21.76 18.14 0.0 13.1 18.14 8.08 0.0 9.86 12.02 8.25 3.0 13.1 18.14 18.14 20.12 8.25 12.02 13.58 6.18 3.0 8.55 3.0 24.76 3.09 24.93 3.0 8.25 18.75 24.93 13.1 13.58 8.08 9.86 18.06 13.58 20.12 12.02 0.0 6.18 8.55 8.55 18.14 8.55 24.76 25.3 3.0 18.14 3.0 20.12 25.3 24.76 20.12 24.76 24.93 13.58 26.34 26.34 13.1 21.76 21.76 0.0 21.76 18.06 0.0 24.93 24.76 0.0 25.3 9.86 24.76 24.93 9.86 26.34 0.0 21.76 13.1 24.93 13.1 0.0 18.75 26.34 8.55 8.25 3.0
10.2 13.58 7.08 6.71 9.28 7.08 7.08 6.71 3.0 8.55 6.71 4.04 12.21 13.52 13.58 4.04 4.8 0.0 4.04 21.76 9.28 4.04 14.74 21.76 12.21 9.75 13.52 22.07 9.28 4.04 4.04 10.45 13.52 9.75 8.55 15.91 22.07 13.58 22.07 3.0 18.75 4.8 22.07 13.52 7.08 4.8 9.28 8.55 14.74 12.21 4.37 8.55 10.45 9.75 21.76 15.91 13.58 13.58 4.04 13.58 3.0 6.71 22.07 4.04 22.07 10.45 6.71 3.0 10.45 3.0 4.8 8.55 10.2 10.2 9.28 0.0 0.0 21.76 0.0 4.37 21.76 4.8 3.0 21.76 6.71 12.21 3.0 4.8 12.21 10.2 21.76 0.0 9.28 4.8 9.28 21.76 7.08 10.2 13.58 13.52 22.07
16.97 4.56 9.78 14.56 0.0 9.78 9.78 14.56 12.21 4.56 14.56 5.3 5.41 5.41 4.56 5.3 13.42 9.28 5.3 13.1 0.0 5.3 7.97 13.1 5.41 2.37 5.41 14.09 0.0 5.3 5.3 13.1 5.41 2.37 4.56 8.11 14.09 4.56 14.09 12.21 10.01 13.42 14.09 5.41 9.78 13.42 0.0 4.56 7.97 5.41 6.91 4.56 13.1 2.37 13.1 8.11 4.56 4.56 5.3 4.56 12.21 14.56 14.09 5.3 14.09 13.1 14.56 12.21 13.1 12.21 13.42 4.56 16.97 16.97 0.0 9.28 9.28 13.1 9.28 6.91 13.1 13.42 12.21 13.1 14.56 5.41 12.21 13.42 5.41 16.97 13.1 9.28 0.0 13.42 0.0 13.1 9.78 16.97 4.56 5.41 14.09
6.0 17.32 7.12 2.25 13.42 7.12 7.12 2.25 3.75 11.35 2.25 8.55 15.07 16.77 17.32 8.55 0.0 4.8 8.55 24.93 13.42 8.55 17.25 24.93 15.07 13.29 16.77 24.75 13.42 8.55 8.55 9.03 16.77 13.29 11.35 18.81 24.75 17.32 24.75 3.75 22.07 0.0 24.75 16.77 7.12 0.0 13.42 11.35 17.25 15.07 6.91 11.35 9.03 13.29 24.93 18.81 17.32 17.32 8.55 17.32 3.75 2.25 24.75 8.55 24.75 9.03 2.25 3.75 9.03 3.75 0.0 11.35 6.0 6.0 13.42 4.8 4.8 24.93 4.8 6.91 24.93 0.0 3.75 24.93 2.25 15.07 3.75 0.0 15.07 6.0 24.93 4.8 13.42 0.0 13.42 24.93 7.12 6.0 17.32 16.77 24.75
16.97 4.56 9.78 14.56 0.0 9.78 9.78 14.56 12.21 4.56 14.56 5.3 5.41 5.41 4.56 5.3 13.42 9.28 5.3 13.1 0.0 5.3 7.97 13.1 5.41 2.37 5.41 14.09 0.0 5.3 5.3 13.1 5.41 2.37 4.56 8.11 14.09 4.56 14.09 12.21 10.01 13.42 14.09 5.41 9.78 13.42 0.0 4.56 7.97 5.41 6.91 4.56 13.1 2.37 13.1 8.11 4.56 4.56 5.3 4.56 12.21 14.56 14.09 5.3 14.09 13.1 14.56 12.21 13.1 12.21 13.42 4.56 16.97 16.97 0.0 9.28 9.28 13.1 9.28 6.91 13.1 13.42 12.21 13.1 14.56 5.41 12.21 13.42 5.41 16.97 13.1 9.28 0.0 13.42 0.0 13.1 9.78 16.97 4.56 5.41 14.09
26.34 8.55 18.75 25.3 13.1 18.75 18.75 25.3 24.76 13.58 25.3 18.14 9.86 8.25 8.55 18.14 24.93 21.76 18.14 0.0 13.1 18.14 8.08 0.0 9.86 12.02 8.25 3.0 13.1 18.14 18.14 20.12 8.25 12.02 13.58 6.18 3.0 8.55 3.0 24.76 3.09 24.93 3.0 8.25 18.75 24.93 13.1 13.58 8.08 9.86 18.06 13.58 20.12 12.02 0.0 6.18 8.55 8.55 18.14 8.55 24.76 25.3 3.0 18.14 3.0 20.12 25.3 24.76 20.12 24.76 24.93 13.58 26.34 26.34 13.1 21.76 21.76 0.0 21.76 18.06 0.0 24.93 24.76 0.0 25.3 9.86 24.76 24.93 9.86 26.34 0.0 21.76 13.1 24.93 13.1 0.0 18.75 26.34 8.55 8.25 3.0
7.72 12.3 0.0 6.75 9.78 0.0 0.0 6.75 9.03 5.86 6.75 7.5 9.06 11.07 12.3 7.5 7.12 7.08 7.5 18.75 9.78 7.5 10.74 18.75 9.06 8.49 11.07 18.14 9.78 7.5 7.5 3.75 11.07 8.49 5.86 12.57 18.14 12.3 18.14 9.03 16.16 7.12 18.14 11.07 0.0 7.12 9.78 5.86 10.74 9.06 3.75 5.86 3.75 8.49 18.75 12.57 12.3 12.3 7.5 12.3 9.03 6.75 18.14 7.5 18.14 3.75 6.75 9.03 3.75 9.03 7.12 5.86 7.72 7.72 9.78 7.08 7.08 18.75 7.08 3.75 18.75 7.12 9.03 18.75 6.75 9.06 9.03 7.12 9.06 7.72 18.75 7.08 9.78 7.12 9.78 18.75 0.0 7.72 12.3 11.07 18.14
0.0 19.97 7.72 3.75 16.97 7.72 7.72 3.75 9.75 13.52 3.75 13.12 16.77 18.79 19.97 13.12 6.0 10.2 13.12 26.34 16.97 13.12 18.26 26.34 16.77 16.05 18.79 25.47 16.97 13.12 13.12 6.75 18.79 16.05 13.52 20.19 25.47 19.97 25.47 9.75 23.84 6.0 25.47 18.79 7.72 6.0 16.97 13.52 18.26 16.77 10.09 13.52 6.75 16.05 26.34 20.19 19.97 19.97 13.12 19.97 9.75 3.75 25.47 13.12 25.47 6.75 3.75 9.75 6.75 9.75 6.0 13.52 0.0 0.0 16.97 10.2 10.2 26.34 10.2 10.09 26.34 6.0 9.75 26.34 3.75 16.77 9.75 6.0 16.77 0.0 26.34 10.2 16.97 6.0 16.97 26.34 7.72 0.0 19.97 18.79 25.47
19.97 0.0 12.3 18.12 4.56 12.3 12.3 18.12 16.57 6.45 18.12 9.75 4.04 2.25 0.0 9.75 17.32 13.58 9.75 8.55 4.56 9.75 5.3 8.55 4.04 4.04 2.25 9.78 4.56 9.75 9.75 14.89 2.25 4.04 6.45 4.37 9.78 0.0 9.78 16.57 5.46 17.32 9.78 2.25 12.3 17.32 4.56 6.45 5.3 4.04 10.45 6.45 14.89 4.04 8.55 4.37 0.0 0.0 9.75 0.0 16.57 18.12 9.78 9.75 9.78 14.89 18.12 16.57 14.89 16.57 17.32 6.45 19.97 19.97 4.56 13.58 13.58 8.55 13.58 10.45 8.55 17.32 16.57 8.55 18.12 4.04 16.57 17.32 4.04 19.97 8.55 13.58 4.56 17.32 4.56 8.55 12.3 19.97 0.0 2.25 9.78
18.79 2.25 11.07 17.32 5.41 11.07 11.07 17.32 16.52 5.46 17.32 10.01 2.12 0.0 2.25 10.01 16.77 13.52 10.01 8.25 5.41 10.01 3.09 8.25 2.12 3.82 0.0 8.78 5.41 10.01 10.01 13.27 0.0 3.82 5.46 2.7 8.78 2.25 8.78 16.52 5.3 16.77 8.78 0.0 11.07 16.77 5.41 5.46 3.09 2.12 9.86 5.46 13.27 3.82 8.25 2.7 2.25 2.25 10.01 2.25 16.52 17.32 8.78 10.01 8.78 13.27 17.32 16.52 13.27 16.52 16.77 5.46 18.79 18.79 5.41 13.52 13.52 8.25 13.52 9.86 8.25 16.77 16.52 8.25 17.32 2.12 16.52 16.77 2.12 18.79 8.25 13.52 5.41 16.77 5.41 8.25 11.07 18.79 2.25 0.0 8.78
25.47 9.78 18.14 24.85 14.09 18.14 18.14 24.85 25.03 13.58 24.85 18.75 9.86 8.78 9.78 18.75 24.75 22.07 18.75 3.0 14.09 18.75 7.5 3.0 9.86 12.57 8.78 0.0 14.09 18.75 18.75 18.97 8.78 12.57 13.58 6.18 0.0 9.78 0.0 25.03 4.8 24.75 0.0 8.78 18.14 24.75 14.09 13.58 7.5 9.86 18.06 13.58 18.97 12.57 3.0 6.18 9.78 9.78 18.75 9.78 25.03 24.85 0.0 18.75 0.0 18.97 24.85 25.03 18.97 25.03 24.75 13.58 25.47 25.47 14.09 22.07 22.07 3.0 22.07 18.06 3.0 24.75 25.03 3.0 24.85 9.86 25.03 24.75 9.86 25.47 3.0 22.07 14.09 24.75 14.09 3.0 18.14 25.47 9.78 8.78 0.0
