0.0 10.2 25.47 20.19 23.84 13.12 7.72 16.05 9.75 15.61 25.47 13.52 19.97 19.97 6.0 20.19 23.84 13.52 6.75 10.2 25.47 6.75 7.72 10.2 10.2 15.61 6.75 6.0 19.97 13.12 26.34 9.75 7.72 16.05 7.72 9.75 13.12 23.84 15.61 19.97 13.52 13.52 26.34 25.47 15.61 18.79 13.52 16.77 15.61 16.05 15.61 3.75 16.77 0.0 18.79 0.0 13.12 15.61 20.19 6.0 10.2 25.47 13.52 10.09 15.61 7.72 9.75 16.97 20.19 19.97 16.97 16.97 6.0 6.0 9.75 7.72 10.2 16.77 18.79 13.52 16.97
10.2 0.0 22.07 15.91 18.75 4.04 7.08 9.75 3.0 9.78 22.07 8.55 13.58 13.58 4.8 15.91 18.75 8.55 10.45 0.0 22.07 10.45 7.08 0.0 0.0 9.78 10.45 4.8 13.58 4.04 21.76 3.0 7.08 9.75 7.08 3.0 4.04 18.75 9.78 13.58 8.55 8.55 21.76 22.07 9.78 13.52 8.55 12.21 9.78 9.75 9.78 6.71 12.21 10.2 13.52 10.2 4.04 9.78 15.91 4.8 0.0 22.07 8.55 4.37 9.78 7.08 3.0 9.28 15.91 13.58 9.28 9.28 4.8 4.8 3.0 7.08 0.0 12.21 13.52 8.55 9.28
25.47 22.07 0.0 6.18 4.8 18.75 18.14 12.57 25.03 12.37 0.0 13.58 9.78 9.78 24.75 6.18 4.8 13.58 18.97 22.07 0.0 18.97 18.14 22.07 22.07 12.37 18.97 24.75 9.78 18.75 3.0 25.03 18.14 12.57 18.14 25.03 18.75 4.8 12.37 9.78 13.58 13.58 3.0 0.0 12.37 8.78 13.58 9.86 12.37 12.57 12.37 24.85 9.86 25.47 8.78 25.47 18.75 12.37 6.18 24.75 22.07 0.0 13.58 18.06 12.37 18.14 25.03 14.09 6.18 9.78 14.09 14.09 24.75 24.75 25.03 18.14 22.07 9.86 8.78 13.58 14.09
20.19 15.91 6.18 0.0 3.75 12.57 12.57 6.41 18.88 6.18 6.18 7.5 4.37 4.37 18.81 0.0 3.75 7.5 14.15 15.91 6.18 14.15 12.57 15.91 15.91 6.18 14.15 18.81 4.37 12.57 6.18 18.88 12.57 6.41 12.57 18.88 12.57 3.75 6.18 4.37 7.5 7.5 6.18 6.18 6.18 2.7 7.5 3.75 6.18 6.41 6.18 19.12 3.75 20.19 2.7 20.19 12.57 6.18 0.0 18.81 15.91 6.18 7.5 12.0 6.18 12.57 18.88 8.11 0.0 4.37 8.11 8.11 18.81 18.81 18.88 12.57 15.91 3.75 2.7 7.5 8.11
23.84 18.75 4.8 3.75 0.0 15.07 16.16 9.0 21.75 9.03 4.8 10.74 5.46 5.46 22.07 3.75 0.0 10.74 17.89 18.75 4.8 17.89 16.16 18.75 18.75 9.03 17.89 22.07 5.46 15.07 3.09 21.75 16.16 9.0 16.16 21.75 15.07 0.0 9.03 5.46 10.74 10.74 3.09 4.8 9.03 5.3 10.74 7.12 9.03 9.0 9.03 22.56 7.12 23.84 5.3 23.84 15.07 9.03 3.75 22.07 18.75 4.8 10.74 15.17 9.03 16.16 21.75 10.01 3.75 5.46 10.01 10.01 22.07 22.07 21.75 16.16 18.75 7.12 5.3 10.74 10.01
13.12 4.04 18.75 12.57 15.07 0.0 7.5 6.18 6.91 6.41 18.75 5.86 9.75 9.75 8.55 12.57 15.07 5.86 11.25 4.04 18.75 11.25 7.5 4.04 4.04 6.41 11.25 8.55 9.75 0.0 18.14 6.91 7.5 6.18 7.5 6.91 0.0 15.07 6.41 9.75 5.86 5.86 18.14 18.75 6.41 10.01 5.86 9.06 6.41 6.18 6.41 10.09 9.06 13.12 10.01 13.12 0.0 6.41 12.57 8.55 4.04 18.75 5.86 3.75 6.41 7.5 6.91 5.3 12.57 9.75 5.3 5.3 8.55 8.55 6.91 7.5 4.04 9.06 10.01 5.86 5.3
7.72 7.08 18.14 12.57 16.16 7.5 0.0 8.49 9.03 7.97 18.14 5.86 12.3 12.3 7.12 12.57 16.16 5.86 3.75 7.08 18.14 3.75 0.0 7.08 7.08 7.97 3.75 7.12 12.3 7.5 18.75 9.03 0.0 8.49 0.0 9.03 7.5 16.16 7.97 12.3 5.86 5.86 18.75 18.14 7.97 11.07 5.86 9.06 7.97 8.49 7.97 6.75 9.06 7.72 11.07 7.72 7.5 7.97 12.57 7.12 7.08 18.14 5.86 3.75 7.97 0.0 9.03 9.78 12.57 12.3 9.78 9.78 7.12 7.12 9.03 0.0 7.08 9.06 11.07 5.86 9.78
16.05 9.75 12.57 6.41 9.0 6.18 8.49 0.0 12.75 0.75 12.57 2.7 4.04 4.04 13.29 6.41 9.0 2.7 11.45 9.75 12.57 11.45 8.49 9.75 9.75 0.75 11.45 13.29 4.04 6.18 12.02 12.75 8.49 0.0 8.49 12.75 6.18 9.0 0.75 4.04 2.7 2.7 12.02 12.57 0.75 3.82 2.7 3.18 0.75 0.0 0.75 14.09 3.18 16.05 3.82 16.05 6.18 0.75 6.41 13.29 9.75 12.57 2.7 6.41 0.75 8.49 12.75 2.37 6.41 4.04 2.37 2.37 13.29 13.29 12.75 8.49 9.75 3.18 3.82 2.7 2.37
9.75 3.0 25.03 18.88 21.75 6.91 9.03 12.75 0.0 12.77 25.03 11.47 16.57 16.57 3.75 18.88 21.75 11.47 11.86 3.0 25.03 11.86 9.03 3.0 3.0 12.77 11.86 3.75 16.57 6.91 24.76 0.0 9.03 12.75 9.03 0.0 6.91 21.75 12.77 16.57 11.47 11.47 24.76 25.03 12.77 16.52 11.47 15.17 12.77 12.75 12.77 6.0 15.17 9.75 16.52 9.75 6.91 12.77 18.88 3.75 3.0 25.03 11.47 7.12 12.77 9.03 0.0 12.21 18.88 16.57 12.21 12.21 3.75 3.75 0.0 9.03 3.0 15.17 16.52 11.47 12.21
15.61 9.78 12.37 6.18 9.03 6.41 7.97 0.75 12.77 0.0 12.37 2.12 4.37 4.37 13.1 6.18 9.03 2.12 10.82 9.78 12.37 10.82 7.97 9.78 9.78 0.0 10.82 13.1 4.37 6.41 12.0 12.77 7.97 0.75 7.97 12.77 6.41 9.03 0.0 4.37 2.12 2.12 12.0 12.37 0.0 3.75 2.12 2.7 0.0 0.75 0.0 13.79 2.7 15.61 3.75 15.61 6.41 0.0 6.18 13.1 9.78 12.37 2.12 6.18 0.0 7.97 12.77 3.09 6.18 4.37 3.09 3.09 13.1 13.1 12.77 7.97 9.78 2.7 3.75 2.12 3.09
25.47 22.07 0.0 6.18 4.8 18.75 18.14 12.57 25.03 12.37 0.0 13.58 9.78 9.78 24.75 6.18 4.8 13.58 18.97 22.07 0.0 18.97 18.14 22.07 22.07 12.37 18.97 24.75 9.78 18.75 3.0 25.03 18.14 12.57 18.14 25.03 18.75 4.8 12.37 9.78 13.58 13.58 3.0 0.0 12.37 8.78 13.58 9.86 12.37 12.57 12.37 24.85 9.86 25.47 8.78 25.47 18.75 12.37 6.18 24.75 22.07 0.0 13.58 18.06 12.37 18.14 25.03 14.09 6.18 9.78 14.09 14.09 24.75 24.75 25.03 18.14 22.07 9.86 8.78 13.58 14.09
13.52 8.55 13.58 7.5 10.74 5.86 5.86 2.7 11.47 2.12 13.58 0.0 6.45 6.45 11.35 7.5 10.74 0.0 8.75 8.55 13.58 8.75 5.86 8.55 8.55 2.12 8.75 11.35 6.45 5.86 13.58 11.47 5.86 2.7 5.86 11.47 5.86 10.74 2.12 6.45 0.0 0.0 13.58 13.58 2.12 5.46 0.0 3.75 2.12 2.7 2.12 11.86 3.75 13.52 5.46 13.52 5.86 2.12 7.5 11.35 8.55 13.58 0.0 4.5 2.12 5.86 11.47 4.56 7.5 6.45 4.56 4.56 11.35 11.35 11.47 5.86 8.55 3.75 5.46 0.0 4.56
19.97 13.58 9.78 4.37 5.46 9.75 12.3 4.04 16.57 4.37 9.78 6.45 0.0 0.0 17.32 4.37 5.46 6.45 14.89 13.58 9.78 14.89 12.3 13.58 13.58 4.37 14.89 17.32 0.0 9.75 8.55 16.57 12.3 4.04 12.3 16.57 9.75 5.46 4.37 0.0 6.45 6.45 8.55 9.78 4.37 2.25 6.45 4.04 4.37 4.04 4.37 18.12 4.04 19.97 2.25 19.97 9.75 4.37 4.37 17.32 13.58 9.78 6.45 10.45 4.37 12.3 16.57 4.56 4.37 0.0 4.56 4.56 17.32 17.32 16.57 12.3 13.58 4.04 2.25 6.45 4.56
19.97 13.58 9.78 4.37 5.46 9.75 12.3 4.04 16.57 4.37 9.78 6.45 0.0 0.0 17.32 4.37 5.46 6.45 14.89 13.58 9.78 14.89 12.3 13.58 13.58 4.37 14.89 17.32 0.0 9.75 8.55 16.57 12.3 4.04 12.3 16.57 9.75 5.46 4.37 0.0 6.45 6.45 8.55 9.78 4.37 2.25 6.45 4.04 4.37 4.04 4.37 18.12 4.04 19.97 2.25 19.97 9.75 4.37 4.37 17.32 13.58 9.78 6.45 10.45 4.37 12.3 16.57 4.56 4.37 0.0 4.56 4.56 17.32 17.32 16.57 12.3 13.58 4.04 2.25 6.45 4.56
6.0 4.8 24.75 18.81 22.07 8.55 7.12 13.29 3.75 13.1 24.75 11.35 17.32 17.32 0.0 18.81 22.07 11.35 9.03 4.8 24.75 9.03 7.12 4.8 4.8 13.1 9.03 0.0 17.32 8.55 24.93 3.75 7.12 13.29 7.12 3.75 8.55 22.07 13.1 17.32 11.35 11.35 24.93 24.75 13.1 16.77 11.35 15.07 13.1 13.29 13.1 2.25 15.07 6.0 16.77 6.0 8.55 13.1 18.81 0.0 4.8 24.75 11.35 6.91 13.1 7.12 3.75 13.42 18.81 17.32 13.42 13.42 0.0 0.0 3.75 7.12 4.8 15.07 16.77 11.35 13.42
20.19 15.91 6.18 0.0 3.75 12.57 12.57 6.41 18.88 6.18 6.18 7.5 4.37 4.37 18.81 0.0 3.75 7.5 14.15 15.91 6.18 14.15 12.57 15.91 15.91 6.18 14.15 18.81 4.37 12.57 6.18 18.88 12.57 6.41 12.57 18.88 12.57 3.75 6.18 4.37 7.5 7.5 6.18 6.18 6.18 2.7 7.5 3.75 6.18 6.41 6.18 19.12 3.75 20.19 2.7 20.19 12.57 6.18 0.0 18.81 15.91 6.18 7.5 12.0 6.18 12.57 18.88 8.11 0.0 4.37 8.11 8.11 18.81 18.81 18.88 12.57 15.91 3.75 2.7 7.5 8.11
23.84 18.75 4.8 3.75 0.0 15.07 16.16 9.0 21.75 9.03 4.8 10.74 5.46 5.46 22.07 3.75 0.0 10.74 17.89 18.75 4.8 17.89 16.16 18.75 18.75 9.03 17.89 22.07 5.46 15.07 3.09 21.75 16.16 9.0 16.16 21.75 15.07 0.0 9.03 5.46 10.74 10.74 3.09 4.8 9.03 5.3 10.74 7.12 9.03 9.0 9.03 22.56 7.12 23.84 5.3 23.84 15.07 9.03 3.75 22.07 18.75 4.8 10.74 15.17 9.03 16.16 21.75 10.01 3.75 5.46 10.01 10.01 22.07 22.07 21.75 16.16 18.75 7.12 5.3 10.74 10.01
13.52 8.55 13.58 7.5 10.74 5.86 5.86 2.7 11.47 2.12 13.58 0.0 6.45 6.45 11.35 7.5 10.74 0.0 8.75 8.55 13.58 8.75 5.86 8.55 8.55 2.12 8.75 11.35 6.45 5.86 13.58 11.47 5.86 2.7 5.86 11.47 5.86 10.74 2.12 6.45 0.0 0.0 13.58 13.58 2.12 5.46 0.0 3.75 2.12 2.7 2.12 11.86 3.75 13.52 5.46 13.52 5.86 2.12 7.5 11.35 8.55 13.58 0.0 4.5 2.12 5.86 11.47 4.56 7.5 6.45 4.56 4.56 11.35 11.35 11.47 5.86 8.55 3.75 5.46 0.0 4.56
6.75 10.45 18.97 14.15 17.89 11.25 3.75 11.45 11.86 10.82 18.97 8.75 14.89 14.89 9.03 14.15 17.89 8.75 0.0 10.45 18.97 0.0 3.75 10.45 10.45 10.82 0.0 9.03 14.89 11.25 20.12 11.86 3.75 11.45 3.75 11.86 11.25 17.89 10.82 14.89 8.75 8.75 20.12 18.97 10.82 13.27 8.75 11.15 10.82 11.45 10.82 7.72 11.15 6.75 13.27 6.75 11.25 10.82 14.15 9.03 10.45 18.97 8.75 7.5 10.82 3.75 11.86 13.1 14.15 14.89 13.1 13.1 9.03 9.03 11.86 3.75 10.45 11.15 13.27 8.75 13.1
10.2 0.0 22.07 15.91 18.75 4.04 7.08 9.75 3.0 9.78 22.07 8.55 13.58 13.58 4.8 15.91 18.75 8.55 10.45 0.0 22.07 10.45 7.08 0.0 0.0 9.78 10.45 4.8 13.58 4.04 21.76 3.0 7.08 9.75 7.08 3.0 4.04 18.75 9.78 13.58 8.55 8.55 21.76 22.07 9.78 13.52 8.55 12.21 9.78 9.75 9.78 6.71 12.21 10.2 13.52 10.2 4.04 9.78 15.91 4.8 0.0 22.07 8.55 4.37 9.78 7.08 3.0 9.28 15.91 13.58 9.28 9.28 4.8 4.8 3.0 7.08 0.0 12.21 13.52 8.55 9.28
25.47 22.07 0.0 6.18 4.8 18.75 18.14 12.57 25.03 12.37 0.0 13.58 9.78 9.78 24.75 6.18 4.8 13.58 18.97 22.07 0.0 18.97 18.14 22.07 22.07 12.37 18.97 24.75 9.78 18.75 3.0 25.03 18.14 12.57 18.14 25.03 18.75 4.8 12.37 9.78 13.58 13.58 3.0 0.0 12.37 8.78 13.58 9.86 12.37 12.57 12.37 24.85 9.86 25.47 8.78 25.47 18.75 12.37 6.18 24.75 22.07 0.0 13.58 18.06 12.37 18.14 25.03 14.09 6.18 9.78 14.09 14.09 24.75 24.75 25.03 18.14 22.07 9.86 8.78 13.58 14.09
6.75 10.45 18.97 14.15 17.89 11.25 3.75 11.45 11.86 10.82 18.97 8.75 14.89 14.89 9.03 14.15 17.89 8.75 0.0 10.45 18.97 0.0 3.75 10.45 10.45 10.82 0.0 9.03 14.89 11.25 20.12 11.86 3.75 11.45 3.75 11.86 11.25 17.89 10.82 14.89 8.75 8.75 20.12 18.97 10.82 13.27 8.75 11.15 10.82 11.45 10.82 7.72 11.15 6.75 13.27 6.75 11.25 10.82 14.15 9.03 10.45 18.97 8.75 7.5 10.82 3.75 11.86 13.1 14.15 14.89 13.1 13.1 9.03 9.03 11.86 3.75 10.45 11.15 13.27 8.75 13.1
7.72 7.08 18.14 12.57 16.16 7.5 0.0 8.49 9.03 7.97 18.14 5.86 12.3 12.3 7.12 12.57 16.16 5.86 3.75 7.08 18.14 3.75 0.0 7.08 7.08 7.97 3.75 7.12 12.3 7.5 18.75 9.03 0.0 8.49 0.0 9.03 7.5 16.16 7.97 12.3 5.86 5.86 18.75 18.14 7.97 11.07 5.86 9.06 7.97 8.49 7.97 6.75 9.06 7.72 11.07 7.72 7.5 7.97 12.57 7.12 7.08 18.14 5.86 3.75 7.97 0.0 9.03 9.78 12.57 12.3 9.78 9.78 7.12 7.12 9.03 0.0 7.08 9.06 11.07 5.86 9.78
10.2 0.0 22.07 15.91 18.75 4.04 7.08 9.75 3.0 9.78 22.07 8.55 13.58 13.58 4.8 15.91 18.75 8.55 10.45 0.0 22.07 10.45 7.08 0.0 0.0 9.78 10.45 4.8 13.58 4.04 21.76 3.0 7.08 9.75 7.08 3.0 4.04 18.75 9.78 13.58 8.55 8.55 21.76 22.07 9.78 13.52 8.55 12.21 9.78 9.75 9.78 6.71 12.21 10.2 13.52 10.2 4.04 9.78 15.91 4.8 0.0 22.07 8.55 4.37 9.78 7.08 3.0 9.28 15.91 13.58 9.28 9.28 4.8 4.8 3.0 7.08 0.0 12.21 13.52 8.55 9.28
10.2 0.0 22.07 15.91 18.75 4.04 7.08 9.75 3.0 9.78 22.07 8.55 13.58 13.58 4.8 15.91 18.75 8.55 10.45 0.0 22.07 10.45 7.08 0.0 0.0 9.78 10.45 4.8 13.58 4.04 21.76 3.0 7.08 9.75 7.08 3.0 4.04 18.75 9.78 13.58 8.55 8.55 21.76 22.07 9.78 13.52 8.55 12.21 9.78 9.75 9.78 6.71 12.21 10.2 13.52 10.2 4.04 9.78 15.91 4.8 0.0 22.07 8.55 4.37 9.78 7.08 3.0 9.28 15.91 13.58 9.28 9.28 4.8 4.8 3.0 7.08 0.0 12.21 13.52 8.55 9.28
15.61 9.78 12.37 6.18 9.03 6.41 7.97 0.75 12.77 0.0 12.37 2.12 4.37 4.37 13.1 6.18 9.03 2.12 10.82 9.78 12.37 10.82 7.97 9.78 9.78 0.0 10.82 13.1 4.37 6.41 12.0 12.77 7.97 0.75 7.97 12.77 6.41 9.03 0.0 4.37 2.12 2.12 12.0 12.37 0.0 3.75 2.12 2.7 0.0 0.75 0.0 13.79 2.7 15.61 3.75 15.61 6.41 0.0 6.18 13.1 9.78 12.37 2.12 6.18 0.0 7.97 12.77 3.09 6.18 4.37 3.09 3.09 13.1 13.1 12.77 7.97 9.78 2.7 3.75 2.12 3.09
6.75 10.45 18.97 14.15 17.89 11.25 3.75 11.45 11.86 10.82 18.97 8.75 14.89 14.89 9.03 14.15 17.89 8.75 0.0 10.45 18.97 0.0 3.75 10.45 10.45 10.82 0.0 9.03 14.89 11.25 20.12 11.86 3.75 11.45 3.75 11.86 11.25 17.89 10.82 14.89 8.75 8.75 20.12 18.97 10.82 13.27 8.75 11.15 10.82 11.45 10.82 7.72 11.15 6.75 13.27 6.75 11.25 10.82 14.15 9.03 10.45 18.97 8.75 7.5 10.82 3.75 11.86 13.1 14.15 14.89 13.1 13.1 9.03 9.03 11.86 3.75 10.45 11.15 13.27 8.75 13.1
6.0 4.8 24.75 18.81 22.07 8.55 7.12 13.29 3.75 13.1 24.75 11.35 17.32 17.32 0.0 18.81 22.07 11.35 9.03 4.8 24.75 9.03 7.12 4.8 4.8 13.1 9.03 0.0 17.32 8.55 24.93 3.75 7.12 13.29 7.12 3.75 8.55 22.07 13.1 17.32 11.35 11.35 24.93 24.75 13.1 16.77 11.35 15.07 13.1 13.29 13.1 2.25 15.07 6.0 16.77 6.0 8.55 13.1 18.81 0.0 4.8 24.75 11.35 6.91 13.1 7.12 3.75 13.42 18.81 17.32 13.42 13.42 0.0 0.0 3.75 7.12 4.8 15.07 16.77 11.35 13.42
19.97 13.58 9.78 4.37 5.46 9.75 12.3 4.04 16.57 4.37 9.78 6.45 0.0 0.0 17.32 4.37 5.46 6.45 14.89 13.58 9.78 14.89 12.3 13.58 13.58 4.37 14.89 17.32 0.0 9.75 8.55 16.57 12.3 4.04 12.3 16.57 9.75 5.46 4.37 0.0 6.45 6.45 8.55 9.78 4.37 2.25 6.45 4.04 4.37 4.04 4.37 18.12 4.04 19.97 2.25 19.97 9.75 4.37 4.37 17.32 13.58 9.78 6.45 10.45 4.37 12.3 16.57 4.56 4.37 0.0 4.56 4.56 17.32 17.32 16.57 12.3 13.58 4.04 2.25 6.45 4.56
13.12 4.04 18.75 12.57 15.07 0.0 7.5 6.18 6.91 6.41 18.75 5.86 9.75 9.75 8.55 12.57 15.07 5.86 11.25 4.04 18.75 11.25 7.5 4.04 4.04 6.41 11.25 8.55 9.75 0.0 18.14 6.91 7.5 6.18 7.5 6.91 0.0 15.07 6.41 9.75 5.86 5.86 18.14 18.75 6.41 10.01 5.86 9.06 6.41 6.18 6.41 10.09 9.06 13.12 10.01 13.12 0.0 6.41 12.57 8.55 4.04 18.75 5.86 3.75 6.41 7.5 6.91 5.3 12.57 9.75 5.3 5.3 8.55 8.55 6.91 7.5 4.04 9.06 10.01 5.86 5.3
26.34 21.76 3.0 6.18 3.09 18.14 18.75 12.02 24.76 12.0 3.0 13.58 8.55 8.55 24.93 6.18 3.09 13.58 20.12 21.76 3.0 20.12 18.75 21.76 21.76 12.0 20.12 24.93 8.55 18.14 0.0 24.76 18.75 12.02 18.75 24.76 18.14 3.09 12.0 8.55 13.58 13.58 0.0 3.0 12.0 8.25 13.58 9.86 12.0 12.02 12.0 25.3 9.86 26.34 8.25 26.34 18.14 12.0 6.18 24.93 21.76 3.0 13.58 18.06 12.0 18.75 24.76 13.1 6.18 8.55 13.1 13.1 24.93 24.93 24.76 18.75 21.76 9.86 8.25 13.58 13.1
9.75 3.0 25.03 18.88 21.75 6.91 9.03 12.75 0.0 12.77 25.03 11.47 16.57 16.57 3.75 18.88 21.75 11.47 11.86 3.0 25.03 11.86 9.03 3.0 3.0 12.77 11.86 3.75 16.57 6.91 24.76 0.0 9.03 12.75 9.03 0.0 6.91 21.75 12.77 16.57 11.47 11.47 24.76 25.03 12.77 16.52 11.47 15.17 12.77 12.75 12.77 6.0 15.17 9.75 16.52 9.75 6.91 12.77 18.88 3.75 3.0 25.03 11.47 7.12 12.77 9.03 0.0 12.21 18.88 16.57 12.21 12.21 3.75 3.75 0.0 9.03 3.0 15.17 16.52 11.47 12.21
7.72 7.08 18.14 12.57 16.16 7.5 0.0 8.49 9.03 7.97 18.14 5.86 12.3 12.3 7.12 12.57 16.16 5.86 3.75 7.08 18.14 3.75 0.0 7.08 7.08 7.97 3.75 7.12 12.3 7.5 18.75 9.03 0.0 8.49 0.0 9.03 7.5 16.16 7.97 12.3 5.86 5.86 18.75 18.14 7.97 11.07 5.86 9.06 7.97 8.49 7.97 6.75 9.06 7.72 11.07 7.72 7.5 7.97 12.57 7.12 7.08 18.14 5.86 3.75 7.97 0.0 9.03 9.78 12.57 12.3 9.78 9.78 7.12 7.12 9.03 0.0 7.08 9.06 11.07 5.86 9.78
16.05 9.75 12.57 6.41 9.0 6.18 8.49 0.0 12.75 0.75 12.57 2.7 4.04 4.04 13.29 6.41 9.0 2.7 11.45 9.75 12.57 11.45 8.49 9.75 9.75 0.75 11.45 13.29 4.04 6.18 12.02 12.75 8.49 0.0 8.49 12.75 6.18 9.0 0.75 4.04 2.7 2.7 12.02 12.57 0.75 3.82 2.7 3.18 0.75 0.0 0.75 14.09 3.18 16.05 3.82 16.05 6.18 0.75 6.41 13.29 9.75 12.57 2.7 6.41 0.75 8.49 12.75 2.37 6.41 4.04 2.37 2.37 13.29 13.29 12.75 8.49 9.75 3.18 3.82 2.7 2.37
7.72 7.08 18.14 12.57 16.16 7.5 0.0 8.49 9.03 7.97 18.14 5.86 12.3 12.3 7.12 12.57 16.16 5.86 3.75 7.08 18.14 3.75 0.0 7.08 7.08 7.97 3.75 7.12 12.3 7.5 18.75 9.03 0.0 8.49 0.0 9.03 7.5 16.16 7.97 12.3 5.86 5.86 18.75 18.14 7.97 11.07 5.86 9.06 7.97 8.49 7.97 6.75 9.06 7.72 11.07 7.72 7.5 7.97 12.57 7.12 7.08 18.14 5.86 3.75 7.97 0.0 9.03 9.78 12.57 12.3 9.78 9.78 7.12 7.12 9.03 0.0 7.08 9.06 11.07 5.86 9.78
9.75 3.0 25.03 18.88 21.75 6.91 9.03 12.75 0.0 12.77 25.03 11.47 16.57 16.57 3.75 18.88 21.75 11.47 11.86 3.0 25.03 11.86 9.03 3.0 3.0 12.77 11.86 3.75 16.57 6.91 24.76 0.0 9.03 12.75 9.03 0.0 6.91 21.75 12.77 16.57 11.47 11.47 24.76 25.03 12.77 16.52 11.47 15.17 12.77 12.75 12.77 6.0 15.17 9.75 16.52 9.75 6.91 12.77 18.88 3.75 3.0 25.03 11.47 7.12 12.77 9.03 0.0 12.21 18.88 16.57 12.21 12.21 3.75 3.75 0.0 9.03 3.0 15.17 16.52 11.47 12.21
13.12 4.04 18.75 12.57 15.07 0.0 7.5 6.18 6.91 6.41 18.75 5.86 9.75 9.75 8.55 12.57 15.07 5.86 11.25 4.04 18.75 11.25 7.5 4.04 4.04 6.41 11.25 8.55 9.75 0.0 18.14 6.91 7.5 6.18 7.5 6.91 0.0 15.07 6.41 9.75 5.86 5.86 18.14 18.75 6.41 10.01 5.86 9.06 6.41 6.18 6.41 10.09 9.06 13.12 10.01 13.12 0.0 6.41 12.57 8.55 4.04 18.75 5.86 3.75 6.41 7.5 6.91 5.3 12.57 9.75 5.3 5.3 8.55 8.55 6.91 7.5 4.04 9.06 10.01 5.86 5.3
23.84 18.75 4.8 3.75 0.0 15.07 16.16 9.0 21.75 9.03 4.8 10.74 5.46 5.46 22.07 3.75 0.0 10.74 17.89 18.75 4.8 17.89 16.16 18.75 18.75 9.03 17.89 22.07 5.46 15.07 3.09 21.75 16.16 9.0 16.16 21.75 15.07 0.0 9.03 5.46 10.74 10.74 3.09 4.8 9.03 5.3 10.74 7.12 9.03 9.0 9.03 22.56 7.12 23.84 5.3 23.84 15.07 9.03 3.75 22.07 18.75 4.8 10.74 15.17 9.03 16.16 21.75 10.01 3.75 5.46 10.01 10.01 22.07 22.07 21.75 16.16 18.75 7.12 5.3 10.74 10.01
15.61 9.78 12.37 6.18 9.03 6.41 7.97 0.75 12.77 0.0 12.37 2.12 4.37 4.37 13.1 6.18 9.03 2.12 10.82 9.78 12.37 10.82 7.97 9.78 9.78 0.0 10.82 13.1 4.37 6.41 12.0 12.77 7.97 0.75 7.97 12.77 6.41 9.03 0.0 4.37 2.12 2.12 12.0 12.37 0.0 3.75 2.12 2.7 0.0 0.75 0.0 13.79 2.7 15.61 3.75 15.61 6.41 0.0 6.18 13.1 9.78 12.37 2.12 6.18 0.0 7.97 12.77 3.09 6.18 4.37 3.09 3.09 13.1 13.1 12.77 7.97 9.78 2.7 3.75 2.12 3.09
19.97 13.58 9.78 4.37 5.46 9.75 12.3 4.04 16.57 4.37 9.78 6.45 0.0 0.0 17.32 4.37 5.46 6.45 14.89 13.58 9.78 14.89 12.3 13.58 13.58 4.37 14.89 17.32 0.0 9.75 8.55 16.57 12.3 4.04 12.3 16.57 9.75 5.46 4.37 0.0 6.45 6.45 8.55 9.78 4.37 2.25 6.45 4.04 4.37 4.04 4.37 18.12 4.04 19.97 2.25 19.97 9.75 4.37 4.37 17.32 13.58 9.78 6.45 10.45 4.37 12.3 16.57 4.56 4.37 0.0 4.56 4.56 17.32 17.32 16.57 12.3 13.58 4.04 2.25 6.45 4.56
13.52 8.55 13.58 7.5 10.74 5.86 5.86 2.7 11.47 2.12 13.58 0.0 6.45 6.45 11.35 7.5 10.74 0.0 8.75 8.55 13.58 8.75 5.86 8.55 8.55 2.12 8.75 11.35 6.45 5.86 13.58 11.47 5.86 2.7 5.86 11.47 5.86 10.74 2.12 6.45 0.0 0.0 13.58 13.58 2.12 5.46 0.0 3.75 2.12 2.7 2.12 11.86 3.75 13.52 5.46 13.52 5.86 2.12 7.5 11.35 8.55 13.58 0.0 4.5 2.12 5.86 11.47 4.56 7.5 6.45 4.56 4.56 11.35 11.35 11.47 5.86 8.55 3.75 5.46 0.0 4.56
13.52 8.55 13.58 7.5 10.74 5.86 5.86 2.7 11.47 2.12 13.58 0.0 6.45 6.45 11.35 7.5 10.74 0.0 8.75 8.55 13.58 8.75 5.86 8.55 8.55 2.12 8.75 11.35 6.45 5.86 13.58 11.47 5.86 2.7 5.86 11.47 5.86 10.74 2.12 6.45 0.0 0.0 13.58 13.58 2.12 5.46 0.0 3.75 2.12 2.7 2.12 11.86 3.75 13.52 5.46 13.52 5.86 2.12 7.5 11.35 8.55 13.58 0.0 4.5 2.12 5.86 11.47 4.56 7.5 6.45 4.56 4.56 11.35 11.35 11.47 5.86 8.55 3.75 5.46 0.0 4.56
26.34 21.76 3.0 6.18 3.09 18.14 18.75 12.02 24.76 12.0 3.0 13.58 8.55 8.55 24.93 6.18 3.09 13.58 20.12 21.76 3.0 20.12 18.75 21.76 21.76 12.0 20.12 24.93 8.55 18.14 0.0 24.76 18.75 12.02 18.75 24.76 18.14 3.09 12.0 8.55 13.58 13.58 0.0 3.0 12.0 8.25 13.58 9.86 12.0 12.02 12.0 25.3 9.86 26.34 8.25 26.34 18.14 12.0 6.18 24.93 21.76 3.0 13.58 18.06 12.0 18.75 24.76 13.1 6.18 8.55 13.1 13.1 24.93 24.93 24.76 18.75 21.76 9.86 8.25 13.58 13.1
25.47 22.07 0.0 6.18 4.8 18.75 18.14 12.57 25.03 12.37 0.0 13.58 9.78 9.78 24.75 6.18 4.8 13.58 18.97 22.07 0.0 18.97 18.14 22.07 22.07 12.37 18.97 24.75 9.78 18.75 3.0 25.03 18.14 12.57 18.14 25.03 18.75 4.8 12.37 9.78 13.58 13.58 3.0 0.0 12.37 8.78 13.58 9.86 12.37 12.57 12.37 24.85 9.86 25.47 8.78 25.47 18.75 12.37 6.18 24.75 22.07 0.0 13.58 18.06 12.37 18.14 25.03 14.09 6.18 9.78 14.09 14.09 24.75 24.75 25.03 18.14 22.07 9.86 8.78 13.58 14.09
15.61 9.78 12.37 6.18 9.03 6.41 7.97 0.75 12.77 0.0 12.37 2.12 4.37 4.37 13.1 6.18 9.03 2.12 10.82 9.78 12.37 10.82 7.97 9.78 9.78 0.0 10.82 13.1 4.37 6.41 12.0 12.77 7.97 0.75 7.97 12.77 6.41 9.03 0.0 4.37 2.12 2.12 12.0 12.37 0.0 3.75 2.12 2.7 0.0 0.75 0.0 13.79 2.7 15.61 3.75 15.61 6.41 0.0 6.18 13.1 9.78 12.37 2.12 6.18 0.0 7.97 12.77 3.09 6.18 4.37 3.09 3.09 13.1 13.1 12.77 7.97 9.78 2.7 3.75 2.12 3.09
18.79 13.52 8.78 2.7 5.3 10.01 11.07 3.82 16.52 3.75 8.78 5.46 2.25 2.25 16.77 2.7 5.3 5.46 13.27 13.52 8.78 13.27 11.07 13.52 13.52 3.75 13.27 16.77 2.25 10.01 8.25 16.52 11.07 3.82 11.07 16.52 10.01 5.3 3.75 2.25 5.46 5.46 8.25 8.78 3.75 0.0 5.46 2.12 3.75 3.82 3.75 17.32 2.12 18.79 0.0 18.79 10.01 3.75 2.7 16.77 13.52 8.78 5.46 9.86 3.75 11.07 16.52 5.41 2.7 2.25 5.41 5.41 16.77 16.77 16.52 11.07 13.52 2.12 0.0 5.46 5.41
13.52 8.55 13.58 7.5 10.74 5.86 5.86 2.7 11.47 2.12 13.58 0.0 6.45 6.45 11.35 7.5 10.74 0.0 8.75 8.55 13.58 8.75 5.86 8.55 8.55 2.12 8.75 11.35 6.45 5.86 13.58 11.47 5.86 2.7 5.86 11.47 5.86 10.74 2.12 6.45 0.0 0.0 13.58 13.58 2.12 5.46 0.0 3.75 2.12 2.7 2.12 11.86 3.75 13.52 5.46 13.52 5.86 2.12 7.5 11.35 8.55 13.58 0.0 4.5 2.12 5.86 11.47 4.56 7.5 6.45 4.56 4.56 11.35 11.35 11.47 5.86 8.55 3.75 5.46 0.0 4.56
16.77 12.21 9.86 3.75 7.12 9.06 9.06 3.18 15.17 2.7 9.86 3.75 4.04 4.04 15.07 3.75 7.12 3.75 11.15 12.21 9.86 11.15 9.06 12.21 12.21 2.7 11.15 15.07 4.04 9.06 9.86 15.17 9.06 3.18 9.06 15.17 9.06 7.12 2.7 4.04 3.75 3.75 9.86 9.86 2.7 2.12 3.75 0.0 2.7 3.18 2.7 15.46 0.0 16.77 2.12 16.77 9.06 2.7 3.75 15.07 12.21 9.86 3.75 8.25 2.7 9.06 15.17 5.41 3.75 4.04 5.41 5.41 15.07 15.07 15.17 9.06 12.21 0.0 2.12 3.75 5.41
15.61 9.78 12.37 6.18 9.03 6.41 7.97 0.75 12.77 0.0 12.37 2.12 4.37 4.37 13.1 6.18 9.03 2.12 10.82 9.78 12.37 10.82 7.97 9.78 9.78 0.0 10.82 13.1 4.37 6.41 12.0 12.77 7.97 0.75 7.97 12.77 6.41 9.03 0.0 4.37 2.12 2.12 12.0 12.37 0.0 3.75 2.12 2.7 0.0 0.75 0.0 13.79 2.7 15.61 3.75 15.61 6.41 0.0 6.18 13.1 9.78 12.37 2.12 6.18 0.0 7.97 12.77 3.09 6.18 4.37 3.09 3.09 13.1 13.1 12.77 7.97 9.78 2.7 3.75 2.12 3.09
16.05 9.75 12.57 6.41 9.0 6.18 8.49 0.0 12.75 0.75 12.57 2.7 4.04 4.04 13.29 6.41 9.0 2.7 11.45 9.75 12.57 11.45 8.49 9.75 9.75 0.75 11.45 13.29 4.04 6.18 12.02 12.75 8.49 0.0 8.49 12.75 6.18 9.0 0.75 4.04 2.7 2.7 12.02 12.57 0.75 3.82 2.7 3.18 0.75 0.0 0.75 14.09 3.18 16.05 3.82 16.05 6.18 0.75 6.41 13.29 9.75 12.57 2.7 6.41 0.75 8.49 12.75 2.37 6.41 4.04 2.37 2.37 13.29 13.29 12.75 8.49 9.75 3.18 3.82 2.7 2.37
15.61 9.78 12.37 6.18 9.03 6.41 7.97 0.75 12.77 0.0 12.37 2.12 4.37 4.37 13.1 6.18 9.03 2.12 10.82 9.78 12.37 10.82 7.97 9.78 9.78 0.0 10.82 13.1 4.37 6.41 12.0 12.77 7.97 0.75 7.97 12.77 6.41 9.03 0.0 4.37 2.12 2.12 12.0 12.37 0.0 3.75 2.12 2.7 0.0 0.75 0.0 13.79 2.7 15.61 3.75 15.61 6.41 0.0 6.18 13.1 9.78 12.37 2.12 6.18 0.0 7.97 12.77 3.09 6.18 4.37 3.09 3.09 13.1 13.1 12.77 7.97 9.78 2.7 3.75 2.12 3.09
3.75 6.71 24.85 19.12 22.56 10.09 6.75 14.09 6.0 13.79 24.85 11.86 18.12 18.12 2.25 19.12 22.56 11.86 7.72 6.71 24.85 7.72 6.75 6.71 6.71 13.79 7.72 2.25 18.12 10.09 25.3 6.0 6.75 14.09 6.75 6.0 10.09 22.56 13.79 18.12 11.86 11.86 25.3 24.85 13.79 17.32 11.86 15.46 13.79 14.09 13.79 0.0 15.46 3.75 17.32 3.75 10.09 13.79 19.12 2.25 6.71 24.85 11.86 7.72 13.79 6.75 6.0 14.56 19.12 18.12 14.56 14.56 2.25 2.25 6.0 6.75 6.71 15.46 17.32 11.86 14.56
16.77 12.21 9.86 3.75 7.12 9.06 9.06 3.18 15.17 2.7 9.86 3.75 4.04 4.04 15.07 3.75 7.12 3.75 11.15 12.21 9.86 11.15 9.06 12.21 12.21 2.7 11.15 15.07 4.04 9.06 9.86 15.17 9.06 3.18 9.06 15.17 9.06 7.12 2.7 4.04 3.75 3.75 9.86 9.86 2.7 2.12 3.75 0.0 2.7 3.18 2.7 15.46 0.0 16.77 2.12 16.77 9.06 2.7 3.75 15.07 12.21 9.86 3.75 8.25 2.7 9.06 15.17 5.41 3.75 4.04 5.41 5.41 15.07 15.07 15.17 9.06 12.21 0.0 2.12 3.75 5.41
0.0 10.2 25.47 20.19 23.84 13.12 7.72 16.05 9.75 15.61 25.47 13.52 19.97 19.97 6.0 20.19 23.84 13.52 6.75 10.2 25.47 6.75 7.72 10.2 10.2 15.61 6.75 6.0 19.97 13.12 26.34 9.75 7.72 16.05 7.72 9.75 13.12 23.84 15.61 19.97 13.52 13.52 26.34 25.47 15.61 18.79 13.52 16.77 15.61 16.05 15.61 3.75 16.77 0.0 18.79 0.0 13.12 15.61 20.19 6.0 10.2 25.47 13.52 10.09 15.61 7.72 9.75 16.97 20.19 19.97 16.97 16.97 6.0 6.0 9.75 7.72 10.2 16.77 18.79 13.52 16.97
18.79 13.52 8.78 2.7 5.3 10.01 11.07 3.82 16.52 3.75 8.78 5.46 2.25 2.25 16.77 2.7 5.3 5.46 13.27 13.52 8.78 13.27 11.07 13.52 13.52 3.75 13.27 16.77 2.25 10.01 8.25 16.52 11.07 3.82 11.07 16.52 10.01 5.3 3.75 2.25 5.46 5.46 8.25 8.78 3.75 0.0 5.46 2.12 3.75 3.82 3.75 17.32 2.12 18.79 0.0 18.79 10.01 3.75 2.7 16.77 13.52 8.78 5.46 9.86 3.75 11.07 16.52 5.41 2.7 2.25 5.41 5.41 16.77 16.77 16.52 11.07 13.52 2.12 0.0 5.46 5.41
0.0 10.2 25.47 20.19 23.84 13.12 7.72 16.05 9.75 15.61 25.47 13.52 19.97 19.97 6.0 20.19 23.84 13.52 6.75 10.2 25.47 6.75 7.72 10.2 10.2 15.61 6.75 6.0 19.97 13.12 26.34 9.75 7.72 16.05 7.72 9.75 13.12 23.84 15.61 19.97 13.52 13.52 26.34 25.47 15.61 18.79 13.52 16.77 15.61 16.05 15.61 3.75 16.77 0.0 18.79 0.0 13.12 15.61 20.19 6.0 10.2 25.47 13.52 10.09 15.61 7.72 9.75 16.97 20.19 19.97 16.97 16.97 6.0 6.0 9.75 7.72 10.2 16.77 18.79 13.52 16.97
13.12 4.04 18.75 12.57 15.07 0.0 7.5 6.18 6.91 6.41 18.75 5.86 9.75 9.75 8.55 12.57 15.07 5.86 11.25 4.04 18.75 11.25 7.5 4.04 4.04 6.41 11.25 8.55 9.75 0.0 18.14 6.91 7.5 6.18 7.5 6.91 0.0 15.07 6.41 9.75 5.86 5.86 18.14 18.75 6.41 10.01 5.86 9.06 6.41 6.18 6.41 10.09 9.06 13.12 10.01 13.12 0.0 6.41 12.57 8.55 4.04 18.75 5.86 3.75 6.41 7.5 6.91 5.3 12.57 9.75 5.3 5.3 8.55 8.55 6.91 7.5 4.04 9.06 10.01 5.86 5.3
15.61 9.78 12.37 6.18 9.03 6.41 7.97 0.75 12.77 0.0 12.37 2.12 4.37 4.37 13.1 6.18 9.03 2.12 10.82 9.78 12.37 10.82 7.97 9.78 9.78 0.0 10.82 13.1 4.37 6.41 12.0 12.77 7.97 0.75 7.97 12.77 6.41 9.03 0.0 4.37 2.12 2.12 12.0 12.37 0.0 3.75 2.12 2.7 0.0 0.75 0.0 13.79 2.7 15.61 3.75 15.61 6.41 0.0 6.18 13.1 9.78 12.37 2.12 6.18 0.0 7.97 12.77 3.09 6.18 4.37 3.09 3.09 13.1 13.1 12.77 7.97 9.78 2.7 3.75 2.12 3.09
20.19 15.91 6.18 0.0 3.75 12.57 12.57 6.41 18.88 6.18 6.18 7.5 4.37 4.37 18.81 0.0 3.75 7.5 14.15 15.91 6.18 14.15 12.57 15.91 15.91 6.18 14.15 18.81 4.37 12.57 6.18 18.88 12.57 6.41 12.57 18.88 12.57 3.75 6.18 4.37 7.5 7.5 6.18 6.18 6.18 2.7 7.5 3.75 6.18 6.41 6.18 19.12 3.75 20.19 2.7 20.19 12.57 6.18 0.0 18.81 15.91 6.18 7.5 12.0 6.18 12.57 18.88 8.11 0.0 4.37 8.11 8.11 18.81 18.81 18.88 12.57 15.91 3.75 2.7 7.5 8.11
6.0 4.8 24.75 18.81 22.07 8.55 7.12 13.29 3.75 13.1 24.75 11.35 17.32 17.32 0.0 18.81 22.07 11.35 9.03 4.8 24.75 9.03 7.12 4.8 4.8 13.1 9.03 0.0 17.32 8.55 24.93 3.75 7.12 13.29 7.12 3.75 8.55 22.07 13.1 17.32 11.35 11.35 24.93 24.75 13.1 16.77 11.35 15.07 13.1 13.29 13.1 2.25 15.07 6.0 16.77 6.0 8.55 13.1 18.81 0.0 4.8 24.75 11.35 6.91 13.1 7.12 3.75 13.42 18.81 17.32 13.42 13.42 0.0 0.0 3.75 7.12 4.8 15.07 16.77 11.35 13.42
10.2 0.0 22.07 15.91 18.75 4.04 7.08 9.75 3.0 9.78 22.07 8.55 13.58 13.58 4.8 15.91 18.75 8.55 10.45 0.0 22.07 10.45 7.08 0.0 0.0 9.78 10.45 4.8 13.58 4.04 21.76 3.0 7.08 9.75 7.08 3.0 4.04 18.75 9.78 13.58 8.55 8.55 21.76 22.07 9.78 13.52 8.55 12.21 9.78 9.75 9.78 6.71 12.21 10.2 13.52 10.2 4.04 9.78 15.91 4.8 0.0 22.07 8.55 4.37 9.78 7.08 3.0 9.28 15.91 13.58 9.28 9.28 4.8 4.8 3.0 7.08 0.0 12.21 13.52 8.55 9.28
25.47 22.07 0.0 6.18 4.8 18.75 18.14 12.57 25.03 12.37 0.0 13.58 9.78 9.78 24.75 6.18 4.8 13.58 18.97 22.07 0.0 18.97 18.14 22.07 22.07 12.37 18.97 24.75 9.78 18.75 3.0 25.03 18.14 12.57 18.14 25.03 18.75 4.8 12.37 9.78 13.58 13.58 3.0 0.0 12.37 8.78 13.58 9.86 12.37 12.57 12.37 24.85 9.86 25.47 8.78 25.47 18.75 12.37 6.18 24.75 22.07 0.0 13.58 18.06 12.37 18.14 25.03 14.09 6.18 9.78 14.09 14.09 24.75 24.75 25.03 18.14 22.07 9.86 8.78 13.58 14.09
13.52 8.55 13.58 7.5 10.74 5.86 5.86 2.7 11.47 2.12 13.58 0.0 6.45 6.45 11.35 7.5 10.74 0.0 8.75 8.55 13.58 8.75 5.86 8.55 8.55 2.12 8.75 11.35 6.45 5.86 13.58 11.47 5.86 2.7 5.86 11.47 5.86 10.74 2.12 6.45 0.0 0.0 13.58 13.58 2.12 5.46 0.0 3.75 2.12 2.7 2.12 11.86 3.75 13.52 5.46 13.52 5.86 2.12 7.5 11.35 8.55 13.58 0.0 4.5 2.12 5.86 11.47 4.56 7.5 6.45 4.56 4.56 11.35 11.35 11.47 5.86 8.55 3.75 5.46 0.0 4.56
10.09 4.37 18.06 12.0 15.17 3.75 3.75 6.41 7.12 6.18 18.06 4.5 10.45 10.45 6.91 12.0 15.17 4.5 7.5 4.37 18.06 7.5 3.75 4.37 4.37 6.18 7.5 6.91 10.45 3.75 18.06 7.12 3.75 6.41 3.75 7.12 3.75 15.17 6.18 10.45 4.5 4.5 18.06 18.06 6.18 9.86 4.5 8.25 6.18 6.41 6.18 7.72 8.25 10.09 9.86 10.09 3.75 6.18 12.0 6.91 4.37 18.06 4.5 0.0 6.18 3.75 7.12 6.91 12.0 10.45 6.91 6.91 6.91 6.91 7.12 3.75 4.37 8.25 9.86 4.5 6.91
15.61 9.78 12.37 6.18 9.03 6.41 7.97 0.75 12.77 0.0 12.37 2.12 4.37 4.37 13.1 6.18 9.03 2.12 10.82 9.78 12.37 10.82 7.97 9.78 9.78 0.0 10.82 13.1 4.37 6.41 12.0 12.77 7.97 0.75 7.97 12.77 6.41 9.03 0.0 4.37 2.12 2.12 12.0 12.37 0.0 3.75 2.12 2.7 0.0 0.75 0.0 13.79 2.7 15.61 3.75 15.61 6.41 0.0 6.18 13.1 9.78 12.37 2.12 6.18 0.0 7.97 12.77 3.09 6.18 4.37 3.09 3.09 13.1 13.1 12.77 7.97 9.78 2.7 3.75 2.12 3.09
7.72 7.08 18.14 12.57 16.16 7.5 0.0 8.49 9.03 7.97 18.14 5.86 12.3 12.3 7.12 12.57 16.16 5.86 3.75 7.08 18.14 3.75 0.0 7.08 7.08 7.97 3.75 7.12 12.3 7.5 18.75 9.03 0.0 8.49 0.0 9.03 7.5 16.16 7.97 12.3 5.86 5.86 18.75 18.14 7.97 11.07 5.86 9.06 7.97 8.49 7.97 6.75 9.06 7.72 11.07 7.72 7.5 7.97 12.57 7.12 7.08 18.14 5.86 3.75 7.97 0.0 9.03 9.78 12.57 12.3 9.78 9.78 7.12 7.12 9.03 0.0 7.08 9.06 11.07 5.86 9.78
9.75 3.0 25.03 18.88 21.75 6.91 9.03 12.75 0.0 12.77 25.03 11.47 16.57 16.57 3.75 18.88 21.75 11.47 11.86 3.0 25.03 11.86 9.03 3.0 3.0 12.77 11.86 3.75 16.57 6.91 24.76 0.0 9.03 12.75 9.03 0.0 6.91 21.75 12.77 16.57 11.47 11.47 24.76 25.03 12.77 16.52 11.47 15.17 12.77 12.75 12.77 6.0 15.17 9.75 16.52 9.75 6.91 12.77 18.88 3.75 3.0 25.03 11.47 7.12 12.77 9.03 0.0 12.21 18.88 16.57 12.21 12.21 3.75 3.75 0.0 9.03 3.0 15.17 16.52 11.47 12.21
16.97 9.28 14.09 8.11 10.01 5.3 9.78 2.37 12.21 3.09 14.09 4.56 4.56 4.56 13.42 8.11 10.01 4.56 13.1 9.28 14.09 13.1 9.78 9.28 9.28 3.09 13.1 13.42 4.56 5.3 13.1 12.21 9.78 2.37 9.78 12.21 5.3 10.01 3.09 4.56 4.56 4.56 13.1 14.09 3.09 5.41 4.56 5.41 3.09 2.37 3.09 14.56 5.41 16.97 5.41 16.97 5.3 3.09 8.11 13.42 9.28 14.09 4.56 6.91 3.09 9.78 12.21 0.0 8.11 4.56 0.0 0.0 13.42 13.42 12.21 9.78 9.28 5.41 5.41 4.56 0.0
20.19 15.91 6.18 0.0 3.75 12.57 12.57 6.41 18.88 6.18 6.18 7.5 4.37 4.37 18.81 0.0 3.75 7.5 14.15 15.91 6.18 14.15 12.57 15.91 15.91 6.18 14.15 18.81 4.37 12.57 6.18 18.88 12.57 6.41 12.57 18.88 12.57 3.75 6.18 4.37 7.5 7.5 6.18 6.18 6.18 2.7 7.5 3.75 6.18 6.41 6.18 19.12 3.75 20.19 2.7 20.19 12.57 6.18 0.0 18.81 15.91 6.18 7.5 12.0 6.18 12.57 18.88 8.11 0.0 4.37 8.11 8.11 18.81 18.81 18.88 12.57 15.91 3.75 2.7 7.5 8.11
19.97 13.58 9.78 4.37 5.46 9.75 12.3 4.04 16.57 4.37 9.78 6.45 0.0 0.0 17.32 4.37 5.46 6.45 14.89 13.58 9.78 14.89 12.3 13.58 13.58 4.37 14.89 17.32 0.0 9.75 8.55 16.57 12.3 4.04 12.3 16.57 9.75 5.46 4.37 0.0 6.45 6.45 8.55 9.78 4.37 2.25 6.45 4.04 4.37 4.04 4.37 18.12 4.04 19.97 2.25 19.97 9.75 4.37 4.37 17.32 13.58 9.78 6.45 10.45 4.37 12.3 16.57 4.56 4.37 0.0 4.56 4.56 17.32 17.32 16.57 12.3 13.58 4.04 2.25 6.45 4.56
16.97 9.28 14.09 8.11 10.01 5.3 9.78 2.37 12.21 3.09 14.09 4.56 4.56 4.56 13.42 8.11 10.01 4.56 13.1 9.28 14.09 13.1 9.78 9.28 9.28 3.09 13.1 13.42 4.56 5.3 13.1 12.21 9.78 2.37 9.78 12.21 5.3 10.01 3.09 4.56 4.56 4.56 13.1 14.09 3.09 5.41 4.56 5.41 3.09 2.37 3.09 14.56 5.41 16.97 5.41 16.97 5.3 3.09 8.11 13.42 9.28 14.09 4.56 6.91 3.09 9.78 12.21 0.0 8.11 4.56 0.0 0.0 13.42 13.42 12.21 9.78 9.28 5.41 5.41 4.56 0.0
16.97 9.28 14.09 8.11 10.01 5.3 9.78 2.37 12.21 3.09 14.09 4.56 4.56 4.56 13.42 8.11 10.01 4.56 13.1 9.28 14.09 13.1 9.78 9.28 9.28 3.09 13.1 13.42 4.56 5.3 13.1 12.21 9.78 2.37 9.78 12.21 5.3 10.01 3.09 4.56 4.56 4.56 13.1 14.09 3.09 5.41 4.56 5.41 3.09 2.37 3.09 14.56 5.41 16.97 5.41 16.97 5.3 3.09 8.11 13.42 9.28 14.09 4.56 6.91 3.09 9.78 12.21 0.0 8.11 4.56 0.0 0.0 13.42 13.42 12.21 9.78 9.28 5.41 5.41 4.56 0.0
6.0 4.8 24.75 18.81 22.07 8.55 7.12 13.29 3.75 13.1 24.75 11.35 17.32 17.32 0.0 18.81 22.07 11.35 9.03 4.8 24.75 9.03 7.12 4.8 4.8 13.1 9.03 0.0 17.32 8.55 24.93 3.75 7.12 13.29 7.12 3.75 8.55 22.07 13.1 17.32 11.35 11.35 24.93 24.75 13.1 16.77 11.35 15.07 13.1 13.29 13.1 2.25 15.07 6.0 16.77 6.0 8.55 13.1 18.81 0.0 4.8 24.75 11.35 6.91 13.1 7.12 3.75 13.42 18.81 17.32 13.42 13.42 0.0 0.0 3.75 7.12 4.8 15.07 16.77 11.35 13.42
6.0 4.8 24.75 18.81 22.07 8.55 7.12 13.29 3.75 13.1 24.75 11.35 17.32 17.32 0.0 18.81 22.07 11.35 9.03 4.8 24.75 9.03 7.12 4.8 4.8 13.1 9.03 0.0 17.32 8.55 24.93 3.75 7.12 13.29 7.12 3.75 8.55 22.07 13.1 17.32 11.35 11.35 24.93 24.75 13.1 16.77 11.35 15.07 13.1 13.29 13.1 2.25 15.07 6.0 16.77 6.0 8.55 13.1 18.81 0.0 4.8 24.75 11.35 6.91 13.1 7.12 3.75 13.42 18.81 17.32 13.42 13.42 0.0 0.0 3.75 7.12 4.8 15.07 16.77 11.35 13.42
9.75 3.0 25.03 18.88 21.75 6.91 9.03 12.75 0.0 12.77 25.03 11.47 16.57 16.57 3.75 18.88 21.75 11.47 11.86 3.0 25.03 11.86 9.03 3.0 3.0 12.77 11.86 3.75 16.57 6.91 24.76 0.0 9.03 12.75 9.03 0.0 6.91 21.75 12.77 16.57 11.47 11.47 24.76 25.03 12.77 16.52 11.47 15.17 12.77 12.75 12.77 6.0 15.17 9.75 16.52 9.75 6.91 12.77 18.88 3.75 3.0 25.03 11.47 7.12 12.77 9.03 0.0 12.21 18.88 16.57 12.21 12.21 3.75 3.75 0.0 9.03 3.0 15.17 16.52 11.47 12.21
7.72 7.08 18.14 12.57 16.16 7.5 0.0 8.49 9.03 7.97 18.14 5.86 12.3 12.3 7.12 12.57 16.16 5.86 3.75 7.08 18.14 3.75 0.0 7.08 7.08 7.97 3.75 7.12 12.3 7.5 18.75 9.03 0.0 8.49 0.0 9.03 7.5 16.16 7.97 12.3 5.86 5.86 18.75 18.14 7.97 11.07 5.86 9.06 7.97 8.49 7.97 6.75 9.06 7.72 11.07 7.72 7.5 7.97 12.57 7.12 7.08 18.14 5.86 3.75 7.97 0.0 9.03 9.78 12.57 12.3 9.78 9.78 7.12 7.12 9.03 0.0 7.08 9.06 11.07 5.86 9.78
10.2 0.0 22.07 15.91 18.75 4.04 7.08 9.75 3.0 9.78 22.07 8.55 13.58 13.58 4.8 15.91 18.75 8.55 10.45 0.0 22.07 10.45 7.08 0.0 0.0 9.78 10.45 4.8 13.58 4.04 21.76 3.0 7.08 9.75 7.08 3.0 4.04 18.75 9.78 13.58 8.55 8.55 21.76 22.07 9.78 13.52 8.55 12.21 9.78 9.75 9.78 6.71 12.21 10.2 13.52 10.2 4.04 9.78 15.91 4.8 0.0 22.07 8.55 4.37 9.78 7.08 3.0 9.28 15.91 13.58 9.28 9.28 4.8 4.8 3.0 7.08 0.0 12.21 13.52 8.55 9.28
16.77 12.21 9.86 3.75 7.12 9.06 9.06 3.18 15.17 2.7 9.86 3.75 4.04 4.04 15.07 3.75 7.12 3.75 11.15 12.21 9.86 11.15 9.06 12.21 12.21 2.7 11.15 15.07 4.04 9.06 9.86 15.17 9.06 3.18 9.06 15.17 9.06 7.12 2.7 4.04 3.75 3.75 9.86 9.86 2.7 2.12 3.75 0.0 2.7 3.18 2.7 15.46 0.0 16.77 2.12 16.77 9.06 2.7 3.75 15.07 12.21 9.86 3.75 8.25 2.7 9.06 15.17 5.41 3.75 4.04 5.41 5.41 15.07 15.07 15.17 9.06 12.21 0.0 2.12 3.75 5.41
18.79 13.52 8.78 2.7 5.3 10.01 11.07 3.82 16.52 3.75 8.78 5.46 2.25 2.25 16.77 2.7 5.3 5.46 13.27 13.52 8.78 13.27 11.07 13.52 13.52 3.75 13.27 16.77 2.25 10.01 8.25 16.52 11.07 3.82 11.07 16.52 10.01 5.3 3.75 2.25 5.46 5.46 8.25 8.78 3.75 0.0 5.46 2.12 3.75 3.82 3.75 17.32 2.12 18.79 0.0 18.79 10.01 3.75 2.7 16.77 13.52 8.78 5.46 9.86 3.75 11.07 16.52 5.41 2.7 2.25 5.41 5.41 16.77 16.77 16.52 11.07 13.52 2.12 0.0 5.46 5.41
13.52 8.55 13.58 7.5 10.74 5.86 5.86 2.7 11.47 2.12 13.58 0.0 6.45 6.45 11.35 7.5 10.74 0.0 8.75 8.55 13.58 8.75 5.86 8.55 8.55 2.12 8.75 11.35 6.45 5.86 13.58 11.47 5.86 2.7 5.86 11.47 5.86 10.74 2.12 6.45 0.0 0.0 13.58 13.58 2.12 5.46 0.0 3.75 2.12 2.7 2.12 11.86 3.75 13.52 5.46 13.52 5.86 2.12 7.5 11.35 8.55 13.58 0.0 4.5 2.12 5.86 11.47 4.56 7.5 6.45 4.56 4.56 11.35 11.35 11.47 5.86 8.55 3.75 5.46 0.0 4.56
16.97 9.28 14.09 8.11 10.01 5.3 9.78 2.37 12.21 3.09 14.09 4.56 4.56 4.56 13.42 8.11 10.01 4.56 13.1 9.28 14.09 13.1 9.78 9.28 9.28 3.09 13.1 13.42 4.56 5.3 13.1 12.21 9.78 2.37 9.78 12.21 5.3 10.01 3.09 4.56 4.56 4.56 13.1 14.09 3.09 5.41 4.56 5.41 3.09 2.37 3.09 14.56 5.41 16.97 5.41 16.97 5.3 3.09 8.11 13.42 9.28 14.09 4.56 6.91 3.09 9.78 12.21 0.0 8.11 4.56 0.0 0.0 13.42 13.42 12.21 9.78 9.28 5.41 5.41 4.56 0.0
