0.0 16.05 16.77 13.52 16.05 7.72 18.79 13.52 6.75 18.26 10.2 16.97 18.26 18.26 0.0 16.77 18.26 23.84 15.61 3.75 13.52 15.61 18.26 19.97 0.0 10.2 15.61 16.05 23.84 23.84 0.0 6.75 9.75 15.61 25.47 26.34 15.61 13.52 6.75 6.75 7.72
16.05 0.0 3.18 2.7 0.0 8.49 3.82 2.7 11.45 5.86 9.75 2.37 5.86 5.86 16.05 3.18 5.86 9.0 0.75 14.09 2.7 0.75 5.86 4.04 16.05 9.75 0.75 0.0 9.0 9.0 16.05 11.45 12.75 0.75 12.57 12.02 0.75 2.7 11.45 11.45 8.49
16.77 3.18 0.0 3.75 3.18 9.06 2.12 3.75 11.15 2.7 12.21 5.41 2.7 2.7 16.77 0.0 2.7 7.12 2.7 15.46 3.75 2.7 2.7 4.04 16.77 12.21 2.7 3.18 7.12 7.12 16.77 11.15 15.17 2.7 9.86 9.86 2.7 3.75 11.15 11.15 9.06
13.52 2.7 3.75 0.0 2.7 5.86 5.46 0.0 8.75 6.18 8.55 4.56 6.18 6.18 13.52 3.75 6.18 10.74 2.12 11.86 0.0 2.12 6.18 6.45 13.52 8.55 2.12 2.7 10.74 10.74 13.52 8.75 11.47 2.12 13.58 13.58 2.12 0.0 8.75 8.75 5.86
16.05 0.0 3.18 2.7 0.0 8.49 3.82 2.7 11.45 5.86 9.75 2.37 5.86 5.86 16.05 3.18 5.86 9.0 0.75 14.09 2.7 0.75 5.86 4.04 16.05 9.75 0.75 0.0 9.0 9.0 16.05 11.45 12.75 0.75 12.57 12.02 0.75 2.7 11.45 11.45 8.49
7.72 8.49 9.06 5.86 8.49 0.0 11.07 5.86 3.75 10.74 7.08 9.78 10.74 10.74 7.72 9.06 10.74 16.16 7.97 6.75 5.86 7.97 10.74 12.3 7.72 7.08 7.97 8.49 16.16 16.16 7.72 3.75 9.03 7.97 18.14 18.75 7.97 5.86 3.75 3.75 0.0
18.79 3.82 2.12 5.46 3.82 11.07 0.0 5.46 13.27 3.09 13.52 5.41 3.09 3.09 18.79 2.12 3.09 5.3 3.75 17.32 5.46 3.75 3.09 2.25 18.79 13.52 3.75 3.82 5.3 5.3 18.79 13.27 16.52 3.75 8.78 8.25 3.75 5.46 13.27 13.27 11.07
13.52 2.7 3.75 0.0 2.7 5.86 5.46 0.0 8.75 6.18 8.55 4.56 6.18 6.18 13.52 3.75 6.18 10.74 2.12 11.86 0.0 2.12 6.18 6.45 13.52 8.55 2.12 2.7 10.74 10.74 13.52 8.75 11.47 2.12 13.58 13.58 2.12 0.0 8.75 8.75 5.86
6.75 11.45 11.15 8.75 11.45 3.75 13.27 8.75 0.0 12.09 10.45 13.1 12.09 12.09 6.75 11.15 12.09 17.89 10.82 7.72 8.75 10.82 12.09 14.89 6.75 10.45 10.82 11.45 17.89 17.89 6.75 0.0 11.86 10.82 18.97 20.12 10.82 8.75 0.0 0.0 3.75
18.26 5.86 2.7 6.18 5.86 10.74 3.09 6.18 12.09 0.0 14.74 7.97 0.0 0.0 18.26 2.7 0.0 5.86 5.41 17.4 6.18 5.41 0.0 5.3 18.26 14.74 5.41 5.86 5.86 5.86 18.26 12.09 17.65 5.41 7.5 8.08 5.41 6.18 12.09 12.09 10.74
10.2 9.75 12.21 8.55 9.75 7.08 13.52 8.55 10.45 14.74 0.0 9.28 14.74 14.74 10.2 12.21 14.74 18.75 9.78 6.71 8.55 9.78 14.74 13.58 10.2 0.0 9.78 9.75 18.75 18.75 10.2 10.45 3.0 9.78 22.07 21.76 9.78 8.55 10.45 10.45 7.08
16.97 2.37 5.41 4.56 2.37 9.78 5.41 4.56 13.1 7.97 9.28 0.0 7.97 7.97 16.97 5.41 7.97 10.01 3.09 14.56 4.56 3.09 7.97 4.56 16.97 9.28 3.09 2.37 10.01 10.01 16.97 13.1 12.21 3.09 14.09 13.1 3.09 4.56 13.1 13.1 9.78
18.26 5.86 2.7 6.18 5.86 10.74 3.09 6.18 12.09 0.0 14.74 7.97 0.0 0.0 18.26 2.7 0.0 5.86 5.41 17.4 6.18 5.41 0.0 5.3 18.26 14.74 5.41 5.86 5.86 5.86 18.26 12.09 17.65 5.41 7.5 8.08 5.41 6.18 12.09 12.09 10.74
18.26 5.86 2.7 6.18 5.86 10.74 3.09 6.18 12.09 0.0 14.74 7.97 0.0 0.0 18.26 2.7 0.0 5.86 5.41 17.4 6.18 5.41 0.0 5.3 18.26 14.74 5.41 5.86 5.86 5.86 18.26 12.09 17.65 5.41 7.5 8.08 5.41 6.18 12.09 12.09 10.74
0.0 16.05 16.77 13.52 16.05 7.72 18.79 13.52 6.75 18.26 10.2 16.97 18.26 18.26 0.0 16.77 18.26 23.84 15.61 3.75 13.52 15.61 18.26 19.97 0.0 10.2 15.61 16.05 23.84 23.84 0.0 6.75 9.75 15.61 25.47 26.34 15.61 13.52 6.75 6.75 7.72
16.77 3.18 0.0 3.75 3.18 9.06 2.12 3.75 11.15 2.7 12.21 5.41 2.7 2.7 16.77 0.0 2.7 7.12 2.7 15.46 3.75 2.7 2.7 4.04 16.77 12.21 2.7 3.18 7.12 7.12 16.77 11.15 15.17 2.7 9.86 9.86 2.7 3.75 11.15 11.15 9.06
18.26 5.86 2.7 6.18 5.86 10.74 3.09 6.18 12.09 0.0 14.74 7.97 0.0 0.0 18.26 2.7 0.0 5.86 5.41 17.4 6.18 5.41 0.0 5.3 18.26 14.74 5.41 5.86 5.86 5.86 18.26 12.09 17.65 5.41 7.5 8.08 5.41 6.18 12.09 12.09 10.74
23.84 9.0 7.12 10.74 9.0 16.16 5.3 10.74 17.89 5.86 18.75 10.01 5.86 5.86 23.84 7.12 5.86 0.0 9.03 22.56 10.74 9.03 5.86 5.46 23.84 18.75 9.03 9.0 0.0 0.0 23.84 17.89 21.75 9.03 4.8 3.09 9.03 10.74 17.89 17.89 16.16
15.61 0.75 2.7 2.12 0.75 7.97 3.75 2.12 10.82 5.41 9.78 3.09 5.41 5.41 15.61 2.7 5.41 9.03 0.0 13.79 2.12 0.0 5.41 4.37 15.61 9.78 0.0 0.75 9.03 9.03 15.61 10.82 12.77 0.0 12.37 12.0 0.0 2.12 10.82 10.82 7.97
3.75 14.09 15.46 11.86 14.09 6.75 17.32 11.86 7.72 17.4 6.71 14.56 17.4 17.4 3.75 15.46 17.4 22.56 13.79 0.0 11.86 13.79 17.4 18.12 3.75 6.71 13.79 14.09 22.56 22.56 3.75 7.72 6.0 13.79 24.85 25.3 13.79 11.86 7.72 7.72 6.75
13.52 2.7 3.75 0.0 2.7 5.86 5.46 0.0 8.75 6.18 8.55 4.56 6.18 6.18 13.52 3.75 6.18 10.74 2.12 11.86 0.0 2.12 6.18 6.45 13.52 8.55 2.12 2.7 10.74 10.74 13.52 8.75 11.47 2.12 13.58 13.58 2.12 0.0 8.75 8.75 5.86
15.61 0.75 2.7 2.12 0.75 7.97 3.75 2.12 10.82 5.41 9.78 3.09 5.41 5.41 15.61 2.7 5.41 9.03 0.0 13.79 2.12 0.0 5.41 4.37 15.61 9.78 0.0 0.75 9.03 9.03 15.61 10.82 12.77 0.0 12.37 12.0 0.0 2.12 10.82 10.82 7.97
18.26 5.86 2.7 6.18 5.86 10.74 3.09 6.18 12.09 0.0 14.74 7.97 0.0 0.0 18.26 2.7 0.0 5.86 5.41 17.4 6.18 5.41 0.0 5.3 18.26 14.74 5.41 5.86 5.86 5.86 18.26 12.09 17.65 5.41 7.5 8.08 5.41 6.18 12.09 12.09 10.74
19.97 4.04 4.04 6.45 4.04 12.3 2.25 6.45 14.89 5.3 13.58 4.56 5.3 5.3 19.97 4.04 5.3 5.46 4.37 18.12 6.45 4.37 5.3 0.0 19.97 13.58 4.37 4.04 5.46 5.46 19.97 14.89 16.57 4.37 9.78 8.55 4.37 6.45 14.89 14.89 12.3
0.0 16.05 16.77 13.52 16.05 7.72 18.79 13.52 6.75 18.26 10.2 16.97 18.26 18.26 0.0 16.77 18.26 23.84 15.61 3.75 13.52 15.61 18.26 19.97 0.0 10.2 15.61 16.05 23.84 23.84 0.0 6.75 9.75 15.61 25.47 26.34 15.61 13.52 6.75 6.75 7.72
10.2 9.75 12.21 8.55 9.75 7.08 13.52 8.55 10.45 14.74 0.0 9.28 14.74 14.74 10.2 12.21 14.74 18.75 9.78 6.71 8.55 9.78 14.74 13.58 10.2 0.0 9.78 9.75 18.75 18.75 10.2 10.45 3.0 9.78 22.07 21.76 9.78 8.55 10.45 10.45 7.08
15.61 0.75 2.7 2.12 0.75 7.97 3.75 2.12 10.82 5.41 9.78 3.09 5.41 5.41 15.61 2.7 5.41 9.03 0.0 13.79 2.12 0.0 5.41 4.37 15.61 9.78 0.0 0.75 9.03 9.03 15.61 10.82 12.77 0.0 12.37 12.0 0.0 2.12 10.82 10.82 7.97
16.05 0.0 3.18 2.7 0.0 8.49 3.82 2.7 11.45 5.86 9.75 2.37 5.86 5.86 16.05 3.18 5.86 9.0 0.75 14.09 2.7 0.75 5.86 4.04 16.05 9.75 0.75 0.0 9.0 9.0 16.05 11.45 12.75 0.75 12.57 12.02 0.75 2.7 11.45 11.45 8.49
23.84 9.0 7.12 10.74 9.0 16.16 5.3 10.74 17.89 5.86 18.75 10.01 5.86 5.86 23.84 7.12 5.86 0.0 9.03 22.56 10.74 9.03 5.86 5.46 23.84 18.75 9.03 9.0 0.0 0.0 23.84 17.89 21.75 9.03 4.8 3.09 9.03 10.74 17.89 17.89 16.16
23.84 9.0 7.12 10.74 9.0 16.16 5.3 10.74 17.89 5.86 18.75 10.01 5.86 5.86 23.84 7.12 5.86 0.0 9.03 22.56 10.74 9.03 5.86 5.46 23.84 18.75 9.03 9.0 0.0 0.0 23.84 17.89 21.75 9.03 4.8 3.09 9.03 10.74 17.89 17.89 16.16
0.0 16.05 16.77 13.52 16.05 7.72 18.79 13.52 6.75 18.26 10.2 16.97 18.26 18.26 0.0 16.77 18.26 23.84 15.61 3.75 13.52 15.61 18.26 19.97 0.0 10.2 15.61 16.05 23.84 23.84 0.0 6.75 9.75 15.61 25.47 26.34 15.61 13.52 6.75 6.75 7.72
6.75 11.45 11.15 8.75 11.45 3.75 13.27 8.75 0.0 12.09 10.45 13.1 12.09 12.09 6.75 11.15 12.09 17.89 10.82 7.72 8.75 10.82 12.09 14.89 6.75 10.45 10.82 11.45 17.89 17.89 6.75 0.0 11.86 10.82 18.97 20.12 10.82 8.75 0.0 0.0 3.75
9.75 12.75 15.17 11.47 12.75 9.03 16.52 11.47 11.86 17.65 3.0 12.21 17.65 17.65 9.75 15.17 17.65 21.75 12.77 6.0 11.47 12.77 17.65 16.57 9.75 3.0 12.77 12.75 21.75 21.75 9.75 11.86 0.0 12.77 25.03 24.76 12.77 11.47 11.86 11.86 9.03
15.61 0.75 2.7 2.12 0.75 7.97 3.75 2.12 10.82 5.41 9.78 3.09 5.41 5.41 15.61 2.7 5.41 9.03 0.0 13.79 2.12 0.0 5.41 4.37 15.61 9.78 0.0 0.75 9.03 9.03 15.61 10.82 12.77 0.0 12.37 12.0 0.0 2.12 10.82 10.82 7.97
25.47 12.57 9.86 13.58 12.57 18.14 8.78 13.58 18.97 7.5 22.07 14.09 7.5 7.5 25.47 9.86 7.5 4.8 12.37 24.85 13.58 12.37 7.5 9.78 25.47 22.07 12.37 12.57 4.8 4.8 25.47 18.97 25.03 12.37 0.0 3.0 12.37 13.58 18.97 18.97 18.14
26.34 12.02 9.86 13.58 12.02 18.75 8.25 13.58 20.12 8.08 21.76 13.1 8.08 8.08 26.34 9.86 8.08 3.09 12.0 25.3 13.58 12.0 8.08 8.55 26.34 21.76 12.0 12.02 3.09 3.09 26.34 20.12 24.76 12.0 3.0 0.0 12.0 13.58 20.12 20.12 18.75
15.61 0.75 2.7 2.12 0.75 7.97 3.75 2.12 10.82 5.41 9.78 3.09 5.41 5.41 15.61 2.7 5.41 9.03 0.0 13.79 2.12 0.0 5.41 4.37 15.61 9.78 0.0 0.75 9.03 9.03 15.61 10.82 12.77 0.0 12.37 12.0 0.0 2.12 10.82 10.82 7.97
13.52 2.7 3.75 0.0 2.7 5.86 5.46 0.0 8.75 6.18 8.55 4.56 6.18 6.18 13.52 3.75 6.18 10.74 2.12 11.86 0.0 2.12 6.18 6.45 13.52 8.55 2.12 2.7 10.74 10.74 13.52 8.75 11.47 2.12 13.58 13.58 2.12 0.0 8.75 8.75 5.86
6.75 11.45 11.15 8.75 11.45 3.75 13.27 8.75 0.0 12.09 10.45 13.1 12.09 12.09 6.75 11.15 12.09 17.89 10.82 7.72 8.75 10.82 12.09 14.89 6.75 10.45 10.82 11.45 17.89 17.89 6.75 0.0 11.86 10.82 18.97 20.12 10.82 8.75 0.0 0.0 3.75
6.75 11.45 11.15 8.75 11.45 3.75 13.27 8.75 0.0 12.09 10.45 13.1 12.09 12.09 6.75 11.15 12.09 17.89 10.82 7.72 8.75 10.82 12.09 14.89 6.75 10.45 10.82 11.45 17.89 17.89 6.75 0.0 11.86 10.82 18.97 20.12 10.82 8.75 0.0 0.0 3.75
7.72 8.49 9.06 5.86 8.49 0.0 11.07 5.86 3.75 10.74 7.08 9.78 10.74 10.74 7.72 9.06 10.74 16.16 7.97 6.75 5.86 7.97 10.74 12.3 7.72 7.08 7.97 8.49 16.16 16.16 7.72 3.75 9.03 7.97 18.14 18.75 7.97 5.86 3.75 3.75 0.0
