0.0 26.34 18.26 6.0 9.75 20.19 10.2 16.97 10.2 9.75 10.09 3.75 16.05 6.0 15.61 13.52 10.2 25.47 18.79 10.2 3.75 16.97 9.75 20.19 6.75 18.79 13.52 18.26 16.77 10.2 3.75 6.0 10.09 10.09 10.2 6.0 13.12 25.47 16.05 10.09 10.2 6.0 7.72 18.79 10.2 23.84 13.12 10.09 13.12 19.97 16.97 6.0 19.97 18.26 0.0 19.97 26.34 26.34 26.34 18.79 10.09
26.34 0.0 8.08 24.93 24.76 6.18 21.76 13.1 21.76 24.76 18.06 25.3 12.02 24.93 12.0 13.58 21.76 3.0 8.25 21.76 25.3 13.1 24.76 6.18 20.12 8.25 13.58 8.08 9.86 21.76 25.3 24.93 18.06 18.06 21.76 24.93 18.14 3.0 12.02 18.06 21.76 24.93 18.75 8.25 21.76 3.09 18.14 18.06 18.14 8.55 13.1 24.93 8.55 8.08 26.34 8.55 0.0 0.0 0.0 8.25 18.06
18.26 8.08 0.0 17.25 17.65 2.12 14.74 7.97 14.74 17.65 10.61 17.4 5.86 17.25 5.41 6.18 14.74 7.5 3.09 14.74 17.4 7.97 17.65 2.12 12.09 3.09 6.18 0.0 2.7 14.74 17.4 17.25 10.61 10.61 14.74 17.25 11.74 7.5 5.86 10.61 14.74 17.25 10.74 3.09 14.74 5.86 11.74 10.61 11.74 5.3 7.97 17.25 5.3 0.0 18.26 5.3 8.08 8.08 8.08 3.09 10.61
6.0 24.93 17.25 0.0 3.75 18.81 4.8 13.42 4.8 3.75 6.91 2.25 13.29 0.0 13.1 11.35 4.8 24.75 16.77 4.8 2.25 13.42 3.75 18.81 9.03 16.77 11.35 17.25 15.07 4.8 2.25 0.0 6.91 6.91 4.8 0.0 8.55 24.75 13.29 6.91 4.8 0.0 7.12 16.77 4.8 22.07 8.55 6.91 8.55 17.32 13.42 0.0 17.32 17.25 6.0 17.32 24.93 24.93 24.93 16.77 6.91
9.75 24.76 17.65 3.75 0.0 18.88 3.0 12.21 3.0 0.0 7.12 6.0 12.75 3.75 12.77 11.47 3.0 25.03 16.52 3.0 6.0 12.21 0.0 18.88 11.86 16.52 11.47 17.65 15.17 3.0 6.0 3.75 7.12 7.12 3.0 3.75 6.91 25.03 12.75 7.12 3.0 3.75 9.03 16.52 3.0 21.75 6.91 7.12 6.91 16.57 12.21 3.75 16.57 17.65 9.75 16.57 24.76 24.76 24.76 16.52 7.12
20.19 6.18 2.12 18.81 18.88 0.0 15.91 8.11 15.91 18.88 12.0 19.12 6.41 18.81 6.18 7.5 15.91 6.18 2.7 15.91 19.12 8.11 18.88 0.0 14.15 2.7 7.5 2.12 3.75 15.91 19.12 18.81 12.0 12.0 15.91 18.81 12.57 6.18 6.41 12.0 15.91 18.81 12.57 2.7 15.91 3.75 12.57 12.0 12.57 4.37 8.11 18.81 4.37 2.12 20.19 4.37 6.18 6.18 6.18 2.7 12.0
10.2 21.76 14.74 4.8 3.0 15.91 0.0 9.28 0.0 3.0 4.37 6.71 9.75 4.8 9.78 8.55 0.0 22.07 13.52 0.0 6.71 9.28 3.0 15.91 10.45 13.52 8.55 14.74 12.21 0.0 6.71 4.8 4.37 4.37 0.0 4.8 4.04 22.07 9.75 4.37 0.0 4.8 7.08 13.52 0.0 18.75 4.04 4.37 4.04 13.58 9.28 4.8 13.58 14.74 10.2 13.58 21.76 21.76 21.76 13.52 4.37
16.97 13.1 7.97 13.42 12.21 8.11 9.28 0.0 9.28 12.21 6.91 14.56 2.37 13.42 3.09 4.56 9.28 14.09 5.41 9.28 14.56 0.0 12.21 8.11 13.1 5.41 4.56 7.97 5.41 9.28 14.56 13.42 6.91 6.91 9.28 13.42 5.3 14.09 2.37 6.91 9.28 13.42 9.78 5.41 9.28 10.01 5.3 6.91 5.3 4.56 0.0 13.42 4.56 7.97 16.97 4.56 13.1 13.1 13.1 5.41 6.91
10.2 21.76 14.74 4.8 3.0 15.91 0.0 9.28 0.0 3.0 4.37 6.71 9.75 4.8 9.78 8.55 0.0 22.07 13.52 0.0 6.71 9.28 3.0 15.91 10.45 13.52 8.55 14.74 12.21 0.0 6.71 4.8 4.37 4.37 0.0 4.8 4.04 22.07 9.75 4.37 0.0 4.8 7.08 13.52 0.0 18.75 4.04 4.37 4.04 13.58 9.28 4.8 13.58 14.74 10.2 13.58 21.76 21.76 21.76 13.52 4.37
9.75 24.76 17.65 3.75 0.0 18.88 3.0 12.21 3.0 0.0 7.12 6.0 12.75 3.75 12.77 11.47 3.0 25.03 16.52 3.0 6.0 12.21 0.0 18.88 11.86 16.52 11.47 17.65 15.17 3.0 6.0 3.75 7.12 7.12 3.0 3.75 6.91 25.03 12.75 7.12 3.0 3.75 9.03 16.52 3.0 21.75 6.91 7.12 6.91 16.57 12.21 3.75 16.57 17.65 9.75 16.57 24.76 24.76 24.76 16.52 7.12
10.09 18.06 10.61 6.91 7.12 12.0 4.37 6.91 4.37 7.12 0.0 7.72 6.41 6.91 6.18 4.5 4.37 18.06 9.86 4.37 7.72 6.91 7.12 12.0 7.5 9.86 4.5 10.61 8.25 4.37 7.72 6.91 0.0 0.0 4.37 6.91 3.75 18.06 6.41 0.0 4.37 6.91 3.75 9.86 4.37 15.17 3.75 0.0 3.75 10.45 6.91 6.91 10.45 10.61 10.09 10.45 18.06 18.06 18.06 9.86 0.0
3.75 25.3 17.4 2.25 6.0 19.12 6.71 14.56 6.71 6.0 7.72 0.0 14.09 2.25 13.79 11.86 6.71 24.85 17.32 6.71 0.0 14.56 6.0 19.12 7.72 17.32 11.86 17.4 15.46 6.71 0.0 2.25 7.72 7.72 6.71 2.25 10.09 24.85 14.09 7.72 6.71 2.25 6.75 17.32 6.71 22.56 10.09 7.72 10.09 18.12 14.56 2.25 18.12 17.4 3.75 18.12 25.3 25.3 25.3 17.32 7.72
16.05 12.02 5.86 13.29 12.75 6.41 9.75 2.37 9.75 12.75 6.41 14.09 0.0 13.29 0.75 2.7 9.75 12.57 3.82 9.75 14.09 2.37 12.75 6.41 11.45 3.82 2.7 5.86 3.18 9.75 14.09 13.29 6.41 6.41 9.75 13.29 6.18 12.57 0.0 6.41 9.75 13.29 8.49 3.82 9.75 9.0 6.18 6.41 6.18 4.04 2.37 13.29 4.04 5.86 16.05 4.04 12.02 12.02 12.02 3.82 6.41
6.0 24.93 17.25 0.0 3.75 18.81 4.8 13.42 4.8 3.75 6.91 2.25 13.29 0.0 13.1 11.35 4.8 24.75 16.77 4.8 2.25 13.42 3.75 18.81 9.03 16.77 11.35 17.25 15.07 4.8 2.25 0.0 6.91 6.91 4.8 0.0 8.55 24.75 13.29 6.91 4.8 0.0 7.12 16.77 4.8 22.07 8.55 6.91 8.55 17.32 13.42 0.0 17.32 17.25 6.0 17.32 24.93 24.93 24.93 16.77 6.91
15.61 12.0 5.41 13.1 12.77 6.18 9.78 3.09 9.78 12.77 6.18 13.79 0.75 13.1 0.0 2.12 9.78 12.37 3.75 9.78 13.79 3.09 12.77 6.18 10.82 3.75 2.12 5.41 2.7 9.78 13.79 13.1 6.18 6.18 9.78 13.1 6.41 12.37 0.75 6.18 9.78 13.1 7.97 3.75 9.78 9.03 6.41 6.18 6.41 4.37 3.09 13.1 4.37 5.41 15.61 4.37 12.0 12.0 12.0 3.75 6.18
13.52 13.58 6.18 11.35 11.47 7.5 8.55 4.56 8.55 11.47 4.5 11.86 2.7 11.35 2.12 0.0 8.55 13.58 5.46 8.55 11.86 4.56 11.47 7.5 8.75 5.46 0.0 6.18 3.75 8.55 11.86 11.35 4.5 4.5 8.55 11.35 5.86 13.58 2.7 4.5 8.55 11.35 5.86 5.46 8.55 10.74 5.86 4.5 5.86 6.45 4.56 11.35 6.45 6.18 13.52 6.45 13.58 13.58 13.58 5.46 4.5
10.2 21.76 14.74 4.8 3.0 15.91 0.0 9.28 0.0 3.0 4.37 6.71 9.75 4.8 9.78 8.55 0.0 22.07 13.52 0.0 6.71 9.28 3.0 15.91 10.45 13.52 8.55 14.74 12.21 0.0 6.71 4.8 4.37 4.37 0.0 4.8 4.04 22.07 9.75 4.37 0.0 4.8 7.08 13.52 0.0 18.75 4.04 4.37 4.04 13.58 9.28 4.8 13.58 14.74 10.2 13.58 21.76 21.76 21.76 13.52 4.37
25.47 3.0 7.5 24.75 25.03 6.18 22.07 14.09 22.07 25.03 18.06 24.85 12.57 24.75 12.37 13.58 22.07 0.0 8.78 22.07 24.85 14.09 25.03 6.18 18.97 8.78 13.58 7.5 9.86 22.07 24.85 24.75 18.06 18.06 22.07 24.75 18.75 0.0 12.57 18.06 22.07 24.75 18.14 8.78 22.07 4.8 18.75 18.06 18.75 9.78 14.09 24.75 9.78 7.5 25.47 9.78 3.0 3.0 3.0 8.78 18.06
18.79 8.25 3.09 16.77 16.52 2.7 13.52 5.41 13.52 16.52 9.86 17.32 3.82 16.77 3.75 5.46 13.52 8.78 0.0 13.52 17.32 5.41 16.52 2.7 13.27 0.0 5.46 3.09 2.12 13.52 17.32 16.77 9.86 9.86 13.52 16.77 10.01 8.78 3.82 9.86 13.52 16.77 11.07 0.0 13.52 5.3 10.01 9.86 10.01 2.25 5.41 16.77 2.25 3.09 18.79 2.25 8.25 8.25 8.25 0.0 9.86
10.2 21.76 14.74 4.8 3.0 15.91 0.0 9.28 0.0 3.0 4.37 6.71 9.75 4.8 9.78 8.55 0.0 22.07 13.52 0.0 6.71 9.28 3.0 15.91 10.45 13.52 8.55 14.74 12.21 0.0 6.71 4.8 4.37 4.37 0.0 4.8 4.04 22.07 9.75 4.37 0.0 4.8 7.08 13.52 0.0 18.75 4.04 4.37 4.04 13.58 9.28 4.8 13.58 14.74 10.2 13.58 21.76 21.76 21.76 13.52 4.37
3.75 25.3 17.4 2.25 6.0 19.12 6.71 14.56 6.71 6.0 7.72 0.0 14.09 2.25 13.79 11.86 6.71 24.85 17.32 6.71 0.0 14.56 6.0 19.12 7.72 17.32 11.86 17.4 15.46 6.71 0.0 2.25 7.72 7.72 6.71 2.25 10.09 24.85 14.09 7.72 6.71 2.25 6.75 17.32 6.71 22.56 10.09 7.72 10.09 18.12 14.56 2.25 18.12 17.4 3.75 18.12 25.3 25.3 25.3 17.32 7.72
16.97 13.1 7.97 13.42 12.21 8.11 9.28 0.0 9.28 12.21 6.91 14.56 2.37 13.42 3.09 4.56 9.28 14.09 5.41 9.28 14.56 0.0 12.21 8.11 13.1 5.41 4.56 7.97 5.41 9.28 14.56 13.42 6.91 6.91 9.28 13.42 5.3 14.09 2.37 6.91 9.28 13.42 9.78 5.41 9.28 10.01 5.3 6.91 5.3 4.56 0.0 13.42 4.56 7.97 16.97 4.56 13.1 13.1 13.1 5.41 6.91
9.75 24.76 17.65 3.75 0.0 18.88 3.0 12.21 3.0 0.0 7.12 6.0 12.75 3.75 12.77 11.47 3.0 25.03 16.52 3.0 6.0 12.21 0.0 18.88 11.86 16.52 11.47 17.65 15.17 3.0 6.0 3.75 7.12 7.12 3.0 3.75 6.91 25.03 12.75 7.12 3.0 3.75 9.03 16.52 3.0 21.75 6.91 7.12 6.91 16.57 12.21 3.75 16.57 17.65 9.75 16.57 24.76 24.76 24.76 16.52 7.12
20.19 6.18 2.12 18.81 18.88 0.0 15.91 8.11 15.91 18.88 12.0 19.12 6.41 18.81 6.18 7.5 15.91 6.18 2.7 15.91 19.12 8.11 18.88 0.0 14.15 2.7 7.5 2.12 3.75 15.91 19.12 18.81 12.0 12.0 15.91 18.81 12.57 6.18 6.41 12.0 15.91 18.81 12.57 2.7 15.91 3.75 12.57 12.0 12.57 4.37 8.11 18.81 4.37 2.12 20.19 4.37 6.18 6.18 6.18 2.7 12.0
6.75 20.12 12.09 9.03 11.86 14.15 10.45 13.1 10.45 11.86 7.5 7.72 11.45 9.03 10.82 8.75 10.45 18.97 13.27 10.45 7.72 13.1 11.86 14.15 0.0 13.27 8.75 12.09 11.15 10.45 7.72 9.03 7.5 7.5 10.45 9.03 11.25 18.97 11.45 7.5 10.45 9.03 3.75 13.27 10.45 17.89 11.25 7.5 11.25 14.89 13.1 9.03 14.89 12.09 6.75 14.89 20.12 20.12 20.12 13.27 7.5
18.79 8.25 3.09 16.77 16.52 2.7 13.52 5.41 13.52 16.52 9.86 17.32 3.82 16.77 3.75 5.46 13.52 8.78 0.0 13.52 17.32 5.41 16.52 2.7 13.27 0.0 5.46 3.09 2.12 13.52 17.32 16.77 9.86 9.86 13.52 16.77 10.01 8.78 3.82 9.86 13.52 16.77 11.07 0.0 13.52 5.3 10.01 9.86 10.01 2.25 5.41 16.77 2.25 3.09 18.79 2.25 8.25 8.25 8.25 0.0 9.86
13.52 13.58 6.18 11.35 11.47 7.5 8.55 4.56 8.55 11.47 4.5 11.86 2.7 11.35 2.12 0.0 8.55 13.58 5.46 8.55 11.86 4.56 11.47 7.5 8.75 5.46 0.0 6.18 3.75 8.55 11.86 11.35 4.5 4.5 8.55 11.35 5.86 13.58 2.7 4.5 8.55 11.35 5.86 5.46 8.55 10.74 5.86 4.5 5.86 6.45 4.56 11.35 6.45 6.18 13.52 6.45 13.58 13.58 13.58 5.46 4.5
18.26 8.08 0.0 17.25 17.65 2.12 14.74 7.97 14.74 17.65 10.61 17.4 5.86 17.25 5.41 6.18 14.74 7.5 3.09 14.74 17.4 7.97 17.65 2.12 12.09 3.09 6.18 0.0 2.7 14.74 17.4 17.25 10.61 10.61 14.74 17.25 11.74 7.5 5.86 10.61 14.74 17.25 10.74 3.09 14.74 5.86 11.74 10.61 11.74 5.3 7.97 17.25 5.3 0.0 18.26 5.3 8.08 8.08 8.08 3.09 10.61
16.77 9.86 2.7 15.07 15.17 3.75 12.21 5.41 12.21 15.17 8.25 15.46 3.18 15.07 2.7 3.75 12.21 9.86 2.12 12.21 15.46 5.41 15.17 3.75 11.15 2.12 3.75 2.7 0.0 12.21 15.46 15.07 8.25 8.25 12.21 15.07 9.06 9.86 3.18 8.25 12.21 15.07 9.06 2.12 12.21 7.12 9.06 8.25 9.06 4.04 5.41 15.07 4.04 2.7 16.77 4.04 9.86 9.86 9.86 2.12 8.25
10.2 21.76 14.74 4.8 3.0 15.91 0.0 9.28 0.0 3.0 4.37 6.71 9.75 4.8 9.78 8.55 0.0 22.07 13.52 0.0 6.71 9.28 3.0 15.91 10.45 13.52 8.55 14.74 12.21 0.0 6.71 4.8 4.37 4.37 0.0 4.8 4.04 22.07 9.75 4.37 0.0 4.8 7.08 13.52 0.0 18.75 4.04 4.37 4.04 13.58 9.28 4.8 13.58 14.74 10.2 13.58 21.76 21.76 21.76 13.52 4.37
3.75 25.3 17.4 2.25 6.0 19.12 6.71 14.56 6.71 6.0 7.72 0.0 14.09 2.25 13.79 11.86 6.71 24.85 17.32 6.71 0.0 14.56 6.0 19.12 7.72 17.32 11.86 17.4 15.46 6.71 0.0 2.25 7.72 7.72 6.71 2.25 10.09 24.85 14.09 7.72 6.71 2.25 6.75 17.32 6.71 22.56 10.09 7.72 10.09 18.12 14.56 2.25 18.12 17.4 3.75 18.12 25.3 25.3 25.3 17.32 7.72
6.0 24.93 17.25 0.0 3.75 18.81 4.8 13.42 4.8 3.75 6.91 2.25 13.29 0.0 13.1 11.35 4.8 24.75 16.77 4.8 2.25 13.42 3.75 18.81 9.03 16.77 11.35 17.25 15.07 4.8 2.25 0.0 6.91 6.91 4.8 0.0 8.55 24.75 13.29 6.91 4.8 0.0 7.12 16.77 4.8 22.07 8.55 6.91 8.55 17.32 13.42 0.0 17.32 17.25 6.0 17.32 24.93 24.93 24.93 16.77 6.91
10.09 18.06 10.61 6.91 7.12 12.0 4.37 6.91 4.37 7.12 0.0 7.72 6.41 6.91 6.18 4.5 4.37 18.06 9.86 4.37 7.72 6.91 7.12 12.0 7.5 9.86 4.5 10.61 8.25 4.37 7.72 6.91 0.0 0.0 4.37 6.91 3.75 18.06 6.41 0.0 4.37 6.91 3.75 9.86 4.37 15.17 3.75 0.0 3.75 10.45 6.91 6.91 10.45 10.61 10.09 10.45 18.06 18.06 18.06 9.86 0.0
10.09 18.06 10.61 6.91 7.12 12.0 4.37 6.91 4.37 7.12 0.0 7.72 6.41 6.91 6.18 4.5 4.37 18.06 9.86 4.37 7.72 6.91 7.12 12.0 7.5 9.86 4.5 10.61 8.25 4.37 7.72 6.91 0.0 0.0 4.37 6.91 3.75 18.06 6.41 0.0 4.37 6.91 3.75 9.86 4.37 15.17 3.75 0.0 3.75 10.45 6.91 6.91 10.45 10.61 10.09 10.45 18.06 18.06 18.06 9.86 0.0
10.2 21.76 14.74 4.8 3.0 15.91 0.0 9.28 0.0 3.0 4.37 6.71 9.75 4.8 9.78 8.55 0.0 22.07 13.52 0.0 6.71 9.28 3.0 15.91 10.45 13.52 8.55 14.74 12.21 0.0 6.71 4.8 4.37 4.37 0.0 4.8 4.04 22.07 9.75 4.37 0.0 4.8 7.08 13.52 0.0 18.75 4.04 4.37 4.04 13.58 9.28 4.8 13.58 14.74 10.2 13.58 21.76 21.76 21.76 13.52 4.37
6.0 24.93 17.25 0.0 3.75 18.81 4.8 13.42 4.8 3.75 6.91 2.25 13.29 0.0 13.1 11.35 4.8 24.75 16.77 4.8 2.25 13.42 3.75 18.81 9.03 16.77 11.35 17.25 15.07 4.8 2.25 0.0 6.91 6.91 4.8 0.0 8.55 24.75 13.29 6.91 4.8 0.0 7.12 16.77 4.8 22.07 8.55 6.91 8.55 17.32 13.42 0.0 17.32 17.25 6.0 17.32 24.93 24.93 24.93 16.77 6.91
13.12 18.14 11.74 8.55 6.91 12.57 4.04 5.3 4.04 6.91 3.75 10.09 6.18 8.55 6.41 5.86 4.04 18.75 10.01 4.04 10.09 5.3 6.91 12.57 11.25 10.01 5.86 11.74 9.06 4.04 10.09 8.55 3.75 3.75 4.04 8.55 0.0 18.75 6.18 3.75 4.04 8.55 7.5 10.01 4.04 15.07 0.0 3.75 0.0 9.75 5.3 8.55 9.75 11.74 13.12 9.75 18.14 18.14 18.14 10.01 3.75
25.47 3.0 7.5 24.75 25.03 6.18 22.07 14.09 22.07 25.03 18.06 24.85 12.57 24.75 12.37 13.58 22.07 0.0 8.78 22.07 24.85 14.09 25.03 6.18 18.97 8.78 13.58 7.5 9.86 22.07 24.85 24.75 18.06 18.06 22.07 24.75 18.75 0.0 12.57 18.06 22.07 24.75 18.14 8.78 22.07 4.8 18.75 18.06 18.75 9.78 14.09 24.75 9.78 7.5 25.47 9.78 3.0 3.0 3.0 8.78 18.06
16.05 12.02 5.86 13.29 12.75 6.41 9.75 2.37 9.75 12.75 6.41 14.09 0.0 13.29 0.75 2.7 9.75 12.57 3.82 9.75 14.09 2.37 12.75 6.41 11.45 3.82 2.7 5.86 3.18 9.75 14.09 13.29 6.41 6.41 9.75 13.29 6.18 12.57 0.0 6.41 9.75 13.29 8.49 3.82 9.75 9.0 6.18 6.41 6.18 4.04 2.37 13.29 4.04 5.86 16.05 4.04 12.02 12.02 12.02 3.82 6.41
10.09 18.06 10.61 6.91 7.12 12.0 4.37 6.91 4.37 7.12 0.0 7.72 6.41 6.91 6.18 4.5 4.37 18.06 9.86 4.37 7.72 6.91 7.12 12.0 7.5 9.86 4.5 10.61 8.25 4.37 7.72 6.91 0.0 0.0 4.37 6.91 3.75 18.06 6.41 0.0 4.37 6.91 3.75 9.86 4.37 15.17 3.75 0.0 3.75 10.45 6.91 6.91 10.45 10.61 10.09 10.45 18.06 18.06 18.06 9.86 0.0
10.2 21.76 14.74 4.8 3.0 15.91 0.0 9.28 0.0 3.0 4.37 6.71 9.75 4.8 9.78 8.55 0.0 22.07 13.52 0.0 6.71 9.28 3.0 15.91 10.45 13.52 8.55 14.74 12.21 0.0 6.71 4.8 4.37 4.37 0.0 4.8 4.04 22.07 9.75 4.37 0.0 4.8 7.08 13.52 0.0 18.75 4.04 4.37 4.04 13.58 9.28 4.8 13.58 14.74 10.2 13.58 21.76 21.76 21.76 13.52 4.37
6.0 24.93 17.25 0.0 3.75 18.81 4.8 13.42 4.8 3.75 6.91 2.25 13.29 0.0 13.1 11.35 4.8 24.75 16.77 4.8 2.25 13.42 3.75 18.81 9.03 16.77 11.35 17.25 15.07 4.8 2.25 0.0 6.91 6.91 4.8 0.0 8.55 24.75 13.29 6.91 4.8 0.0 7.12 16.77 4.8 22.07 8.55 6.91 8.55 17.32 13.42 0.0 17.32 17.25 6.0 17.32 24.93 24.93 24.93 16.77 6.91
7.72 18.75 10.74 7.12 9.03 12.57 7.08 9.78 7.08 9.03 3.75 6.75 8.49 7.12 7.97 5.86 7.08 18.14 11.07 7.08 6.75 9.78 9.03 12.57 3.75 11.07 5.86 10.74 9.06 7.08 6.75 7.12 3.75 3.75 7.08 7.12 7.5 18.14 8.49 3.75 7.08 7.12 0.0 11.07 7.08 16.16 7.5 3.75 7.5 12.3 9.78 7.12 12.3 10.74 7.72 12.3 18.75 18.75 18.75 11.07 3.75
18.79 8.25 3.09 16.77 16.52 2.7 13.52 5.41 13.52 16.52 9.86 17.32 3.82 16.77 3.75 5.46 13.52 8.78 0.0 13.52 17.32 5.41 16.52 2.7 13.27 0.0 5.46 3.09 2.12 13.52 17.32 16.77 9.86 9.86 13.52 16.77 10.01 8.78 3.82 9.86 13.52 16.77 11.07 0.0 13.52 5.3 10.01 9.86 10.01 2.25 5.41 16.77 2.25 3.09 18.79 2.25 8.25 8.25 8.25 0.0 9.86
10.2 21.76 14.74 4.8 3.0 15.91 0.0 9.28 0.0 3.0 4.37 6.71 9.75 4.8 9.78 8.55 0.0 22.07 13.52 0.0 6.71 9.28 3.0 15.91 10.45 13.52 8.55 14.74 12.21 0.0 6.71 4.8 4.37 4.37 0.0 4.8 4.04 22.07 9.75 4.37 0.0 4.8 7.08 13.52 0.0 18.75 4.04 4.37 4.04 13.58 9.28 4.8 13.58 14.74 10.2 13.58 21.76 21.76 21.76 13.52 4.37
23.84 3.09 5.86 22.07 21.75 3.75 18.75 10.01 18.75 21.75 15.17 22.56 9.0 22.07 9.03 10.74 18.75 4.8 5.3 18.75 22.56 10.01 21.75 3.75 17.89 5.3 10.74 5.86 7.12 18.75 22.56 22.07 15.17 15.17 18.75 22.07 15.07 4.8 9.0 15.17 18.75 22.07 16.16 5.3 18.75 0.0 15.07 15.17 15.07 5.46 10.01 22.07 5.46 5.86 23.84 5.46 3.09 3.09 3.09 5.3 15.17
13.12 18.14 11.74 8.55 6.91 12.57 4.04 5.3 4.04 6.91 3.75 10.09 6.18 8.55 6.41 5.86 4.04 18.75 10.01 4.04 10.09 5.3 6.91 12.57 11.25 10.01 5.86 11.74 9.06 4.04 10.09 8.55 3.75 3.75 4.04 8.55 0.0 18.75 6.18 3.75 4.04 8.55 7.5 10.01 4.04 15.07 0.0 3.75 0.0 9.75 5.3 8.55 9.75 11.74 13.12 9.75 18.14 18.14 18.14 10.01 3.75
10.09 18.06 10.61 6.91 7.12 12.0 4.37 6.91 4.37 7.12 0.0 7.72 6.41 6.91 6.18 4.5 4.37 18.06 9.86 4.37 7.72 6.91 7.12 12.0 7.5 9.86 4.5 10.61 8.25 4.37 7.72 6.91 0.0 0.0 4.37 6.91 3.75 18.06 6.41 0.0 4.37 6.91 3.75 9.86 4.37 15.17 3.75 0.0 3.75 10.45 6.91 6.91 10.45 10.61 10.09 10.45 18.06 18.06 18.06 9.86 0.0
13.12 18.14 11.74 8.55 6.91 12.57 4.04 5.3 4.04 6.91 3.75 10.09 6.18 8.55 6.41 5.86 4.04 18.75 10.01 4.04 10.09 5.3 6.91 12.57 11.25 10.01 5.86 11.74 9.06 4.04 10.09 8.55 3.75 3.75 4.04 8.55 0.0 18.75 6.18 3.75 4.04 8.55 7.5 10.01 4.04 15.07 0.0 3.75 0.0 9.75 5.3 8.55 9.75 11.74 13.12 9.75 18.14 18.14 18.14 10.01 3.75
19.97 8.55 5.3 17.32 16.57 4.37 13.58 4.56 13.58 16.57 10.45 18.12 4.04 17.32 4.37 6.45 13.58 9.78 2.25 13.58 18.12 4.56 16.57 4.37 14.89 2.25 6.45 5.3 4.04 13.58 18.12 17.32 10.45 10.45 13.58 17.32 9.75 9.78 4.04 10.45 13.58 17.32 12.3 2.25 13.58 5.46 9.75 10.45 9.75 0.0 4.56 17.32 0.0 5.3 19.97 0.0 8.55 8.55 8.55 2.25 10.45
16.97 13.1 7.97 13.42 12.21 8.11 9.28 0.0 9.28 12.21 6.91 14.56 2.37 13.42 3.09 4.56 9.28 14.09 5.41 9.28 14.56 0.0 12.21 8.11 13.1 5.41 4.56 7.97 5.41 9.28 14.56 13.42 6.91 6.91 9.28 13.42 5.3 14.09 2.37 6.91 9.28 13.42 9.78 5.41 9.28 10.01 5.3 6.91 5.3 4.56 0.0 13.42 4.56 7.97 16.97 4.56 13.1 13.1 13.1 5.41 6.91
6.0 24.93 17.25 0.0 3.75 18.81 4.8 13.42 4.8 3.75 6.91 2.25 13.29 0.0 13.1 11.35 4.8 24.75 16.77 4.8 2.25 13.42 3.75 18.81 9.03 16.77 11.35 17.25 15.07 4.8 2.25 0.0 6.91 6.91 4.8 0.0 8.55 24.75 13.29 6.91 4.8 0.0 7.12 16.77 4.8 22.07 8.55 6.91 8.55 17.32 13.42 0.0 17.32 17.25 6.0 17.32 24.93 24.93 24.93 16.77 6.91
19.97 8.55 5.3 17.32 16.57 4.37 13.58 4.56 13.58 16.57 10.45 18.12 4.04 17.32 4.37 6.45 13.58 9.78 2.25 13.58 18.12 4.56 16.57 4.37 14.89 2.25 6.45 5.3 4.04 13.58 18.12 17.32 10.45 10.45 13.58 17.32 9.75 9.78 4.04 10.45 13.58 17.32 12.3 2.25 13.58 5.46 9.75 10.45 9.75 0.0 4.56 17.32 0.0 5.3 19.97 0.0 8.55 8.55 8.55 2.25 10.45
18.26 8.08 0.0 17.25 17.65 2.12 14.74 7.97 14.74 17.65 10.61 17.4 5.86 17.25 5.41 6.18 14.74 7.5 3.09 14.74 17.4 7.97 17.65 2.12 12.09 3.09 6.18 0.0 2.7 14.74 17.4 17.25 10.61 10.61 14.74 17.25 11.74 7.5 5.86 10.61 14.74 17.25 10.74 3.09 14.74 5.86 11.74 10.61 11.74 5.3 7.97 17.25 5.3 0.0 18.26 5.3 8.08 8.08 8.08 3.09 10.61
0.0 26.34 18.26 6.0 9.75 20.19 10.2 16.97 10.2 9.75 10.09 3.75 16.05 6.0 15.61 13.52 10.2 25.47 18.79 10.2 3.75 16.97 9.75 20.19 6.75 18.79 13.52 18.26 16.77 10.2 3.75 6.0 10.09 10.09 10.2 6.0 13.12 25.47 16.05 10.09 10.2 6.0 7.72 18.79 10.2 23.84 13.12 10.09 13.12 19.97 16.97 6.0 19.97 18.26 0.0 19.97 26.34 26.34 26.34 18.79 10.09
19.97 8.55 5.3 17.32 16.57 4.37 13.58 4.56 13.58 16.57 10.45 18.12 4.04 17.32 4.37 6.45 13.58 9.78 2.25 13.58 18.12 4.56 16.57 4.37 14.89 2.25 6.45 5.3 4.04 13.58 18.12 17.32 10.45 10.45 13.58 17.32 9.75 9.78 4.04 10.45 13.58 17.32 12.3 2.25 13.58 5.46 9.75 10.45 9.75 0.0 4.56 17.32 0.0 5.3 19.97 0.0 8.55 8.55 8.55 2.25 10.45
26.34 0.0 8.08 24.93 24.76 6.18 21.76 13.1 21.76 24.76 18.06 25.3 12.02 24.93 12.0 13.58 21.76 3.0 8.25 21.76 25.3 13.1 24.76 6.18 20.12 8.25 13.58 8.08 9.86 21.76 25.3 24.93 18.06 18.06 21.76 24.93 18.14 3.0 12.02 18.06 21.76 24.93 18.75 8.25 21.76 3.09 18.14 18.06 18.14 8.55 13.1 24.93 8.55 8.08 26.34 8.55 0.0 0.0 0.0 8.25 18.06
26.34 0.0 8.08 24.93 24.76 6.18 21.76 13.1 21.76 24.76 18.06 25.3 12.02 24.93 12.0 13.58 21.76 3.0 8.25 21.76 25.3 13.1 24.76 6.18 20.12 8.25 13.58 8.08 9.86 21.76 25.3 24.93 18.06 18.06 21.76 24.93 18.14 3.0 12.02 18.06 21.76 24.93 18.75 8.25 21.76 3.09 18.14 18.06 18.14 8.55 13.1 24.93 8.55 8.08 26.34 8.55 0.0 0.0 0.0 8.25 18.06
26.34 0.0 8.08 24.93 24.76 6.18 21.76 13.1 21.76 24.76 18.06 25.3 12.02 24.93 12.0 13.58 21.76 3.0 8.25 21.76 25.3 13.1 24.76 6.18 20.12 8.25 13.58 8.08 9.86 21.76 25.3 24.93 18.06 18.06 21.76 24.93 18.14 3.0 12.02 18.06 21.76 24.93 18.75 8.25 21.76 3.09 18.14 18.06 18.14 8.55 13.1 24.93 8.55 8.08 26.34 8.55 0.0 0.0 0.0 8.25 18.06
18.79 8.25 3.09 16.77 16.52 2.7 13.52 5.41 13.52 16.52 9.86 17.32 3.82 16.77 3.75 5.46 13.52 8.78 0.0 13.52 17.32 5.41 16.52 2.7 13.27 0.0 5.46 3.09 2.12 13.52 17.32 16.77 9.86 9.86 13.52 16.77 10.01 8.78 3.82 9.86 13.52 16.77 11.07 0.0 13.52 5.3 10.01 9.86 10.01 2.25 5.41 16.77 2.25 3.09 18.79 2.25 8.25 8.25 8.25 0.0 9.86
10.09 18.06 10.61 6.91 7.12 12.0 4.37 6.91 4.37 7.12 0.0 7.72 6.41 6.91 6.18 4.5 4.37 18.06 9.86 4.37 7.72 6.91 7.12 12.0 7.5 9.86 4.5 10.61 8.25 4.37 7.72 6.91 0.0 0.0 4.37 6.91 3.75 18.06 6.41 0.0 4.37 6.91 3.75 9.86 4.37 15.17 3.75 0.0 3.75 10.45 6.91 6.91 10.45 10.61 10.09 10.45 18.06 18.06 18.06 9.86 0.0
