0.0 13.58 13.83 12.09 14.77 13.58 3.0 3.35 5.41 12.09 8.08 6.71 14.85 12.09 4.5 15.66 3.35 6.71 9.12 4.5 13.5 2.12 4.5 13.42 3.35 9.0 14.85 13.58 3.35 6.71 13.5 3.35 14.77 5.41 3.35 13.5 0.0 5.41 20.12 20.12 2.12 5.41 10.92 3.0 13.83 13.58 3.35 0.0 3.35 6.71 6.71 13.42 9.12 14.85 4.5 0.0 3.35 3.35 0.0 2.12 12.09 0.0 13.58 2.12 16.77 20.18 9.12 12.09 13.42 20.18 14.23 0.0 18.06 17.1 17.1 13.58 15.66 4.5 13.5 3.35 6.71 4.5 3.35 18.06 2.12 17.1 9.0 10.92 14.77 6.71 6.71 14.77 20.12 14.23 3.35 13.5 13.42 8.08 3.35 13.42 16.77
13.58 0.0 22.3 11.72 4.5 19.21 10.61 15.07 10.92 5.41 12.09 18.12 9.49 11.72 9.12 6.18 16.77 18.12 18.31 9.12 20.18 12.0 9.12 4.74 15.07 4.74 9.49 0.0 15.07 18.12 20.18 16.77 4.5 10.92 16.77 20.18 13.58 10.92 11.42 11.42 12.0 10.92 13.83 10.61 22.3 19.21 15.07 13.58 16.77 18.12 17.1 4.74 18.31 9.49 9.12 13.58 15.07 16.5 13.58 12.0 5.41 13.58 19.21 12.0 24.42 15.07 18.31 11.72 4.74 15.07 17.49 13.58 15.07 15.3 15.3 19.21 6.18 9.12 20.18 15.07 18.12 9.12 15.07 15.07 12.0 15.3 4.74 13.83 4.5 17.1 17.1 4.5 11.42 17.49 15.07 20.18 4.74 12.09 16.5 4.74 24.42
13.83 22.3 0.0 25.63 25.54 4.5 14.77 16.57 18.97 23.72 21.84 7.5 27.54 25.63 15.44 20.12 12.0 7.5 4.74 15.44 3.0 15.66 15.44 24.6 16.57 18.06 27.54 22.3 16.57 7.5 3.0 12.0 25.54 18.97 12.0 3.0 13.83 18.97 21.48 21.48 15.66 18.97 24.74 14.77 0.0 4.5 16.57 13.83 12.0 7.5 19.5 24.6 4.74 27.54 15.44 13.83 16.57 15.0 13.83 15.66 23.72 13.83 4.5 15.66 3.0 18.0 4.74 25.63 24.6 18.0 7.5 13.83 15.0 13.5 13.5 4.5 20.12 15.44 3.0 16.57 7.5 15.44 16.57 15.0 15.66 13.5 18.06 24.74 25.54 19.5 19.5 25.54 21.48 7.5 16.57 3.0 24.6 21.84 15.0 24.6 3.0
12.09 11.72 25.63 0.0 8.75 24.42 10.92 10.61 6.71 6.36 4.24 18.79 4.5 0.0 10.61 17.49 15.0 18.79 20.89 10.61 24.74 10.06 10.61 7.5 10.61 10.92 4.5 11.72 10.61 18.79 24.74 15.0 8.75 6.71 15.0 24.74 12.09 6.71 22.9 22.9 10.06 6.71 3.0 10.92 25.63 24.42 10.61 12.09 15.0 18.79 10.06 7.5 20.89 4.5 10.61 12.09 10.61 12.73 12.09 10.06 6.36 12.09 24.42 10.06 28.46 25.63 20.89 0.0 7.5 25.63 24.05 12.09 24.74 24.42 24.42 24.42 17.49 10.61 24.74 10.61 18.79 10.61 10.61 24.74 10.06 24.42 10.92 3.0 8.75 10.06 10.06 8.75 22.9 24.05 10.61 24.74 7.5 4.24 12.73 7.5 28.46
14.77 4.5 25.54 8.75 0.0 22.9 12.09 15.3 10.61 3.0 10.61 20.4 5.41 8.75 10.82 10.61 18.12 20.4 21.21 10.82 23.72 12.82 10.82 1.5 15.3 7.5 5.41 4.5 15.3 20.4 23.72 18.12 0.0 10.61 18.12 23.72 14.77 10.61 15.66 15.66 12.82 10.61 11.42 12.09 25.54 22.9 15.3 14.77 18.12 20.4 16.5 1.5 21.21 5.41 10.82 14.77 15.3 17.1 14.77 12.82 3.0 14.77 22.9 12.82 27.9 19.56 21.21 8.75 1.5 19.56 21.48 14.77 19.56 19.73 19.73 22.9 10.61 10.82 23.72 15.3 20.4 10.82 15.3 19.56 12.82 19.73 7.5 11.42 0.0 16.5 16.5 0.0 15.66 21.48 15.3 23.72 1.5 10.61 17.1 1.5 27.9
13.58 19.21 4.5 24.42 22.9 0.0 13.58 16.77 18.06 21.48 21.05 8.75 25.63 24.42 13.83 16.22 12.82 8.75 5.41 13.83 1.5 15.0 13.83 22.15 16.77 15.44 25.63 19.21 16.77 8.75 1.5 12.82 22.9 18.06 12.82 1.5 13.58 18.06 17.1 17.1 15.0 18.06 24.05 13.58 4.5 0.0 16.77 13.58 12.82 8.75 20.01 22.15 5.41 25.63 13.83 13.58 16.77 15.66 13.58 15.0 21.48 13.58 0.0 15.0 5.41 13.5 5.41 24.42 22.15 13.5 3.0 13.58 10.5 9.0 9.0 0.0 16.22 13.83 1.5 16.77 8.75 13.83 16.77 10.5 15.0 9.0 15.44 24.05 22.9 20.01 20.01 22.9 17.1 3.0 16.77 1.5 22.15 21.05 15.66 22.15 5.41
3.0 10.61 14.77 10.92 12.09 13.58 0.0 5.41 4.5 9.6 7.5 8.49 12.9 10.92 1.5 12.82 6.18 8.49 10.06 1.5 13.83 2.12 1.5 10.82 5.41 6.0 12.9 10.61 5.41 8.49 13.83 6.18 12.09 4.5 6.18 13.83 3.0 4.5 17.49 17.49 2.12 4.5 10.5 0.0 14.77 13.58 5.41 3.0 6.18 8.49 8.49 10.82 10.06 12.9 1.5 3.0 5.41 6.18 3.0 2.12 9.6 3.0 13.58 2.12 17.56 18.06 10.06 10.92 10.82 18.06 13.58 3.0 16.22 15.44 15.44 13.58 12.82 1.5 13.83 5.41 8.49 1.5 5.41 16.22 2.12 15.44 6.0 10.5 12.09 8.49 8.49 12.09 17.49 13.58 5.41 13.83 10.82 7.5 6.18 10.82 17.56
3.35 15.07 16.57 10.61 15.3 16.77 5.41 0.0 4.74 12.37 6.36 9.12 14.15 10.61 6.71 18.12 4.74 9.12 12.0 6.71 16.57 3.35 6.71 13.83 0.0 10.92 14.15 15.07 0.0 9.12 16.57 4.74 15.3 4.74 4.74 16.57 3.35 4.74 22.9 22.9 3.35 4.74 8.75 5.41 16.57 16.77 0.0 3.35 4.74 9.12 3.35 13.83 12.0 14.15 6.71 3.35 0.0 2.12 3.35 3.35 12.37 3.35 16.77 3.35 19.56 23.33 12.0 10.61 13.83 23.33 17.56 3.35 21.32 20.4 20.4 16.77 18.12 6.71 16.57 0.0 9.12 6.71 0.0 21.32 3.35 20.4 10.92 8.75 15.3 3.35 3.35 15.3 22.9 17.56 0.0 16.57 13.83 6.36 2.12 13.83 19.56
5.41 10.92 18.97 6.71 10.61 18.06 4.5 4.74 0.0 7.65 3.0 12.09 9.6 6.71 4.74 15.0 8.49 12.09 14.23 4.74 18.25 3.35 4.74 9.12 4.74 7.5 9.6 10.92 4.74 12.09 18.25 8.49 10.61 0.0 8.49 18.25 5.41 0.0 20.18 20.18 3.35 0.0 6.0 4.5 18.97 18.06 4.74 5.41 8.49 12.09 6.18 9.12 14.23 9.6 4.74 5.41 4.74 6.71 5.41 3.35 7.65 5.41 18.06 3.35 21.84 21.63 14.23 6.71 9.12 21.63 18.06 5.41 20.12 19.5 19.5 18.06 15.0 4.74 18.25 4.74 12.09 4.74 4.74 20.12 3.35 19.5 7.5 6.0 10.61 6.18 6.18 10.61 20.18 18.06 4.74 18.25 9.12 3.0 6.71 9.12 21.84
12.09 5.41 23.72 6.36 3.0 21.48 9.6 12.37 7.65 0.0 7.65 18.06 4.5 6.36 8.49 11.42 15.44 18.06 19.21 8.49 22.15 10.06 8.49 1.5 12.37 6.18 4.5 5.41 12.37 18.06 22.15 15.44 3.0 7.65 15.44 22.15 12.09 7.65 16.77 16.77 10.06 7.65 8.75 9.6 23.72 21.48 12.37 12.09 15.44 18.06 13.5 1.5 19.21 4.5 8.49 12.09 12.37 14.23 12.09 10.06 0.0 12.09 21.48 10.06 26.24 20.01 19.21 6.36 1.5 20.01 20.4 12.09 19.56 19.5 19.5 21.48 11.42 8.49 22.15 12.37 18.06 8.49 12.37 19.56 10.06 19.5 6.18 8.75 3.0 13.5 13.5 3.0 16.77 20.4 12.37 22.15 1.5 7.65 14.23 1.5 26.24
8.08 12.09 21.84 4.24 10.61 21.05 7.5 6.36 3.0 7.65 0.0 14.77 8.08 4.24 7.65 16.97 10.82 14.77 17.1 7.65 21.21 6.18 7.65 9.12 6.36 9.6 8.08 12.09 6.36 14.77 21.21 10.82 10.61 3.0 10.82 21.21 8.08 3.0 22.3 22.3 6.18 3.0 3.0 7.5 21.84 21.05 6.36 8.08 10.82 14.77 6.18 9.12 17.1 8.08 7.65 8.08 6.36 8.49 8.08 6.18 7.65 8.08 21.05 6.18 24.74 24.19 17.1 4.24 9.12 24.19 21.05 8.08 22.85 22.3 22.3 21.05 16.97 7.65 21.21 6.36 14.77 7.65 6.36 22.85 6.18 22.3 9.6 3.0 10.61 6.18 6.18 10.61 22.3 21.05 6.36 21.21 9.12 0.0 8.49 9.12 24.74
6.71 18.12 7.5 18.79 20.4 8.75 8.49 9.12 12.09 18.06 14.77 0.0 21.32 18.79 9.6 18.06 4.5 0.0 3.35 9.6 8.08 8.75 9.6 19.21 9.12 13.42 21.32 18.12 9.12 0.0 8.08 4.5 20.4 12.09 4.5 8.08 6.71 12.09 21.21 21.21 8.75 12.09 17.56 8.49 7.5 8.75 9.12 6.71 4.5 0.0 12.0 19.21 3.35 21.32 9.6 6.71 9.12 7.5 6.71 8.75 18.06 6.71 8.75 8.75 10.5 19.5 3.35 18.79 19.21 19.5 10.61 6.71 16.77 15.44 15.44 8.75 18.06 9.6 8.08 9.12 0.0 9.6 9.12 16.77 8.75 15.44 13.42 17.56 20.4 12.0 12.0 20.4 21.21 10.61 9.12 8.08 19.21 14.77 7.5 19.21 10.5
14.85 9.49 27.54 4.5 5.41 25.63 12.9 14.15 9.6 4.5 8.08 21.32 0.0 4.5 12.09 15.66 18.06 21.32 22.9 12.09 26.2 12.73 12.09 4.74 14.15 10.61 0.0 9.49 14.15 21.32 26.2 18.06 5.41 9.6 18.06 26.2 14.85 9.6 20.89 20.89 12.73 9.6 7.5 12.9 27.54 25.63 14.15 14.85 18.06 21.32 14.23 4.74 22.9 0.0 12.09 14.85 14.15 16.22 14.85 12.73 4.5 14.85 25.63 12.73 30.19 24.42 22.9 4.5 4.74 24.42 24.74 14.85 24.05 24.0 24.0 25.63 15.66 12.09 26.2 14.15 21.32 12.09 14.15 24.05 12.73 24.0 10.61 7.5 5.41 14.23 14.23 5.41 20.89 24.74 14.15 26.2 4.74 8.08 16.22 4.74 30.19
12.09 11.72 25.63 0.0 8.75 24.42 10.92 10.61 6.71 6.36 4.24 18.79 4.5 0.0 10.61 17.49 15.0 18.79 20.89 10.61 24.74 10.06 10.61 7.5 10.61 10.92 4.5 11.72 10.61 18.79 24.74 15.0 8.75 6.71 15.0 24.74 12.09 6.71 22.9 22.9 10.06 6.71 3.0 10.92 25.63 24.42 10.61 12.09 15.0 18.79 10.06 7.5 20.89 4.5 10.61 12.09 10.61 12.73 12.09 10.06 6.36 12.09 24.42 10.06 28.46 25.63 20.89 0.0 7.5 25.63 24.05 12.09 24.74 24.42 24.42 24.42 17.49 10.61 24.74 10.61 18.79 10.61 10.61 24.74 10.06 24.42 10.92 3.0 8.75 10.06 10.06 8.75 22.9 24.05 10.61 24.74 7.5 4.24 12.73 7.5 28.46
4.5 9.12 15.44 10.61 10.82 13.83 1.5 6.71 4.74 8.49 7.65 9.6 12.09 10.61 0.0 11.42 7.65 9.6 10.82 0.0 14.23 3.35 0.0 9.6 6.71 4.5 12.09 9.12 6.71 9.6 14.23 7.65 10.82 4.74 7.65 14.23 4.5 4.74 16.22 16.22 3.35 4.74 10.61 1.5 15.44 13.83 6.71 4.5 7.65 9.6 9.6 9.6 10.82 12.09 0.0 4.5 6.71 7.65 4.5 3.35 8.49 4.5 13.83 3.35 18.12 17.1 10.82 10.61 9.6 17.1 13.5 4.5 15.44 14.77 14.77 13.83 11.42 0.0 14.23 6.71 9.6 0.0 6.71 15.44 3.35 14.77 4.5 10.61 10.82 9.6 9.6 10.82 16.22 13.5 6.71 14.23 9.6 7.65 7.65 9.6 18.12
15.66 6.18 20.12 17.49 10.61 16.22 12.82 18.12 15.0 11.42 16.97 18.06 15.66 17.49 11.42 0.0 18.25 18.06 17.1 11.42 17.49 14.77 11.42 10.92 18.12 7.5 15.66 6.18 18.12 18.06 17.49 18.25 10.61 15.0 18.25 17.49 15.66 15.0 5.41 5.41 14.77 15.0 19.21 12.82 20.12 16.22 18.12 15.66 18.25 18.06 20.84 10.92 17.1 15.66 11.42 15.66 18.12 18.97 15.66 14.77 11.42 15.66 16.22 14.77 21.63 9.0 17.1 17.49 10.92 9.0 13.83 15.66 9.49 10.06 10.06 16.22 0.0 11.42 17.49 18.12 18.06 11.42 18.12 9.49 14.77 10.06 7.5 19.21 10.61 20.84 20.84 10.61 5.41 13.83 18.12 17.49 10.92 16.97 18.97 10.92 21.63
3.35 16.77 12.0 15.0 18.12 12.82 6.18 4.74 8.49 15.44 10.82 4.5 18.06 15.0 7.65 18.25 0.0 4.5 7.65 7.65 12.37 5.41 7.65 16.77 4.74 12.09 18.06 16.77 4.74 4.5 12.37 0.0 18.12 8.49 0.0 12.37 3.35 8.49 22.3 22.3 5.41 8.49 13.42 6.18 12.0 12.82 4.74 3.35 0.0 4.5 7.5 16.77 7.65 18.06 7.65 3.35 4.74 3.0 3.35 5.41 15.44 3.35 12.82 5.41 15.0 21.63 7.65 15.0 16.77 21.63 14.15 3.35 19.21 18.06 18.06 12.82 18.25 7.65 12.37 4.74 4.5 7.65 4.74 19.21 5.41 18.06 12.09 13.42 18.12 7.5 7.5 18.12 22.3 14.15 4.74 12.37 16.77 10.82 3.0 16.77 15.0
6.71 18.12 7.5 18.79 20.4 8.75 8.49 9.12 12.09 18.06 14.77 0.0 21.32 18.79 9.6 18.06 4.5 0.0 3.35 9.6 8.08 8.75 9.6 19.21 9.12 13.42 21.32 18.12 9.12 0.0 8.08 4.5 20.4 12.09 4.5 8.08 6.71 12.09 21.21 21.21 8.75 12.09 17.56 8.49 7.5 8.75 9.12 6.71 4.5 0.0 12.0 19.21 3.35 21.32 9.6 6.71 9.12 7.5 6.71 8.75 18.06 6.71 8.75 8.75 10.5 19.5 3.35 18.79 19.21 19.5 10.61 6.71 16.77 15.44 15.44 8.75 18.06 9.6 8.08 9.12 0.0 9.6 9.12 16.77 8.75 15.44 13.42 17.56 20.4 12.0 12.0 20.4 21.21 10.61 9.12 8.08 19.21 14.77 7.5 19.21 10.5
9.12 18.31 4.74 20.89 21.21 5.41 10.06 12.0 14.23 19.21 17.1 3.35 22.9 20.89 10.82 17.1 7.65 3.35 0.0 10.82 4.74 10.92 10.82 20.18 12.0 13.83 22.9 18.31 12.0 3.35 4.74 7.65 21.21 14.23 7.65 4.74 9.12 14.23 19.5 19.5 10.92 14.23 20.01 10.06 4.74 5.41 12.0 9.12 7.65 3.35 15.07 20.18 0.0 22.9 10.82 9.12 12.0 10.61 9.12 10.92 19.21 9.12 5.41 10.92 7.65 17.1 0.0 20.89 20.18 17.1 7.5 9.12 14.23 12.82 12.82 5.41 17.1 10.82 4.74 12.0 3.35 10.82 12.0 14.23 10.92 12.82 13.83 20.01 21.21 15.07 15.07 21.21 19.5 7.5 12.0 4.74 20.18 17.1 10.61 20.18 7.65
4.5 9.12 15.44 10.61 10.82 13.83 1.5 6.71 4.74 8.49 7.65 9.6 12.09 10.61 0.0 11.42 7.65 9.6 10.82 0.0 14.23 3.35 0.0 9.6 6.71 4.5 12.09 9.12 6.71 9.6 14.23 7.65 10.82 4.74 7.65 14.23 4.5 4.74 16.22 16.22 3.35 4.74 10.61 1.5 15.44 13.83 6.71 4.5 7.65 9.6 9.6 9.6 10.82 12.09 0.0 4.5 6.71 7.65 4.5 3.35 8.49 4.5 13.83 3.35 18.12 17.1 10.82 10.61 9.6 17.1 13.5 4.5 15.44 14.77 14.77 13.83 11.42 0.0 14.23 6.71 9.6 0.0 6.71 15.44 3.35 14.77 4.5 10.61 10.82 9.6 9.6 10.82 16.22 13.5 6.71 14.23 9.6 7.65 7.65 9.6 18.12
13.5 20.18 3.0 24.74 23.72 1.5 13.83 16.57 18.25 22.15 21.21 8.08 26.2 24.74 14.23 17.49 12.37 8.08 4.74 14.23 0.0 15.07 14.23 22.9 16.57 16.22 26.2 20.18 16.57 8.08 0.0 12.37 23.72 18.25 12.37 0.0 13.5 18.25 18.55 18.55 15.07 18.25 24.19 13.83 3.0 1.5 16.57 13.5 12.37 8.08 19.73 22.9 4.74 26.2 14.23 13.5 16.57 15.3 13.5 15.07 22.15 13.5 1.5 15.07 4.24 15.0 4.74 24.74 22.9 15.0 4.5 13.5 12.0 10.5 10.5 1.5 17.49 14.23 0.0 16.57 8.08 14.23 16.57 12.0 15.07 10.5 16.22 24.19 23.72 19.73 19.73 23.72 18.55 4.5 16.57 0.0 22.9 21.21 15.3 22.9 4.24
2.12 12.0 15.66 10.06 12.82 15.0 2.12 3.35 3.35 10.06 6.18 8.75 12.73 10.06 3.35 14.77 5.41 8.75 10.92 3.35 15.07 0.0 3.35 11.42 3.35 7.65 12.73 12.0 3.35 8.75 15.07 5.41 12.82 3.35 5.41 15.07 2.12 3.35 19.56 19.56 0.0 3.35 9.12 2.12 15.66 15.0 3.35 2.12 5.41 8.75 6.36 11.42 10.92 12.73 3.35 2.12 3.35 4.5 2.12 0.0 10.06 2.12 15.0 0.0 18.55 20.18 10.92 10.06 11.42 20.18 15.3 2.12 18.31 17.49 17.49 15.0 14.77 3.35 15.07 3.35 8.75 3.35 3.35 18.31 0.0 17.49 7.65 9.12 12.82 6.36 6.36 12.82 19.56 15.3 3.35 15.07 11.42 6.18 4.5 11.42 18.55
4.5 9.12 15.44 10.61 10.82 13.83 1.5 6.71 4.74 8.49 7.65 9.6 12.09 10.61 0.0 11.42 7.65 9.6 10.82 0.0 14.23 3.35 0.0 9.6 6.71 4.5 12.09 9.12 6.71 9.6 14.23 7.65 10.82 4.74 7.65 14.23 4.5 4.74 16.22 16.22 3.35 4.74 10.61 1.5 15.44 13.83 6.71 4.5 7.65 9.6 9.6 9.6 10.82 12.09 0.0 4.5 6.71 7.65 4.5 3.35 8.49 4.5 13.83 3.35 18.12 17.1 10.82 10.61 9.6 17.1 13.5 4.5 15.44 14.77 14.77 13.83 11.42 0.0 14.23 6.71 9.6 0.0 6.71 15.44 3.35 14.77 4.5 10.61 10.82 9.6 9.6 10.82 16.22 13.5 6.71 14.23 9.6 7.65 7.65 9.6 18.12
13.42 4.74 24.6 7.5 1.5 22.15 10.82 13.83 9.12 1.5 9.12 19.21 4.74 7.5 9.6 10.92 16.77 19.21 20.18 9.6 22.9 11.42 9.6 0.0 13.83 6.71 4.74 4.74 13.83 19.21 22.9 16.77 1.5 9.12 16.77 22.9 13.42 9.12 16.16 16.16 11.42 9.12 10.06 10.82 24.6 22.15 13.83 13.42 16.77 19.21 15.0 0.0 20.18 4.74 9.6 13.42 13.83 15.66 13.42 11.42 1.5 13.42 22.15 11.42 27.04 19.73 20.18 7.5 0.0 19.73 20.89 13.42 19.5 19.56 19.56 22.15 10.92 9.6 22.9 13.83 19.21 9.6 13.83 19.5 11.42 19.56 6.71 10.06 1.5 15.0 15.0 1.5 16.16 20.89 13.83 22.9 0.0 9.12 15.66 0.0 27.04
3.35 15.07 16.57 10.61 15.3 16.77 5.41 0.0 4.74 12.37 6.36 9.12 14.15 10.61 6.71 18.12 4.74 9.12 12.0 6.71 16.57 3.35 6.71 13.83 0.0 10.92 14.15 15.07 0.0 9.12 16.57 4.74 15.3 4.74 4.74 16.57 3.35 4.74 22.9 22.9 3.35 4.74 8.75 5.41 16.57 16.77 0.0 3.35 4.74 9.12 3.35 13.83 12.0 14.15 6.71 3.35 0.0 2.12 3.35 3.35 12.37 3.35 16.77 3.35 19.56 23.33 12.0 10.61 13.83 23.33 17.56 3.35 21.32 20.4 20.4 16.77 18.12 6.71 16.57 0.0 9.12 6.71 0.0 21.32 3.35 20.4 10.92 8.75 15.3 3.35 3.35 15.3 22.9 17.56 0.0 16.57 13.83 6.36 2.12 13.83 19.56
9.0 4.74 18.06 10.92 7.5 15.44 6.0 10.92 7.5 6.18 9.6 13.42 10.61 10.92 4.5 7.5 12.09 13.42 13.83 4.5 16.22 7.65 4.5 6.71 10.92 0.0 10.61 4.74 10.92 13.42 16.22 12.09 7.5 7.5 12.09 16.22 9.0 7.5 12.73 12.73 7.65 7.5 12.09 6.0 18.06 15.44 10.92 9.0 12.09 13.42 13.42 6.71 13.83 10.61 4.5 9.0 10.92 12.09 9.0 7.65 6.18 9.0 15.44 7.65 20.4 14.77 13.83 10.92 6.71 14.77 14.23 9.0 13.83 13.58 13.58 15.44 7.5 4.5 16.22 10.92 13.42 4.5 10.92 13.83 7.65 13.58 0.0 12.09 7.5 13.42 13.42 7.5 12.73 14.23 10.92 16.22 6.71 9.6 12.09 6.71 20.4
14.85 9.49 27.54 4.5 5.41 25.63 12.9 14.15 9.6 4.5 8.08 21.32 0.0 4.5 12.09 15.66 18.06 21.32 22.9 12.09 26.2 12.73 12.09 4.74 14.15 10.61 0.0 9.49 14.15 21.32 26.2 18.06 5.41 9.6 18.06 26.2 14.85 9.6 20.89 20.89 12.73 9.6 7.5 12.9 27.54 25.63 14.15 14.85 18.06 21.32 14.23 4.74 22.9 0.0 12.09 14.85 14.15 16.22 14.85 12.73 4.5 14.85 25.63 12.73 30.19 24.42 22.9 4.5 4.74 24.42 24.74 14.85 24.05 24.0 24.0 25.63 15.66 12.09 26.2 14.15 21.32 12.09 14.15 24.05 12.73 24.0 10.61 7.5 5.41 14.23 14.23 5.41 20.89 24.74 14.15 26.2 4.74 8.08 16.22 4.74 30.19
13.58 0.0 22.3 11.72 4.5 19.21 10.61 15.07 10.92 5.41 12.09 18.12 9.49 11.72 9.12 6.18 16.77 18.12 18.31 9.12 20.18 12.0 9.12 4.74 15.07 4.74 9.49 0.0 15.07 18.12 20.18 16.77 4.5 10.92 16.77 20.18 13.58 10.92 11.42 11.42 12.0 10.92 13.83 10.61 22.3 19.21 15.07 13.58 16.77 18.12 17.1 4.74 18.31 9.49 9.12 13.58 15.07 16.5 13.58 12.0 5.41 13.58 19.21 12.0 24.42 15.07 18.31 11.72 4.74 15.07 17.49 13.58 15.07 15.3 15.3 19.21 6.18 9.12 20.18 15.07 18.12 9.12 15.07 15.07 12.0 15.3 4.74 13.83 4.5 17.1 17.1 4.5 11.42 17.49 15.07 20.18 4.74 12.09 16.5 4.74 24.42
3.35 15.07 16.57 10.61 15.3 16.77 5.41 0.0 4.74 12.37 6.36 9.12 14.15 10.61 6.71 18.12 4.74 9.12 12.0 6.71 16.57 3.35 6.71 13.83 0.0 10.92 14.15 15.07 0.0 9.12 16.57 4.74 15.3 4.74 4.74 16.57 3.35 4.74 22.9 22.9 3.35 4.74 8.75 5.41 16.57 16.77 0.0 3.35 4.74 9.12 3.35 13.83 12.0 14.15 6.71 3.35 0.0 2.12 3.35 3.35 12.37 3.35 16.77 3.35 19.56 23.33 12.0 10.61 13.83 23.33 17.56 3.35 21.32 20.4 20.4 16.77 18.12 6.71 16.57 0.0 9.12 6.71 0.0 21.32 3.35 20.4 10.92 8.75 15.3 3.35 3.35 15.3 22.9 17.56 0.0 16.57 13.83 6.36 2.12 13.83 19.56
6.71 18.12 7.5 18.79 20.4 8.75 8.49 9.12 12.09 18.06 14.77 0.0 21.32 18.79 9.6 18.06 4.5 0.0 3.35 9.6 8.08 8.75 9.6 19.21 9.12 13.42 21.32 18.12 9.12 0.0 8.08 4.5 20.4 12.09 4.5 8.08 6.71 12.09 21.21 21.21 8.75 12.09 17.56 8.49 7.5 8.75 9.12 6.71 4.5 0.0 12.0 19.21 3.35 21.32 9.6 6.71 9.12 7.5 6.71 8.75 18.06 6.71 8.75 8.75 10.5 19.5 3.35 18.79 19.21 19.5 10.61 6.71 16.77 15.44 15.44 8.75 18.06 9.6 8.08 9.12 0.0 9.6 9.12 16.77 8.75 15.44 13.42 17.56 20.4 12.0 12.0 20.4 21.21 10.61 9.12 8.08 19.21 14.77 7.5 19.21 10.5
13.5 20.18 3.0 24.74 23.72 1.5 13.83 16.57 18.25 22.15 21.21 8.08 26.2 24.74 14.23 17.49 12.37 8.08 4.74 14.23 0.0 15.07 14.23 22.9 16.57 16.22 26.2 20.18 16.57 8.08 0.0 12.37 23.72 18.25 12.37 0.0 13.5 18.25 18.55 18.55 15.07 18.25 24.19 13.83 3.0 1.5 16.57 13.5 12.37 8.08 19.73 22.9 4.74 26.2 14.23 13.5 16.57 15.3 13.5 15.07 22.15 13.5 1.5 15.07 4.24 15.0 4.74 24.74 22.9 15.0 4.5 13.5 12.0 10.5 10.5 1.5 17.49 14.23 0.0 16.57 8.08 14.23 16.57 12.0 15.07 10.5 16.22 24.19 23.72 19.73 19.73 23.72 18.55 4.5 16.57 0.0 22.9 21.21 15.3 22.9 4.24
3.35 16.77 12.0 15.0 18.12 12.82 6.18 4.74 8.49 15.44 10.82 4.5 18.06 15.0 7.65 18.25 0.0 4.5 7.65 7.65 12.37 5.41 7.65 16.77 4.74 12.09 18.06 16.77 4.74 4.5 12.37 0.0 18.12 8.49 0.0 12.37 3.35 8.49 22.3 22.3 5.41 8.49 13.42 6.18 12.0 12.82 4.74 3.35 0.0 4.5 7.5 16.77 7.65 18.06 7.65 3.35 4.74 3.0 3.35 5.41 15.44 3.35 12.82 5.41 15.0 21.63 7.65 15.0 16.77 21.63 14.15 3.35 19.21 18.06 18.06 12.82 18.25 7.65 12.37 4.74 4.5 7.65 4.74 19.21 5.41 18.06 12.09 13.42 18.12 7.5 7.5 18.12 22.3 14.15 4.74 12.37 16.77 10.82 3.0 16.77 15.0
14.77 4.5 25.54 8.75 0.0 22.9 12.09 15.3 10.61 3.0 10.61 20.4 5.41 8.75 10.82 10.61 18.12 20.4 21.21 10.82 23.72 12.82 10.82 1.5 15.3 7.5 5.41 4.5 15.3 20.4 23.72 18.12 0.0 10.61 18.12 23.72 14.77 10.61 15.66 15.66 12.82 10.61 11.42 12.09 25.54 22.9 15.3 14.77 18.12 20.4 16.5 1.5 21.21 5.41 10.82 14.77 15.3 17.1 14.77 12.82 3.0 14.77 22.9 12.82 27.9 19.56 21.21 8.75 1.5 19.56 21.48 14.77 19.56 19.73 19.73 22.9 10.61 10.82 23.72 15.3 20.4 10.82 15.3 19.56 12.82 19.73 7.5 11.42 0.0 16.5 16.5 0.0 15.66 21.48 15.3 23.72 1.5 10.61 17.1 1.5 27.9
5.41 10.92 18.97 6.71 10.61 18.06 4.5 4.74 0.0 7.65 3.0 12.09 9.6 6.71 4.74 15.0 8.49 12.09 14.23 4.74 18.25 3.35 4.74 9.12 4.74 7.5 9.6 10.92 4.74 12.09 18.25 8.49 10.61 0.0 8.49 18.25 5.41 0.0 20.18 20.18 3.35 0.0 6.0 4.5 18.97 18.06 4.74 5.41 8.49 12.09 6.18 9.12 14.23 9.6 4.74 5.41 4.74 6.71 5.41 3.35 7.65 5.41 18.06 3.35 21.84 21.63 14.23 6.71 9.12 21.63 18.06 5.41 20.12 19.5 19.5 18.06 15.0 4.74 18.25 4.74 12.09 4.74 4.74 20.12 3.35 19.5 7.5 6.0 10.61 6.18 6.18 10.61 20.18 18.06 4.74 18.25 9.12 3.0 6.71 9.12 21.84
3.35 16.77 12.0 15.0 18.12 12.82 6.18 4.74 8.49 15.44 10.82 4.5 18.06 15.0 7.65 18.25 0.0 4.5 7.65 7.65 12.37 5.41 7.65 16.77 4.74 12.09 18.06 16.77 4.74 4.5 12.37 0.0 18.12 8.49 0.0 12.37 3.35 8.49 22.3 22.3 5.41 8.49 13.42 6.18 12.0 12.82 4.74 3.35 0.0 4.5 7.5 16.77 7.65 18.06 7.65 3.35 4.74 3.0 3.35 5.41 15.44 3.35 12.82 5.41 15.0 21.63 7.65 15.0 16.77 21.63 14.15 3.35 19.21 18.06 18.06 12.82 18.25 7.65 12.37 4.74 4.5 7.65 4.74 19.21 5.41 18.06 12.09 13.42 18.12 7.5 7.5 18.12 22.3 14.15 4.74 12.37 16.77 10.82 3.0 16.77 15.0
13.5 20.18 3.0 24.74 23.72 1.5 13.83 16.57 18.25 22.15 21.21 8.08 26.2 24.74 14.23 17.49 12.37 8.08 4.74 14.23 0.0 15.07 14.23 22.9 16.57 16.22 26.2 20.18 16.57 8.08 0.0 12.37 23.72 18.25 12.37 0.0 13.5 18.25 18.55 18.55 15.07 18.25 24.19 13.83 3.0 1.5 16.57 13.5 12.37 8.08 19.73 22.9 4.74 26.2 14.23 13.5 16.57 15.3 13.5 15.07 22.15 13.5 1.5 15.07 4.24 15.0 4.74 24.74 22.9 15.0 4.5 13.5 12.0 10.5 10.5 1.5 17.49 14.23 0.0 16.57 8.08 14.23 16.57 12.0 15.07 10.5 16.22 24.19 23.72 19.73 19.73 23.72 18.55 4.5 16.57 0.0 22.9 21.21 15.3 22.9 4.24
0.0 13.58 13.83 12.09 14.77 13.58 3.0 3.35 5.41 12.09 8.08 6.71 14.85 12.09 4.5 15.66 3.35 6.71 9.12 4.5 13.5 2.12 4.5 13.42 3.35 9.0 14.85 13.58 3.35 6.71 13.5 3.35 14.77 5.41 3.35 13.5 0.0 5.41 20.12 20.12 2.12 5.41 10.92 3.0 13.83 13.58 3.35 0.0 3.35 6.71 6.71 13.42 9.12 14.85 4.5 0.0 3.35 3.35 0.0 2.12 12.09 0.0 13.58 2.12 16.77 20.18 9.12 12.09 13.42 20.18 14.23 0.0 18.06 17.1 17.1 13.58 15.66 4.5 13.5 3.35 6.71 4.5 3.35 18.06 2.12 17.1 9.0 10.92 14.77 6.71 6.71 14.77 20.12 14.23 3.35 13.5 13.42 8.08 3.35 13.42 16.77
5.41 10.92 18.97 6.71 10.61 18.06 4.5 4.74 0.0 7.65 3.0 12.09 9.6 6.71 4.74 15.0 8.49 12.09 14.23 4.74 18.25 3.35 4.74 9.12 4.74 7.5 9.6 10.92 4.74 12.09 18.25 8.49 10.61 0.0 8.49 18.25 5.41 0.0 20.18 20.18 3.35 0.0 6.0 4.5 18.97 18.06 4.74 5.41 8.49 12.09 6.18 9.12 14.23 9.6 4.74 5.41 4.74 6.71 5.41 3.35 7.65 5.41 18.06 3.35 21.84 21.63 14.23 6.71 9.12 21.63 18.06 5.41 20.12 19.5 19.5 18.06 15.0 4.74 18.25 4.74 12.09 4.74 4.74 20.12 3.35 19.5 7.5 6.0 10.61 6.18 6.18 10.61 20.18 18.06 4.74 18.25 9.12 3.0 6.71 9.12 21.84
20.12 11.42 21.48 22.9 15.66 17.1 17.49 22.9 20.18 16.77 22.3 21.21 20.89 22.9 16.22 5.41 22.3 21.21 19.5 16.22 18.55 19.56 16.22 16.16 22.9 12.73 20.89 11.42 22.9 21.21 18.55 22.3 15.66 20.18 22.3 18.55 20.12 20.18 0.0 0.0 19.56 20.18 24.6 17.49 21.48 17.1 22.9 20.12 22.3 21.21 25.81 16.16 19.5 20.89 16.22 20.12 22.9 23.48 20.12 19.56 16.77 20.12 17.1 19.56 22.3 5.41 19.5 22.9 16.16 5.41 14.23 20.12 7.5 8.75 8.75 17.1 5.41 16.22 18.55 22.9 21.21 16.22 22.9 7.5 19.56 8.75 12.73 24.6 15.66 25.81 25.81 15.66 0.0 14.23 22.9 18.55 16.16 22.3 23.48 16.16 22.3
20.12 11.42 21.48 22.9 15.66 17.1 17.49 22.9 20.18 16.77 22.3 21.21 20.89 22.9 16.22 5.41 22.3 21.21 19.5 16.22 18.55 19.56 16.22 16.16 22.9 12.73 20.89 11.42 22.9 21.21 18.55 22.3 15.66 20.18 22.3 18.55 20.12 20.18 0.0 0.0 19.56 20.18 24.6 17.49 21.48 17.1 22.9 20.12 22.3 21.21 25.81 16.16 19.5 20.89 16.22 20.12 22.9 23.48 20.12 19.56 16.77 20.12 17.1 19.56 22.3 5.41 19.5 22.9 16.16 5.41 14.23 20.12 7.5 8.75 8.75 17.1 5.41 16.22 18.55 22.9 21.21 16.22 22.9 7.5 19.56 8.75 12.73 24.6 15.66 25.81 25.81 15.66 0.0 14.23 22.9 18.55 16.16 22.3 23.48 16.16 22.3
2.12 12.0 15.66 10.06 12.82 15.0 2.12 3.35 3.35 10.06 6.18 8.75 12.73 10.06 3.35 14.77 5.41 8.75 10.92 3.35 15.07 0.0 3.35 11.42 3.35 7.65 12.73 12.0 3.35 8.75 15.07 5.41 12.82 3.35 5.41 15.07 2.12 3.35 19.56 19.56 0.0 3.35 9.12 2.12 15.66 15.0 3.35 2.12 5.41 8.75 6.36 11.42 10.92 12.73 3.35 2.12 3.35 4.5 2.12 0.0 10.06 2.12 15.0 0.0 18.55 20.18 10.92 10.06 11.42 20.18 15.3 2.12 18.31 17.49 17.49 15.0 14.77 3.35 15.07 3.35 8.75 3.35 3.35 18.31 0.0 17.49 7.65 9.12 12.82 6.36 6.36 12.82 19.56 15.3 3.35 15.07 11.42 6.18 4.5 11.42 18.55
5.41 10.92 18.97 6.71 10.61 18.06 4.5 4.74 0.0 7.65 3.0 12.09 9.6 6.71 4.74 15.0 8.49 12.09 14.23 4.74 18.25 3.35 4.74 9.12 4.74 7.5 9.6 10.92 4.74 12.09 18.25 8.49 10.61 0.0 8.49 18.25 5.41 0.0 20.18 20.18 3.35 0.0 6.0 4.5 18.97 18.06 4.74 5.41 8.49 12.09 6.18 9.12 14.23 9.6 4.74 5.41 4.74 6.71 5.41 3.35 7.65 5.41 18.06 3.35 21.84 21.63 14.23 6.71 9.12 21.63 18.06 5.41 20.12 19.5 19.5 18.06 15.0 4.74 18.25 4.74 12.09 4.74 4.74 20.12 3.35 19.5 7.5 6.0 10.61 6.18 6.18 10.61 20.18 18.06 4.74 18.25 9.12 3.0 6.71 9.12 21.84
10.92 13.83 24.74 3.0 11.42 24.05 10.5 8.75 6.0 8.75 3.0 17.56 7.5 3.0 10.61 19.21 13.42 17.56 20.01 10.61 24.19 9.12 10.61 10.06 8.75 12.09 7.5 13.83 8.75 17.56 24.19 13.42 11.42 6.0 13.42 24.19 10.92 6.0 24.6 24.6 9.12 6.0 0.0 10.5 24.74 24.05 8.75 10.92 13.42 17.56 7.5 10.06 20.01 7.5 10.61 10.92 8.75 10.82 10.92 9.12 8.75 10.92 24.05 9.12 27.66 26.83 20.01 3.0 10.06 26.83 24.05 10.92 25.63 25.14 25.14 24.05 19.21 10.61 24.19 8.75 17.56 10.61 8.75 25.63 9.12 25.14 12.09 0.0 11.42 7.5 7.5 11.42 24.6 24.05 8.75 24.19 10.06 3.0 10.82 10.06 27.66
3.0 10.61 14.77 10.92 12.09 13.58 0.0 5.41 4.5 9.6 7.5 8.49 12.9 10.92 1.5 12.82 6.18 8.49 10.06 1.5 13.83 2.12 1.5 10.82 5.41 6.0 12.9 10.61 5.41 8.49 13.83 6.18 12.09 4.5 6.18 13.83 3.0 4.5 17.49 17.49 2.12 4.5 10.5 0.0 14.77 13.58 5.41 3.0 6.18 8.49 8.49 10.82 10.06 12.9 1.5 3.0 5.41 6.18 3.0 2.12 9.6 3.0 13.58 2.12 17.56 18.06 10.06 10.92 10.82 18.06 13.58 3.0 16.22 15.44 15.44 13.58 12.82 1.5 13.83 5.41 8.49 1.5 5.41 16.22 2.12 15.44 6.0 10.5 12.09 8.49 8.49 12.09 17.49 13.58 5.41 13.83 10.82 7.5 6.18 10.82 17.56
13.83 22.3 0.0 25.63 25.54 4.5 14.77 16.57 18.97 23.72 21.84 7.5 27.54 25.63 15.44 20.12 12.0 7.5 4.74 15.44 3.0 15.66 15.44 24.6 16.57 18.06 27.54 22.3 16.57 7.5 3.0 12.0 25.54 18.97 12.0 3.0 13.83 18.97 21.48 21.48 15.66 18.97 24.74 14.77 0.0 4.5 16.57 13.83 12.0 7.5 19.5 24.6 4.74 27.54 15.44 13.83 16.57 15.0 13.83 15.66 23.72 13.83 4.5 15.66 3.0 18.0 4.74 25.63 24.6 18.0 7.5 13.83 15.0 13.5 13.5 4.5 20.12 15.44 3.0 16.57 7.5 15.44 16.57 15.0 15.66 13.5 18.06 24.74 25.54 19.5 19.5 25.54 21.48 7.5 16.57 3.0 24.6 21.84 15.0 24.6 3.0
13.58 19.21 4.5 24.42 22.9 0.0 13.58 16.77 18.06 21.48 21.05 8.75 25.63 24.42 13.83 16.22 12.82 8.75 5.41 13.83 1.5 15.0 13.83 22.15 16.77 15.44 25.63 19.21 16.77 8.75 1.5 12.82 22.9 18.06 12.82 1.5 13.58 18.06 17.1 17.1 15.0 18.06 24.05 13.58 4.5 0.0 16.77 13.58 12.82 8.75 20.01 22.15 5.41 25.63 13.83 13.58 16.77 15.66 13.58 15.0 21.48 13.58 0.0 15.0 5.41 13.5 5.41 24.42 22.15 13.5 3.0 13.58 10.5 9.0 9.0 0.0 16.22 13.83 1.5 16.77 8.75 13.83 16.77 10.5 15.0 9.0 15.44 24.05 22.9 20.01 20.01 22.9 17.1 3.0 16.77 1.5 22.15 21.05 15.66 22.15 5.41
3.35 15.07 16.57 10.61 15.3 16.77 5.41 0.0 4.74 12.37 6.36 9.12 14.15 10.61 6.71 18.12 4.74 9.12 12.0 6.71 16.57 3.35 6.71 13.83 0.0 10.92 14.15 15.07 0.0 9.12 16.57 4.74 15.3 4.74 4.74 16.57 3.35 4.74 22.9 22.9 3.35 4.74 8.75 5.41 16.57 16.77 0.0 3.35 4.74 9.12 3.35 13.83 12.0 14.15 6.71 3.35 0.0 2.12 3.35 3.35 12.37 3.35 16.77 3.35 19.56 23.33 12.0 10.61 13.83 23.33 17.56 3.35 21.32 20.4 20.4 16.77 18.12 6.71 16.57 0.0 9.12 6.71 0.0 21.32 3.35 20.4 10.92 8.75 15.3 3.35 3.35 15.3 22.9 17.56 0.0 16.57 13.83 6.36 2.12 13.83 19.56
0.0 13.58 13.83 12.09 14.77 13.58 3.0 3.35 5.41 12.09 8.08 6.71 14.85 12.09 4.5 15.66 3.35 6.71 9.12 4.5 13.5 2.12 4.5 13.42 3.35 9.0 14.85 13.58 3.35 6.71 13.5 3.35 14.77 5.41 3.35 13.5 0.0 5.41 20.12 20.12 2.12 5.41 10.92 3.0 13.83 13.58 3.35 0.0 3.35 6.71 6.71 13.42 9.12 14.85 4.5 0.0 3.35 3.35 0.0 2.12 12.09 0.0 13.58 2.12 16.77 20.18 9.12 12.09 13.42 20.18 14.23 0.0 18.06 17.1 17.1 13.58 15.66 4.5 13.5 3.35 6.71 4.5 3.35 18.06 2.12 17.1 9.0 10.92 14.77 6.71 6.71 14.77 20.12 14.23 3.35 13.5 13.42 8.08 3.35 13.42 16.77
3.35 16.77 12.0 15.0 18.12 12.82 6.18 4.74 8.49 15.44 10.82 4.5 18.06 15.0 7.65 18.25 0.0 4.5 7.65 7.65 12.37 5.41 7.65 16.77 4.74 12.09 18.06 16.77 4.74 4.5 12.37 0.0 18.12 8.49 0.0 12.37 3.35 8.49 22.3 22.3 5.41 8.49 13.42 6.18 12.0 12.82 4.74 3.35 0.0 4.5 7.5 16.77 7.65 18.06 7.65 3.35 4.74 3.0 3.35 5.41 15.44 3.35 12.82 5.41 15.0 21.63 7.65 15.0 16.77 21.63 14.15 3.35 19.21 18.06 18.06 12.82 18.25 7.65 12.37 4.74 4.5 7.65 4.74 19.21 5.41 18.06 12.09 13.42 18.12 7.5 7.5 18.12 22.3 14.15 4.74 12.37 16.77 10.82 3.0 16.77 15.0
6.71 18.12 7.5 18.79 20.4 8.75 8.49 9.12 12.09 18.06 14.77 0.0 21.32 18.79 9.6 18.06 4.5 0.0 3.35 9.6 8.08 8.75 9.6 19.21 9.12 13.42 21.32 18.12 9.12 0.0 8.08 4.5 20.4 12.09 4.5 8.08 6.71 12.09 21.21 21.21 8.75 12.09 17.56 8.49 7.5 8.75 9.12 6.71 4.5 0.0 12.0 19.21 3.35 21.32 9.6 6.71 9.12 7.5 6.71 8.75 18.06 6.71 8.75 8.75 10.5 19.5 3.35 18.79 19.21 19.5 10.61 6.71 16.77 15.44 15.44 8.75 18.06 9.6 8.08 9.12 0.0 9.6 9.12 16.77 8.75 15.44 13.42 17.56 20.4 12.0 12.0 20.4 21.21 10.61 9.12 8.08 19.21 14.77 7.5 19.21 10.5
6.71 17.1 19.5 10.06 16.5 20.01 8.49 3.35 6.18 13.5 6.18 12.0 14.23 10.06 9.6 20.84 7.5 12.0 15.07 9.6 19.73 6.36 9.6 15.0 3.35 13.42 14.23 17.1 3.35 12.0 19.73 7.5 16.5 6.18 7.5 19.73 6.71 6.18 25.81 25.81 6.36 6.18 7.5 8.49 19.5 20.01 3.35 6.71 7.5 12.0 0.0 15.0 15.07 14.23 9.6 6.71 3.35 4.5 6.71 6.36 13.5 6.71 20.01 6.36 22.5 26.54 15.07 10.06 15.0 26.54 20.89 6.71 24.6 23.72 23.72 20.01 20.84 9.6 19.73 3.35 12.0 9.6 3.35 24.6 6.36 23.72 13.42 7.5 16.5 0.0 0.0 16.5 25.81 20.89 3.35 19.73 15.0 6.18 4.5 15.0 22.5
13.42 4.74 24.6 7.5 1.5 22.15 10.82 13.83 9.12 1.5 9.12 19.21 4.74 7.5 9.6 10.92 16.77 19.21 20.18 9.6 22.9 11.42 9.6 0.0 13.83 6.71 4.74 4.74 13.83 19.21 22.9 16.77 1.5 9.12 16.77 22.9 13.42 9.12 16.16 16.16 11.42 9.12 10.06 10.82 24.6 22.15 13.83 13.42 16.77 19.21 15.0 0.0 20.18 4.74 9.6 13.42 13.83 15.66 13.42 11.42 1.5 13.42 22.15 11.42 27.04 19.73 20.18 7.5 0.0 19.73 20.89 13.42 19.5 19.56 19.56 22.15 10.92 9.6 22.9 13.83 19.21 9.6 13.83 19.5 11.42 19.56 6.71 10.06 1.5 15.0 15.0 1.5 16.16 20.89 13.83 22.9 0.0 9.12 15.66 0.0 27.04
9.12 18.31 4.74 20.89 21.21 5.41 10.06 12.0 14.23 19.21 17.1 3.35 22.9 20.89 10.82 17.1 7.65 3.35 0.0 10.82 4.74 10.92 10.82 20.18 12.0 13.83 22.9 18.31 12.0 3.35 4.74 7.65 21.21 14.23 7.65 4.74 9.12 14.23 19.5 19.5 10.92 14.23 20.01 10.06 4.74 5.41 12.0 9.12 7.65 3.35 15.07 20.18 0.0 22.9 10.82 9.12 12.0 10.61 9.12 10.92 19.21 9.12 5.41 10.92 7.65 17.1 0.0 20.89 20.18 17.1 7.5 9.12 14.23 12.82 12.82 5.41 17.1 10.82 4.74 12.0 3.35 10.82 12.0 14.23 10.92 12.82 13.83 20.01 21.21 15.07 15.07 21.21 19.5 7.5 12.0 4.74 20.18 17.1 10.61 20.18 7.65
14.85 9.49 27.54 4.5 5.41 25.63 12.9 14.15 9.6 4.5 8.08 21.32 0.0 4.5 12.09 15.66 18.06 21.32 22.9 12.09 26.2 12.73 12.09 4.74 14.15 10.61 0.0 9.49 14.15 21.32 26.2 18.06 5.41 9.6 18.06 26.2 14.85 9.6 20.89 20.89 12.73 9.6 7.5 12.9 27.54 25.63 14.15 14.85 18.06 21.32 14.23 4.74 22.9 0.0 12.09 14.85 14.15 16.22 14.85 12.73 4.5 14.85 25.63 12.73 30.19 24.42 22.9 4.5 4.74 24.42 24.74 14.85 24.05 24.0 24.0 25.63 15.66 12.09 26.2 14.15 21.32 12.09 14.15 24.05 12.73 24.0 10.61 7.5 5.41 14.23 14.23 5.41 20.89 24.74 14.15 26.2 4.74 8.08 16.22 4.74 30.19
4.5 9.12 15.44 10.61 10.82 13.83 1.5 6.71 4.74 8.49 7.65 9.6 12.09 10.61 0.0 11.42 7.65 9.6 10.82 0.0 14.23 3.35 0.0 9.6 6.71 4.5 12.09 9.12 6.71 9.6 14.23 7.65 10.82 4.74 7.65 14.23 4.5 4.74 16.22 16.22 3.35 4.74 10.61 1.5 15.44 13.83 6.71 4.5 7.65 9.6 9.6 9.6 10.82 12.09 0.0 4.5 6.71 7.65 4.5 3.35 8.49 4.5 13.83 3.35 18.12 17.1 10.82 10.61 9.6 17.1 13.5 4.5 15.44 14.77 14.77 13.83 11.42 0.0 14.23 6.71 9.6 0.0 6.71 15.44 3.35 14.77 4.5 10.61 10.82 9.6 9.6 10.82 16.22 13.5 6.71 14.23 9.6 7.65 7.65 9.6 18.12
0.0 13.58 13.83 12.09 14.77 13.58 3.0 3.35 5.41 12.09 8.08 6.71 14.85 12.09 4.5 15.66 3.35 6.71 9.12 4.5 13.5 2.12 4.5 13.42 3.35 9.0 14.85 13.58 3.35 6.71 13.5 3.35 14.77 5.41 3.35 13.5 0.0 5.41 20.12 20.12 2.12 5.41 10.92 3.0 13.83 13.58 3.35 0.0 3.35 6.71 6.71 13.42 9.12 14.85 4.5 0.0 3.35 3.35 0.0 2.12 12.09 0.0 13.58 2.12 16.77 20.18 9.12 12.09 13.42 20.18 14.23 0.0 18.06 17.1 17.1 13.58 15.66 4.5 13.5 3.35 6.71 4.5 3.35 18.06 2.12 17.1 9.0 10.92 14.77 6.71 6.71 14.77 20.12 14.23 3.35 13.5 13.42 8.08 3.35 13.42 16.77
3.35 15.07 16.57 10.61 15.3 16.77 5.41 0.0 4.74 12.37 6.36 9.12 14.15 10.61 6.71 18.12 4.74 9.12 12.0 6.71 16.57 3.35 6.71 13.83 0.0 10.92 14.15 15.07 0.0 9.12 16.57 4.74 15.3 4.74 4.74 16.57 3.35 4.74 22.9 22.9 3.35 4.74 8.75 5.41 16.57 16.77 0.0 3.35 4.74 9.12 3.35 13.83 12.0 14.15 6.71 3.35 0.0 2.12 3.35 3.35 12.37 3.35 16.77 3.35 19.56 23.33 12.0 10.61 13.83 23.33 17.56 3.35 21.32 20.4 20.4 16.77 18.12 6.71 16.57 0.0 9.12 6.71 0.0 21.32 3.35 20.4 10.92 8.75 15.3 3.35 3.35 15.3 22.9 17.56 0.0 16.57 13.83 6.36 2.12 13.83 19.56
3.35 16.5 15.0 12.73 17.1 15.66 6.18 2.12 6.71 14.23 8.49 7.5 16.22 12.73 7.65 18.97 3.0 7.5 10.61 7.65 15.3 4.5 7.65 15.66 2.12 12.09 16.22 16.5 2.12 7.5 15.3 3.0 17.1 6.71 3.0 15.3 3.35 6.71 23.48 23.48 4.5 6.71 10.82 6.18 15.0 15.66 2.12 3.35 3.0 7.5 4.5 15.66 10.61 16.22 7.65 3.35 2.12 0.0 3.35 4.5 14.23 3.35 15.66 4.5 18.0 23.43 10.61 12.73 15.66 23.43 16.77 3.35 21.21 20.18 20.18 15.66 18.97 7.65 15.3 2.12 7.5 7.65 2.12 21.21 4.5 20.18 12.09 10.82 17.1 4.5 4.5 17.1 23.48 16.77 2.12 15.3 15.66 8.49 0.0 15.66 18.0
0.0 13.58 13.83 12.09 14.77 13.58 3.0 3.35 5.41 12.09 8.08 6.71 14.85 12.09 4.5 15.66 3.35 6.71 9.12 4.5 13.5 2.12 4.5 13.42 3.35 9.0 14.85 13.58 3.35 6.71 13.5 3.35 14.77 5.41 3.35 13.5 0.0 5.41 20.12 20.12 2.12 5.41 10.92 3.0 13.83 13.58 3.35 0.0 3.35 6.71 6.71 13.42 9.12 14.85 4.5 0.0 3.35 3.35 0.0 2.12 12.09 0.0 13.58 2.12 16.77 20.18 9.12 12.09 13.42 20.18 14.23 0.0 18.06 17.1 17.1 13.58 15.66 4.5 13.5 3.35 6.71 4.5 3.35 18.06 2.12 17.1 9.0 10.92 14.77 6.71 6.71 14.77 20.12 14.23 3.35 13.5 13.42 8.08 3.35 13.42 16.77
2.12 12.0 15.66 10.06 12.82 15.0 2.12 3.35 3.35 10.06 6.18 8.75 12.73 10.06 3.35 14.77 5.41 8.75 10.92 3.35 15.07 0.0 3.35 11.42 3.35 7.65 12.73 12.0 3.35 8.75 15.07 5.41 12.82 3.35 5.41 15.07 2.12 3.35 19.56 19.56 0.0 3.35 9.12 2.12 15.66 15.0 3.35 2.12 5.41 8.75 6.36 11.42 10.92 12.73 3.35 2.12 3.35 4.5 2.12 0.0 10.06 2.12 15.0 0.0 18.55 20.18 10.92 10.06 11.42 20.18 15.3 2.12 18.31 17.49 17.49 15.0 14.77 3.35 15.07 3.35 8.75 3.35 3.35 18.31 0.0 17.49 7.65 9.12 12.82 6.36 6.36 12.82 19.56 15.3 3.35 15.07 11.42 6.18 4.5 11.42 18.55
12.09 5.41 23.72 6.36 3.0 21.48 9.6 12.37 7.65 0.0 7.65 18.06 4.5 6.36 8.49 11.42 15.44 18.06 19.21 8.49 22.15 10.06 8.49 1.5 12.37 6.18 4.5 5.41 12.37 18.06 22.15 15.44 3.0 7.65 15.44 22.15 12.09 7.65 16.77 16.77 10.06 7.65 8.75 9.6 23.72 21.48 12.37 12.09 15.44 18.06 13.5 1.5 19.21 4.5 8.49 12.09 12.37 14.23 12.09 10.06 0.0 12.09 21.48 10.06 26.24 20.01 19.21 6.36 1.5 20.01 20.4 12.09 19.56 19.5 19.5 21.48 11.42 8.49 22.15 12.37 18.06 8.49 12.37 19.56 10.06 19.5 6.18 8.75 3.0 13.5 13.5 3.0 16.77 20.4 12.37 22.15 1.5 7.65 14.23 1.5 26.24
0.0 13.58 13.83 12.09 14.77 13.58 3.0 3.35 5.41 12.09 8.08 6.71 14.85 12.09 4.5 15.66 3.35 6.71 9.12 4.5 13.5 2.12 4.5 13.42 3.35 9.0 14.85 13.58 3.35 6.71 13.5 3.35 14.77 5.41 3.35 13.5 0.0 5.41 20.12 20.12 2.12 5.41 10.92 3.0 13.83 13.58 3.35 0.0 3.35 6.71 6.71 13.42 9.12 14.85 4.5 0.0 3.35 3.35 0.0 2.12 12.09 0.0 13.58 2.12 16.77 20.18 9.12 12.09 13.42 20.18 14.23 0.0 18.06 17.1 17.1 13.58 15.66 4.5 13.5 3.35 6.71 4.5 3.35 18.06 2.12 17.1 9.0 10.92 14.77 6.71 6.71 14.77 20.12 14.23 3.35 13.5 13.42 8.08 3.35 13.42 16.77
13.58 19.21 4.5 24.42 22.9 0.0 13.58 16.77 18.06 21.48 21.05 8.75 25.63 24.42 13.83 16.22 12.82 8.75 5.41 13.83 1.5 15.0 13.83 22.15 16.77 15.44 25.63 19.21 16.77 8.75 1.5 12.82 22.9 18.06 12.82 1.5 13.58 18.06 17.1 17.1 15.0 18.06 24.05 13.58 4.5 0.0 16.77 13.58 12.82 8.75 20.01 22.15 5.41 25.63 13.83 13.58 16.77 15.66 13.58 15.0 21.48 13.58 0.0 15.0 5.41 13.5 5.41 24.42 22.15 13.5 3.0 13.58 10.5 9.0 9.0 0.0 16.22 13.83 1.5 16.77 8.75 13.83 16.77 10.5 15.0 9.0 15.44 24.05 22.9 20.01 20.01 22.9 17.1 3.0 16.77 1.5 22.15 21.05 15.66 22.15 5.41
2.12 12.0 15.66 10.06 12.82 15.0 2.12 3.35 3.35 10.06 6.18 8.75 12.73 10.06 3.35 14.77 5.41 8.75 10.92 3.35 15.07 0.0 3.35 11.42 3.35 7.65 12.73 12.0 3.35 8.75 15.07 5.41 12.82 3.35 5.41 15.07 2.12 3.35 19.56 19.56 0.0 3.35 9.12 2.12 15.66 15.0 3.35 2.12 5.41 8.75 6.36 11.42 10.92 12.73 3.35 2.12 3.35 4.5 2.12 0.0 10.06 2.12 15.0 0.0 18.55 20.18 10.92 10.06 11.42 20.18 15.3 2.12 18.31 17.49 17.49 15.0 14.77 3.35 15.07 3.35 8.75 3.35 3.35 18.31 0.0 17.49 7.65 9.12 12.82 6.36 6.36 12.82 19.56 15.3 3.35 15.07 11.42 6.18 4.5 11.42 18.55
16.77 24.42 3.0 28.46 27.9 5.41 17.56 19.56 21.84 26.24 24.74 10.5 30.19 28.46 18.12 21.63 15.0 10.5 7.65 18.12 4.24 18.55 18.12 27.04 19.56 20.4 30.19 24.42 19.56 10.5 4.24 15.0 27.9 21.84 15.0 4.24 16.77 21.84 22.3 22.3 18.55 21.84 27.66 17.56 3.0 5.41 19.56 16.77 15.0 10.5 22.5 27.04 7.65 30.19 18.12 16.77 19.56 18.0 16.77 18.55 26.24 16.77 5.41 18.55 0.0 18.25 7.65 28.46 27.04 18.25 8.08 16.77 15.3 13.83 13.83 5.41 21.63 18.12 4.24 19.56 10.5 18.12 19.56 15.3 18.55 13.83 20.4 27.66 27.9 22.5 22.5 27.9 22.3 8.08 19.56 4.24 27.04 24.74 18.0 27.04 0.0
20.18 15.07 18.0 25.63 19.56 13.5 18.06 23.33 21.63 20.01 24.19 19.5 24.42 25.63 17.1 9.0 21.63 19.5 17.1 17.1 15.0 20.18 17.1 19.73 23.33 14.77 24.42 15.07 23.33 19.5 15.0 21.63 19.56 21.63 21.63 15.0 20.18 21.63 5.41 5.41 20.18 21.63 26.83 18.06 18.0 13.5 23.33 20.18 21.63 19.5 26.54 19.73 17.1 24.42 17.1 20.18 23.33 23.43 20.18 20.18 20.01 20.18 13.5 20.18 18.25 0.0 17.1 25.63 19.73 0.0 10.5 20.18 3.0 4.5 4.5 13.5 9.0 17.1 15.0 23.33 19.5 17.1 23.33 3.0 20.18 4.5 14.77 26.83 19.56 26.54 26.54 19.56 5.41 10.5 23.33 15.0 19.73 24.19 23.43 19.73 18.25
9.12 18.31 4.74 20.89 21.21 5.41 10.06 12.0 14.23 19.21 17.1 3.35 22.9 20.89 10.82 17.1 7.65 3.35 0.0 10.82 4.74 10.92 10.82 20.18 12.0 13.83 22.9 18.31 12.0 3.35 4.74 7.65 21.21 14.23 7.65 4.74 9.12 14.23 19.5 19.5 10.92 14.23 20.01 10.06 4.74 5.41 12.0 9.12 7.65 3.35 15.07 20.18 0.0 22.9 10.82 9.12 12.0 10.61 9.12 10.92 19.21 9.12 5.41 10.92 7.65 17.1 0.0 20.89 20.18 17.1 7.5 9.12 14.23 12.82 12.82 5.41 17.1 10.82 4.74 12.0 3.35 10.82 12.0 14.23 10.92 12.82 13.83 20.01 21.21 15.07 15.07 21.21 19.5 7.5 12.0 4.74 20.18 17.1 10.61 20.18 7.65
12.09 11.72 25.63 0.0 8.75 24.42 10.92 10.61 6.71 6.36 4.24 18.79 4.5 0.0 10.61 17.49 15.0 18.79 20.89 10.61 24.74 10.06 10.61 7.5 10.61 10.92 4.5 11.72 10.61 18.79 24.74 15.0 8.75 6.71 15.0 24.74 12.09 6.71 22.9 22.9 10.06 6.71 3.0 10.92 25.63 24.42 10.61 12.09 15.0 18.79 10.06 7.5 20.89 4.5 10.61 12.09 10.61 12.73 12.09 10.06 6.36 12.09 24.42 10.06 28.46 25.63 20.89 0.0 7.5 25.63 24.05 12.09 24.74 24.42 24.42 24.42 17.49 10.61 24.74 10.61 18.79 10.61 10.61 24.74 10.06 24.42 10.92 3.0 8.75 10.06 10.06 8.75 22.9 24.05 10.61 24.74 7.5 4.24 12.73 7.5 28.46
13.42 4.74 24.6 7.5 1.5 22.15 10.82 13.83 9.12 1.5 9.12 19.21 4.74 7.5 9.6 10.92 16.77 19.21 20.18 9.6 22.9 11.42 9.6 0.0 13.83 6.71 4.74 4.74 13.83 19.21 22.9 16.77 1.5 9.12 16.77 22.9 13.42 9.12 16.16 16.16 11.42 9.12 10.06 10.82 24.6 22.15 13.83 13.42 16.77 19.21 15.0 0.0 20.18 4.74 9.6 13.42 13.83 15.66 13.42 11.42 1.5 13.42 22.15 11.42 27.04 19.73 20.18 7.5 0.0 19.73 20.89 13.42 19.5 19.56 19.56 22.15 10.92 9.6 22.9 13.83 19.21 9.6 13.83 19.5 11.42 19.56 6.71 10.06 1.5 15.0 15.0 1.5 16.16 20.89 13.83 22.9 0.0 9.12 15.66 0.0 27.04
20.18 15.07 18.0 25.63 19.56 13.5 18.06 23.33 21.63 20.01 24.19 19.5 24.42 25.63 17.1 9.0 21.63 19.5 17.1 17.1 15.0 20.18 17.1 19.73 23.33 14.77 24.42 15.07 23.33 19.5 15.0 21.63 19.56 21.63 21.63 15.0 20.18 21.63 5.41 5.41 20.18 21.63 26.83 18.06 18.0 13.5 23.33 20.18 21.63 19.5 26.54 19.73 17.1 24.42 17.1 20.18 23.33 23.43 20.18 20.18 20.01 20.18 13.5 20.18 18.25 0.0 17.1 25.63 19.73 0.0 10.5 20.18 3.0 4.5 4.5 13.5 9.0 17.1 15.0 23.33 19.5 17.1 23.33 3.0 20.18 4.5 14.77 26.83 19.56 26.54 26.54 19.56 5.41 10.5 23.33 15.0 19.73 24.19 23.43 19.73 18.25
14.23 17.49 7.5 24.05 21.48 3.0 13.58 17.56 18.06 20.4 21.05 10.61 24.74 24.05 13.5 13.83 14.15 10.61 7.5 13.5 4.5 15.3 13.5 20.89 17.56 14.23 24.74 17.49 17.56 10.61 4.5 14.15 21.48 18.06 14.15 4.5 14.23 18.06 14.23 14.23 15.3 18.06 24.05 13.58 7.5 3.0 17.56 14.23 14.15 10.61 20.89 20.89 7.5 24.74 13.5 14.23 17.56 16.77 14.23 15.3 20.4 14.23 3.0 15.3 8.08 10.5 7.5 24.05 20.89 10.5 0.0 14.23 7.5 6.0 6.0 3.0 13.83 13.5 4.5 17.56 10.61 13.5 17.56 7.5 15.3 6.0 14.23 24.05 21.48 20.89 20.89 21.48 14.23 0.0 17.56 4.5 20.89 21.05 16.77 20.89 8.08
0.0 13.58 13.83 12.09 14.77 13.58 3.0 3.35 5.41 12.09 8.08 6.71 14.85 12.09 4.5 15.66 3.35 6.71 9.12 4.5 13.5 2.12 4.5 13.42 3.35 9.0 14.85 13.58 3.35 6.71 13.5 3.35 14.77 5.41 3.35 13.5 0.0 5.41 20.12 20.12 2.12 5.41 10.92 3.0 13.83 13.58 3.35 0.0 3.35 6.71 6.71 13.42 9.12 14.85 4.5 0.0 3.35 3.35 0.0 2.12 12.09 0.0 13.58 2.12 16.77 20.18 9.12 12.09 13.42 20.18 14.23 0.0 18.06 17.1 17.1 13.58 15.66 4.5 13.5 3.35 6.71 4.5 3.35 18.06 2.12 17.1 9.0 10.92 14.77 6.71 6.71 14.77 20.12 14.23 3.35 13.5 13.42 8.08 3.35 13.42 16.77
18.06 15.07 15.0 24.74 19.56 10.5 16.22 21.32 20.12 19.56 22.85 16.77 24.05 24.74 15.44 9.49 19.21 16.77 14.23 15.44 12.0 18.31 15.44 19.5 21.32 13.83 24.05 15.07 21.32 16.77 12.0 19.21 19.56 20.12 19.21 12.0 18.06 20.12 7.5 7.5 18.31 20.12 25.63 16.22 15.0 10.5 21.32 18.06 19.21 16.77 24.6 19.5 14.23 24.05 15.44 18.06 21.32 21.21 18.06 18.31 19.56 18.06 10.5 18.31 15.3 3.0 14.23 24.74 19.5 3.0 7.5 18.06 0.0 1.5 1.5 10.5 9.49 15.44 12.0 21.32 16.77 15.44 21.32 0.0 18.31 1.5 13.83 25.63 19.56 24.6 24.6 19.56 7.5 7.5 21.32 12.0 19.5 22.85 21.21 19.5 15.3
17.1 15.3 13.5 24.42 19.73 9.0 15.44 20.4 19.5 19.5 22.3 15.44 24.0 24.42 14.77 10.06 18.06 15.44 12.82 14.77 10.5 17.49 14.77 19.56 20.4 13.58 24.0 15.3 20.4 15.44 10.5 18.06 19.73 19.5 18.06 10.5 17.1 19.5 8.75 8.75 17.49 19.5 25.14 15.44 13.5 9.0 20.4 17.1 18.06 15.44 23.72 19.56 12.82 24.0 14.77 17.1 20.4 20.18 17.1 17.49 19.5 17.1 9.0 17.49 13.83 4.5 12.82 24.42 19.56 4.5 6.0 17.1 1.5 0.0 0.0 9.0 10.06 14.77 10.5 20.4 15.44 14.77 20.4 1.5 17.49 0.0 13.58 25.14 19.73 23.72 23.72 19.73 8.75 6.0 20.4 10.5 19.56 22.3 20.18 19.56 13.83
17.1 15.3 13.5 24.42 19.73 9.0 15.44 20.4 19.5 19.5 22.3 15.44 24.0 24.42 14.77 10.06 18.06 15.44 12.82 14.77 10.5 17.49 14.77 19.56 20.4 13.58 24.0 15.3 20.4 15.44 10.5 18.06 19.73 19.5 18.06 10.5 17.1 19.5 8.75 8.75 17.49 19.5 25.14 15.44 13.5 9.0 20.4 17.1 18.06 15.44 23.72 19.56 12.82 24.0 14.77 17.1 20.4 20.18 17.1 17.49 19.5 17.1 9.0 17.49 13.83 4.5 12.82 24.42 19.56 4.5 6.0 17.1 1.5 0.0 0.0 9.0 10.06 14.77 10.5 20.4 15.44 14.77 20.4 1.5 17.49 0.0 13.58 25.14 19.73 23.72 23.72 19.73 8.75 6.0 20.4 10.5 19.56 22.3 20.18 19.56 13.83
13.58 19.21 4.5 24.42 22.9 0.0 13.58 16.77 18.06 21.48 21.05 8.75 25.63 24.42 13.83 16.22 12.82 8.75 5.41 13.83 1.5 15.0 13.83 22.15 16.77 15.44 25.63 19.21 16.77 8.75 1.5 12.82 22.9 18.06 12.82 1.5 13.58 18.06 17.1 17.1 15.0 18.06 24.05 13.58 4.5 0.0 16.77 13.58 12.82 8.75 20.01 22.15 5.41 25.63 13.83 13.58 16.77 15.66 13.58 15.0 21.48 13.58 0.0 15.0 5.41 13.5 5.41 24.42 22.15 13.5 3.0 13.58 10.5 9.0 9.0 0.0 16.22 13.83 1.5 16.77 8.75 13.83 16.77 10.5 15.0 9.0 15.44 24.05 22.9 20.01 20.01 22.9 17.1 3.0 16.77 1.5 22.15 21.05 15.66 22.15 5.41
15.66 6.18 20.12 17.49 10.61 16.22 12.82 18.12 15.0 11.42 16.97 18.06 15.66 17.49 11.42 0.0 18.25 18.06 17.1 11.42 17.49 14.77 11.42 10.92 18.12 7.5 15.66 6.18 18.12 18.06 17.49 18.25 10.61 15.0 18.25 17.49 15.66 15.0 5.41 5.41 14.77 15.0 19.21 12.82 20.12 16.22 18.12 15.66 18.25 18.06 20.84 10.92 17.1 15.66 11.42 15.66 18.12 18.97 15.66 14.77 11.42 15.66 16.22 14.77 21.63 9.0 17.1 17.49 10.92 9.0 13.83 15.66 9.49 10.06 10.06 16.22 0.0 11.42 17.49 18.12 18.06 11.42 18.12 9.49 14.77 10.06 7.5 19.21 10.61 20.84 20.84 10.61 5.41 13.83 18.12 17.49 10.92 16.97 18.97 10.92 21.63
4.5 9.12 15.44 10.61 10.82 13.83 1.5 6.71 4.74 8.49 7.65 9.6 12.09 10.61 0.0 11.42 7.65 9.6 10.82 0.0 14.23 3.35 0.0 9.6 6.71 4.5 12.09 9.12 6.71 9.6 14.23 7.65 10.82 4.74 7.65 14.23 4.5 4.74 16.22 16.22 3.35 4.74 10.61 1.5 15.44 13.83 6.71 4.5 7.65 9.6 9.6 9.6 10.82 12.09 0.0 4.5 6.71 7.65 4.5 3.35 8.49 4.5 13.83 3.35 18.12 17.1 10.82 10.61 9.6 17.1 13.5 4.5 15.44 14.77 14.77 13.83 11.42 0.0 14.23 6.71 9.6 0.0 6.71 15.44 3.35 14.77 4.5 10.61 10.82 9.6 9.6 10.82 16.22 13.5 6.71 14.23 9.6 7.65 7.65 9.6 18.12
13.5 20.18 3.0 24.74 23.72 1.5 13.83 16.57 18.25 22.15 21.21 8.08 26.2 24.74 14.23 17.49 12.37 8.08 4.74 14.23 0.0 15.07 14.23 22.9 16.57 16.22 26.2 20.18 16.57 8.08 0.0 12.37 23.72 18.25 12.37 0.0 13.5 18.25 18.55 18.55 15.07 18.25 24.19 13.83 3.0 1.5 16.57 13.5 12.37 8.08 19.73 22.9 4.74 26.2 14.23 13.5 16.57 15.3 13.5 15.07 22.15 13.5 1.5 15.07 4.24 15.0 4.74 24.74 22.9 15.0 4.5 13.5 12.0 10.5 10.5 1.5 17.49 14.23 0.0 16.57 8.08 14.23 16.57 12.0 15.07 10.5 16.22 24.19 23.72 19.73 19.73 23.72 18.55 4.5 16.57 0.0 22.9 21.21 15.3 22.9 4.24
3.35 15.07 16.57 10.61 15.3 16.77 5.41 0.0 4.74 12.37 6.36 9.12 14.15 10.61 6.71 18.12 4.74 9.12 12.0 6.71 16.57 3.35 6.71 13.83 0.0 10.92 14.15 15.07 0.0 9.12 16.57 4.74 15.3 4.74 4.74 16.57 3.35 4.74 22.9 22.9 3.35 4.74 8.75 5.41 16.57 16.77 0.0 3.35 4.74 9.12 3.35 13.83 12.0 14.15 6.71 3.35 0.0 2.12 3.35 3.35 12.37 3.35 16.77 3.35 19.56 23.33 12.0 10.61 13.83 23.33 17.56 3.35 21.32 20.4 20.4 16.77 18.12 6.71 16.57 0.0 9.12 6.71 0.0 21.32 3.35 20.4 10.92 8.75 15.3 3.35 3.35 15.3 22.9 17.56 0.0 16.57 13.83 6.36 2.12 13.83 19.56
6.71 18.12 7.5 18.79 20.4 8.75 8.49 9.12 12.09 18.06 14.77 0.0 21.32 18.79 9.6 18.06 4.5 0.0 3.35 9.6 8.08 8.75 9.6 19.21 9.12 13.42 21.32 18.12 9.12 0.0 8.08 4.5 20.4 12.09 4.5 8.08 6.71 12.09 21.21 21.21 8.75 12.09 17.56 8.49 7.5 8.75 9.12 6.71 4.5 0.0 12.0 19.21 3.35 21.32 9.6 6.71 9.12 7.5 6.71 8.75 18.06 6.71 8.75 8.75 10.5 19.5 3.35 18.79 19.21 19.5 10.61 6.71 16.77 15.44 15.44 8.75 18.06 9.6 8.08 9.12 0.0 9.6 9.12 16.77 8.75 15.44 13.42 17.56 20.4 12.0 12.0 20.4 21.21 10.61 9.12 8.08 19.21 14.77 7.5 19.21 10.5
4.5 9.12 15.44 10.61 10.82 13.83 1.5 6.71 4.74 8.49 7.65 9.6 12.09 10.61 0.0 11.42 7.65 9.6 10.82 0.0 14.23 3.35 0.0 9.6 6.71 4.5 12.09 9.12 6.71 9.6 14.23 7.65 10.82 4.74 7.65 14.23 4.5 4.74 16.22 16.22 3.35 4.74 10.61 1.5 15.44 13.83 6.71 4.5 7.65 9.6 9.6 9.6 10.82 12.09 0.0 4.5 6.71 7.65 4.5 3.35 8.49 4.5 13.83 3.35 18.12 17.1 10.82 10.61 9.6 17.1 13.5 4.5 15.44 14.77 14.77 13.83 11.42 0.0 14.23 6.71 9.6 0.0 6.71 15.44 3.35 14.77 4.5 10.61 10.82 9.6 9.6 10.82 16.22 13.5 6.71 14.23 9.6 7.65 7.65 9.6 18.12
3.35 15.07 16.57 10.61 15.3 16.77 5.41 0.0 4.74 12.37 6.36 9.12 14.15 10.61 6.71 18.12 4.74 9.12 12.0 6.71 16.57 3.35 6.71 13.83 0.0 10.92 14.15 15.07 0.0 9.12 16.57 4.74 15.3 4.74 4.74 16.57 3.35 4.74 22.9 22.9 3.35 4.74 8.75 5.41 16.57 16.77 0.0 3.35 4.74 9.12 3.35 13.83 12.0 14.15 6.71 3.35 0.0 2.12 3.35 3.35 12.37 3.35 16.77 3.35 19.56 23.33 12.0 10.61 13.83 23.33 17.56 3.35 21.32 20.4 20.4 16.77 18.12 6.71 16.57 0.0 9.12 6.71 0.0 21.32 3.35 20.4 10.92 8.75 15.3 3.35 3.35 15.3 22.9 17.56 0.0 16.57 13.83 6.36 2.12 13.83 19.56
18.06 15.07 15.0 24.74 19.56 10.5 16.22 21.32 20.12 19.56 22.85 16.77 24.05 24.74 15.44 9.49 19.21 16.77 14.23 15.44 12.0 18.31 15.44 19.5 21.32 13.83 24.05 15.07 21.32 16.77 12.0 19.21 19.56 20.12 19.21 12.0 18.06 20.12 7.5 7.5 18.31 20.12 25.63 16.22 15.0 10.5 21.32 18.06 19.21 16.77 24.6 19.5 14.23 24.05 15.44 18.06 21.32 21.21 18.06 18.31 19.56 18.06 10.5 18.31 15.3 3.0 14.23 24.74 19.5 3.0 7.5 18.06 0.0 1.5 1.5 10.5 9.49 15.44 12.0 21.32 16.77 15.44 21.32 0.0 18.31 1.5 13.83 25.63 19.56 24.6 24.6 19.56 7.5 7.5 21.32 12.0 19.5 22.85 21.21 19.5 15.3
2.12 12.0 15.66 10.06 12.82 15.0 2.12 3.35 3.35 10.06 6.18 8.75 12.73 10.06 3.35 14.77 5.41 8.75 10.92 3.35 15.07 0.0 3.35 11.42 3.35 7.65 12.73 12.0 3.35 8.75 15.07 5.41 12.82 3.35 5.41 15.07 2.12 3.35 19.56 19.56 0.0 3.35 9.12 2.12 15.66 15.0 3.35 2.12 5.41 8.75 6.36 11.42 10.92 12.73 3.35 2.12 3.35 4.5 2.12 0.0 10.06 2.12 15.0 0.0 18.55 20.18 10.92 10.06 11.42 20.18 15.3 2.12 18.31 17.49 17.49 15.0 14.77 3.35 15.07 3.35 8.75 3.35 3.35 18.31 0.0 17.49 7.65 9.12 12.82 6.36 6.36 12.82 19.56 15.3 3.35 15.07 11.42 6.18 4.5 11.42 18.55
17.1 15.3 13.5 24.42 19.73 9.0 15.44 20.4 19.5 19.5 22.3 15.44 24.0 24.42 14.77 10.06 18.06 15.44 12.82 14.77 10.5 17.49 14.77 19.56 20.4 13.58 24.0 15.3 20.4 15.44 10.5 18.06 19.73 19.5 18.06 10.5 17.1 19.5 8.75 8.75 17.49 19.5 25.14 15.44 13.5 9.0 20.4 17.1 18.06 15.44 23.72 19.56 12.82 24.0 14.77 17.1 20.4 20.18 17.1 17.49 19.5 17.1 9.0 17.49 13.83 4.5 12.82 24.42 19.56 4.5 6.0 17.1 1.5 0.0 0.0 9.0 10.06 14.77 10.5 20.4 15.44 14.77 20.4 1.5 17.49 0.0 13.58 25.14 19.73 23.72 23.72 19.73 8.75 6.0 20.4 10.5 19.56 22.3 20.18 19.56 13.83
9.0 4.74 18.06 10.92 7.5 15.44 6.0 10.92 7.5 6.18 9.6 13.42 10.61 10.92 4.5 7.5 12.09 13.42 13.83 4.5 16.22 7.65 4.5 6.71 10.92 0.0 10.61 4.74 10.92 13.42 16.22 12.09 7.5 7.5 12.09 16.22 9.0 7.5 12.73 12.73 7.65 7.5 12.09 6.0 18.06 15.44 10.92 9.0 12.09 13.42 13.42 6.71 13.83 10.61 4.5 9.0 10.92 12.09 9.0 7.65 6.18 9.0 15.44 7.65 20.4 14.77 13.83 10.92 6.71 14.77 14.23 9.0 13.83 13.58 13.58 15.44 7.5 4.5 16.22 10.92 13.42 4.5 10.92 13.83 7.65 13.58 0.0 12.09 7.5 13.42 13.42 7.5 12.73 14.23 10.92 16.22 6.71 9.6 12.09 6.71 20.4
10.92 13.83 24.74 3.0 11.42 24.05 10.5 8.75 6.0 8.75 3.0 17.56 7.5 3.0 10.61 19.21 13.42 17.56 20.01 10.61 24.19 9.12 10.61 10.06 8.75 12.09 7.5 13.83 8.75 17.56 24.19 13.42 11.42 6.0 13.42 24.19 10.92 6.0 24.6 24.6 9.12 6.0 0.0 10.5 24.74 24.05 8.75 10.92 13.42 17.56 7.5 10.06 20.01 7.5 10.61 10.92 8.75 10.82 10.92 9.12 8.75 10.92 24.05 9.12 27.66 26.83 20.01 3.0 10.06 26.83 24.05 10.92 25.63 25.14 25.14 24.05 19.21 10.61 24.19 8.75 17.56 10.61 8.75 25.63 9.12 25.14 12.09 0.0 11.42 7.5 7.5 11.42 24.6 24.05 8.75 24.19 10.06 3.0 10.82 10.06 27.66
14.77 4.5 25.54 8.75 0.0 22.9 12.09 15.3 10.61 3.0 10.61 20.4 5.41 8.75 10.82 10.61 18.12 20.4 21.21 10.82 23.72 12.82 10.82 1.5 15.3 7.5 5.41 4.5 15.3 20.4 23.72 18.12 0.0 10.61 18.12 23.72 14.77 10.61 15.66 15.66 12.82 10.61 11.42 12.09 25.54 22.9 15.3 14.77 18.12 20.4 16.5 1.5 21.21 5.41 10.82 14.77 15.3 17.1 14.77 12.82 3.0 14.77 22.9 12.82 27.9 19.56 21.21 8.75 1.5 19.56 21.48 14.77 19.56 19.73 19.73 22.9 10.61 10.82 23.72 15.3 20.4 10.82 15.3 19.56 12.82 19.73 7.5 11.42 0.0 16.5 16.5 0.0 15.66 21.48 15.3 23.72 1.5 10.61 17.1 1.5 27.9
6.71 17.1 19.5 10.06 16.5 20.01 8.49 3.35 6.18 13.5 6.18 12.0 14.23 10.06 9.6 20.84 7.5 12.0 15.07 9.6 19.73 6.36 9.6 15.0 3.35 13.42 14.23 17.1 3.35 12.0 19.73 7.5 16.5 6.18 7.5 19.73 6.71 6.18 25.81 25.81 6.36 6.18 7.5 8.49 19.5 20.01 3.35 6.71 7.5 12.0 0.0 15.0 15.07 14.23 9.6 6.71 3.35 4.5 6.71 6.36 13.5 6.71 20.01 6.36 22.5 26.54 15.07 10.06 15.0 26.54 20.89 6.71 24.6 23.72 23.72 20.01 20.84 9.6 19.73 3.35 12.0 9.6 3.35 24.6 6.36 23.72 13.42 7.5 16.5 0.0 0.0 16.5 25.81 20.89 3.35 19.73 15.0 6.18 4.5 15.0 22.5
6.71 17.1 19.5 10.06 16.5 20.01 8.49 3.35 6.18 13.5 6.18 12.0 14.23 10.06 9.6 20.84 7.5 12.0 15.07 9.6 19.73 6.36 9.6 15.0 3.35 13.42 14.23 17.1 3.35 12.0 19.73 7.5 16.5 6.18 7.5 19.73 6.71 6.18 25.81 25.81 6.36 6.18 7.5 8.49 19.5 20.01 3.35 6.71 7.5 12.0 0.0 15.0 15.07 14.23 9.6 6.71 3.35 4.5 6.71 6.36 13.5 6.71 20.01 6.36 22.5 26.54 15.07 10.06 15.0 26.54 20.89 6.71 24.6 23.72 23.72 20.01 20.84 9.6 19.73 3.35 12.0 9.6 3.35 24.6 6.36 23.72 13.42 7.5 16.5 0.0 0.0 16.5 25.81 20.89 3.35 19.73 15.0 6.18 4.5 15.0 22.5
14.77 4.5 25.54 8.75 0.0 22.9 12.09 15.3 10.61 3.0 10.61 20.4 5.41 8.75 10.82 10.61 18.12 20.4 21.21 10.82 23.72 12.82 10.82 1.5 15.3 7.5 5.41 4.5 15.3 20.4 23.72 18.12 0.0 10.61 18.12 23.72 14.77 10.61 15.66 15.66 12.82 10.61 11.42 12.09 25.54 22.9 15.3 14.77 18.12 20.4 16.5 1.5 21.21 5.41 10.82 14.77 15.3 17.1 14.77 12.82 3.0 14.77 22.9 12.82 27.9 19.56 21.21 8.75 1.5 19.56 21.48 14.77 19.56 19.73 19.73 22.9 10.61 10.82 23.72 15.3 20.4 10.82 15.3 19.56 12.82 19.73 7.5 11.42 0.0 16.5 16.5 0.0 15.66 21.48 15.3 23.72 1.5 10.61 17.1 1.5 27.9
20.12 11.42 21.48 22.9 15.66 17.1 17.49 22.9 20.18 16.77 22.3 21.21 20.89 22.9 16.22 5.41 22.3 21.21 19.5 16.22 18.55 19.56 16.22 16.16 22.9 12.73 20.89 11.42 22.9 21.21 18.55 22.3 15.66 20.18 22.3 18.55 20.12 20.18 0.0 0.0 19.56 20.18 24.6 17.49 21.48 17.1 22.9 20.12 22.3 21.21 25.81 16.16 19.5 20.89 16.22 20.12 22.9 23.48 20.12 19.56 16.77 20.12 17.1 19.56 22.3 5.41 19.5 22.9 16.16 5.41 14.23 20.12 7.5 8.75 8.75 17.1 5.41 16.22 18.55 22.9 21.21 16.22 22.9 7.5 19.56 8.75 12.73 24.6 15.66 25.81 25.81 15.66 0.0 14.23 22.9 18.55 16.16 22.3 23.48 16.16 22.3
14.23 17.49 7.5 24.05 21.48 3.0 13.58 17.56 18.06 20.4 21.05 10.61 24.74 24.05 13.5 13.83 14.15 10.61 7.5 13.5 4.5 15.3 13.5 20.89 17.56 14.23 24.74 17.49 17.56 10.61 4.5 14.15 21.48 18.06 14.15 4.5 14.23 18.06 14.23 14.23 15.3 18.06 24.05 13.58 7.5 3.0 17.56 14.23 14.15 10.61 20.89 20.89 7.5 24.74 13.5 14.23 17.56 16.77 14.23 15.3 20.4 14.23 3.0 15.3 8.08 10.5 7.5 24.05 20.89 10.5 0.0 14.23 7.5 6.0 6.0 3.0 13.83 13.5 4.5 17.56 10.61 13.5 17.56 7.5 15.3 6.0 14.23 24.05 21.48 20.89 20.89 21.48 14.23 0.0 17.56 4.5 20.89 21.05 16.77 20.89 8.08
3.35 15.07 16.57 10.61 15.3 16.77 5.41 0.0 4.74 12.37 6.36 9.12 14.15 10.61 6.71 18.12 4.74 9.12 12.0 6.71 16.57 3.35 6.71 13.83 0.0 10.92 14.15 15.07 0.0 9.12 16.57 4.74 15.3 4.74 4.74 16.57 3.35 4.74 22.9 22.9 3.35 4.74 8.75 5.41 16.57 16.77 0.0 3.35 4.74 9.12 3.35 13.83 12.0 14.15 6.71 3.35 0.0 2.12 3.35 3.35 12.37 3.35 16.77 3.35 19.56 23.33 12.0 10.61 13.83 23.33 17.56 3.35 21.32 20.4 20.4 16.77 18.12 6.71 16.57 0.0 9.12 6.71 0.0 21.32 3.35 20.4 10.92 8.75 15.3 3.35 3.35 15.3 22.9 17.56 0.0 16.57 13.83 6.36 2.12 13.83 19.56
13.5 20.18 3.0 24.74 23.72 1.5 13.83 16.57 18.25 22.15 21.21 8.08 26.2 24.74 14.23 17.49 12.37 8.08 4.74 14.23 0.0 15.07 14.23 22.9 16.57 16.22 26.2 20.18 16.57 8.08 0.0 12.37 23.72 18.25 12.37 0.0 13.5 18.25 18.55 18.55 15.07 18.25 24.19 13.83 3.0 1.5 16.57 13.5 12.37 8.08 19.73 22.9 4.74 26.2 14.23 13.5 16.57 15.3 13.5 15.07 22.15 13.5 1.5 15.07 4.24 15.0 4.74 24.74 22.9 15.0 4.5 13.5 12.0 10.5 10.5 1.5 17.49 14.23 0.0 16.57 8.08 14.23 16.57 12.0 15.07 10.5 16.22 24.19 23.72 19.73 19.73 23.72 18.55 4.5 16.57 0.0 22.9 21.21 15.3 22.9 4.24
13.42 4.74 24.6 7.5 1.5 22.15 10.82 13.83 9.12 1.5 9.12 19.21 4.74 7.5 9.6 10.92 16.77 19.21 20.18 9.6 22.9 11.42 9.6 0.0 13.83 6.71 4.74 4.74 13.83 19.21 22.9 16.77 1.5 9.12 16.77 22.9 13.42 9.12 16.16 16.16 11.42 9.12 10.06 10.82 24.6 22.15 13.83 13.42 16.77 19.21 15.0 0.0 20.18 4.74 9.6 13.42 13.83 15.66 13.42 11.42 1.5 13.42 22.15 11.42 27.04 19.73 20.18 7.5 0.0 19.73 20.89 13.42 19.5 19.56 19.56 22.15 10.92 9.6 22.9 13.83 19.21 9.6 13.83 19.5 11.42 19.56 6.71 10.06 1.5 15.0 15.0 1.5 16.16 20.89 13.83 22.9 0.0 9.12 15.66 0.0 27.04
8.08 12.09 21.84 4.24 10.61 21.05 7.5 6.36 3.0 7.65 0.0 14.77 8.08 4.24 7.65 16.97 10.82 14.77 17.1 7.65 21.21 6.18 7.65 9.12 6.36 9.6 8.08 12.09 6.36 14.77 21.21 10.82 10.61 3.0 10.82 21.21 8.08 3.0 22.3 22.3 6.18 3.0 3.0 7.5 21.84 21.05 6.36 8.08 10.82 14.77 6.18 9.12 17.1 8.08 7.65 8.08 6.36 8.49 8.08 6.18 7.65 8.08 21.05 6.18 24.74 24.19 17.1 4.24 9.12 24.19 21.05 8.08 22.85 22.3 22.3 21.05 16.97 7.65 21.21 6.36 14.77 7.65 6.36 22.85 6.18 22.3 9.6 3.0 10.61 6.18 6.18 10.61 22.3 21.05 6.36 21.21 9.12 0.0 8.49 9.12 24.74
3.35 16.5 15.0 12.73 17.1 15.66 6.18 2.12 6.71 14.23 8.49 7.5 16.22 12.73 7.65 18.97 3.0 7.5 10.61 7.65 15.3 4.5 7.65 15.66 2.12 12.09 16.22 16.5 2.12 7.5 15.3 3.0 17.1 6.71 3.0 15.3 3.35 6.71 23.48 23.48 4.5 6.71 10.82 6.18 15.0 15.66 2.12 3.35 3.0 7.5 4.5 15.66 10.61 16.22 7.65 3.35 2.12 0.0 3.35 4.5 14.23 3.35 15.66 4.5 18.0 23.43 10.61 12.73 15.66 23.43 16.77 3.35 21.21 20.18 20.18 15.66 18.97 7.65 15.3 2.12 7.5 7.65 2.12 21.21 4.5 20.18 12.09 10.82 17.1 4.5 4.5 17.1 23.48 16.77 2.12 15.3 15.66 8.49 0.0 15.66 18.0
13.42 4.74 24.6 7.5 1.5 22.15 10.82 13.83 9.12 1.5 9.12 19.21 4.74 7.5 9.6 10.92 16.77 19.21 20.18 9.6 22.9 11.42 9.6 0.0 13.83 6.71 4.74 4.74 13.83 19.21 22.9 16.77 1.5 9.12 16.77 22.9 13.42 9.12 16.16 16.16 11.42 9.12 10.06 10.82 24.6 22.15 13.83 13.42 16.77 19.21 15.0 0.0 20.18 4.74 9.6 13.42 13.83 15.66 13.42 11.42 1.5 13.42 22.15 11.42 27.04 19.73 20.18 7.5 0.0 19.73 20.89 13.42 19.5 19.56 19.56 22.15 10.92 9.6 22.9 13.83 19.21 9.6 13.83 19.5 11.42 19.56 6.71 10.06 1.5 15.0 15.0 1.5 16.16 20.89 13.83 22.9 0.0 9.12 15.66 0.0 27.04
16.77 24.42 3.0 28.46 27.9 5.41 17.56 19.56 21.84 26.24 24.74 10.5 30.19 28.46 18.12 21.63 15.0 10.5 7.65 18.12 4.24 18.55 18.12 27.04 19.56 20.4 30.19 24.42 19.56 10.5 4.24 15.0 27.9 21.84 15.0 4.24 16.77 21.84 22.3 22.3 18.55 21.84 27.66 17.56 3.0 5.41 19.56 16.77 15.0 10.5 22.5 27.04 7.65 30.19 18.12 16.77 19.56 18.0 16.77 18.55 26.24 16.77 5.41 18.55 0.0 18.25 7.65 28.46 27.04 18.25 8.08 16.77 15.3 13.83 13.83 5.41 21.63 18.12 4.24 19.56 10.5 18.12 19.56 15.3 18.55 13.83 20.4 27.66 27.9 22.5 22.5 27.9 22.3 8.08 19.56 4.24 27.04 24.74 18.0 27.04 0.0
