0.0 15.44 3.35 2.12 5.41 14.85 3.35 15.66 4.5 0.0 12.09 13.58 6.71 14.85 16.77 13.5 9.0 3.35 17.1 13.42 3.0 20.12 15.44 15.44 10.92 0.0 14.77 12.09 6.71 14.85 13.42 12.09 13.58 9.12 9.12 20.18 3.0 10.92 14.23 3.0 16.77 9.12 2.12 3.35 4.5 15.44 8.08 17.1 8.08 17.1 20.12 14.77 6.71 12.09 9.12 0.0 18.06 14.85 13.58 20.18 18.06 9.0 12.09 13.5 8.08 13.5 9.12 3.35 13.5 3.35 2.12 10.92 3.35 20.18 14.23 13.58 9.0 16.77 9.0 14.77 6.71
15.44 0.0 15.95 16.16 18.55 24.19 18.79 11.72 13.83 15.44 24.05 6.0 12.9 24.19 10.92 7.5 13.58 18.31 3.0 20.01 14.23 11.42 0.0 0.0 24.42 15.44 20.4 19.73 22.15 24.19 20.01 19.73 16.16 10.06 10.06 7.5 14.23 24.42 3.0 14.23 10.92 10.06 16.16 15.95 13.83 0.0 21.48 3.0 21.48 3.0 11.42 20.4 22.15 19.73 10.06 15.44 4.5 24.19 6.0 7.5 4.5 13.58 19.73 7.5 21.48 7.5 10.06 15.95 7.5 15.95 16.16 24.42 15.95 7.5 10.82 16.16 13.58 10.92 13.58 20.4 22.15
3.35 15.95 0.0 5.41 8.49 18.06 4.74 18.25 7.65 3.35 15.0 12.82 4.5 18.06 15.0 12.37 12.09 3.0 18.06 16.77 6.18 22.3 15.95 15.95 13.42 3.35 18.12 15.44 7.5 18.06 16.77 15.44 16.77 7.65 7.65 21.63 6.18 13.42 14.15 6.18 15.0 7.65 5.41 0.0 7.65 15.95 10.82 18.06 10.82 18.06 22.3 18.12 7.5 15.44 7.65 3.35 19.21 18.06 12.82 21.63 19.21 12.09 15.44 12.37 10.82 12.37 7.65 0.0 12.37 0.0 5.41 13.42 0.0 21.63 16.77 16.77 12.09 15.0 12.09 18.12 7.5
2.12 16.16 5.41 0.0 3.35 12.73 3.35 14.77 3.35 2.12 10.06 15.0 8.75 12.73 18.55 15.07 7.65 4.5 17.49 11.42 2.12 19.56 16.16 16.16 9.12 2.12 12.82 10.06 6.36 12.73 11.42 10.06 12.0 10.92 10.92 20.18 2.12 9.12 15.3 2.12 18.55 10.92 0.0 5.41 3.35 16.16 6.18 17.49 6.18 17.49 19.56 12.82 6.36 10.06 10.92 2.12 18.31 12.73 15.0 20.18 18.31 7.65 10.06 15.07 6.18 15.07 10.92 5.41 15.07 5.41 0.0 9.12 5.41 20.18 13.42 12.0 7.65 18.55 7.65 12.82 6.36
5.41 18.55 8.49 3.35 0.0 9.6 4.74 15.0 4.74 5.41 6.71 18.06 12.09 9.6 21.84 18.25 7.5 6.71 19.5 9.12 4.5 20.18 18.55 18.55 6.0 5.41 10.61 7.65 6.18 9.6 9.12 7.65 10.92 14.23 14.23 21.63 4.5 6.0 18.06 4.5 21.84 14.23 3.35 8.49 4.74 18.55 3.0 19.5 3.0 19.5 20.18 10.61 6.18 7.65 14.23 5.41 20.12 9.6 18.06 21.63 20.12 7.5 7.65 18.25 3.0 18.25 14.23 8.49 18.25 8.49 3.35 6.0 8.49 21.63 13.83 10.92 7.5 21.84 7.5 10.61 6.18
14.85 24.19 18.06 12.73 9.6 0.0 14.15 15.66 12.09 14.85 4.5 25.63 21.32 0.0 30.19 26.2 10.61 16.22 24.0 4.74 12.9 20.89 24.19 24.19 7.5 14.85 5.41 4.5 14.23 0.0 4.74 4.5 9.49 22.9 22.9 24.42 12.9 7.5 24.74 12.9 30.19 22.9 12.73 18.06 12.09 24.19 8.08 24.0 8.08 24.0 20.89 5.41 14.23 4.5 22.9 14.85 24.05 0.0 25.63 24.42 24.05 10.61 4.5 26.2 8.08 26.2 22.9 18.06 26.2 18.06 12.73 7.5 18.06 24.42 15.3 9.49 10.61 30.19 10.61 5.41 14.23
3.35 18.79 4.74 3.35 4.74 14.15 0.0 18.12 6.71 3.35 10.61 16.77 9.12 14.15 19.56 16.57 10.92 2.12 20.4 13.83 5.41 22.9 18.79 18.79 8.75 3.35 15.3 12.37 3.35 14.15 13.83 12.37 15.07 12.0 12.0 23.33 5.41 8.75 17.56 5.41 19.56 12.0 3.35 4.74 6.71 18.79 6.36 20.4 6.36 20.4 22.9 15.3 3.35 12.37 12.0 3.35 21.32 14.15 16.77 23.33 21.32 10.92 12.37 16.57 6.36 16.57 12.0 4.74 16.57 4.74 3.35 8.75 4.74 23.33 16.77 15.07 10.92 19.56 10.92 15.3 3.35
15.66 11.72 18.25 14.77 15.0 15.66 18.12 0.0 11.42 15.66 17.49 16.22 18.06 15.66 21.63 17.49 7.5 18.97 10.06 10.92 12.82 5.41 11.72 11.72 19.21 15.66 10.61 11.42 20.84 15.66 10.92 11.42 6.18 17.1 17.1 9.0 12.82 19.21 13.83 12.82 21.63 17.1 14.77 18.25 11.42 11.72 16.97 10.06 16.97 10.06 5.41 10.61 20.84 11.42 17.1 15.66 9.49 15.66 16.22 9.0 9.49 7.5 11.42 17.49 16.97 17.49 17.1 18.25 17.49 18.25 14.77 19.21 18.25 9.0 1.5 6.18 7.5 21.63 7.5 10.61 20.84
4.5 13.83 7.65 3.35 4.74 12.09 6.71 11.42 0.0 4.5 10.61 13.83 9.6 12.09 18.12 14.23 4.5 7.65 14.77 9.6 1.5 16.22 13.83 13.83 10.61 4.5 10.82 8.49 9.6 12.09 9.6 8.49 9.12 10.82 10.82 17.1 1.5 10.61 13.5 1.5 18.12 10.82 3.35 7.65 0.0 13.83 7.65 14.77 7.65 14.77 16.22 10.82 9.6 8.49 10.82 4.5 15.44 12.09 13.83 17.1 15.44 4.5 8.49 14.23 7.65 14.23 10.82 7.65 14.23 7.65 3.35 10.61 7.65 17.1 10.06 9.12 4.5 18.12 4.5 10.82 9.6
0.0 15.44 3.35 2.12 5.41 14.85 3.35 15.66 4.5 0.0 12.09 13.58 6.71 14.85 16.77 13.5 9.0 3.35 17.1 13.42 3.0 20.12 15.44 15.44 10.92 0.0 14.77 12.09 6.71 14.85 13.42 12.09 13.58 9.12 9.12 20.18 3.0 10.92 14.23 3.0 16.77 9.12 2.12 3.35 4.5 15.44 8.08 17.1 8.08 17.1 20.12 14.77 6.71 12.09 9.12 0.0 18.06 14.85 13.58 20.18 18.06 9.0 12.09 13.5 8.08 13.5 9.12 3.35 13.5 3.35 2.12 10.92 3.35 20.18 14.23 13.58 9.0 16.77 9.0 14.77 6.71
12.09 24.05 15.0 10.06 6.71 4.5 10.61 17.49 10.61 12.09 0.0 24.42 18.79 4.5 28.46 24.74 10.92 12.73 24.42 7.5 10.92 22.9 24.05 24.05 3.0 12.09 8.75 6.36 10.06 4.5 7.5 6.36 11.72 20.89 20.89 25.63 10.92 3.0 24.05 10.92 28.46 20.89 10.06 15.0 10.61 24.05 4.24 24.42 4.24 24.42 22.9 8.75 10.06 6.36 20.89 12.09 24.74 4.5 24.42 25.63 24.74 10.92 6.36 24.74 4.24 24.74 20.89 15.0 24.74 15.0 10.06 3.0 15.0 25.63 16.77 11.72 10.92 28.46 10.92 8.75 10.06
13.58 6.0 12.82 15.0 18.06 25.63 16.77 16.22 13.83 13.58 24.42 0.0 8.75 25.63 5.41 1.5 15.44 15.66 9.0 22.15 13.58 17.1 6.0 6.0 24.05 13.58 22.9 21.48 20.01 25.63 22.15 21.48 19.21 5.41 5.41 13.5 13.58 24.05 3.0 13.58 5.41 5.41 15.0 12.82 13.83 6.0 21.05 9.0 21.05 9.0 17.1 22.9 20.01 21.48 5.41 13.58 10.5 25.63 0.0 13.5 10.5 15.44 21.48 1.5 21.05 1.5 5.41 12.82 1.5 12.82 15.0 24.05 12.82 13.5 15.0 19.21 15.44 5.41 15.44 22.9 20.01
6.71 12.9 4.5 8.75 12.09 21.32 9.12 18.06 9.6 6.71 18.79 8.75 0.0 21.32 10.5 8.08 13.42 7.5 15.44 19.21 8.49 21.21 12.9 12.9 17.56 6.71 20.4 18.06 12.0 21.32 19.21 18.06 18.12 3.35 3.35 19.5 8.49 17.56 10.61 8.49 10.5 3.35 8.75 4.5 9.6 12.9 14.77 15.44 14.77 15.44 21.21 20.4 12.0 18.06 3.35 6.71 16.77 21.32 8.75 19.5 16.77 13.42 18.06 8.08 14.77 8.08 3.35 4.5 8.08 4.5 8.75 17.56 4.5 19.5 16.57 18.12 13.42 10.5 13.42 20.4 12.0
14.85 24.19 18.06 12.73 9.6 0.0 14.15 15.66 12.09 14.85 4.5 25.63 21.32 0.0 30.19 26.2 10.61 16.22 24.0 4.74 12.9 20.89 24.19 24.19 7.5 14.85 5.41 4.5 14.23 0.0 4.74 4.5 9.49 22.9 22.9 24.42 12.9 7.5 24.74 12.9 30.19 22.9 12.73 18.06 12.09 24.19 8.08 24.0 8.08 24.0 20.89 5.41 14.23 4.5 22.9 14.85 24.05 0.0 25.63 24.42 24.05 10.61 4.5 26.2 8.08 26.2 22.9 18.06 26.2 18.06 12.73 7.5 18.06 24.42 15.3 9.49 10.61 30.19 10.61 5.41 14.23
16.77 10.92 15.0 18.55 21.84 30.19 19.56 21.63 18.12 16.77 28.46 5.41 10.5 30.19 0.0 4.24 20.4 18.0 13.83 27.04 17.56 22.3 10.92 10.92 27.66 16.77 27.9 26.24 22.5 30.19 27.04 26.24 24.42 7.65 7.65 18.25 17.56 27.66 8.08 17.56 0.0 7.65 18.55 15.0 18.12 10.92 24.74 13.83 24.74 13.83 22.3 27.9 22.5 26.24 7.65 16.77 15.3 30.19 5.41 18.25 15.3 20.4 26.24 4.24 24.74 4.24 7.65 15.0 4.24 15.0 18.55 27.66 15.0 18.25 20.4 24.42 20.4 0.0 20.4 27.9 22.5
13.5 7.5 12.37 15.07 18.25 26.2 16.57 17.49 14.23 13.5 24.74 1.5 8.08 26.2 4.24 0.0 16.22 15.3 10.5 22.9 13.83 18.55 7.5 7.5 24.19 13.5 23.72 22.15 19.73 26.2 22.9 22.15 20.18 4.74 4.74 15.0 13.83 24.19 4.5 13.83 4.24 4.74 15.07 12.37 14.23 7.5 21.21 10.5 21.21 10.5 18.55 23.72 19.73 22.15 4.74 13.5 12.0 26.2 1.5 15.0 12.0 16.22 22.15 0.0 21.21 0.0 4.74 12.37 0.0 12.37 15.07 24.19 12.37 15.0 16.22 20.18 16.22 4.24 16.22 23.72 19.73
9.0 13.58 12.09 7.65 7.5 10.61 10.92 7.5 4.5 9.0 10.92 15.44 13.42 10.61 20.4 16.22 0.0 12.09 13.58 6.71 6.0 12.73 13.58 13.58 12.09 9.0 7.5 6.18 13.42 10.61 6.71 6.18 4.74 13.83 13.83 14.77 6.0 12.09 14.23 6.0 20.4 13.83 7.65 12.09 4.5 13.58 9.6 13.58 9.6 13.58 12.73 7.5 13.42 6.18 13.83 9.0 13.83 10.61 15.44 14.77 13.83 0.0 6.18 16.22 9.6 16.22 13.83 12.09 16.22 12.09 7.65 12.09 12.09 14.77 6.36 4.74 0.0 20.4 0.0 7.5 13.42
3.35 18.31 3.0 4.5 6.71 16.22 2.12 18.97 7.65 3.35 12.73 15.66 7.5 16.22 18.0 15.3 12.09 0.0 20.18 15.66 6.18 23.48 18.31 18.31 10.82 3.35 17.1 14.23 4.5 16.22 15.66 14.23 16.5 10.61 10.61 23.43 6.18 10.82 16.77 6.18 18.0 10.61 4.5 3.0 7.65 18.31 8.49 20.18 8.49 20.18 23.48 17.1 4.5 14.23 10.61 3.35 21.21 16.22 15.66 23.43 21.21 12.09 14.23 15.3 8.49 15.3 10.61 3.0 15.3 3.0 4.5 10.82 3.0 23.43 17.56 16.5 12.09 18.0 12.09 17.1 4.5
17.1 3.0 18.06 17.49 19.5 24.0 20.4 10.06 14.77 17.1 24.42 9.0 15.44 24.0 13.83 10.5 13.58 20.18 0.0 19.56 15.44 8.75 3.0 3.0 25.14 17.1 19.73 19.5 23.72 24.0 19.56 19.5 15.3 12.82 12.82 4.5 15.44 25.14 6.0 15.44 13.83 12.82 17.49 18.06 14.77 3.0 22.3 0.0 22.3 0.0 8.75 19.73 23.72 19.5 12.82 17.1 1.5 24.0 9.0 4.5 1.5 13.58 19.5 10.5 22.3 10.5 12.82 18.06 10.5 18.06 17.49 25.14 18.06 4.5 9.49 15.3 13.58 13.83 13.58 19.73 23.72
13.42 20.01 16.77 11.42 9.12 4.74 13.83 10.92 9.6 13.42 7.5 22.15 19.21 4.74 27.04 22.9 6.71 15.66 19.56 0.0 10.82 16.16 20.01 20.01 10.06 13.42 1.5 1.5 15.0 4.74 0.0 1.5 4.74 20.18 20.18 19.73 10.82 10.06 20.89 10.82 27.04 20.18 11.42 16.77 9.6 20.01 9.12 19.56 9.12 19.56 16.16 1.5 15.0 1.5 20.18 13.42 19.5 4.74 22.15 19.73 19.5 6.71 1.5 22.9 9.12 22.9 20.18 16.77 22.9 16.77 11.42 10.06 16.77 19.73 10.61 4.74 6.71 27.04 6.71 1.5 15.0
3.0 14.23 6.18 2.12 4.5 12.9 5.41 12.82 1.5 3.0 10.92 13.58 8.49 12.9 17.56 13.83 6.0 6.18 15.44 10.82 0.0 17.49 14.23 14.23 10.5 3.0 12.09 9.6 8.49 12.9 10.82 9.6 10.61 10.06 10.06 18.06 0.0 10.5 13.58 0.0 17.56 10.06 2.12 6.18 1.5 14.23 7.5 15.44 7.5 15.44 17.49 12.09 8.49 9.6 10.06 3.0 16.22 12.9 13.58 18.06 16.22 6.0 9.6 13.83 7.5 13.83 10.06 6.18 13.83 6.18 2.12 10.5 6.18 18.06 11.42 10.61 6.0 17.56 6.0 12.09 8.49
20.12 11.42 22.3 19.56 20.18 20.89 22.9 5.41 16.22 20.12 22.9 17.1 21.21 20.89 22.3 18.55 12.73 23.48 8.75 16.16 17.49 0.0 11.42 11.42 24.6 20.12 15.66 16.77 25.81 20.89 16.16 16.77 11.42 19.5 19.5 5.41 17.49 24.6 14.23 17.49 22.3 19.5 19.56 22.3 16.22 11.42 22.3 8.75 22.3 8.75 0.0 15.66 25.81 16.77 19.5 20.12 7.5 20.89 17.1 5.41 7.5 12.73 16.77 18.55 22.3 18.55 19.5 22.3 18.55 22.3 19.56 24.6 22.3 5.41 6.36 11.42 12.73 22.3 12.73 15.66 25.81
15.44 0.0 15.95 16.16 18.55 24.19 18.79 11.72 13.83 15.44 24.05 6.0 12.9 24.19 10.92 7.5 13.58 18.31 3.0 20.01 14.23 11.42 0.0 0.0 24.42 15.44 20.4 19.73 22.15 24.19 20.01 19.73 16.16 10.06 10.06 7.5 14.23 24.42 3.0 14.23 10.92 10.06 16.16 15.95 13.83 0.0 21.48 3.0 21.48 3.0 11.42 20.4 22.15 19.73 10.06 15.44 4.5 24.19 6.0 7.5 4.5 13.58 19.73 7.5 21.48 7.5 10.06 15.95 7.5 15.95 16.16 24.42 15.95 7.5 10.82 16.16 13.58 10.92 13.58 20.4 22.15
15.44 0.0 15.95 16.16 18.55 24.19 18.79 11.72 13.83 15.44 24.05 6.0 12.9 24.19 10.92 7.5 13.58 18.31 3.0 20.01 14.23 11.42 0.0 0.0 24.42 15.44 20.4 19.73 22.15 24.19 20.01 19.73 16.16 10.06 10.06 7.5 14.23 24.42 3.0 14.23 10.92 10.06 16.16 15.95 13.83 0.0 21.48 3.0 21.48 3.0 11.42 20.4 22.15 19.73 10.06 15.44 4.5 24.19 6.0 7.5 4.5 13.58 19.73 7.5 21.48 7.5 10.06 15.95 7.5 15.95 16.16 24.42 15.95 7.5 10.82 16.16 13.58 10.92 13.58 20.4 22.15
10.92 24.42 13.42 9.12 6.0 7.5 8.75 19.21 10.61 10.92 3.0 24.05 17.56 7.5 27.66 24.19 12.09 10.82 25.14 10.06 10.5 24.6 24.42 24.42 0.0 10.92 11.42 8.75 7.5 7.5 10.06 8.75 13.83 20.01 20.01 26.83 10.5 0.0 24.05 10.5 27.66 20.01 9.12 13.42 10.61 24.42 3.0 25.14 3.0 25.14 24.6 11.42 7.5 8.75 20.01 10.92 25.63 7.5 24.05 26.83 25.63 12.09 8.75 24.19 3.0 24.19 20.01 13.42 24.19 13.42 9.12 0.0 13.42 26.83 18.31 13.83 12.09 27.66 12.09 11.42 7.5
0.0 15.44 3.35 2.12 5.41 14.85 3.35 15.66 4.5 0.0 12.09 13.58 6.71 14.85 16.77 13.5 9.0 3.35 17.1 13.42 3.0 20.12 15.44 15.44 10.92 0.0 14.77 12.09 6.71 14.85 13.42 12.09 13.58 9.12 9.12 20.18 3.0 10.92 14.23 3.0 16.77 9.12 2.12 3.35 4.5 15.44 8.08 17.1 8.08 17.1 20.12 14.77 6.71 12.09 9.12 0.0 18.06 14.85 13.58 20.18 18.06 9.0 12.09 13.5 8.08 13.5 9.12 3.35 13.5 3.35 2.12 10.92 3.35 20.18 14.23 13.58 9.0 16.77 9.0 14.77 6.71
14.77 20.4 18.12 12.82 10.61 5.41 15.3 10.61 10.82 14.77 8.75 22.9 20.4 5.41 27.9 23.72 7.5 17.1 19.73 1.5 12.09 15.66 20.4 20.4 11.42 14.77 0.0 3.0 16.5 5.41 1.5 3.0 4.5 21.21 21.21 19.56 12.09 11.42 21.48 12.09 27.9 21.21 12.82 18.12 10.82 20.4 10.61 19.73 10.61 19.73 15.66 0.0 16.5 3.0 21.21 14.77 19.56 5.41 22.9 19.56 19.56 7.5 3.0 23.72 10.61 23.72 21.21 18.12 23.72 18.12 12.82 11.42 18.12 19.56 10.5 4.5 7.5 27.9 7.5 0.0 16.5
12.09 19.73 15.44 10.06 7.65 4.5 12.37 11.42 8.49 12.09 6.36 21.48 18.06 4.5 26.24 22.15 6.18 14.23 19.5 1.5 9.6 16.77 19.73 19.73 8.75 12.09 3.0 0.0 13.5 4.5 1.5 0.0 5.41 19.21 19.21 20.01 9.6 8.75 20.4 9.6 26.24 19.21 10.06 15.44 8.49 19.73 7.65 19.5 7.65 19.5 16.77 3.0 13.5 0.0 19.21 12.09 19.56 4.5 21.48 20.01 19.56 6.18 0.0 22.15 7.65 22.15 19.21 15.44 22.15 15.44 10.06 8.75 15.44 20.01 10.92 5.41 6.18 26.24 6.18 3.0 13.5
6.71 22.15 7.5 6.36 6.18 14.23 3.35 20.84 9.6 6.71 10.06 20.01 12.0 14.23 22.5 19.73 13.42 4.5 23.72 15.0 8.49 25.81 22.15 22.15 7.5 6.71 16.5 13.5 0.0 14.23 15.0 13.5 17.1 15.07 15.07 26.54 8.49 7.5 20.89 8.49 22.5 15.07 6.36 7.5 9.6 22.15 6.18 23.72 6.18 23.72 25.81 16.5 0.0 13.5 15.07 6.71 24.6 14.23 20.01 26.54 24.6 13.42 13.5 19.73 6.18 19.73 15.07 7.5 19.73 7.5 6.36 7.5 7.5 26.54 19.56 17.1 13.42 22.5 13.42 16.5 0.0
14.85 24.19 18.06 12.73 9.6 0.0 14.15 15.66 12.09 14.85 4.5 25.63 21.32 0.0 30.19 26.2 10.61 16.22 24.0 4.74 12.9 20.89 24.19 24.19 7.5 14.85 5.41 4.5 14.23 0.0 4.74 4.5 9.49 22.9 22.9 24.42 12.9 7.5 24.74 12.9 30.19 22.9 12.73 18.06 12.09 24.19 8.08 24.0 8.08 24.0 20.89 5.41 14.23 4.5 22.9 14.85 24.05 0.0 25.63 24.42 24.05 10.61 4.5 26.2 8.08 26.2 22.9 18.06 26.2 18.06 12.73 7.5 18.06 24.42 15.3 9.49 10.61 30.19 10.61 5.41 14.23
13.42 20.01 16.77 11.42 9.12 4.74 13.83 10.92 9.6 13.42 7.5 22.15 19.21 4.74 27.04 22.9 6.71 15.66 19.56 0.0 10.82 16.16 20.01 20.01 10.06 13.42 1.5 1.5 15.0 4.74 0.0 1.5 4.74 20.18 20.18 19.73 10.82 10.06 20.89 10.82 27.04 20.18 11.42 16.77 9.6 20.01 9.12 19.56 9.12 19.56 16.16 1.5 15.0 1.5 20.18 13.42 19.5 4.74 22.15 19.73 19.5 6.71 1.5 22.9 9.12 22.9 20.18 16.77 22.9 16.77 11.42 10.06 16.77 19.73 10.61 4.74 6.71 27.04 6.71 1.5 15.0
12.09 19.73 15.44 10.06 7.65 4.5 12.37 11.42 8.49 12.09 6.36 21.48 18.06 4.5 26.24 22.15 6.18 14.23 19.5 1.5 9.6 16.77 19.73 19.73 8.75 12.09 3.0 0.0 13.5 4.5 1.5 0.0 5.41 19.21 19.21 20.01 9.6 8.75 20.4 9.6 26.24 19.21 10.06 15.44 8.49 19.73 7.65 19.5 7.65 19.5 16.77 3.0 13.5 0.0 19.21 12.09 19.56 4.5 21.48 20.01 19.56 6.18 0.0 22.15 7.65 22.15 19.21 15.44 22.15 15.44 10.06 8.75 15.44 20.01 10.92 5.41 6.18 26.24 6.18 3.0 13.5
13.58 16.16 16.77 12.0 10.92 9.49 15.07 6.18 9.12 13.58 11.72 19.21 18.12 9.49 24.42 20.18 4.74 16.5 15.3 4.74 10.61 11.42 16.16 16.16 13.83 13.58 4.5 5.41 17.1 9.49 4.74 5.41 0.0 18.31 18.31 15.07 10.61 13.83 17.49 10.61 24.42 18.31 12.0 16.77 9.12 16.16 12.09 15.3 12.09 15.3 11.42 4.5 17.1 5.41 18.31 13.58 15.07 9.49 19.21 15.07 15.07 4.74 5.41 20.18 12.09 20.18 18.31 16.77 20.18 16.77 12.0 13.83 16.77 15.07 6.0 0.0 4.74 24.42 4.74 4.5 17.1
9.12 10.06 7.65 10.92 14.23 22.9 12.0 17.1 10.82 9.12 20.89 5.41 3.35 22.9 7.65 4.74 13.83 10.61 12.82 20.18 10.06 19.5 10.06 10.06 20.01 9.12 21.21 19.21 15.07 22.9 20.18 19.21 18.31 0.0 0.0 17.1 10.06 20.01 7.5 10.06 7.65 0.0 10.92 7.65 10.82 10.06 17.1 12.82 17.1 12.82 19.5 21.21 15.07 19.21 0.0 9.12 14.23 22.9 5.41 17.1 14.23 13.83 19.21 4.74 17.1 4.74 0.0 7.65 4.74 7.65 10.92 20.01 7.65 17.1 15.66 18.31 13.83 7.65 13.83 21.21 15.07
9.12 10.06 7.65 10.92 14.23 22.9 12.0 17.1 10.82 9.12 20.89 5.41 3.35 22.9 7.65 4.74 13.83 10.61 12.82 20.18 10.06 19.5 10.06 10.06 20.01 9.12 21.21 19.21 15.07 22.9 20.18 19.21 18.31 0.0 0.0 17.1 10.06 20.01 7.5 10.06 7.65 0.0 10.92 7.65 10.82 10.06 17.1 12.82 17.1 12.82 19.5 21.21 15.07 19.21 0.0 9.12 14.23 22.9 5.41 17.1 14.23 13.83 19.21 4.74 17.1 4.74 0.0 7.65 4.74 7.65 10.92 20.01 7.65 17.1 15.66 18.31 13.83 7.65 13.83 21.21 15.07
20.18 7.5 21.63 20.18 21.63 24.42 23.33 9.0 17.1 20.18 25.63 13.5 19.5 24.42 18.25 15.0 14.77 23.43 4.5 19.73 18.06 5.41 7.5 7.5 26.83 20.18 19.56 20.01 26.54 24.42 19.73 20.01 15.07 17.1 17.1 0.0 18.06 26.83 10.5 18.06 18.25 17.1 20.18 21.63 17.1 7.5 24.19 4.5 24.19 4.5 5.41 19.56 26.54 20.01 17.1 20.18 3.0 24.42 13.5 0.0 3.0 14.77 20.01 15.0 24.19 15.0 17.1 21.63 15.0 21.63 20.18 26.83 21.63 0.0 9.12 15.07 14.77 18.25 14.77 19.56 26.54
3.0 14.23 6.18 2.12 4.5 12.9 5.41 12.82 1.5 3.0 10.92 13.58 8.49 12.9 17.56 13.83 6.0 6.18 15.44 10.82 0.0 17.49 14.23 14.23 10.5 3.0 12.09 9.6 8.49 12.9 10.82 9.6 10.61 10.06 10.06 18.06 0.0 10.5 13.58 0.0 17.56 10.06 2.12 6.18 1.5 14.23 7.5 15.44 7.5 15.44 17.49 12.09 8.49 9.6 10.06 3.0 16.22 12.9 13.58 18.06 16.22 6.0 9.6 13.83 7.5 13.83 10.06 6.18 13.83 6.18 2.12 10.5 6.18 18.06 11.42 10.61 6.0 17.56 6.0 12.09 8.49
10.92 24.42 13.42 9.12 6.0 7.5 8.75 19.21 10.61 10.92 3.0 24.05 17.56 7.5 27.66 24.19 12.09 10.82 25.14 10.06 10.5 24.6 24.42 24.42 0.0 10.92 11.42 8.75 7.5 7.5 10.06 8.75 13.83 20.01 20.01 26.83 10.5 0.0 24.05 10.5 27.66 20.01 9.12 13.42 10.61 24.42 3.0 25.14 3.0 25.14 24.6 11.42 7.5 8.75 20.01 10.92 25.63 7.5 24.05 26.83 25.63 12.09 8.75 24.19 3.0 24.19 20.01 13.42 24.19 13.42 9.12 0.0 13.42 26.83 18.31 13.83 12.09 27.66 12.09 11.42 7.5
14.23 3.0 14.15 15.3 18.06 24.74 17.56 13.83 13.5 14.23 24.05 3.0 10.61 24.74 8.08 4.5 14.23 16.77 6.0 20.89 13.58 14.23 3.0 3.0 24.05 14.23 21.48 20.4 20.89 24.74 20.89 20.4 17.49 7.5 7.5 10.5 13.58 24.05 0.0 13.58 8.08 7.5 15.3 14.15 13.5 3.0 21.05 6.0 21.05 6.0 14.23 21.48 20.89 20.4 7.5 14.23 7.5 24.74 3.0 10.5 7.5 14.23 20.4 4.5 21.05 4.5 7.5 14.15 4.5 14.15 15.3 24.05 14.15 10.5 12.73 17.49 14.23 8.08 14.23 21.48 20.89
3.0 14.23 6.18 2.12 4.5 12.9 5.41 12.82 1.5 3.0 10.92 13.58 8.49 12.9 17.56 13.83 6.0 6.18 15.44 10.82 0.0 17.49 14.23 14.23 10.5 3.0 12.09 9.6 8.49 12.9 10.82 9.6 10.61 10.06 10.06 18.06 0.0 10.5 13.58 0.0 17.56 10.06 2.12 6.18 1.5 14.23 7.5 15.44 7.5 15.44 17.49 12.09 8.49 9.6 10.06 3.0 16.22 12.9 13.58 18.06 16.22 6.0 9.6 13.83 7.5 13.83 10.06 6.18 13.83 6.18 2.12 10.5 6.18 18.06 11.42 10.61 6.0 17.56 6.0 12.09 8.49
16.77 10.92 15.0 18.55 21.84 30.19 19.56 21.63 18.12 16.77 28.46 5.41 10.5 30.19 0.0 4.24 20.4 18.0 13.83 27.04 17.56 22.3 10.92 10.92 27.66 16.77 27.9 26.24 22.5 30.19 27.04 26.24 24.42 7.65 7.65 18.25 17.56 27.66 8.08 17.56 0.0 7.65 18.55 15.0 18.12 10.92 24.74 13.83 24.74 13.83 22.3 27.9 22.5 26.24 7.65 16.77 15.3 30.19 5.41 18.25 15.3 20.4 26.24 4.24 24.74 4.24 7.65 15.0 4.24 15.0 18.55 27.66 15.0 18.25 20.4 24.42 20.4 0.0 20.4 27.9 22.5
9.12 10.06 7.65 10.92 14.23 22.9 12.0 17.1 10.82 9.12 20.89 5.41 3.35 22.9 7.65 4.74 13.83 10.61 12.82 20.18 10.06 19.5 10.06 10.06 20.01 9.12 21.21 19.21 15.07 22.9 20.18 19.21 18.31 0.0 0.0 17.1 10.06 20.01 7.5 10.06 7.65 0.0 10.92 7.65 10.82 10.06 17.1 12.82 17.1 12.82 19.5 21.21 15.07 19.21 0.0 9.12 14.23 22.9 5.41 17.1 14.23 13.83 19.21 4.74 17.1 4.74 0.0 7.65 4.74 7.65 10.92 20.01 7.65 17.1 15.66 18.31 13.83 7.65 13.83 21.21 15.07
2.12 16.16 5.41 0.0 3.35 12.73 3.35 14.77 3.35 2.12 10.06 15.0 8.75 12.73 18.55 15.07 7.65 4.5 17.49 11.42 2.12 19.56 16.16 16.16 9.12 2.12 12.82 10.06 6.36 12.73 11.42 10.06 12.0 10.92 10.92 20.18 2.12 9.12 15.3 2.12 18.55 10.92 0.0 5.41 3.35 16.16 6.18 17.49 6.18 17.49 19.56 12.82 6.36 10.06 10.92 2.12 18.31 12.73 15.0 20.18 18.31 7.65 10.06 15.07 6.18 15.07 10.92 5.41 15.07 5.41 0.0 9.12 5.41 20.18 13.42 12.0 7.65 18.55 7.65 12.82 6.36
3.35 15.95 0.0 5.41 8.49 18.06 4.74 18.25 7.65 3.35 15.0 12.82 4.5 18.06 15.0 12.37 12.09 3.0 18.06 16.77 6.18 22.3 15.95 15.95 13.42 3.35 18.12 15.44 7.5 18.06 16.77 15.44 16.77 7.65 7.65 21.63 6.18 13.42 14.15 6.18 15.0 7.65 5.41 0.0 7.65 15.95 10.82 18.06 10.82 18.06 22.3 18.12 7.5 15.44 7.65 3.35 19.21 18.06 12.82 21.63 19.21 12.09 15.44 12.37 10.82 12.37 7.65 0.0 12.37 0.0 5.41 13.42 0.0 21.63 16.77 16.77 12.09 15.0 12.09 18.12 7.5
4.5 13.83 7.65 3.35 4.74 12.09 6.71 11.42 0.0 4.5 10.61 13.83 9.6 12.09 18.12 14.23 4.5 7.65 14.77 9.6 1.5 16.22 13.83 13.83 10.61 4.5 10.82 8.49 9.6 12.09 9.6 8.49 9.12 10.82 10.82 17.1 1.5 10.61 13.5 1.5 18.12 10.82 3.35 7.65 0.0 13.83 7.65 14.77 7.65 14.77 16.22 10.82 9.6 8.49 10.82 4.5 15.44 12.09 13.83 17.1 15.44 4.5 8.49 14.23 7.65 14.23 10.82 7.65 14.23 7.65 3.35 10.61 7.65 17.1 10.06 9.12 4.5 18.12 4.5 10.82 9.6
15.44 0.0 15.95 16.16 18.55 24.19 18.79 11.72 13.83 15.44 24.05 6.0 12.9 24.19 10.92 7.5 13.58 18.31 3.0 20.01 14.23 11.42 0.0 0.0 24.42 15.44 20.4 19.73 22.15 24.19 20.01 19.73 16.16 10.06 10.06 7.5 14.23 24.42 3.0 14.23 10.92 10.06 16.16 15.95 13.83 0.0 21.48 3.0 21.48 3.0 11.42 20.4 22.15 19.73 10.06 15.44 4.5 24.19 6.0 7.5 4.5 13.58 19.73 7.5 21.48 7.5 10.06 15.95 7.5 15.95 16.16 24.42 15.95 7.5 10.82 16.16 13.58 10.92 13.58 20.4 22.15
8.08 21.48 10.82 6.18 3.0 8.08 6.36 16.97 7.65 8.08 4.24 21.05 14.77 8.08 24.74 21.21 9.6 8.49 22.3 9.12 7.5 22.3 21.48 21.48 3.0 8.08 10.61 7.65 6.18 8.08 9.12 7.65 12.09 17.1 17.1 24.19 7.5 3.0 21.05 7.5 24.74 17.1 6.18 10.82 7.65 21.48 0.0 22.3 0.0 22.3 22.3 10.61 6.18 7.65 17.1 8.08 22.85 8.08 21.05 24.19 22.85 9.6 7.65 21.21 0.0 21.21 17.1 10.82 21.21 10.82 6.18 3.0 10.82 24.19 15.95 12.09 9.6 24.74 9.6 10.61 6.18
17.1 3.0 18.06 17.49 19.5 24.0 20.4 10.06 14.77 17.1 24.42 9.0 15.44 24.0 13.83 10.5 13.58 20.18 0.0 19.56 15.44 8.75 3.0 3.0 25.14 17.1 19.73 19.5 23.72 24.0 19.56 19.5 15.3 12.82 12.82 4.5 15.44 25.14 6.0 15.44 13.83 12.82 17.49 18.06 14.77 3.0 22.3 0.0 22.3 0.0 8.75 19.73 23.72 19.5 12.82 17.1 1.5 24.0 9.0 4.5 1.5 13.58 19.5 10.5 22.3 10.5 12.82 18.06 10.5 18.06 17.49 25.14 18.06 4.5 9.49 15.3 13.58 13.83 13.58 19.73 23.72
8.08 21.48 10.82 6.18 3.0 8.08 6.36 16.97 7.65 8.08 4.24 21.05 14.77 8.08 24.74 21.21 9.6 8.49 22.3 9.12 7.5 22.3 21.48 21.48 3.0 8.08 10.61 7.65 6.18 8.08 9.12 7.65 12.09 17.1 17.1 24.19 7.5 3.0 21.05 7.5 24.74 17.1 6.18 10.82 7.65 21.48 0.0 22.3 0.0 22.3 22.3 10.61 6.18 7.65 17.1 8.08 22.85 8.08 21.05 24.19 22.85 9.6 7.65 21.21 0.0 21.21 17.1 10.82 21.21 10.82 6.18 3.0 10.82 24.19 15.95 12.09 9.6 24.74 9.6 10.61 6.18
17.1 3.0 18.06 17.49 19.5 24.0 20.4 10.06 14.77 17.1 24.42 9.0 15.44 24.0 13.83 10.5 13.58 20.18 0.0 19.56 15.44 8.75 3.0 3.0 25.14 17.1 19.73 19.5 23.72 24.0 19.56 19.5 15.3 12.82 12.82 4.5 15.44 25.14 6.0 15.44 13.83 12.82 17.49 18.06 14.77 3.0 22.3 0.0 22.3 0.0 8.75 19.73 23.72 19.5 12.82 17.1 1.5 24.0 9.0 4.5 1.5 13.58 19.5 10.5 22.3 10.5 12.82 18.06 10.5 18.06 17.49 25.14 18.06 4.5 9.49 15.3 13.58 13.83 13.58 19.73 23.72
20.12 11.42 22.3 19.56 20.18 20.89 22.9 5.41 16.22 20.12 22.9 17.1 21.21 20.89 22.3 18.55 12.73 23.48 8.75 16.16 17.49 0.0 11.42 11.42 24.6 20.12 15.66 16.77 25.81 20.89 16.16 16.77 11.42 19.5 19.5 5.41 17.49 24.6 14.23 17.49 22.3 19.5 19.56 22.3 16.22 11.42 22.3 8.75 22.3 8.75 0.0 15.66 25.81 16.77 19.5 20.12 7.5 20.89 17.1 5.41 7.5 12.73 16.77 18.55 22.3 18.55 19.5 22.3 18.55 22.3 19.56 24.6 22.3 5.41 6.36 11.42 12.73 22.3 12.73 15.66 25.81
14.77 20.4 18.12 12.82 10.61 5.41 15.3 10.61 10.82 14.77 8.75 22.9 20.4 5.41 27.9 23.72 7.5 17.1 19.73 1.5 12.09 15.66 20.4 20.4 11.42 14.77 0.0 3.0 16.5 5.41 1.5 3.0 4.5 21.21 21.21 19.56 12.09 11.42 21.48 12.09 27.9 21.21 12.82 18.12 10.82 20.4 10.61 19.73 10.61 19.73 15.66 0.0 16.5 3.0 21.21 14.77 19.56 5.41 22.9 19.56 19.56 7.5 3.0 23.72 10.61 23.72 21.21 18.12 23.72 18.12 12.82 11.42 18.12 19.56 10.5 4.5 7.5 27.9 7.5 0.0 16.5
6.71 22.15 7.5 6.36 6.18 14.23 3.35 20.84 9.6 6.71 10.06 20.01 12.0 14.23 22.5 19.73 13.42 4.5 23.72 15.0 8.49 25.81 22.15 22.15 7.5 6.71 16.5 13.5 0.0 14.23 15.0 13.5 17.1 15.07 15.07 26.54 8.49 7.5 20.89 8.49 22.5 15.07 6.36 7.5 9.6 22.15 6.18 23.72 6.18 23.72 25.81 16.5 0.0 13.5 15.07 6.71 24.6 14.23 20.01 26.54 24.6 13.42 13.5 19.73 6.18 19.73 15.07 7.5 19.73 7.5 6.36 7.5 7.5 26.54 19.56 17.1 13.42 22.5 13.42 16.5 0.0
12.09 19.73 15.44 10.06 7.65 4.5 12.37 11.42 8.49 12.09 6.36 21.48 18.06 4.5 26.24 22.15 6.18 14.23 19.5 1.5 9.6 16.77 19.73 19.73 8.75 12.09 3.0 0.0 13.5 4.5 1.5 0.0 5.41 19.21 19.21 20.01 9.6 8.75 20.4 9.6 26.24 19.21 10.06 15.44 8.49 19.73 7.65 19.5 7.65 19.5 16.77 3.0 13.5 0.0 19.21 12.09 19.56 4.5 21.48 20.01 19.56 6.18 0.0 22.15 7.65 22.15 19.21 15.44 22.15 15.44 10.06 8.75 15.44 20.01 10.92 5.41 6.18 26.24 6.18 3.0 13.5
9.12 10.06 7.65 10.92 14.23 22.9 12.0 17.1 10.82 9.12 20.89 5.41 3.35 22.9 7.65 4.74 13.83 10.61 12.82 20.18 10.06 19.5 10.06 10.06 20.01 9.12 21.21 19.21 15.07 22.9 20.18 19.21 18.31 0.0 0.0 17.1 10.06 20.01 7.5 10.06 7.65 0.0 10.92 7.65 10.82 10.06 17.1 12.82 17.1 12.82 19.5 21.21 15.07 19.21 0.0 9.12 14.23 22.9 5.41 17.1 14.23 13.83 19.21 4.74 17.1 4.74 0.0 7.65 4.74 7.65 10.92 20.01 7.65 17.1 15.66 18.31 13.83 7.65 13.83 21.21 15.07
0.0 15.44 3.35 2.12 5.41 14.85 3.35 15.66 4.5 0.0 12.09 13.58 6.71 14.85 16.77 13.5 9.0 3.35 17.1 13.42 3.0 20.12 15.44 15.44 10.92 0.0 14.77 12.09 6.71 14.85 13.42 12.09 13.58 9.12 9.12 20.18 3.0 10.92 14.23 3.0 16.77 9.12 2.12 3.35 4.5 15.44 8.08 17.1 8.08 17.1 20.12 14.77 6.71 12.09 9.12 0.0 18.06 14.85 13.58 20.18 18.06 9.0 12.09 13.5 8.08 13.5 9.12 3.35 13.5 3.35 2.12 10.92 3.35 20.18 14.23 13.58 9.0 16.77 9.0 14.77 6.71
18.06 4.5 19.21 18.31 20.12 24.05 21.32 9.49 15.44 18.06 24.74 10.5 16.77 24.05 15.3 12.0 13.83 21.21 1.5 19.5 16.22 7.5 4.5 4.5 25.63 18.06 19.56 19.56 24.6 24.05 19.5 19.56 15.07 14.23 14.23 3.0 16.22 25.63 7.5 16.22 15.3 14.23 18.31 19.21 15.44 4.5 22.85 1.5 22.85 1.5 7.5 19.56 24.6 19.56 14.23 18.06 0.0 24.05 10.5 3.0 0.0 13.83 19.56 12.0 22.85 12.0 14.23 19.21 12.0 19.21 18.31 25.63 19.21 3.0 9.12 15.07 13.83 15.3 13.83 19.56 24.6
14.85 24.19 18.06 12.73 9.6 0.0 14.15 15.66 12.09 14.85 4.5 25.63 21.32 0.0 30.19 26.2 10.61 16.22 24.0 4.74 12.9 20.89 24.19 24.19 7.5 14.85 5.41 4.5 14.23 0.0 4.74 4.5 9.49 22.9 22.9 24.42 12.9 7.5 24.74 12.9 30.19 22.9 12.73 18.06 12.09 24.19 8.08 24.0 8.08 24.0 20.89 5.41 14.23 4.5 22.9 14.85 24.05 0.0 25.63 24.42 24.05 10.61 4.5 26.2 8.08 26.2 22.9 18.06 26.2 18.06 12.73 7.5 18.06 24.42 15.3 9.49 10.61 30.19 10.61 5.41 14.23
13.58 6.0 12.82 15.0 18.06 25.63 16.77 16.22 13.83 13.58 24.42 0.0 8.75 25.63 5.41 1.5 15.44 15.66 9.0 22.15 13.58 17.1 6.0 6.0 24.05 13.58 22.9 21.48 20.01 25.63 22.15 21.48 19.21 5.41 5.41 13.5 13.58 24.05 3.0 13.58 5.41 5.41 15.0 12.82 13.83 6.0 21.05 9.0 21.05 9.0 17.1 22.9 20.01 21.48 5.41 13.58 10.5 25.63 0.0 13.5 10.5 15.44 21.48 1.5 21.05 1.5 5.41 12.82 1.5 12.82 15.0 24.05 12.82 13.5 15.0 19.21 15.44 5.41 15.44 22.9 20.01
20.18 7.5 21.63 20.18 21.63 24.42 23.33 9.0 17.1 20.18 25.63 13.5 19.5 24.42 18.25 15.0 14.77 23.43 4.5 19.73 18.06 5.41 7.5 7.5 26.83 20.18 19.56 20.01 26.54 24.42 19.73 20.01 15.07 17.1 17.1 0.0 18.06 26.83 10.5 18.06 18.25 17.1 20.18 21.63 17.1 7.5 24.19 4.5 24.19 4.5 5.41 19.56 26.54 20.01 17.1 20.18 3.0 24.42 13.5 0.0 3.0 14.77 20.01 15.0 24.19 15.0 17.1 21.63 15.0 21.63 20.18 26.83 21.63 0.0 9.12 15.07 14.77 18.25 14.77 19.56 26.54
18.06 4.5 19.21 18.31 20.12 24.05 21.32 9.49 15.44 18.06 24.74 10.5 16.77 24.05 15.3 12.0 13.83 21.21 1.5 19.5 16.22 7.5 4.5 4.5 25.63 18.06 19.56 19.56 24.6 24.05 19.5 19.56 15.07 14.23 14.23 3.0 16.22 25.63 7.5 16.22 15.3 14.23 18.31 19.21 15.44 4.5 22.85 1.5 22.85 1.5 7.5 19.56 24.6 19.56 14.23 18.06 0.0 24.05 10.5 3.0 0.0 13.83 19.56 12.0 22.85 12.0 14.23 19.21 12.0 19.21 18.31 25.63 19.21 3.0 9.12 15.07 13.83 15.3 13.83 19.56 24.6
9.0 13.58 12.09 7.65 7.5 10.61 10.92 7.5 4.5 9.0 10.92 15.44 13.42 10.61 20.4 16.22 0.0 12.09 13.58 6.71 6.0 12.73 13.58 13.58 12.09 9.0 7.5 6.18 13.42 10.61 6.71 6.18 4.74 13.83 13.83 14.77 6.0 12.09 14.23 6.0 20.4 13.83 7.65 12.09 4.5 13.58 9.6 13.58 9.6 13.58 12.73 7.5 13.42 6.18 13.83 9.0 13.83 10.61 15.44 14.77 13.83 0.0 6.18 16.22 9.6 16.22 13.83 12.09 16.22 12.09 7.65 12.09 12.09 14.77 6.36 4.74 0.0 20.4 0.0 7.5 13.42
12.09 19.73 15.44 10.06 7.65 4.5 12.37 11.42 8.49 12.09 6.36 21.48 18.06 4.5 26.24 22.15 6.18 14.23 19.5 1.5 9.6 16.77 19.73 19.73 8.75 12.09 3.0 0.0 13.5 4.5 1.5 0.0 5.41 19.21 19.21 20.01 9.6 8.75 20.4 9.6 26.24 19.21 10.06 15.44 8.49 19.73 7.65 19.5 7.65 19.5 16.77 3.0 13.5 0.0 19.21 12.09 19.56 4.5 21.48 20.01 19.56 6.18 0.0 22.15 7.65 22.15 19.21 15.44 22.15 15.44 10.06 8.75 15.44 20.01 10.92 5.41 6.18 26.24 6.18 3.0 13.5
13.5 7.5 12.37 15.07 18.25 26.2 16.57 17.49 14.23 13.5 24.74 1.5 8.08 26.2 4.24 0.0 16.22 15.3 10.5 22.9 13.83 18.55 7.5 7.5 24.19 13.5 23.72 22.15 19.73 26.2 22.9 22.15 20.18 4.74 4.74 15.0 13.83 24.19 4.5 13.83 4.24 4.74 15.07 12.37 14.23 7.5 21.21 10.5 21.21 10.5 18.55 23.72 19.73 22.15 4.74 13.5 12.0 26.2 1.5 15.0 12.0 16.22 22.15 0.0 21.21 0.0 4.74 12.37 0.0 12.37 15.07 24.19 12.37 15.0 16.22 20.18 16.22 4.24 16.22 23.72 19.73
8.08 21.48 10.82 6.18 3.0 8.08 6.36 16.97 7.65 8.08 4.24 21.05 14.77 8.08 24.74 21.21 9.6 8.49 22.3 9.12 7.5 22.3 21.48 21.48 3.0 8.08 10.61 7.65 6.18 8.08 9.12 7.65 12.09 17.1 17.1 24.19 7.5 3.0 21.05 7.5 24.74 17.1 6.18 10.82 7.65 21.48 0.0 22.3 0.0 22.3 22.3 10.61 6.18 7.65 17.1 8.08 22.85 8.08 21.05 24.19 22.85 9.6 7.65 21.21 0.0 21.21 17.1 10.82 21.21 10.82 6.18 3.0 10.82 24.19 15.95 12.09 9.6 24.74 9.6 10.61 6.18
13.5 7.5 12.37 15.07 18.25 26.2 16.57 17.49 14.23 13.5 24.74 1.5 8.08 26.2 4.24 0.0 16.22 15.3 10.5 22.9 13.83 18.55 7.5 7.5 24.19 13.5 23.72 22.15 19.73 26.2 22.9 22.15 20.18 4.74 4.74 15.0 13.83 24.19 4.5 13.83 4.24 4.74 15.07 12.37 14.23 7.5 21.21 10.5 21.21 10.5 18.55 23.72 19.73 22.15 4.74 13.5 12.0 26.2 1.5 15.0 12.0 16.22 22.15 0.0 21.21 0.0 4.74 12.37 0.0 12.37 15.07 24.19 12.37 15.0 16.22 20.18 16.22 4.24 16.22 23.72 19.73
9.12 10.06 7.65 10.92 14.23 22.9 12.0 17.1 10.82 9.12 20.89 5.41 3.35 22.9 7.65 4.74 13.83 10.61 12.82 20.18 10.06 19.5 10.06 10.06 20.01 9.12 21.21 19.21 15.07 22.9 20.18 19.21 18.31 0.0 0.0 17.1 10.06 20.01 7.5 10.06 7.65 0.0 10.92 7.65 10.82 10.06 17.1 12.82 17.1 12.82 19.5 21.21 15.07 19.21 0.0 9.12 14.23 22.9 5.41 17.1 14.23 13.83 19.21 4.74 17.1 4.74 0.0 7.65 4.74 7.65 10.92 20.01 7.65 17.1 15.66 18.31 13.83 7.65 13.83 21.21 15.07
3.35 15.95 0.0 5.41 8.49 18.06 4.74 18.25 7.65 3.35 15.0 12.82 4.5 18.06 15.0 12.37 12.09 3.0 18.06 16.77 6.18 22.3 15.95 15.95 13.42 3.35 18.12 15.44 7.5 18.06 16.77 15.44 16.77 7.65 7.65 21.63 6.18 13.42 14.15 6.18 15.0 7.65 5.41 0.0 7.65 15.95 10.82 18.06 10.82 18.06 22.3 18.12 7.5 15.44 7.65 3.35 19.21 18.06 12.82 21.63 19.21 12.09 15.44 12.37 10.82 12.37 7.65 0.0 12.37 0.0 5.41 13.42 0.0 21.63 16.77 16.77 12.09 15.0 12.09 18.12 7.5
13.5 7.5 12.37 15.07 18.25 26.2 16.57 17.49 14.23 13.5 24.74 1.5 8.08 26.2 4.24 0.0 16.22 15.3 10.5 22.9 13.83 18.55 7.5 7.5 24.19 13.5 23.72 22.15 19.73 26.2 22.9 22.15 20.18 4.74 4.74 15.0 13.83 24.19 4.5 13.83 4.24 4.74 15.07 12.37 14.23 7.5 21.21 10.5 21.21 10.5 18.55 23.72 19.73 22.15 4.74 13.5 12.0 26.2 1.5 15.0 12.0 16.22 22.15 0.0 21.21 0.0 4.74 12.37 0.0 12.37 15.07 24.19 12.37 15.0 16.22 20.18 16.22 4.24 16.22 23.72 19.73
3.35 15.95 0.0 5.41 8.49 18.06 4.74 18.25 7.65 3.35 15.0 12.82 4.5 18.06 15.0 12.37 12.09 3.0 18.06 16.77 6.18 22.3 15.95 15.95 13.42 3.35 18.12 15.44 7.5 18.06 16.77 15.44 16.77 7.65 7.65 21.63 6.18 13.42 14.15 6.18 15.0 7.65 5.41 0.0 7.65 15.95 10.82 18.06 10.82 18.06 22.3 18.12 7.5 15.44 7.65 3.35 19.21 18.06 12.82 21.63 19.21 12.09 15.44 12.37 10.82 12.37 7.65 0.0 12.37 0.0 5.41 13.42 0.0 21.63 16.77 16.77 12.09 15.0 12.09 18.12 7.5
2.12 16.16 5.41 0.0 3.35 12.73 3.35 14.77 3.35 2.12 10.06 15.0 8.75 12.73 18.55 15.07 7.65 4.5 17.49 11.42 2.12 19.56 16.16 16.16 9.12 2.12 12.82 10.06 6.36 12.73 11.42 10.06 12.0 10.92 10.92 20.18 2.12 9.12 15.3 2.12 18.55 10.92 0.0 5.41 3.35 16.16 6.18 17.49 6.18 17.49 19.56 12.82 6.36 10.06 10.92 2.12 18.31 12.73 15.0 20.18 18.31 7.65 10.06 15.07 6.18 15.07 10.92 5.41 15.07 5.41 0.0 9.12 5.41 20.18 13.42 12.0 7.65 18.55 7.65 12.82 6.36
10.92 24.42 13.42 9.12 6.0 7.5 8.75 19.21 10.61 10.92 3.0 24.05 17.56 7.5 27.66 24.19 12.09 10.82 25.14 10.06 10.5 24.6 24.42 24.42 0.0 10.92 11.42 8.75 7.5 7.5 10.06 8.75 13.83 20.01 20.01 26.83 10.5 0.0 24.05 10.5 27.66 20.01 9.12 13.42 10.61 24.42 3.0 25.14 3.0 25.14 24.6 11.42 7.5 8.75 20.01 10.92 25.63 7.5 24.05 26.83 25.63 12.09 8.75 24.19 3.0 24.19 20.01 13.42 24.19 13.42 9.12 0.0 13.42 26.83 18.31 13.83 12.09 27.66 12.09 11.42 7.5
3.35 15.95 0.0 5.41 8.49 18.06 4.74 18.25 7.65 3.35 15.0 12.82 4.5 18.06 15.0 12.37 12.09 3.0 18.06 16.77 6.18 22.3 15.95 15.95 13.42 3.35 18.12 15.44 7.5 18.06 16.77 15.44 16.77 7.65 7.65 21.63 6.18 13.42 14.15 6.18 15.0 7.65 5.41 0.0 7.65 15.95 10.82 18.06 10.82 18.06 22.3 18.12 7.5 15.44 7.65 3.35 19.21 18.06 12.82 21.63 19.21 12.09 15.44 12.37 10.82 12.37 7.65 0.0 12.37 0.0 5.41 13.42 0.0 21.63 16.77 16.77 12.09 15.0 12.09 18.12 7.5
20.18 7.5 21.63 20.18 21.63 24.42 23.33 9.0 17.1 20.18 25.63 13.5 19.5 24.42 18.25 15.0 14.77 23.43 4.5 19.73 18.06 5.41 7.5 7.5 26.83 20.18 19.56 20.01 26.54 24.42 19.73 20.01 15.07 17.1 17.1 0.0 18.06 26.83 10.5 18.06 18.25 17.1 20.18 21.63 17.1 7.5 24.19 4.5 24.19 4.5 5.41 19.56 26.54 20.01 17.1 20.18 3.0 24.42 13.5 0.0 3.0 14.77 20.01 15.0 24.19 15.0 17.1 21.63 15.0 21.63 20.18 26.83 21.63 0.0 9.12 15.07 14.77 18.25 14.77 19.56 26.54
14.23 10.82 16.77 13.42 13.83 15.3 16.77 1.5 10.06 14.23 16.77 15.0 16.57 15.3 20.4 16.22 6.36 17.56 9.49 10.61 11.42 6.36 10.82 10.82 18.31 14.23 10.5 10.92 19.56 15.3 10.61 10.92 6.0 15.66 15.66 9.12 11.42 18.31 12.73 11.42 20.4 15.66 13.42 16.77 10.06 10.82 15.95 9.49 15.95 9.49 6.36 10.5 19.56 10.92 15.66 14.23 9.12 15.3 15.0 9.12 9.12 6.36 10.92 16.22 15.95 16.22 15.66 16.77 16.22 16.77 13.42 18.31 16.77 9.12 0.0 6.0 6.36 20.4 6.36 10.5 19.56
13.58 16.16 16.77 12.0 10.92 9.49 15.07 6.18 9.12 13.58 11.72 19.21 18.12 9.49 24.42 20.18 4.74 16.5 15.3 4.74 10.61 11.42 16.16 16.16 13.83 13.58 4.5 5.41 17.1 9.49 4.74 5.41 0.0 18.31 18.31 15.07 10.61 13.83 17.49 10.61 24.42 18.31 12.0 16.77 9.12 16.16 12.09 15.3 12.09 15.3 11.42 4.5 17.1 5.41 18.31 13.58 15.07 9.49 19.21 15.07 15.07 4.74 5.41 20.18 12.09 20.18 18.31 16.77 20.18 16.77 12.0 13.83 16.77 15.07 6.0 0.0 4.74 24.42 4.74 4.5 17.1
9.0 13.58 12.09 7.65 7.5 10.61 10.92 7.5 4.5 9.0 10.92 15.44 13.42 10.61 20.4 16.22 0.0 12.09 13.58 6.71 6.0 12.73 13.58 13.58 12.09 9.0 7.5 6.18 13.42 10.61 6.71 6.18 4.74 13.83 13.83 14.77 6.0 12.09 14.23 6.0 20.4 13.83 7.65 12.09 4.5 13.58 9.6 13.58 9.6 13.58 12.73 7.5 13.42 6.18 13.83 9.0 13.83 10.61 15.44 14.77 13.83 0.0 6.18 16.22 9.6 16.22 13.83 12.09 16.22 12.09 7.65 12.09 12.09 14.77 6.36 4.74 0.0 20.4 0.0 7.5 13.42
16.77 10.92 15.0 18.55 21.84 30.19 19.56 21.63 18.12 16.77 28.46 5.41 10.5 30.19 0.0 4.24 20.4 18.0 13.83 27.04 17.56 22.3 10.92 10.92 27.66 16.77 27.9 26.24 22.5 30.19 27.04 26.24 24.42 7.65 7.65 18.25 17.56 27.66 8.08 17.56 0.0 7.65 18.55 15.0 18.12 10.92 24.74 13.83 24.74 13.83 22.3 27.9 22.5 26.24 7.65 16.77 15.3 30.19 5.41 18.25 15.3 20.4 26.24 4.24 24.74 4.24 7.65 15.0 4.24 15.0 18.55 27.66 15.0 18.25 20.4 24.42 20.4 0.0 20.4 27.9 22.5
9.0 13.58 12.09 7.65 7.5 10.61 10.92 7.5 4.5 9.0 10.92 15.44 13.42 10.61 20.4 16.22 0.0 12.09 13.58 6.71 6.0 12.73 13.58 13.58 12.09 9.0 7.5 6.18 13.42 10.61 6.71 6.18 4.74 13.83 13.83 14.77 6.0 12.09 14.23 6.0 20.4 13.83 7.65 12.09 4.5 13.58 9.6 13.58 9.6 13.58 12.73 7.5 13.42 6.18 13.83 9.0 13.83 10.61 15.44 14.77 13.83 0.0 6.18 16.22 9.6 16.22 13.83 12.09 16.22 12.09 7.65 12.09 12.09 14.77 6.36 4.74 0.0 20.4 0.0 7.5 13.42
14.77 20.4 18.12 12.82 10.61 5.41 15.3 10.61 10.82 14.77 8.75 22.9 20.4 5.41 27.9 23.72 7.5 17.1 19.73 1.5 12.09 15.66 20.4 20.4 11.42 14.77 0.0 3.0 16.5 5.41 1.5 3.0 4.5 21.21 21.21 19.56 12.09 11.42 21.48 12.09 27.9 21.21 12.82 18.12 10.82 20.4 10.61 19.73 10.61 19.73 15.66 0.0 16.5 3.0 21.21 14.77 19.56 5.41 22.9 19.56 19.56 7.5 3.0 23.72 10.61 23.72 21.21 18.12 23.72 18.12 12.82 11.42 18.12 19.56 10.5 4.5 7.5 27.9 7.5 0.0 16.5
6.71 22.15 7.5 6.36 6.18 14.23 3.35 20.84 9.6 6.71 10.06 20.01 12.0 14.23 22.5 19.73 13.42 4.5 23.72 15.0 8.49 25.81 22.15 22.15 7.5 6.71 16.5 13.5 0.0 14.23 15.0 13.5 17.1 15.07 15.07 26.54 8.49 7.5 20.89 8.49 22.5 15.07 6.36 7.5 9.6 22.15 6.18 23.72 6.18 23.72 25.81 16.5 0.0 13.5 15.07 6.71 24.6 14.23 20.01 26.54 24.6 13.42 13.5 19.73 6.18 19.73 15.07 7.5 19.73 7.5 6.36 7.5 7.5 26.54 19.56 17.1 13.42 22.5 13.42 16.5 0.0
