0.0 12.09 13.42 12.09 3.35 2.12 20.18 13.83 2.12 6.71 10.92 9.12 12.09 6.71 14.77 18.06 3.35 16.77 14.23 14.23 6.71 20.18 0.0 18.06 14.23 3.0 14.85 12.09 16.77 12.09 13.83 3.35 12.09 16.77 14.23 13.5 18.06 14.85 4.5 8.08 20.18
12.09 0.0 7.5 0.0 15.0 10.06 25.63 25.63 10.06 18.79 3.0 20.89 6.36 18.79 8.75 24.74 10.61 28.46 24.05 24.05 10.06 25.63 12.09 24.74 16.77 10.92 4.5 6.36 28.46 0.0 25.63 12.73 0.0 28.46 16.77 24.74 24.74 4.5 10.61 4.24 25.63
13.42 7.5 0.0 7.5 16.77 11.42 19.73 24.6 11.42 19.21 10.06 20.18 1.5 19.21 1.5 19.5 13.83 27.04 20.89 20.89 15.0 19.73 13.42 19.5 10.61 10.82 4.74 1.5 27.04 7.5 24.6 15.66 7.5 27.04 10.61 22.9 19.5 4.74 9.6 9.12 19.73
12.09 0.0 7.5 0.0 15.0 10.06 25.63 25.63 10.06 18.79 3.0 20.89 6.36 18.79 8.75 24.74 10.61 28.46 24.05 24.05 10.06 25.63 12.09 24.74 16.77 10.92 4.5 6.36 28.46 0.0 25.63 12.73 0.0 28.46 16.77 24.74 24.74 4.5 10.61 4.24 25.63
3.35 15.0 16.77 15.0 0.0 5.41 21.63 12.0 5.41 4.5 13.42 7.65 15.44 4.5 18.12 19.21 4.74 15.0 14.15 14.15 7.5 21.63 3.35 19.21 16.77 6.18 18.06 15.44 15.0 15.0 12.0 3.0 15.0 15.0 16.77 12.37 19.21 18.06 7.65 10.82 21.63
2.12 10.06 11.42 10.06 5.41 0.0 20.18 15.66 0.0 8.75 9.12 10.92 10.06 8.75 12.82 18.31 3.35 18.55 15.3 15.3 6.36 20.18 2.12 18.31 13.42 2.12 12.73 10.06 18.55 10.06 15.66 4.5 10.06 18.55 13.42 15.07 18.31 12.73 3.35 6.18 20.18
20.18 25.63 19.73 25.63 21.63 20.18 0.0 18.0 20.18 19.5 26.83 17.1 20.01 19.5 19.56 3.0 23.33 18.25 10.5 10.5 26.54 0.0 20.18 3.0 9.12 18.06 24.42 20.01 18.25 25.63 18.0 23.43 25.63 18.25 9.12 15.0 3.0 24.42 17.1 24.19 0.0
13.83 25.63 24.6 25.63 12.0 15.66 18.0 0.0 15.66 7.5 24.74 4.74 23.72 7.5 25.54 15.0 16.57 3.0 7.5 7.5 19.5 18.0 13.83 15.0 18.79 14.77 27.54 23.72 3.0 25.63 0.0 15.0 25.63 3.0 18.79 3.0 15.0 27.54 15.44 21.84 18.0
2.12 10.06 11.42 10.06 5.41 0.0 20.18 15.66 0.0 8.75 9.12 10.92 10.06 8.75 12.82 18.31 3.35 18.55 15.3 15.3 6.36 20.18 2.12 18.31 13.42 2.12 12.73 10.06 18.55 10.06 15.66 4.5 10.06 18.55 13.42 15.07 18.31 12.73 3.35 6.18 20.18
6.71 18.79 19.21 18.79 4.5 8.75 19.5 7.5 8.75 0.0 17.56 3.35 18.06 0.0 20.4 16.77 9.12 10.5 10.61 10.61 12.0 19.5 6.71 16.77 16.57 8.49 21.32 18.06 10.5 18.79 7.5 7.5 18.79 10.5 16.57 8.08 16.77 21.32 9.6 14.77 19.5
10.92 3.0 10.06 3.0 13.42 9.12 26.83 24.74 9.12 17.56 0.0 20.01 8.75 17.56 11.42 25.63 8.75 27.66 24.05 24.05 7.5 26.83 10.92 25.63 18.31 10.5 7.5 8.75 27.66 3.0 24.74 10.82 3.0 27.66 18.31 24.19 25.63 7.5 10.61 3.0 26.83
9.12 20.89 20.18 20.89 7.65 10.92 17.1 4.74 10.92 3.35 20.01 0.0 19.21 3.35 21.21 14.23 12.0 7.65 7.5 7.5 15.07 17.1 9.12 14.23 15.66 10.06 22.9 19.21 7.65 20.89 4.74 10.61 20.89 7.65 15.66 4.74 14.23 22.9 10.82 17.1 17.1
12.09 6.36 1.5 6.36 15.44 10.06 20.01 23.72 10.06 18.06 8.75 19.21 0.0 18.06 3.0 19.56 12.37 26.24 20.4 20.4 13.5 20.01 12.09 19.56 10.92 9.6 4.5 0.0 26.24 6.36 23.72 14.23 6.36 26.24 10.92 22.15 19.56 4.5 8.49 7.65 20.01
6.71 18.79 19.21 18.79 4.5 8.75 19.5 7.5 8.75 0.0 17.56 3.35 18.06 0.0 20.4 16.77 9.12 10.5 10.61 10.61 12.0 19.5 6.71 16.77 16.57 8.49 21.32 18.06 10.5 18.79 7.5 7.5 18.79 10.5 16.57 8.08 16.77 21.32 9.6 14.77 19.5
14.77 8.75 1.5 8.75 18.12 12.82 19.56 25.54 12.82 20.4 11.42 21.21 3.0 20.4 0.0 19.56 15.3 27.9 21.48 21.48 16.5 19.56 14.77 19.56 10.5 12.09 5.41 3.0 27.9 8.75 25.54 17.1 8.75 27.9 10.5 23.72 19.56 5.41 10.82 10.61 19.56
18.06 24.74 19.5 24.74 19.21 18.31 3.0 15.0 18.31 16.77 25.63 14.23 19.56 16.77 19.56 0.0 21.32 15.3 7.5 7.5 24.6 3.0 18.06 0.0 9.12 16.22 24.05 19.56 15.3 24.74 15.0 21.21 24.74 15.3 9.12 12.0 0.0 24.05 15.44 22.85 3.0
3.35 10.61 13.83 10.61 4.74 3.35 23.33 16.57 3.35 9.12 8.75 12.0 12.37 9.12 15.3 21.32 0.0 19.56 17.56 17.56 3.35 23.33 3.35 21.32 16.77 5.41 14.15 12.37 19.56 10.61 16.57 2.12 10.61 19.56 16.77 16.57 21.32 14.15 6.71 6.36 23.33
16.77 28.46 27.04 28.46 15.0 18.55 18.25 3.0 18.55 10.5 27.66 7.65 26.24 10.5 27.9 15.3 19.56 0.0 8.08 8.08 22.5 18.25 16.77 15.3 20.4 17.56 30.19 26.24 0.0 28.46 3.0 18.0 28.46 0.0 20.4 4.24 15.3 30.19 18.12 24.74 18.25
14.23 24.05 20.89 24.05 14.15 15.3 10.5 7.5 15.3 10.61 24.05 7.5 20.4 10.61 21.48 7.5 17.56 8.08 0.0 0.0 20.89 10.5 14.23 7.5 12.73 13.58 24.74 20.4 8.08 24.05 7.5 16.77 24.05 8.08 12.73 4.5 7.5 24.74 13.5 21.05 10.5
14.23 24.05 20.89 24.05 14.15 15.3 10.5 7.5 15.3 10.61 24.05 7.5 20.4 10.61 21.48 7.5 17.56 8.08 0.0 0.0 20.89 10.5 14.23 7.5 12.73 13.58 24.74 20.4 8.08 24.05 7.5 16.77 24.05 8.08 12.73 4.5 7.5 24.74 13.5 21.05 10.5
6.71 10.06 15.0 10.06 7.5 6.36 26.54 19.5 6.36 12.0 7.5 15.07 13.5 12.0 16.5 24.6 3.35 22.5 20.89 20.89 0.0 26.54 6.71 24.6 19.56 8.49 14.23 13.5 22.5 10.06 19.5 4.5 10.06 22.5 19.56 19.73 24.6 14.23 9.6 6.18 26.54
20.18 25.63 19.73 25.63 21.63 20.18 0.0 18.0 20.18 19.5 26.83 17.1 20.01 19.5 19.56 3.0 23.33 18.25 10.5 10.5 26.54 0.0 20.18 3.0 9.12 18.06 24.42 20.01 18.25 25.63 18.0 23.43 25.63 18.25 9.12 15.0 3.0 24.42 17.1 24.19 0.0
0.0 12.09 13.42 12.09 3.35 2.12 20.18 13.83 2.12 6.71 10.92 9.12 12.09 6.71 14.77 18.06 3.35 16.77 14.23 14.23 6.71 20.18 0.0 18.06 14.23 3.0 14.85 12.09 16.77 12.09 13.83 3.35 12.09 16.77 14.23 13.5 18.06 14.85 4.5 8.08 20.18
18.06 24.74 19.5 24.74 19.21 18.31 3.0 15.0 18.31 16.77 25.63 14.23 19.56 16.77 19.56 0.0 21.32 15.3 7.5 7.5 24.6 3.0 18.06 0.0 9.12 16.22 24.05 19.56 15.3 24.74 15.0 21.21 24.74 15.3 9.12 12.0 0.0 24.05 15.44 22.85 3.0
14.23 16.77 10.61 16.77 16.77 13.42 9.12 18.79 13.42 16.57 18.31 15.66 10.92 16.57 10.5 9.12 16.77 20.4 12.73 12.73 19.56 9.12 14.23 9.12 0.0 11.42 15.3 10.92 20.4 16.77 18.79 17.56 16.77 20.4 0.0 16.22 9.12 15.3 10.06 15.95 9.12
3.0 10.92 10.82 10.92 6.18 2.12 18.06 14.77 2.12 8.49 10.5 10.06 9.6 8.49 12.09 16.22 5.41 17.56 13.58 13.58 8.49 18.06 3.0 16.22 11.42 0.0 12.9 9.6 17.56 10.92 14.77 6.18 10.92 17.56 11.42 13.83 16.22 12.9 1.5 7.5 18.06
14.85 4.5 4.74 4.5 18.06 12.73 24.42 27.54 12.73 21.32 7.5 22.9 4.5 21.32 5.41 24.05 14.15 30.19 24.74 24.74 14.23 24.42 14.85 24.05 15.3 12.9 0.0 4.5 30.19 4.5 27.54 16.22 4.5 30.19 15.3 26.2 24.05 0.0 12.09 8.08 24.42
12.09 6.36 1.5 6.36 15.44 10.06 20.01 23.72 10.06 18.06 8.75 19.21 0.0 18.06 3.0 19.56 12.37 26.24 20.4 20.4 13.5 20.01 12.09 19.56 10.92 9.6 4.5 0.0 26.24 6.36 23.72 14.23 6.36 26.24 10.92 22.15 19.56 4.5 8.49 7.65 20.01
16.77 28.46 27.04 28.46 15.0 18.55 18.25 3.0 18.55 10.5 27.66 7.65 26.24 10.5 27.9 15.3 19.56 0.0 8.08 8.08 22.5 18.25 16.77 15.3 20.4 17.56 30.19 26.24 0.0 28.46 3.0 18.0 28.46 0.0 20.4 4.24 15.3 30.19 18.12 24.74 18.25
12.09 0.0 7.5 0.0 15.0 10.06 25.63 25.63 10.06 18.79 3.0 20.89 6.36 18.79 8.75 24.74 10.61 28.46 24.05 24.05 10.06 25.63 12.09 24.74 16.77 10.92 4.5 6.36 28.46 0.0 25.63 12.73 0.0 28.46 16.77 24.74 24.74 4.5 10.61 4.24 25.63
13.83 25.63 24.6 25.63 12.0 15.66 18.0 0.0 15.66 7.5 24.74 4.74 23.72 7.5 25.54 15.0 16.57 3.0 7.5 7.5 19.5 18.0 13.83 15.0 18.79 14.77 27.54 23.72 3.0 25.63 0.0 15.0 25.63 3.0 18.79 3.0 15.0 27.54 15.44 21.84 18.0
3.35 12.73 15.66 12.73 3.0 4.5 23.43 15.0 4.5 7.5 10.82 10.61 14.23 7.5 17.1 21.21 2.12 18.0 16.77 16.77 4.5 23.43 3.35 21.21 17.56 6.18 16.22 14.23 18.0 12.73 15.0 0.0 12.73 18.0 17.56 15.3 21.21 16.22 7.65 8.49 23.43
12.09 0.0 7.5 0.0 15.0 10.06 25.63 25.63 10.06 18.79 3.0 20.89 6.36 18.79 8.75 24.74 10.61 28.46 24.05 24.05 10.06 25.63 12.09 24.74 16.77 10.92 4.5 6.36 28.46 0.0 25.63 12.73 0.0 28.46 16.77 24.74 24.74 4.5 10.61 4.24 25.63
16.77 28.46 27.04 28.46 15.0 18.55 18.25 3.0 18.55 10.5 27.66 7.65 26.24 10.5 27.9 15.3 19.56 0.0 8.08 8.08 22.5 18.25 16.77 15.3 20.4 17.56 30.19 26.24 0.0 28.46 3.0 18.0 28.46 0.0 20.4 4.24 15.3 30.19 18.12 24.74 18.25
14.23 16.77 10.61 16.77 16.77 13.42 9.12 18.79 13.42 16.57 18.31 15.66 10.92 16.57 10.5 9.12 16.77 20.4 12.73 12.73 19.56 9.12 14.23 9.12 0.0 11.42 15.3 10.92 20.4 16.77 18.79 17.56 16.77 20.4 0.0 16.22 9.12 15.3 10.06 15.95 9.12
13.5 24.74 22.9 24.74 12.37 15.07 15.0 3.0 15.07 8.08 24.19 4.74 22.15 8.08 23.72 12.0 16.57 4.24 4.5 4.5 19.73 15.0 13.5 12.0 16.22 13.83 26.2 22.15 4.24 24.74 3.0 15.3 24.74 4.24 16.22 0.0 12.0 26.2 14.23 21.21 15.0
18.06 24.74 19.5 24.74 19.21 18.31 3.0 15.0 18.31 16.77 25.63 14.23 19.56 16.77 19.56 0.0 21.32 15.3 7.5 7.5 24.6 3.0 18.06 0.0 9.12 16.22 24.05 19.56 15.3 24.74 15.0 21.21 24.74 15.3 9.12 12.0 0.0 24.05 15.44 22.85 3.0
14.85 4.5 4.74 4.5 18.06 12.73 24.42 27.54 12.73 21.32 7.5 22.9 4.5 21.32 5.41 24.05 14.15 30.19 24.74 24.74 14.23 24.42 14.85 24.05 15.3 12.9 0.0 4.5 30.19 4.5 27.54 16.22 4.5 30.19 15.3 26.2 24.05 0.0 12.09 8.08 24.42
4.5 10.61 9.6 10.61 7.65 3.35 17.1 15.44 3.35 9.6 10.61 10.82 8.49 9.6 10.82 15.44 6.71 18.12 13.5 13.5 9.6 17.1 4.5 15.44 10.06 1.5 12.09 8.49 18.12 10.61 15.44 7.65 10.61 18.12 10.06 14.23 15.44 12.09 0.0 7.65 17.1
8.08 4.24 9.12 4.24 10.82 6.18 24.19 21.84 6.18 14.77 3.0 17.1 7.65 14.77 10.61 22.85 6.36 24.74 21.05 21.05 6.18 24.19 8.08 22.85 15.95 7.5 8.08 7.65 24.74 4.24 21.84 8.49 4.24 24.74 15.95 21.21 22.85 8.08 7.65 0.0 24.19
20.18 25.63 19.73 25.63 21.63 20.18 0.0 18.0 20.18 19.5 26.83 17.1 20.01 19.5 19.56 3.0 23.33 18.25 10.5 10.5 26.54 0.0 20.18 3.0 9.12 18.06 24.42 20.01 18.25 25.63 18.0 23.43 25.63 18.25 9.12 15.0 3.0 24.42 17.1 24.19 0.0
