0.0 17.1 5.41 14.77 12.09 6.71 16.77 15.44 13.5 9.0 15.44 14.23 14.85 12.09 13.42 20.18 18.06 14.77 18.06 9.12 4.5 9.0 13.58 13.58 14.23 13.83 16.77 3.35 13.58 2.12 15.66 14.85 3.35 14.23 18.06 13.5 6.71 10.92 4.5 14.85 14.23 20.12 13.5 14.23 3.0 13.83 2.12 14.23 5.41 13.42 3.35 14.77 9.0 12.09 3.35 14.23 15.44 14.77 14.85 12.09 9.12
17.1 0.0 19.5 19.73 19.5 15.44 13.83 3.0 10.5 13.58 3.0 9.49 24.0 19.5 19.56 4.5 1.5 19.73 1.5 12.82 14.77 13.58 9.0 9.0 9.49 13.5 13.83 18.06 15.3 17.49 10.06 24.0 18.06 9.49 1.5 10.5 23.72 25.14 14.77 24.0 6.0 8.75 10.5 9.49 15.44 13.5 17.49 9.49 19.5 19.56 18.06 19.73 13.58 24.42 18.06 6.0 3.0 19.73 24.0 19.5 12.82
5.41 19.5 0.0 10.61 7.65 12.09 21.84 18.55 18.25 7.5 18.55 13.83 9.6 7.65 9.12 21.63 20.12 10.61 20.12 14.23 4.74 7.5 18.06 18.06 13.83 18.97 21.84 8.49 10.92 3.35 15.0 9.6 8.49 13.83 20.12 18.25 6.18 6.0 4.74 9.6 18.06 20.18 18.25 13.83 4.5 18.97 3.35 13.83 0.0 9.12 8.49 10.61 7.5 6.71 8.49 18.06 18.55 10.61 9.6 7.65 14.23
14.77 19.73 10.61 0.0 3.0 20.4 27.9 20.4 23.72 7.5 20.4 10.5 5.41 3.0 1.5 19.56 19.56 0.0 19.56 21.21 10.82 7.5 22.9 22.9 10.5 25.54 27.9 18.12 4.5 12.82 10.61 5.41 18.12 10.5 19.56 23.72 16.5 11.42 10.82 5.41 21.48 15.66 23.72 10.5 12.09 25.54 12.82 10.5 10.61 1.5 18.12 0.0 7.5 8.75 18.12 21.48 20.4 0.0 5.41 3.0 21.21
12.09 19.5 7.65 3.0 0.0 18.06 26.24 19.73 22.15 6.18 19.73 10.92 4.5 0.0 1.5 20.01 19.56 3.0 19.56 19.21 8.49 6.18 21.48 21.48 10.92 23.72 26.24 15.44 5.41 10.06 11.42 4.5 15.44 10.92 19.56 22.15 13.5 8.75 8.49 4.5 20.4 16.77 22.15 10.92 9.6 23.72 10.06 10.92 7.65 1.5 15.44 3.0 6.18 6.36 15.44 20.4 19.73 3.0 4.5 0.0 19.21
6.71 15.44 12.09 20.4 18.06 0.0 10.5 12.9 8.08 13.42 12.9 16.57 21.32 18.06 19.21 19.5 16.77 20.4 16.77 3.35 9.6 13.42 8.75 8.75 16.57 7.5 10.5 4.5 18.12 8.75 18.06 21.32 4.5 16.57 16.77 8.08 12.0 17.56 9.6 21.32 10.61 21.21 8.08 16.57 8.49 7.5 8.75 16.57 12.09 19.21 4.5 20.4 13.42 18.79 4.5 10.61 12.9 20.4 21.32 18.06 3.35
16.77 13.83 21.84 27.9 26.24 10.5 0.0 10.92 4.24 20.4 10.92 20.4 30.19 26.24 27.04 18.25 15.3 27.9 15.3 7.65 18.12 20.4 5.41 5.41 20.4 3.0 0.0 15.0 24.42 18.55 21.63 30.19 15.0 20.4 15.3 4.24 22.5 27.66 18.12 30.19 8.08 22.3 4.24 20.4 17.56 3.0 18.55 20.4 21.84 27.04 15.0 27.9 20.4 28.46 15.0 8.08 10.92 27.9 30.19 26.24 7.65
15.44 3.0 18.55 20.4 19.73 12.9 10.92 0.0 7.5 13.58 0.0 10.82 24.19 19.73 20.01 7.5 4.5 20.4 4.5 10.06 13.83 13.58 6.0 6.0 10.82 10.5 10.92 15.95 16.16 16.16 11.72 24.19 15.95 10.82 4.5 7.5 22.15 24.42 13.83 24.19 3.0 11.42 7.5 10.82 14.23 10.5 16.16 10.82 18.55 20.01 15.95 20.4 13.58 24.05 15.95 3.0 0.0 20.4 24.19 19.73 10.06
13.5 10.5 18.25 23.72 22.15 8.08 4.24 7.5 0.0 16.22 7.5 16.22 26.2 22.15 22.9 15.0 12.0 23.72 12.0 4.74 14.23 16.22 1.5 1.5 16.22 3.0 4.24 12.37 20.18 15.07 17.49 26.2 12.37 16.22 12.0 0.0 19.73 24.19 14.23 26.2 4.5 18.55 0.0 16.22 13.83 3.0 15.07 16.22 18.25 22.9 12.37 23.72 16.22 24.74 12.37 4.5 7.5 23.72 26.2 22.15 4.74
9.0 13.58 7.5 7.5 6.18 13.42 20.4 13.58 16.22 0.0 13.58 6.36 10.61 6.18 6.71 14.77 13.83 7.5 13.83 13.83 4.5 0.0 15.44 15.44 6.36 18.06 20.4 12.09 4.74 7.65 7.5 10.61 12.09 6.36 13.83 16.22 13.42 12.09 4.5 10.61 14.23 12.73 16.22 6.36 6.0 18.06 7.65 6.36 7.5 6.71 12.09 7.5 0.0 10.92 12.09 14.23 13.58 7.5 10.61 6.18 13.83
15.44 3.0 18.55 20.4 19.73 12.9 10.92 0.0 7.5 13.58 0.0 10.82 24.19 19.73 20.01 7.5 4.5 20.4 4.5 10.06 13.83 13.58 6.0 6.0 10.82 10.5 10.92 15.95 16.16 16.16 11.72 24.19 15.95 10.82 4.5 7.5 22.15 24.42 13.83 24.19 3.0 11.42 7.5 10.82 14.23 10.5 16.16 10.82 18.55 20.01 15.95 20.4 13.58 24.05 15.95 3.0 0.0 20.4 24.19 19.73 10.06
14.23 9.49 13.83 10.5 10.92 16.57 20.4 10.82 16.22 6.36 10.82 0.0 15.3 10.92 10.61 9.12 9.12 10.5 9.12 15.66 10.06 6.36 15.0 15.0 0.0 18.79 20.4 16.77 6.0 13.42 1.5 15.3 16.77 0.0 9.12 16.22 19.56 18.31 10.06 15.3 12.73 6.36 16.22 0.0 11.42 18.79 13.42 0.0 13.83 10.61 16.77 10.5 6.36 16.77 16.77 12.73 10.82 10.5 15.3 10.92 15.66
14.85 24.0 9.6 5.41 4.5 21.32 30.19 24.19 26.2 10.61 24.19 15.3 0.0 4.5 4.74 24.42 24.05 5.41 24.05 22.9 12.09 10.61 25.63 25.63 15.3 27.54 30.19 18.06 9.49 12.73 15.66 0.0 18.06 15.3 24.05 26.2 14.23 7.5 12.09 0.0 24.74 20.89 26.2 15.3 12.9 27.54 12.73 15.3 9.6 4.74 18.06 5.41 10.61 4.5 18.06 24.74 24.19 5.41 0.0 4.5 22.9
12.09 19.5 7.65 3.0 0.0 18.06 26.24 19.73 22.15 6.18 19.73 10.92 4.5 0.0 1.5 20.01 19.56 3.0 19.56 19.21 8.49 6.18 21.48 21.48 10.92 23.72 26.24 15.44 5.41 10.06 11.42 4.5 15.44 10.92 19.56 22.15 13.5 8.75 8.49 4.5 20.4 16.77 22.15 10.92 9.6 23.72 10.06 10.92 7.65 1.5 15.44 3.0 6.18 6.36 15.44 20.4 19.73 3.0 4.5 0.0 19.21
13.42 19.56 9.12 1.5 1.5 19.21 27.04 20.01 22.9 6.71 20.01 10.61 4.74 1.5 0.0 19.73 19.5 1.5 19.5 20.18 9.6 6.71 22.15 22.15 10.61 24.6 27.04 16.77 4.74 11.42 10.92 4.74 16.77 10.61 19.5 22.9 15.0 10.06 9.6 4.74 20.89 16.16 22.9 10.61 10.82 24.6 11.42 10.61 9.12 0.0 16.77 1.5 6.71 7.5 16.77 20.89 20.01 1.5 4.74 1.5 20.18
20.18 4.5 21.63 19.56 20.01 19.5 18.25 7.5 15.0 14.77 7.5 9.12 24.42 20.01 19.73 0.0 3.0 19.56 3.0 17.1 17.1 14.77 13.5 13.5 9.12 18.0 18.25 21.63 15.07 20.18 9.0 24.42 21.63 9.12 3.0 15.0 26.54 26.83 17.1 24.42 10.5 5.41 15.0 9.12 18.06 18.0 20.18 9.12 21.63 19.73 21.63 19.56 14.77 25.63 21.63 10.5 7.5 19.56 24.42 20.01 17.1
18.06 1.5 20.12 19.56 19.56 16.77 15.3 4.5 12.0 13.83 4.5 9.12 24.05 19.56 19.5 3.0 0.0 19.56 0.0 14.23 15.44 13.83 10.5 10.5 9.12 15.0 15.3 19.21 15.07 18.31 9.49 24.05 19.21 9.12 0.0 12.0 24.6 25.63 15.44 24.05 7.5 7.5 12.0 9.12 16.22 15.0 18.31 9.12 20.12 19.5 19.21 19.56 13.83 24.74 19.21 7.5 4.5 19.56 24.05 19.56 14.23
14.77 19.73 10.61 0.0 3.0 20.4 27.9 20.4 23.72 7.5 20.4 10.5 5.41 3.0 1.5 19.56 19.56 0.0 19.56 21.21 10.82 7.5 22.9 22.9 10.5 25.54 27.9 18.12 4.5 12.82 10.61 5.41 18.12 10.5 19.56 23.72 16.5 11.42 10.82 5.41 21.48 15.66 23.72 10.5 12.09 25.54 12.82 10.5 10.61 1.5 18.12 0.0 7.5 8.75 18.12 21.48 20.4 0.0 5.41 3.0 21.21
18.06 1.5 20.12 19.56 19.56 16.77 15.3 4.5 12.0 13.83 4.5 9.12 24.05 19.56 19.5 3.0 0.0 19.56 0.0 14.23 15.44 13.83 10.5 10.5 9.12 15.0 15.3 19.21 15.07 18.31 9.49 24.05 19.21 9.12 0.0 12.0 24.6 25.63 15.44 24.05 7.5 7.5 12.0 9.12 16.22 15.0 18.31 9.12 20.12 19.5 19.21 19.56 13.83 24.74 19.21 7.5 4.5 19.56 24.05 19.56 14.23
9.12 12.82 14.23 21.21 19.21 3.35 7.65 10.06 4.74 13.83 10.06 15.66 22.9 19.21 20.18 17.1 14.23 21.21 14.23 0.0 10.82 13.83 5.41 5.41 15.66 4.74 7.65 7.65 18.31 10.92 17.1 22.9 7.65 15.66 14.23 4.74 15.07 20.01 10.82 22.9 7.5 19.5 4.74 15.66 10.06 4.74 10.92 15.66 14.23 20.18 7.65 21.21 13.83 20.89 7.65 7.5 10.06 21.21 22.9 19.21 0.0
4.5 14.77 4.74 10.82 8.49 9.6 18.12 13.83 14.23 4.5 13.83 10.06 12.09 8.49 9.6 17.1 15.44 10.82 15.44 10.82 0.0 4.5 13.83 13.83 10.06 15.44 18.12 7.65 9.12 3.35 11.42 12.09 7.65 10.06 15.44 14.23 9.6 10.61 0.0 12.09 13.5 16.22 14.23 10.06 1.5 15.44 3.35 10.06 4.74 9.6 7.65 10.82 4.5 10.61 7.65 13.5 13.83 10.82 12.09 8.49 10.82
9.0 13.58 7.5 7.5 6.18 13.42 20.4 13.58 16.22 0.0 13.58 6.36 10.61 6.18 6.71 14.77 13.83 7.5 13.83 13.83 4.5 0.0 15.44 15.44 6.36 18.06 20.4 12.09 4.74 7.65 7.5 10.61 12.09 6.36 13.83 16.22 13.42 12.09 4.5 10.61 14.23 12.73 16.22 6.36 6.0 18.06 7.65 6.36 7.5 6.71 12.09 7.5 0.0 10.92 12.09 14.23 13.58 7.5 10.61 6.18 13.83
13.58 9.0 18.06 22.9 21.48 8.75 5.41 6.0 1.5 15.44 6.0 15.0 25.63 21.48 22.15 13.5 10.5 22.9 10.5 5.41 13.83 15.44 0.0 0.0 15.0 4.5 5.41 12.82 19.21 15.0 16.22 25.63 12.82 15.0 10.5 1.5 20.01 24.05 13.83 25.63 3.0 17.1 1.5 15.0 13.58 4.5 15.0 15.0 18.06 22.15 12.82 22.9 15.44 24.42 12.82 3.0 6.0 22.9 25.63 21.48 5.41
13.58 9.0 18.06 22.9 21.48 8.75 5.41 6.0 1.5 15.44 6.0 15.0 25.63 21.48 22.15 13.5 10.5 22.9 10.5 5.41 13.83 15.44 0.0 0.0 15.0 4.5 5.41 12.82 19.21 15.0 16.22 25.63 12.82 15.0 10.5 1.5 20.01 24.05 13.83 25.63 3.0 17.1 1.5 15.0 13.58 4.5 15.0 15.0 18.06 22.15 12.82 22.9 15.44 24.42 12.82 3.0 6.0 22.9 25.63 21.48 5.41
14.23 9.49 13.83 10.5 10.92 16.57 20.4 10.82 16.22 6.36 10.82 0.0 15.3 10.92 10.61 9.12 9.12 10.5 9.12 15.66 10.06 6.36 15.0 15.0 0.0 18.79 20.4 16.77 6.0 13.42 1.5 15.3 16.77 0.0 9.12 16.22 19.56 18.31 10.06 15.3 12.73 6.36 16.22 0.0 11.42 18.79 13.42 0.0 13.83 10.61 16.77 10.5 6.36 16.77 16.77 12.73 10.82 10.5 15.3 10.92 15.66
13.83 13.5 18.97 25.54 23.72 7.5 3.0 10.5 3.0 18.06 10.5 18.79 27.54 23.72 24.6 18.0 15.0 25.54 15.0 4.74 15.44 18.06 4.5 4.5 18.79 0.0 3.0 12.0 22.3 15.66 20.12 27.54 12.0 18.79 15.0 3.0 19.5 24.74 15.44 27.54 7.5 21.48 3.0 18.79 14.77 0.0 15.66 18.79 18.97 24.6 12.0 25.54 18.06 25.63 12.0 7.5 10.5 25.54 27.54 23.72 4.74
16.77 13.83 21.84 27.9 26.24 10.5 0.0 10.92 4.24 20.4 10.92 20.4 30.19 26.24 27.04 18.25 15.3 27.9 15.3 7.65 18.12 20.4 5.41 5.41 20.4 3.0 0.0 15.0 24.42 18.55 21.63 30.19 15.0 20.4 15.3 4.24 22.5 27.66 18.12 30.19 8.08 22.3 4.24 20.4 17.56 3.0 18.55 20.4 21.84 27.04 15.0 27.9 20.4 28.46 15.0 8.08 10.92 27.9 30.19 26.24 7.65
3.35 18.06 8.49 18.12 15.44 4.5 15.0 15.95 12.37 12.09 15.95 16.77 18.06 15.44 16.77 21.63 19.21 18.12 19.21 7.65 7.65 12.09 12.82 12.82 16.77 12.0 15.0 0.0 16.77 5.41 18.25 18.06 0.0 16.77 19.21 12.37 7.5 13.42 7.65 18.06 14.15 22.3 12.37 16.77 6.18 12.0 5.41 16.77 8.49 16.77 0.0 18.12 12.09 15.0 0.0 14.15 15.95 18.12 18.06 15.44 7.65
13.58 15.3 10.92 4.5 5.41 18.12 24.42 16.16 20.18 4.74 16.16 6.0 9.49 5.41 4.74 15.07 15.07 4.5 15.07 18.31 9.12 4.74 19.21 19.21 6.0 22.3 24.42 16.77 0.0 12.0 6.18 9.49 16.77 6.0 15.07 20.18 17.1 13.83 9.12 9.49 17.49 11.42 20.18 6.0 10.61 22.3 12.0 6.0 10.92 4.74 16.77 4.5 4.74 11.72 16.77 17.49 16.16 4.5 9.49 5.41 18.31
2.12 17.49 3.35 12.82 10.06 8.75 18.55 16.16 15.07 7.65 16.16 13.42 12.73 10.06 11.42 20.18 18.31 12.82 18.31 10.92 3.35 7.65 15.0 15.0 13.42 15.66 18.55 5.41 12.0 0.0 14.77 12.73 5.41 13.42 18.31 15.07 6.36 9.12 3.35 12.73 15.3 19.56 15.07 13.42 2.12 15.66 0.0 13.42 3.35 11.42 5.41 12.82 7.65 10.06 5.41 15.3 16.16 12.82 12.73 10.06 10.92
15.66 10.06 15.0 10.61 11.42 18.06 21.63 11.72 17.49 7.5 11.72 1.5 15.66 11.42 10.92 9.0 9.49 10.61 9.49 17.1 11.42 7.5 16.22 16.22 1.5 20.12 21.63 18.25 6.18 14.77 0.0 15.66 18.25 1.5 9.49 17.49 20.84 19.21 11.42 15.66 13.83 5.41 17.49 1.5 12.82 20.12 14.77 1.5 15.0 10.92 18.25 10.61 7.5 17.49 18.25 13.83 11.72 10.61 15.66 11.42 17.1
14.85 24.0 9.6 5.41 4.5 21.32 30.19 24.19 26.2 10.61 24.19 15.3 0.0 4.5 4.74 24.42 24.05 5.41 24.05 22.9 12.09 10.61 25.63 25.63 15.3 27.54 30.19 18.06 9.49 12.73 15.66 0.0 18.06 15.3 24.05 26.2 14.23 7.5 12.09 0.0 24.74 20.89 26.2 15.3 12.9 27.54 12.73 15.3 9.6 4.74 18.06 5.41 10.61 4.5 18.06 24.74 24.19 5.41 0.0 4.5 22.9
3.35 18.06 8.49 18.12 15.44 4.5 15.0 15.95 12.37 12.09 15.95 16.77 18.06 15.44 16.77 21.63 19.21 18.12 19.21 7.65 7.65 12.09 12.82 12.82 16.77 12.0 15.0 0.0 16.77 5.41 18.25 18.06 0.0 16.77 19.21 12.37 7.5 13.42 7.65 18.06 14.15 22.3 12.37 16.77 6.18 12.0 5.41 16.77 8.49 16.77 0.0 18.12 12.09 15.0 0.0 14.15 15.95 18.12 18.06 15.44 7.65
14.23 9.49 13.83 10.5 10.92 16.57 20.4 10.82 16.22 6.36 10.82 0.0 15.3 10.92 10.61 9.12 9.12 10.5 9.12 15.66 10.06 6.36 15.0 15.0 0.0 18.79 20.4 16.77 6.0 13.42 1.5 15.3 16.77 0.0 9.12 16.22 19.56 18.31 10.06 15.3 12.73 6.36 16.22 0.0 11.42 18.79 13.42 0.0 13.83 10.61 16.77 10.5 6.36 16.77 16.77 12.73 10.82 10.5 15.3 10.92 15.66
18.06 1.5 20.12 19.56 19.56 16.77 15.3 4.5 12.0 13.83 4.5 9.12 24.05 19.56 19.5 3.0 0.0 19.56 0.0 14.23 15.44 13.83 10.5 10.5 9.12 15.0 15.3 19.21 15.07 18.31 9.49 24.05 19.21 9.12 0.0 12.0 24.6 25.63 15.44 24.05 7.5 7.5 12.0 9.12 16.22 15.0 18.31 9.12 20.12 19.5 19.21 19.56 13.83 24.74 19.21 7.5 4.5 19.56 24.05 19.56 14.23
13.5 10.5 18.25 23.72 22.15 8.08 4.24 7.5 0.0 16.22 7.5 16.22 26.2 22.15 22.9 15.0 12.0 23.72 12.0 4.74 14.23 16.22 1.5 1.5 16.22 3.0 4.24 12.37 20.18 15.07 17.49 26.2 12.37 16.22 12.0 0.0 19.73 24.19 14.23 26.2 4.5 18.55 0.0 16.22 13.83 3.0 15.07 16.22 18.25 22.9 12.37 23.72 16.22 24.74 12.37 4.5 7.5 23.72 26.2 22.15 4.74
6.71 23.72 6.18 16.5 13.5 12.0 22.5 22.15 19.73 13.42 22.15 19.56 14.23 13.5 15.0 26.54 24.6 16.5 24.6 15.07 9.6 13.42 20.01 20.01 19.56 19.5 22.5 7.5 17.1 6.36 20.84 14.23 7.5 19.56 24.6 19.73 0.0 7.5 9.6 14.23 20.89 25.81 19.73 19.56 8.49 19.5 6.36 19.56 6.18 15.0 7.5 16.5 13.42 10.06 7.5 20.89 22.15 16.5 14.23 13.5 15.07
10.92 25.14 6.0 11.42 8.75 17.56 27.66 24.42 24.19 12.09 24.42 18.31 7.5 8.75 10.06 26.83 25.63 11.42 25.63 20.01 10.61 12.09 24.05 24.05 18.31 24.74 27.66 13.42 13.83 9.12 19.21 7.5 13.42 18.31 25.63 24.19 7.5 0.0 10.61 7.5 24.05 24.6 24.19 18.31 10.5 24.74 9.12 18.31 6.0 10.06 13.42 11.42 12.09 3.0 13.42 24.05 24.42 11.42 7.5 8.75 20.01
4.5 14.77 4.74 10.82 8.49 9.6 18.12 13.83 14.23 4.5 13.83 10.06 12.09 8.49 9.6 17.1 15.44 10.82 15.44 10.82 0.0 4.5 13.83 13.83 10.06 15.44 18.12 7.65 9.12 3.35 11.42 12.09 7.65 10.06 15.44 14.23 9.6 10.61 0.0 12.09 13.5 16.22 14.23 10.06 1.5 15.44 3.35 10.06 4.74 9.6 7.65 10.82 4.5 10.61 7.65 13.5 13.83 10.82 12.09 8.49 10.82
14.85 24.0 9.6 5.41 4.5 21.32 30.19 24.19 26.2 10.61 24.19 15.3 0.0 4.5 4.74 24.42 24.05 5.41 24.05 22.9 12.09 10.61 25.63 25.63 15.3 27.54 30.19 18.06 9.49 12.73 15.66 0.0 18.06 15.3 24.05 26.2 14.23 7.5 12.09 0.0 24.74 20.89 26.2 15.3 12.9 27.54 12.73 15.3 9.6 4.74 18.06 5.41 10.61 4.5 18.06 24.74 24.19 5.41 0.0 4.5 22.9
14.23 6.0 18.06 21.48 20.4 10.61 8.08 3.0 4.5 14.23 3.0 12.73 24.74 20.4 20.89 10.5 7.5 21.48 7.5 7.5 13.5 14.23 3.0 3.0 12.73 7.5 8.08 14.15 17.49 15.3 13.83 24.74 14.15 12.73 7.5 4.5 20.89 24.05 13.5 24.74 0.0 14.23 4.5 12.73 13.58 7.5 15.3 12.73 18.06 20.89 14.15 21.48 14.23 24.05 14.15 0.0 3.0 21.48 24.74 20.4 7.5
20.12 8.75 20.18 15.66 16.77 21.21 22.3 11.42 18.55 12.73 11.42 6.36 20.89 16.77 16.16 5.41 7.5 15.66 7.5 19.5 16.22 12.73 17.1 17.1 6.36 21.48 22.3 22.3 11.42 19.56 5.41 20.89 22.3 6.36 7.5 18.55 25.81 24.6 16.22 20.89 14.23 0.0 18.55 6.36 17.49 21.48 19.56 6.36 20.18 16.16 22.3 15.66 12.73 22.9 22.3 14.23 11.42 15.66 20.89 16.77 19.5
13.5 10.5 18.25 23.72 22.15 8.08 4.24 7.5 0.0 16.22 7.5 16.22 26.2 22.15 22.9 15.0 12.0 23.72 12.0 4.74 14.23 16.22 1.5 1.5 16.22 3.0 4.24 12.37 20.18 15.07 17.49 26.2 12.37 16.22 12.0 0.0 19.73 24.19 14.23 26.2 4.5 18.55 0.0 16.22 13.83 3.0 15.07 16.22 18.25 22.9 12.37 23.72 16.22 24.74 12.37 4.5 7.5 23.72 26.2 22.15 4.74
14.23 9.49 13.83 10.5 10.92 16.57 20.4 10.82 16.22 6.36 10.82 0.0 15.3 10.92 10.61 9.12 9.12 10.5 9.12 15.66 10.06 6.36 15.0 15.0 0.0 18.79 20.4 16.77 6.0 13.42 1.5 15.3 16.77 0.0 9.12 16.22 19.56 18.31 10.06 15.3 12.73 6.36 16.22 0.0 11.42 18.79 13.42 0.0 13.83 10.61 16.77 10.5 6.36 16.77 16.77 12.73 10.82 10.5 15.3 10.92 15.66
3.0 15.44 4.5 12.09 9.6 8.49 17.56 14.23 13.83 6.0 14.23 11.42 12.9 9.6 10.82 18.06 16.22 12.09 16.22 10.06 1.5 6.0 13.58 13.58 11.42 14.77 17.56 6.18 10.61 2.12 12.82 12.9 6.18 11.42 16.22 13.83 8.49 10.5 1.5 12.9 13.58 17.49 13.83 11.42 0.0 14.77 2.12 11.42 4.5 10.82 6.18 12.09 6.0 10.92 6.18 13.58 14.23 12.09 12.9 9.6 10.06
13.83 13.5 18.97 25.54 23.72 7.5 3.0 10.5 3.0 18.06 10.5 18.79 27.54 23.72 24.6 18.0 15.0 25.54 15.0 4.74 15.44 18.06 4.5 4.5 18.79 0.0 3.0 12.0 22.3 15.66 20.12 27.54 12.0 18.79 15.0 3.0 19.5 24.74 15.44 27.54 7.5 21.48 3.0 18.79 14.77 0.0 15.66 18.79 18.97 24.6 12.0 25.54 18.06 25.63 12.0 7.5 10.5 25.54 27.54 23.72 4.74
2.12 17.49 3.35 12.82 10.06 8.75 18.55 16.16 15.07 7.65 16.16 13.42 12.73 10.06 11.42 20.18 18.31 12.82 18.31 10.92 3.35 7.65 15.0 15.0 13.42 15.66 18.55 5.41 12.0 0.0 14.77 12.73 5.41 13.42 18.31 15.07 6.36 9.12 3.35 12.73 15.3 19.56 15.07 13.42 2.12 15.66 0.0 13.42 3.35 11.42 5.41 12.82 7.65 10.06 5.41 15.3 16.16 12.82 12.73 10.06 10.92
14.23 9.49 13.83 10.5 10.92 16.57 20.4 10.82 16.22 6.36 10.82 0.0 15.3 10.92 10.61 9.12 9.12 10.5 9.12 15.66 10.06 6.36 15.0 15.0 0.0 18.79 20.4 16.77 6.0 13.42 1.5 15.3 16.77 0.0 9.12 16.22 19.56 18.31 10.06 15.3 12.73 6.36 16.22 0.0 11.42 18.79 13.42 0.0 13.83 10.61 16.77 10.5 6.36 16.77 16.77 12.73 10.82 10.5 15.3 10.92 15.66
5.41 19.5 0.0 10.61 7.65 12.09 21.84 18.55 18.25 7.5 18.55 13.83 9.6 7.65 9.12 21.63 20.12 10.61 20.12 14.23 4.74 7.5 18.06 18.06 13.83 18.97 21.84 8.49 10.92 3.35 15.0 9.6 8.49 13.83 20.12 18.25 6.18 6.0 4.74 9.6 18.06 20.18 18.25 13.83 4.5 18.97 3.35 13.83 0.0 9.12 8.49 10.61 7.5 6.71 8.49 18.06 18.55 10.61 9.6 7.65 14.23
13.42 19.56 9.12 1.5 1.5 19.21 27.04 20.01 22.9 6.71 20.01 10.61 4.74 1.5 0.0 19.73 19.5 1.5 19.5 20.18 9.6 6.71 22.15 22.15 10.61 24.6 27.04 16.77 4.74 11.42 10.92 4.74 16.77 10.61 19.5 22.9 15.0 10.06 9.6 4.74 20.89 16.16 22.9 10.61 10.82 24.6 11.42 10.61 9.12 0.0 16.77 1.5 6.71 7.5 16.77 20.89 20.01 1.5 4.74 1.5 20.18
3.35 18.06 8.49 18.12 15.44 4.5 15.0 15.95 12.37 12.09 15.95 16.77 18.06 15.44 16.77 21.63 19.21 18.12 19.21 7.65 7.65 12.09 12.82 12.82 16.77 12.0 15.0 0.0 16.77 5.41 18.25 18.06 0.0 16.77 19.21 12.37 7.5 13.42 7.65 18.06 14.15 22.3 12.37 16.77 6.18 12.0 5.41 16.77 8.49 16.77 0.0 18.12 12.09 15.0 0.0 14.15 15.95 18.12 18.06 15.44 7.65
14.77 19.73 10.61 0.0 3.0 20.4 27.9 20.4 23.72 7.5 20.4 10.5 5.41 3.0 1.5 19.56 19.56 0.0 19.56 21.21 10.82 7.5 22.9 22.9 10.5 25.54 27.9 18.12 4.5 12.82 10.61 5.41 18.12 10.5 19.56 23.72 16.5 11.42 10.82 5.41 21.48 15.66 23.72 10.5 12.09 25.54 12.82 10.5 10.61 1.5 18.12 0.0 7.5 8.75 18.12 21.48 20.4 0.0 5.41 3.0 21.21
9.0 13.58 7.5 7.5 6.18 13.42 20.4 13.58 16.22 0.0 13.58 6.36 10.61 6.18 6.71 14.77 13.83 7.5 13.83 13.83 4.5 0.0 15.44 15.44 6.36 18.06 20.4 12.09 4.74 7.65 7.5 10.61 12.09 6.36 13.83 16.22 13.42 12.09 4.5 10.61 14.23 12.73 16.22 6.36 6.0 18.06 7.65 6.36 7.5 6.71 12.09 7.5 0.0 10.92 12.09 14.23 13.58 7.5 10.61 6.18 13.83
12.09 24.42 6.71 8.75 6.36 18.79 28.46 24.05 24.74 10.92 24.05 16.77 4.5 6.36 7.5 25.63 24.74 8.75 24.74 20.89 10.61 10.92 24.42 24.42 16.77 25.63 28.46 15.0 11.72 10.06 17.49 4.5 15.0 16.77 24.74 24.74 10.06 3.0 10.61 4.5 24.05 22.9 24.74 16.77 10.92 25.63 10.06 16.77 6.71 7.5 15.0 8.75 10.92 0.0 15.0 24.05 24.05 8.75 4.5 6.36 20.89
3.35 18.06 8.49 18.12 15.44 4.5 15.0 15.95 12.37 12.09 15.95 16.77 18.06 15.44 16.77 21.63 19.21 18.12 19.21 7.65 7.65 12.09 12.82 12.82 16.77 12.0 15.0 0.0 16.77 5.41 18.25 18.06 0.0 16.77 19.21 12.37 7.5 13.42 7.65 18.06 14.15 22.3 12.37 16.77 6.18 12.0 5.41 16.77 8.49 16.77 0.0 18.12 12.09 15.0 0.0 14.15 15.95 18.12 18.06 15.44 7.65
14.23 6.0 18.06 21.48 20.4 10.61 8.08 3.0 4.5 14.23 3.0 12.73 24.74 20.4 20.89 10.5 7.5 21.48 7.5 7.5 13.5 14.23 3.0 3.0 12.73 7.5 8.08 14.15 17.49 15.3 13.83 24.74 14.15 12.73 7.5 4.5 20.89 24.05 13.5 24.74 0.0 14.23 4.5 12.73 13.58 7.5 15.3 12.73 18.06 20.89 14.15 21.48 14.23 24.05 14.15 0.0 3.0 21.48 24.74 20.4 7.5
15.44 3.0 18.55 20.4 19.73 12.9 10.92 0.0 7.5 13.58 0.0 10.82 24.19 19.73 20.01 7.5 4.5 20.4 4.5 10.06 13.83 13.58 6.0 6.0 10.82 10.5 10.92 15.95 16.16 16.16 11.72 24.19 15.95 10.82 4.5 7.5 22.15 24.42 13.83 24.19 3.0 11.42 7.5 10.82 14.23 10.5 16.16 10.82 18.55 20.01 15.95 20.4 13.58 24.05 15.95 3.0 0.0 20.4 24.19 19.73 10.06
14.77 19.73 10.61 0.0 3.0 20.4 27.9 20.4 23.72 7.5 20.4 10.5 5.41 3.0 1.5 19.56 19.56 0.0 19.56 21.21 10.82 7.5 22.9 22.9 10.5 25.54 27.9 18.12 4.5 12.82 10.61 5.41 18.12 10.5 19.56 23.72 16.5 11.42 10.82 5.41 21.48 15.66 23.72 10.5 12.09 25.54 12.82 10.5 10.61 1.5 18.12 0.0 7.5 8.75 18.12 21.48 20.4 0.0 5.41 3.0 21.21
14.85 24.0 9.6 5.41 4.5 21.32 30.19 24.19 26.2 10.61 24.19 15.3 0.0 4.5 4.74 24.42 24.05 5.41 24.05 22.9 12.09 10.61 25.63 25.63 15.3 27.54 30.19 18.06 9.49 12.73 15.66 0.0 18.06 15.3 24.05 26.2 14.23 7.5 12.09 0.0 24.74 20.89 26.2 15.3 12.9 27.54 12.73 15.3 9.6 4.74 18.06 5.41 10.61 4.5 18.06 24.74 24.19 5.41 0.0 4.5 22.9
12.09 19.5 7.65 3.0 0.0 18.06 26.24 19.73 22.15 6.18 19.73 10.92 4.5 0.0 1.5 20.01 19.56 3.0 19.56 19.21 8.49 6.18 21.48 21.48 10.92 23.72 26.24 15.44 5.41 10.06 11.42 4.5 15.44 10.92 19.56 22.15 13.5 8.75 8.49 4.5 20.4 16.77 22.15 10.92 9.6 23.72 10.06 10.92 7.65 1.5 15.44 3.0 6.18 6.36 15.44 20.4 19.73 3.0 4.5 0.0 19.21
9.12 12.82 14.23 21.21 19.21 3.35 7.65 10.06 4.74 13.83 10.06 15.66 22.9 19.21 20.18 17.1 14.23 21.21 14.23 0.0 10.82 13.83 5.41 5.41 15.66 4.74 7.65 7.65 18.31 10.92 17.1 22.9 7.65 15.66 14.23 4.74 15.07 20.01 10.82 22.9 7.5 19.5 4.74 15.66 10.06 4.74 10.92 15.66 14.23 20.18 7.65 21.21 13.83 20.89 7.65 7.5 10.06 21.21 22.9 19.21 0.0
