0.0 14.27 13.1 27.09 18.0 14.27 7.83 18.0 7.83 12.48 7.12 27.26 16.6 4.5 17.89 18.0 25.14 4.37 4.37 20.31 20.31
14.27 0.0 6.41 12.84 3.82 0.0 7.39 3.82 7.39 8.39 14.15 13.52 6.18 9.78 10.53 3.82 12.77 10.92 12.82 6.41 6.41
13.1 6.41 0.0 16.77 7.97 6.41 5.41 7.97 5.41 2.12 9.86 15.07 3.75 9.15 5.41 7.97 12.21 8.78 9.86 9.06 9.06
27.09 12.84 16.77 0.0 9.28 12.84 20.01 9.28 20.01 18.79 26.34 6.0 13.52 22.61 16.97 9.28 10.2 23.68 25.47 7.72 7.72
18.0 3.82 7.97 9.28 0.0 3.82 10.74 0.0 10.74 10.09 17.14 9.75 5.71 13.5 10.2 0.0 9.6 14.43 16.19 2.7 2.7
14.27 0.0 6.41 12.84 3.82 0.0 7.39 3.82 7.39 8.39 14.15 13.52 6.18 9.78 10.53 3.82 12.77 10.92 12.82 6.41 6.41
7.83 7.39 5.41 20.01 10.74 7.39 0.0 10.74 0.0 5.41 6.91 19.56 8.78 3.75 10.61 10.74 17.32 3.75 5.46 12.77 12.77
18.0 3.82 7.97 9.28 0.0 3.82 10.74 0.0 10.74 10.09 17.14 9.75 5.71 13.5 10.2 0.0 9.6 14.43 16.19 2.7 2.7
7.83 7.39 5.41 20.01 10.74 7.39 0.0 10.74 0.0 5.41 6.91 19.56 8.78 3.75 10.61 10.74 17.32 3.75 5.46 12.77 12.77
12.48 8.39 2.12 18.79 10.09 8.39 5.41 10.09 5.41 0.0 8.25 16.77 5.46 9.03 5.41 10.09 13.52 8.11 8.78 11.07 11.07
7.12 14.15 9.86 26.34 17.14 14.15 6.91 17.14 6.91 8.25 0.0 24.93 13.58 7.12 13.1 17.14 21.76 4.74 3.0 18.75 18.75
27.26 13.52 15.07 6.0 9.75 13.52 19.56 9.75 19.56 16.77 24.93 0.0 11.35 22.81 13.42 9.75 4.8 23.3 24.75 7.12 7.12
16.6 6.18 3.75 13.52 5.71 6.18 8.78 5.71 8.78 5.46 13.58 11.35 0.0 12.41 4.56 5.71 8.55 12.37 13.58 5.86 5.86
4.5 9.78 9.15 22.61 13.5 9.78 3.75 13.5 3.75 9.03 7.12 22.81 12.41 0.0 14.33 13.5 20.89 2.37 4.37 15.82 15.82
17.89 10.53 5.41 16.97 10.2 10.53 10.61 10.2 10.61 5.41 13.1 13.42 4.56 14.33 0.0 10.2 9.28 13.52 14.09 9.78 9.78
18.0 3.82 7.97 9.28 0.0 3.82 10.74 0.0 10.74 10.09 17.14 9.75 5.71 13.5 10.2 0.0 9.6 14.43 16.19 2.7 2.7
25.14 12.77 12.21 10.2 9.6 12.77 17.32 9.6 17.32 13.52 21.76 4.8 8.55 20.89 9.28 9.6 0.0 20.92 22.07 7.08 7.08
4.37 10.92 8.78 23.68 14.43 10.92 3.75 14.43 3.75 8.11 4.74 23.3 12.37 2.37 13.52 14.43 20.92 0.0 2.12 16.52 16.52
4.37 12.82 9.86 25.47 16.19 12.82 5.46 16.19 5.46 8.78 3.0 24.75 13.58 4.37 14.09 16.19 22.07 2.12 0.0 18.14 18.14
20.31 6.41 9.06 7.72 2.7 6.41 12.77 2.7 12.77 11.07 18.75 7.12 5.86 15.82 9.78 2.7 7.08 16.52 18.14 0.0 0.0
20.31 6.41 9.06 7.72 2.7 6.41 12.77 2.7 12.77 11.07 18.75 7.12 5.86 15.82 9.78 2.7 7.08 16.52 18.14 0.0 0.0
