0.0 7.83 9.15 9.78 15.77 27.04 0.0 27.09 25.14 28.02 27.26 7.12 13.83 7.83 14.27 27.09 10.5 9.78 13.1 27.04 10.45 16.6 27.09 9.15 18.0 15.77 4.5 4.5 7.12 20.92 20.31 28.02 10.45 16.6 25.14 18.0 27.26 27.04 17.89 20.92 12.48 27.04 15.77 4.5 7.12 12.48 4.37 20.92 18.0 18.0 10.5 7.12 13.1 9.15 18.0 4.37 27.04 22.16 0.0 18.0 27.04 27.09 25.14 0.0 22.16 7.12 7.12 25.14 22.16 20.37 9.78 0.0 20.37 20.37 27.04 10.5 4.37 10.45 0.0 7.83 9.15 4.37 18.0 20.92 7.12 16.6 4.37 16.6 20.92 7.83 22.16 0.0 7.83 9.15 27.04 25.14 22.16 27.04 20.37 14.27 20.31
7.83 0.0 5.71 3.09 8.11 19.51 7.83 20.01 17.32 20.19 19.56 6.91 7.39 0.0 7.39 20.01 3.75 3.09 5.41 19.51 2.7 8.78 20.01 5.71 10.74 8.11 3.75 3.75 6.91 13.1 12.77 20.19 2.7 8.78 17.32 10.74 19.56 19.51 10.61 13.1 5.41 19.51 8.11 3.75 6.91 5.41 3.75 13.1 10.74 10.74 3.75 6.91 5.41 5.71 10.74 3.75 19.51 14.43 7.83 10.74 19.51 20.01 17.32 7.83 14.43 6.91 6.91 17.32 14.43 13.52 3.09 7.83 13.52 13.52 19.51 3.75 5.46 2.7 7.83 0.0 5.71 5.46 10.74 13.1 6.91 8.78 3.75 8.78 13.1 0.0 14.43 7.83 0.0 5.71 19.51 17.32 14.43 19.51 13.52 7.39 12.77
9.15 5.71 0.0 3.75 9.03 22.56 9.15 23.84 18.75 21.75 22.07 3.09 5.46 5.71 12.21 23.84 9.15 3.75 7.12 22.56 5.86 10.74 23.84 0.0 14.79 9.03 7.54 7.54 3.09 15.17 16.16 21.75 5.86 10.74 18.75 14.79 22.07 22.56 10.01 15.17 5.3 22.56 9.03 7.54 3.09 5.3 5.46 15.17 14.79 14.79 9.15 3.09 7.12 0.0 14.79 5.46 22.56 15.07 9.15 14.79 22.56 23.84 18.75 9.15 15.07 3.09 3.09 18.75 15.07 17.89 3.75 9.15 17.89 17.89 22.56 9.15 4.8 5.86 9.15 5.71 0.0 4.8 14.79 15.17 3.09 10.74 5.46 10.74 15.17 5.71 15.07 9.15 5.71 0.0 22.56 18.75 15.07 22.56 17.89 12.21 16.16
9.78 3.09 3.75 0.0 6.18 19.12 9.78 20.19 15.91 18.88 18.81 6.18 4.37 3.09 8.49 20.19 5.71 0.0 3.75 19.12 2.12 7.5 20.19 3.75 11.07 6.18 6.45 6.45 6.18 12.0 12.57 18.88 2.12 7.5 15.91 11.07 18.81 19.12 8.11 12.0 2.7 19.12 6.18 6.45 6.18 2.7 5.41 12.0 11.07 11.07 5.71 6.18 3.75 3.75 11.07 5.41 19.12 12.57 9.78 11.07 19.12 20.19 15.91 9.78 12.57 6.18 6.18 15.91 12.57 14.15 0.0 9.78 14.15 14.15 19.12 5.71 6.18 2.12 9.78 3.09 3.75 6.18 11.07 12.0 6.18 7.5 5.41 7.5 12.0 3.09 12.57 9.78 3.09 3.75 19.12 15.91 12.57 19.12 14.15 8.49 12.57
15.77 8.11 9.03 6.18 0.0 13.79 15.77 15.61 9.78 12.77 13.1 12.0 4.37 8.11 7.5 15.61 7.72 6.18 2.7 13.79 5.41 2.12 15.61 9.03 7.72 0.0 11.86 11.86 12.0 6.18 7.97 12.77 5.41 2.12 9.78 7.72 13.1 13.79 3.09 6.18 3.75 13.79 0.0 11.86 12.0 3.75 11.42 6.18 7.72 7.72 7.72 12.0 2.7 9.03 7.72 11.42 13.79 6.41 15.77 7.72 13.79 15.61 9.78 15.77 6.41 12.0 12.0 9.78 6.41 10.82 6.18 15.77 10.82 10.82 13.79 7.72 12.37 5.41 15.77 8.11 9.03 12.37 7.72 6.18 12.0 2.12 11.42 2.12 6.18 8.11 6.41 15.77 8.11 9.03 13.79 9.78 6.41 13.79 10.82 7.5 7.97
27.04 19.51 22.56 19.12 13.79 0.0 27.04 3.75 6.71 6.0 2.25 25.3 18.12 19.51 12.95 3.75 16.57 19.12 15.46 0.0 17.4 11.86 3.75 22.56 9.12 13.79 22.55 22.55 25.3 7.72 6.75 6.0 17.4 11.86 6.71 9.12 2.25 0.0 14.56 7.72 17.32 0.0 13.79 22.55 25.3 17.32 23.26 7.72 9.12 9.12 16.57 25.3 15.46 22.56 9.12 23.26 0.0 10.09 27.04 9.12 0.0 3.75 6.71 27.04 10.09 25.3 25.3 6.71 10.09 7.72 19.12 27.04 7.72 7.72 0.0 16.57 24.85 17.4 27.04 19.51 22.56 24.85 9.12 7.72 25.3 11.86 23.26 11.86 7.72 19.51 10.09 27.04 19.51 22.56 0.0 6.71 10.09 0.0 7.72 12.95 6.75
0.0 7.83 9.15 9.78 15.77 27.04 0.0 27.09 25.14 28.02 27.26 7.12 13.83 7.83 14.27 27.09 10.5 9.78 13.1 27.04 10.45 16.6 27.09 9.15 18.0 15.77 4.5 4.5 7.12 20.92 20.31 28.02 10.45 16.6 25.14 18.0 27.26 27.04 17.89 20.92 12.48 27.04 15.77 4.5 7.12 12.48 4.37 20.92 18.0 18.0 10.5 7.12 13.1 9.15 18.0 4.37 27.04 22.16 0.0 18.0 27.04 27.09 25.14 0.0 22.16 7.12 7.12 25.14 22.16 20.37 9.78 0.0 20.37 20.37 27.04 10.5 4.37 10.45 0.0 7.83 9.15 4.37 18.0 20.92 7.12 16.6 4.37 16.6 20.92 7.83 22.16 0.0 7.83 9.15 27.04 25.14 22.16 27.04 20.37 14.27 20.31
27.09 20.01 23.84 20.19 15.61 3.75 27.09 0.0 10.2 9.75 6.0 26.34 19.97 20.01 12.84 0.0 16.65 20.19 16.77 3.75 18.26 13.52 0.0 23.84 9.28 15.61 22.61 22.61 26.34 10.09 7.72 9.75 18.26 13.52 10.2 9.28 6.0 3.75 16.97 10.09 18.79 3.75 15.61 22.61 26.34 18.79 23.68 10.09 9.28 9.28 16.65 26.34 16.77 23.84 9.28 23.68 3.75 13.12 27.09 9.28 3.75 0.0 10.2 27.09 13.12 26.34 26.34 10.2 13.12 6.75 20.19 27.09 6.75 6.75 3.75 16.65 25.47 18.26 27.09 20.01 23.84 25.47 9.28 10.09 26.34 13.52 23.68 13.52 10.09 20.01 13.12 27.09 20.01 23.84 3.75 10.2 13.12 3.75 6.75 12.84 7.72
25.14 17.32 18.75 15.91 9.78 6.71 25.14 10.2 0.0 3.0 4.8 21.76 13.58 17.32 12.77 10.2 15.44 15.91 12.21 6.71 14.74 8.55 10.2 18.75 9.6 9.78 20.89 20.89 21.76 4.37 7.08 3.0 14.74 8.55 0.0 9.6 4.8 6.71 9.28 4.37 13.52 6.71 9.78 20.89 21.76 13.52 20.92 4.37 9.6 9.6 15.44 21.76 12.21 18.75 9.6 20.92 6.71 4.04 25.14 9.6 6.71 10.2 0.0 25.14 4.04 21.76 21.76 0.0 4.04 10.45 15.91 25.14 10.45 10.45 6.71 15.44 22.07 14.74 25.14 17.32 18.75 22.07 9.6 4.37 21.76 8.55 20.92 8.55 4.37 17.32 4.04 25.14 17.32 18.75 6.71 0.0 4.04 6.71 10.45 12.77 7.08
28.02 20.19 21.75 18.88 12.77 6.0 28.02 9.75 3.0 0.0 3.75 24.76 16.57 20.19 15.19 9.75 18.12 18.88 15.17 6.0 17.65 11.47 9.75 21.75 11.72 12.77 23.72 23.72 24.76 7.12 9.03 0.0 17.65 11.47 3.0 11.72 3.75 6.0 12.21 7.12 16.52 6.0 12.77 23.72 24.76 16.52 23.84 7.12 11.72 11.72 18.12 24.76 15.17 21.75 11.72 23.84 6.0 6.91 28.02 11.72 6.0 9.75 3.0 28.02 6.91 24.76 24.76 3.0 6.91 11.86 18.88 28.02 11.86 11.86 6.0 18.12 25.03 17.65 28.02 20.19 21.75 25.03 11.72 7.12 24.76 11.47 23.84 11.47 7.12 20.19 6.91 28.02 20.19 21.75 6.0 3.0 6.91 6.0 11.86 15.19 9.03
27.26 19.56 22.07 18.81 13.1 2.25 27.26 6.0 4.8 3.75 0.0 24.93 17.32 19.56 13.52 6.0 16.92 18.81 15.07 2.25 17.25 11.35 6.0 22.07 9.75 13.1 22.81 22.81 24.93 6.91 7.12 3.75 17.25 11.35 4.8 9.75 0.0 2.25 13.42 6.91 16.77 2.25 13.1 22.81 24.93 16.77 23.3 6.91 9.75 9.75 16.92 24.93 15.07 22.07 9.75 23.3 2.25 8.55 27.26 9.75 2.25 6.0 4.8 27.26 8.55 24.93 24.93 4.8 8.55 9.03 18.81 27.26 9.03 9.03 2.25 16.92 24.75 17.25 27.26 19.56 22.07 24.75 9.75 6.91 24.93 11.35 23.3 11.35 6.91 19.56 8.55 27.26 19.56 22.07 2.25 4.8 8.55 2.25 9.03 13.52 7.12
7.12 6.91 3.09 6.18 12.0 25.3 7.12 26.34 21.76 24.76 24.93 0.0 8.55 6.91 14.15 26.34 10.66 6.18 9.86 25.3 8.08 13.58 26.34 3.09 17.14 12.0 7.12 7.12 0.0 18.06 18.75 24.76 8.08 13.58 21.76 17.14 24.93 25.3 13.1 18.06 8.25 25.3 12.0 7.12 0.0 8.25 4.74 18.06 17.14 17.14 10.66 0.0 9.86 3.09 17.14 4.74 25.3 18.14 7.12 17.14 25.3 26.34 21.76 7.12 18.14 0.0 0.0 21.76 18.14 20.12 6.18 7.12 20.12 20.12 25.3 10.66 3.0 8.08 7.12 6.91 3.09 3.0 17.14 18.06 0.0 13.58 4.74 13.58 18.06 6.91 18.14 7.12 6.91 3.09 25.3 21.76 18.14 25.3 20.12 14.15 18.75
13.83 7.39 5.46 4.37 4.37 18.12 13.83 19.97 13.58 16.57 17.32 8.55 0.0 7.39 10.45 19.97 9.0 4.37 4.04 18.12 5.3 6.45 19.97 5.46 11.72 4.37 10.82 10.82 8.55 10.45 12.3 16.57 5.3 6.45 13.58 11.72 17.32 18.12 4.56 10.45 2.25 18.12 4.37 10.82 8.55 2.25 9.55 10.45 11.72 11.72 9.0 8.55 4.04 5.46 11.72 9.55 18.12 9.75 13.83 11.72 18.12 19.97 13.58 13.83 9.75 8.55 8.55 13.58 9.75 14.89 4.37 13.83 14.89 14.89 18.12 9.0 9.78 5.3 13.83 7.39 5.46 9.78 11.72 10.45 8.55 6.45 9.55 6.45 10.45 7.39 9.75 13.83 7.39 5.46 18.12 13.58 9.75 18.12 14.89 10.45 12.3
7.83 0.0 5.71 3.09 8.11 19.51 7.83 20.01 17.32 20.19 19.56 6.91 7.39 0.0 7.39 20.01 3.75 3.09 5.41 19.51 2.7 8.78 20.01 5.71 10.74 8.11 3.75 3.75 6.91 13.1 12.77 20.19 2.7 8.78 17.32 10.74 19.56 19.51 10.61 13.1 5.41 19.51 8.11 3.75 6.91 5.41 3.75 13.1 10.74 10.74 3.75 6.91 5.41 5.71 10.74 3.75 19.51 14.43 7.83 10.74 19.51 20.01 17.32 7.83 14.43 6.91 6.91 17.32 14.43 13.52 3.09 7.83 13.52 13.52 19.51 3.75 5.46 2.7 7.83 0.0 5.71 5.46 10.74 13.1 6.91 8.78 3.75 8.78 13.1 0.0 14.43 7.83 0.0 5.71 19.51 17.32 14.43 19.51 13.52 7.39 12.77
14.27 7.39 12.21 8.49 7.5 12.95 14.27 12.84 12.77 15.19 13.52 14.15 10.45 7.39 0.0 12.84 3.82 8.49 6.41 12.95 6.36 6.18 12.84 12.21 3.82 7.5 9.78 9.78 14.15 8.49 6.41 15.19 6.36 6.18 12.77 3.82 13.52 12.95 10.53 8.49 8.39 12.95 7.5 9.78 14.15 8.39 10.92 8.49 3.82 3.82 3.82 14.15 6.41 12.21 3.82 10.92 12.95 11.45 14.27 3.82 12.95 12.84 12.77 14.27 11.45 14.15 14.15 12.77 11.45 6.18 8.49 14.27 6.18 6.18 12.95 3.82 12.82 6.36 14.27 7.39 12.21 12.82 3.82 8.49 14.15 6.18 10.92 6.18 8.49 7.39 11.45 14.27 7.39 12.21 12.95 12.77 11.45 12.95 6.18 0.0 6.41
27.09 20.01 23.84 20.19 15.61 3.75 27.09 0.0 10.2 9.75 6.0 26.34 19.97 20.01 12.84 0.0 16.65 20.19 16.77 3.75 18.26 13.52 0.0 23.84 9.28 15.61 22.61 22.61 26.34 10.09 7.72 9.75 18.26 13.52 10.2 9.28 6.0 3.75 16.97 10.09 18.79 3.75 15.61 22.61 26.34 18.79 23.68 10.09 9.28 9.28 16.65 26.34 16.77 23.84 9.28 23.68 3.75 13.12 27.09 9.28 3.75 0.0 10.2 27.09 13.12 26.34 26.34 10.2 13.12 6.75 20.19 27.09 6.75 6.75 3.75 16.65 25.47 18.26 27.09 20.01 23.84 25.47 9.28 10.09 26.34 13.52 23.68 13.52 10.09 20.01 13.12 27.09 20.01 23.84 3.75 10.2 13.12 3.75 6.75 12.84 7.72
10.5 3.75 9.15 5.71 7.72 16.57 10.5 16.65 15.44 18.12 16.92 10.66 9.0 3.75 3.82 16.65 0.0 5.71 5.46 16.57 3.82 7.42 16.65 9.15 7.5 7.72 6.0 6.0 10.66 11.07 9.86 18.12 3.82 7.42 15.44 7.5 16.92 16.57 10.74 11.07 6.75 16.57 7.72 6.0 10.66 6.75 7.12 11.07 7.5 7.5 0.0 10.66 5.46 9.15 7.5 7.12 16.57 13.27 10.5 7.5 16.57 16.65 15.44 10.5 13.27 10.66 10.66 15.44 13.27 10.01 5.71 10.5 10.01 10.01 16.57 0.0 9.06 3.82 10.5 3.75 9.15 9.06 7.5 11.07 10.66 7.42 7.12 7.42 11.07 3.75 13.27 10.5 3.75 9.15 16.57 15.44 13.27 16.57 10.01 3.82 9.86
9.78 3.09 3.75 0.0 6.18 19.12 9.78 20.19 15.91 18.88 18.81 6.18 4.37 3.09 8.49 20.19 5.71 0.0 3.75 19.12 2.12 7.5 20.19 3.75 11.07 6.18 6.45 6.45 6.18 12.0 12.57 18.88 2.12 7.5 15.91 11.07 18.81 19.12 8.11 12.0 2.7 19.12 6.18 6.45 6.18 2.7 5.41 12.0 11.07 11.07 5.71 6.18 3.75 3.75 11.07 5.41 19.12 12.57 9.78 11.07 19.12 20.19 15.91 9.78 12.57 6.18 6.18 15.91 12.57 14.15 0.0 9.78 14.15 14.15 19.12 5.71 6.18 2.12 9.78 3.09 3.75 6.18 11.07 12.0 6.18 7.5 5.41 7.5 12.0 3.09 12.57 9.78 3.09 3.75 19.12 15.91 12.57 19.12 14.15 8.49 12.57
13.1 5.41 7.12 3.75 2.7 15.46 13.1 16.77 12.21 15.17 15.07 9.86 4.04 5.41 6.41 16.77 5.46 3.75 0.0 15.46 2.7 3.75 16.77 7.12 7.97 2.7 9.15 9.15 9.86 8.25 9.06 15.17 2.7 3.75 12.21 7.97 15.07 15.46 5.41 8.25 2.12 15.46 2.7 9.15 9.86 2.12 8.78 8.25 7.97 7.97 5.46 9.86 0.0 7.12 7.97 8.78 15.46 9.06 13.1 7.97 15.46 16.77 12.21 13.1 9.06 9.86 9.86 12.21 9.06 11.15 3.75 13.1 11.15 11.15 15.46 5.46 9.86 2.7 13.1 5.41 7.12 9.86 7.97 8.25 9.86 3.75 8.78 3.75 8.25 5.41 9.06 13.1 5.41 7.12 15.46 12.21 9.06 15.46 11.15 6.41 9.06
27.04 19.51 22.56 19.12 13.79 0.0 27.04 3.75 6.71 6.0 2.25 25.3 18.12 19.51 12.95 3.75 16.57 19.12 15.46 0.0 17.4 11.86 3.75 22.56 9.12 13.79 22.55 22.55 25.3 7.72 6.75 6.0 17.4 11.86 6.71 9.12 2.25 0.0 14.56 7.72 17.32 0.0 13.79 22.55 25.3 17.32 23.26 7.72 9.12 9.12 16.57 25.3 15.46 22.56 9.12 23.26 0.0 10.09 27.04 9.12 0.0 3.75 6.71 27.04 10.09 25.3 25.3 6.71 10.09 7.72 19.12 27.04 7.72 7.72 0.0 16.57 24.85 17.4 27.04 19.51 22.56 24.85 9.12 7.72 25.3 11.86 23.26 11.86 7.72 19.51 10.09 27.04 19.51 22.56 0.0 6.71 10.09 0.0 7.72 12.95 6.75
10.45 2.7 5.86 2.12 5.41 17.4 10.45 18.26 14.74 17.65 17.25 8.08 5.3 2.7 6.36 18.26 3.82 2.12 2.7 17.4 0.0 6.18 18.26 5.86 9.06 5.41 6.45 6.45 8.08 10.61 10.74 17.65 0.0 6.18 14.74 9.06 17.25 17.4 7.97 10.61 3.09 17.4 5.41 6.45 8.08 3.09 6.18 10.61 9.06 9.06 3.82 8.08 2.7 5.86 9.06 6.18 17.4 11.74 10.45 9.06 17.4 18.26 14.74 10.45 11.74 8.08 8.08 14.74 11.74 12.09 2.12 10.45 12.09 12.09 17.4 3.82 7.5 0.0 10.45 2.7 5.86 7.5 9.06 10.61 8.08 6.18 6.18 6.18 10.61 2.7 11.74 10.45 2.7 5.86 17.4 14.74 11.74 17.4 12.09 6.36 10.74
16.6 8.78 10.74 7.5 2.12 11.86 16.6 13.52 8.55 11.47 11.35 13.58 6.45 8.78 6.18 13.52 7.42 7.5 3.75 11.86 6.18 0.0 13.52 10.74 5.71 2.12 12.41 12.41 13.58 4.5 5.86 11.47 6.18 0.0 8.55 5.71 11.35 11.86 4.56 4.5 5.46 11.86 2.12 12.41 13.58 5.46 12.37 4.5 5.71 5.71 7.42 13.58 3.75 10.74 5.71 12.37 11.86 5.86 16.6 5.71 11.86 13.52 8.55 16.6 5.86 13.58 13.58 8.55 5.86 8.75 7.5 16.6 8.75 8.75 11.86 7.42 13.58 6.18 16.6 8.78 10.74 13.58 5.71 4.5 13.58 0.0 12.37 0.0 4.5 8.78 5.86 16.6 8.78 10.74 11.86 8.55 5.86 11.86 8.75 6.18 5.86
27.09 20.01 23.84 20.19 15.61 3.75 27.09 0.0 10.2 9.75 6.0 26.34 19.97 20.01 12.84 0.0 16.65 20.19 16.77 3.75 18.26 13.52 0.0 23.84 9.28 15.61 22.61 22.61 26.34 10.09 7.72 9.75 18.26 13.52 10.2 9.28 6.0 3.75 16.97 10.09 18.79 3.75 15.61 22.61 26.34 18.79 23.68 10.09 9.28 9.28 16.65 26.34 16.77 23.84 9.28 23.68 3.75 13.12 27.09 9.28 3.75 0.0 10.2 27.09 13.12 26.34 26.34 10.2 13.12 6.75 20.19 27.09 6.75 6.75 3.75 16.65 25.47 18.26 27.09 20.01 23.84 25.47 9.28 10.09 26.34 13.52 23.68 13.52 10.09 20.01 13.12 27.09 20.01 23.84 3.75 10.2 13.12 3.75 6.75 12.84 7.72
9.15 5.71 0.0 3.75 9.03 22.56 9.15 23.84 18.75 21.75 22.07 3.09 5.46 5.71 12.21 23.84 9.15 3.75 7.12 22.56 5.86 10.74 23.84 0.0 14.79 9.03 7.54 7.54 3.09 15.17 16.16 21.75 5.86 10.74 18.75 14.79 22.07 22.56 10.01 15.17 5.3 22.56 9.03 7.54 3.09 5.3 5.46 15.17 14.79 14.79 9.15 3.09 7.12 0.0 14.79 5.46 22.56 15.07 9.15 14.79 22.56 23.84 18.75 9.15 15.07 3.09 3.09 18.75 15.07 17.89 3.75 9.15 17.89 17.89 22.56 9.15 4.8 5.86 9.15 5.71 0.0 4.8 14.79 15.17 3.09 10.74 5.46 10.74 15.17 5.71 15.07 9.15 5.71 0.0 22.56 18.75 15.07 22.56 17.89 12.21 16.16
18.0 10.74 14.79 11.07 7.72 9.12 18.0 9.28 9.6 11.72 9.75 17.14 11.72 10.74 3.82 9.28 7.5 11.07 7.97 9.12 9.06 5.71 9.28 14.79 0.0 7.72 13.5 13.5 17.14 5.71 2.7 11.72 9.06 5.71 9.6 0.0 9.75 9.12 10.2 5.71 10.09 9.12 7.72 13.5 17.14 10.09 14.43 5.71 0.0 0.0 7.5 17.14 7.97 14.79 0.0 14.43 9.12 9.28 18.0 0.0 9.12 9.28 9.6 18.0 9.28 17.14 17.14 9.6 9.28 3.18 11.07 18.0 3.18 3.18 9.12 7.5 16.19 9.06 18.0 10.74 14.79 16.19 0.0 5.71 17.14 5.71 14.43 5.71 5.71 10.74 9.28 18.0 10.74 14.79 9.12 9.6 9.28 9.12 3.18 3.82 2.7
15.77 8.11 9.03 6.18 0.0 13.79 15.77 15.61 9.78 12.77 13.1 12.0 4.37 8.11 7.5 15.61 7.72 6.18 2.7 13.79 5.41 2.12 15.61 9.03 7.72 0.0 11.86 11.86 12.0 6.18 7.97 12.77 5.41 2.12 9.78 7.72 13.1 13.79 3.09 6.18 3.75 13.79 0.0 11.86 12.0 3.75 11.42 6.18 7.72 7.72 7.72 12.0 2.7 9.03 7.72 11.42 13.79 6.41 15.77 7.72 13.79 15.61 9.78 15.77 6.41 12.0 12.0 9.78 6.41 10.82 6.18 15.77 10.82 10.82 13.79 7.72 12.37 5.41 15.77 8.11 9.03 12.37 7.72 6.18 12.0 2.12 11.42 2.12 6.18 8.11 6.41 15.77 8.11 9.03 13.79 9.78 6.41 13.79 10.82 7.5 7.97
4.5 3.75 7.54 6.45 11.86 22.55 4.5 22.61 20.89 23.72 22.81 7.12 10.82 3.75 9.78 22.61 6.0 6.45 9.15 22.55 6.45 12.41 22.61 7.54 13.5 11.86 0.0 0.0 7.12 16.6 15.82 23.72 6.45 12.41 20.89 13.5 22.81 22.55 14.33 16.6 9.03 22.55 11.86 0.0 7.12 9.03 2.37 16.6 13.5 13.5 6.0 7.12 9.15 7.54 13.5 2.37 22.55 18.14 4.5 13.5 22.55 22.61 20.89 4.5 18.14 7.12 7.12 20.89 18.14 15.91 6.45 4.5 15.91 15.91 22.55 6.0 4.37 6.45 4.5 3.75 7.54 4.37 13.5 16.6 7.12 12.41 2.37 12.41 16.6 3.75 18.14 4.5 3.75 7.54 22.55 20.89 18.14 22.55 15.91 9.78 15.82
4.5 3.75 7.54 6.45 11.86 22.55 4.5 22.61 20.89 23.72 22.81 7.12 10.82 3.75 9.78 22.61 6.0 6.45 9.15 22.55 6.45 12.41 22.61 7.54 13.5 11.86 0.0 0.0 7.12 16.6 15.82 23.72 6.45 12.41 20.89 13.5 22.81 22.55 14.33 16.6 9.03 22.55 11.86 0.0 7.12 9.03 2.37 16.6 13.5 13.5 6.0 7.12 9.15 7.54 13.5 2.37 22.55 18.14 4.5 13.5 22.55 22.61 20.89 4.5 18.14 7.12 7.12 20.89 18.14 15.91 6.45 4.5 15.91 15.91 22.55 6.0 4.37 6.45 4.5 3.75 7.54 4.37 13.5 16.6 7.12 12.41 2.37 12.41 16.6 3.75 18.14 4.5 3.75 7.54 22.55 20.89 18.14 22.55 15.91 9.78 15.82
7.12 6.91 3.09 6.18 12.0 25.3 7.12 26.34 21.76 24.76 24.93 0.0 8.55 6.91 14.15 26.34 10.66 6.18 9.86 25.3 8.08 13.58 26.34 3.09 17.14 12.0 7.12 7.12 0.0 18.06 18.75 24.76 8.08 13.58 21.76 17.14 24.93 25.3 13.1 18.06 8.25 25.3 12.0 7.12 0.0 8.25 4.74 18.06 17.14 17.14 10.66 0.0 9.86 3.09 17.14 4.74 25.3 18.14 7.12 17.14 25.3 26.34 21.76 7.12 18.14 0.0 0.0 21.76 18.14 20.12 6.18 7.12 20.12 20.12 25.3 10.66 3.0 8.08 7.12 6.91 3.09 3.0 17.14 18.06 0.0 13.58 4.74 13.58 18.06 6.91 18.14 7.12 6.91 3.09 25.3 21.76 18.14 25.3 20.12 14.15 18.75
20.92 13.1 15.17 12.0 6.18 7.72 20.92 10.09 4.37 7.12 6.91 18.06 10.45 13.1 8.49 10.09 11.07 12.0 8.25 7.72 10.61 4.5 10.09 15.17 5.71 6.18 16.6 16.6 18.06 0.0 3.75 7.12 10.61 4.5 4.37 5.71 6.91 7.72 6.91 0.0 9.86 7.72 6.18 16.6 18.06 9.86 16.77 0.0 5.71 5.71 11.07 18.06 8.25 15.17 5.71 16.77 7.72 3.75 20.92 5.71 7.72 10.09 4.37 20.92 3.75 18.06 18.06 4.37 3.75 7.5 12.0 20.92 7.5 7.5 7.72 11.07 18.06 10.61 20.92 13.1 15.17 18.06 5.71 0.0 18.06 4.5 16.77 4.5 0.0 13.1 3.75 20.92 13.1 15.17 7.72 4.37 3.75 7.72 7.5 8.49 3.75
20.31 12.77 16.16 12.57 7.97 6.75 20.31 7.72 7.08 9.03 7.12 18.75 12.3 12.77 6.41 7.72 9.86 12.57 9.06 6.75 10.74 5.86 7.72 16.16 2.7 7.97 15.82 15.82 18.75 3.75 0.0 9.03 10.74 5.86 7.08 2.7 7.12 6.75 9.78 3.75 11.07 6.75 7.97 15.82 18.75 11.07 16.52 3.75 2.7 2.7 9.86 18.75 9.06 16.16 2.7 16.52 6.75 7.5 20.31 2.7 6.75 7.72 7.08 20.31 7.5 18.75 18.75 7.08 7.5 3.75 12.57 20.31 3.75 3.75 6.75 9.86 18.14 10.74 20.31 12.77 16.16 18.14 2.7 3.75 18.75 5.86 16.52 5.86 3.75 12.77 7.5 20.31 12.77 16.16 6.75 7.08 7.5 6.75 3.75 6.41 0.0
28.02 20.19 21.75 18.88 12.77 6.0 28.02 9.75 3.0 0.0 3.75 24.76 16.57 20.19 15.19 9.75 18.12 18.88 15.17 6.0 17.65 11.47 9.75 21.75 11.72 12.77 23.72 23.72 24.76 7.12 9.03 0.0 17.65 11.47 3.0 11.72 3.75 6.0 12.21 7.12 16.52 6.0 12.77 23.72 24.76 16.52 23.84 7.12 11.72 11.72 18.12 24.76 15.17 21.75 11.72 23.84 6.0 6.91 28.02 11.72 6.0 9.75 3.0 28.02 6.91 24.76 24.76 3.0 6.91 11.86 18.88 28.02 11.86 11.86 6.0 18.12 25.03 17.65 28.02 20.19 21.75 25.03 11.72 7.12 24.76 11.47 23.84 11.47 7.12 20.19 6.91 28.02 20.19 21.75 6.0 3.0 6.91 6.0 11.86 15.19 9.03
10.45 2.7 5.86 2.12 5.41 17.4 10.45 18.26 14.74 17.65 17.25 8.08 5.3 2.7 6.36 18.26 3.82 2.12 2.7 17.4 0.0 6.18 18.26 5.86 9.06 5.41 6.45 6.45 8.08 10.61 10.74 17.65 0.0 6.18 14.74 9.06 17.25 17.4 7.97 10.61 3.09 17.4 5.41 6.45 8.08 3.09 6.18 10.61 9.06 9.06 3.82 8.08 2.7 5.86 9.06 6.18 17.4 11.74 10.45 9.06 17.4 18.26 14.74 10.45 11.74 8.08 8.08 14.74 11.74 12.09 2.12 10.45 12.09 12.09 17.4 3.82 7.5 0.0 10.45 2.7 5.86 7.5 9.06 10.61 8.08 6.18 6.18 6.18 10.61 2.7 11.74 10.45 2.7 5.86 17.4 14.74 11.74 17.4 12.09 6.36 10.74
16.6 8.78 10.74 7.5 2.12 11.86 16.6 13.52 8.55 11.47 11.35 13.58 6.45 8.78 6.18 13.52 7.42 7.5 3.75 11.86 6.18 0.0 13.52 10.74 5.71 2.12 12.41 12.41 13.58 4.5 5.86 11.47 6.18 0.0 8.55 5.71 11.35 11.86 4.56 4.5 5.46 11.86 2.12 12.41 13.58 5.46 12.37 4.5 5.71 5.71 7.42 13.58 3.75 10.74 5.71 12.37 11.86 5.86 16.6 5.71 11.86 13.52 8.55 16.6 5.86 13.58 13.58 8.55 5.86 8.75 7.5 16.6 8.75 8.75 11.86 7.42 13.58 6.18 16.6 8.78 10.74 13.58 5.71 4.5 13.58 0.0 12.37 0.0 4.5 8.78 5.86 16.6 8.78 10.74 11.86 8.55 5.86 11.86 8.75 6.18 5.86
25.14 17.32 18.75 15.91 9.78 6.71 25.14 10.2 0.0 3.0 4.8 21.76 13.58 17.32 12.77 10.2 15.44 15.91 12.21 6.71 14.74 8.55 10.2 18.75 9.6 9.78 20.89 20.89 21.76 4.37 7.08 3.0 14.74 8.55 0.0 9.6 4.8 6.71 9.28 4.37 13.52 6.71 9.78 20.89 21.76 13.52 20.92 4.37 9.6 9.6 15.44 21.76 12.21 18.75 9.6 20.92 6.71 4.04 25.14 9.6 6.71 10.2 0.0 25.14 4.04 21.76 21.76 0.0 4.04 10.45 15.91 25.14 10.45 10.45 6.71 15.44 22.07 14.74 25.14 17.32 18.75 22.07 9.6 4.37 21.76 8.55 20.92 8.55 4.37 17.32 4.04 25.14 17.32 18.75 6.71 0.0 4.04 6.71 10.45 12.77 7.08
18.0 10.74 14.79 11.07 7.72 9.12 18.0 9.28 9.6 11.72 9.75 17.14 11.72 10.74 3.82 9.28 7.5 11.07 7.97 9.12 9.06 5.71 9.28 14.79 0.0 7.72 13.5 13.5 17.14 5.71 2.7 11.72 9.06 5.71 9.6 0.0 9.75 9.12 10.2 5.71 10.09 9.12 7.72 13.5 17.14 10.09 14.43 5.71 0.0 0.0 7.5 17.14 7.97 14.79 0.0 14.43 9.12 9.28 18.0 0.0 9.12 9.28 9.6 18.0 9.28 17.14 17.14 9.6 9.28 3.18 11.07 18.0 3.18 3.18 9.12 7.5 16.19 9.06 18.0 10.74 14.79 16.19 0.0 5.71 17.14 5.71 14.43 5.71 5.71 10.74 9.28 18.0 10.74 14.79 9.12 9.6 9.28 9.12 3.18 3.82 2.7
27.26 19.56 22.07 18.81 13.1 2.25 27.26 6.0 4.8 3.75 0.0 24.93 17.32 19.56 13.52 6.0 16.92 18.81 15.07 2.25 17.25 11.35 6.0 22.07 9.75 13.1 22.81 22.81 24.93 6.91 7.12 3.75 17.25 11.35 4.8 9.75 0.0 2.25 13.42 6.91 16.77 2.25 13.1 22.81 24.93 16.77 23.3 6.91 9.75 9.75 16.92 24.93 15.07 22.07 9.75 23.3 2.25 8.55 27.26 9.75 2.25 6.0 4.8 27.26 8.55 24.93 24.93 4.8 8.55 9.03 18.81 27.26 9.03 9.03 2.25 16.92 24.75 17.25 27.26 19.56 22.07 24.75 9.75 6.91 24.93 11.35 23.3 11.35 6.91 19.56 8.55 27.26 19.56 22.07 2.25 4.8 8.55 2.25 9.03 13.52 7.12
27.04 19.51 22.56 19.12 13.79 0.0 27.04 3.75 6.71 6.0 2.25 25.3 18.12 19.51 12.95 3.75 16.57 19.12 15.46 0.0 17.4 11.86 3.75 22.56 9.12 13.79 22.55 22.55 25.3 7.72 6.75 6.0 17.4 11.86 6.71 9.12 2.25 0.0 14.56 7.72 17.32 0.0 13.79 22.55 25.3 17.32 23.26 7.72 9.12 9.12 16.57 25.3 15.46 22.56 9.12 23.26 0.0 10.09 27.04 9.12 0.0 3.75 6.71 27.04 10.09 25.3 25.3 6.71 10.09 7.72 19.12 27.04 7.72 7.72 0.0 16.57 24.85 17.4 27.04 19.51 22.56 24.85 9.12 7.72 25.3 11.86 23.26 11.86 7.72 19.51 10.09 27.04 19.51 22.56 0.0 6.71 10.09 0.0 7.72 12.95 6.75
17.89 10.61 10.01 8.11 3.09 14.56 17.89 16.97 9.28 12.21 13.42 13.1 4.56 10.61 10.53 16.97 10.74 8.11 5.41 14.56 7.97 4.56 16.97 10.01 10.2 3.09 14.33 14.33 13.1 6.91 9.78 12.21 7.97 4.56 9.28 10.2 13.42 14.56 0.0 6.91 5.41 14.56 3.09 14.33 13.1 5.41 13.52 6.91 10.2 10.2 10.74 13.1 5.41 10.01 10.2 13.52 14.56 5.3 17.89 10.2 14.56 16.97 9.28 17.89 5.3 13.1 13.1 9.28 5.3 13.1 8.11 17.89 13.1 13.1 14.56 10.74 14.09 7.97 17.89 10.61 10.01 14.09 10.2 6.91 13.1 4.56 13.52 4.56 6.91 10.61 5.3 17.89 10.61 10.01 14.56 9.28 5.3 14.56 13.1 10.53 9.78
20.92 13.1 15.17 12.0 6.18 7.72 20.92 10.09 4.37 7.12 6.91 18.06 10.45 13.1 8.49 10.09 11.07 12.0 8.25 7.72 10.61 4.5 10.09 15.17 5.71 6.18 16.6 16.6 18.06 0.0 3.75 7.12 10.61 4.5 4.37 5.71 6.91 7.72 6.91 0.0 9.86 7.72 6.18 16.6 18.06 9.86 16.77 0.0 5.71 5.71 11.07 18.06 8.25 15.17 5.71 16.77 7.72 3.75 20.92 5.71 7.72 10.09 4.37 20.92 3.75 18.06 18.06 4.37 3.75 7.5 12.0 20.92 7.5 7.5 7.72 11.07 18.06 10.61 20.92 13.1 15.17 18.06 5.71 0.0 18.06 4.5 16.77 4.5 0.0 13.1 3.75 20.92 13.1 15.17 7.72 4.37 3.75 7.72 7.5 8.49 3.75
12.48 5.41 5.3 2.7 3.75 17.32 12.48 18.79 13.52 16.52 16.77 8.25 2.25 5.41 8.39 18.79 6.75 2.7 2.12 17.32 3.09 5.46 18.79 5.3 10.09 3.75 9.03 9.03 8.25 9.86 11.07 16.52 3.09 5.46 13.52 10.09 16.77 17.32 5.41 9.86 0.0 17.32 3.75 9.03 8.25 0.0 8.11 9.86 10.09 10.09 6.75 8.25 2.12 5.3 10.09 8.11 17.32 10.01 12.48 10.09 17.32 18.79 13.52 12.48 10.01 8.25 8.25 13.52 10.01 13.27 2.7 12.48 13.27 13.27 17.32 6.75 8.78 3.09 12.48 5.41 5.3 8.78 10.09 9.86 8.25 5.46 8.11 5.46 9.86 5.41 10.01 12.48 5.41 5.3 17.32 13.52 10.01 17.32 13.27 8.39 11.07
27.04 19.51 22.56 19.12 13.79 0.0 27.04 3.75 6.71 6.0 2.25 25.3 18.12 19.51 12.95 3.75 16.57 19.12 15.46 0.0 17.4 11.86 3.75 22.56 9.12 13.79 22.55 22.55 25.3 7.72 6.75 6.0 17.4 11.86 6.71 9.12 2.25 0.0 14.56 7.72 17.32 0.0 13.79 22.55 25.3 17.32 23.26 7.72 9.12 9.12 16.57 25.3 15.46 22.56 9.12 23.26 0.0 10.09 27.04 9.12 0.0 3.75 6.71 27.04 10.09 25.3 25.3 6.71 10.09 7.72 19.12 27.04 7.72 7.72 0.0 16.57 24.85 17.4 27.04 19.51 22.56 24.85 9.12 7.72 25.3 11.86 23.26 11.86 7.72 19.51 10.09 27.04 19.51 22.56 0.0 6.71 10.09 0.0 7.72 12.95 6.75
15.77 8.11 9.03 6.18 0.0 13.79 15.77 15.61 9.78 12.77 13.1 12.0 4.37 8.11 7.5 15.61 7.72 6.18 2.7 13.79 5.41 2.12 15.61 9.03 7.72 0.0 11.86 11.86 12.0 6.18 7.97 12.77 5.41 2.12 9.78 7.72 13.1 13.79 3.09 6.18 3.75 13.79 0.0 11.86 12.0 3.75 11.42 6.18 7.72 7.72 7.72 12.0 2.7 9.03 7.72 11.42 13.79 6.41 15.77 7.72 13.79 15.61 9.78 15.77 6.41 12.0 12.0 9.78 6.41 10.82 6.18 15.77 10.82 10.82 13.79 7.72 12.37 5.41 15.77 8.11 9.03 12.37 7.72 6.18 12.0 2.12 11.42 2.12 6.18 8.11 6.41 15.77 8.11 9.03 13.79 9.78 6.41 13.79 10.82 7.5 7.97
4.5 3.75 7.54 6.45 11.86 22.55 4.5 22.61 20.89 23.72 22.81 7.12 10.82 3.75 9.78 22.61 6.0 6.45 9.15 22.55 6.45 12.41 22.61 7.54 13.5 11.86 0.0 0.0 7.12 16.6 15.82 23.72 6.45 12.41 20.89 13.5 22.81 22.55 14.33 16.6 9.03 22.55 11.86 0.0 7.12 9.03 2.37 16.6 13.5 13.5 6.0 7.12 9.15 7.54 13.5 2.37 22.55 18.14 4.5 13.5 22.55 22.61 20.89 4.5 18.14 7.12 7.12 20.89 18.14 15.91 6.45 4.5 15.91 15.91 22.55 6.0 4.37 6.45 4.5 3.75 7.54 4.37 13.5 16.6 7.12 12.41 2.37 12.41 16.6 3.75 18.14 4.5 3.75 7.54 22.55 20.89 18.14 22.55 15.91 9.78 15.82
7.12 6.91 3.09 6.18 12.0 25.3 7.12 26.34 21.76 24.76 24.93 0.0 8.55 6.91 14.15 26.34 10.66 6.18 9.86 25.3 8.08 13.58 26.34 3.09 17.14 12.0 7.12 7.12 0.0 18.06 18.75 24.76 8.08 13.58 21.76 17.14 24.93 25.3 13.1 18.06 8.25 25.3 12.0 7.12 0.0 8.25 4.74 18.06 17.14 17.14 10.66 0.0 9.86 3.09 17.14 4.74 25.3 18.14 7.12 17.14 25.3 26.34 21.76 7.12 18.14 0.0 0.0 21.76 18.14 20.12 6.18 7.12 20.12 20.12 25.3 10.66 3.0 8.08 7.12 6.91 3.09 3.0 17.14 18.06 0.0 13.58 4.74 13.58 18.06 6.91 18.14 7.12 6.91 3.09 25.3 21.76 18.14 25.3 20.12 14.15 18.75
12.48 5.41 5.3 2.7 3.75 17.32 12.48 18.79 13.52 16.52 16.77 8.25 2.25 5.41 8.39 18.79 6.75 2.7 2.12 17.32 3.09 5.46 18.79 5.3 10.09 3.75 9.03 9.03 8.25 9.86 11.07 16.52 3.09 5.46 13.52 10.09 16.77 17.32 5.41 9.86 0.0 17.32 3.75 9.03 8.25 0.0 8.11 9.86 10.09 10.09 6.75 8.25 2.12 5.3 10.09 8.11 17.32 10.01 12.48 10.09 17.32 18.79 13.52 12.48 10.01 8.25 8.25 13.52 10.01 13.27 2.7 12.48 13.27 13.27 17.32 6.75 8.78 3.09 12.48 5.41 5.3 8.78 10.09 9.86 8.25 5.46 8.11 5.46 9.86 5.41 10.01 12.48 5.41 5.3 17.32 13.52 10.01 17.32 13.27 8.39 11.07
4.37 3.75 5.46 5.41 11.42 23.26 4.37 23.68 20.92 23.84 23.3 4.74 9.55 3.75 10.92 23.68 7.12 5.41 8.78 23.26 6.18 12.37 23.68 5.46 14.43 11.42 2.37 2.37 4.74 16.77 16.52 23.84 6.18 12.37 20.92 14.43 23.3 23.26 13.52 16.77 8.11 23.26 11.42 2.37 4.74 8.11 0.0 16.77 14.43 14.43 7.12 4.74 8.78 5.46 14.43 0.0 23.26 17.83 4.37 14.43 23.26 23.68 20.92 4.37 17.83 4.74 4.74 20.92 17.83 17.1 5.41 4.37 17.1 17.1 23.26 7.12 2.12 6.18 4.37 3.75 5.46 2.12 14.43 16.77 4.74 12.37 0.0 12.37 16.77 3.75 17.83 4.37 3.75 5.46 23.26 20.92 17.83 23.26 17.1 10.92 16.52
20.92 13.1 15.17 12.0 6.18 7.72 20.92 10.09 4.37 7.12 6.91 18.06 10.45 13.1 8.49 10.09 11.07 12.0 8.25 7.72 10.61 4.5 10.09 15.17 5.71 6.18 16.6 16.6 18.06 0.0 3.75 7.12 10.61 4.5 4.37 5.71 6.91 7.72 6.91 0.0 9.86 7.72 6.18 16.6 18.06 9.86 16.77 0.0 5.71 5.71 11.07 18.06 8.25 15.17 5.71 16.77 7.72 3.75 20.92 5.71 7.72 10.09 4.37 20.92 3.75 18.06 18.06 4.37 3.75 7.5 12.0 20.92 7.5 7.5 7.72 11.07 18.06 10.61 20.92 13.1 15.17 18.06 5.71 0.0 18.06 4.5 16.77 4.5 0.0 13.1 3.75 20.92 13.1 15.17 7.72 4.37 3.75 7.72 7.5 8.49 3.75
18.0 10.74 14.79 11.07 7.72 9.12 18.0 9.28 9.6 11.72 9.75 17.14 11.72 10.74 3.82 9.28 7.5 11.07 7.97 9.12 9.06 5.71 9.28 14.79 0.0 7.72 13.5 13.5 17.14 5.71 2.7 11.72 9.06 5.71 9.6 0.0 9.75 9.12 10.2 5.71 10.09 9.12 7.72 13.5 17.14 10.09 14.43 5.71 0.0 0.0 7.5 17.14 7.97 14.79 0.0 14.43 9.12 9.28 18.0 0.0 9.12 9.28 9.6 18.0 9.28 17.14 17.14 9.6 9.28 3.18 11.07 18.0 3.18 3.18 9.12 7.5 16.19 9.06 18.0 10.74 14.79 16.19 0.0 5.71 17.14 5.71 14.43 5.71 5.71 10.74 9.28 18.0 10.74 14.79 9.12 9.6 9.28 9.12 3.18 3.82 2.7
18.0 10.74 14.79 11.07 7.72 9.12 18.0 9.28 9.6 11.72 9.75 17.14 11.72 10.74 3.82 9.28 7.5 11.07 7.97 9.12 9.06 5.71 9.28 14.79 0.0 7.72 13.5 13.5 17.14 5.71 2.7 11.72 9.06 5.71 9.6 0.0 9.75 9.12 10.2 5.71 10.09 9.12 7.72 13.5 17.14 10.09 14.43 5.71 0.0 0.0 7.5 17.14 7.97 14.79 0.0 14.43 9.12 9.28 18.0 0.0 9.12 9.28 9.6 18.0 9.28 17.14 17.14 9.6 9.28 3.18 11.07 18.0 3.18 3.18 9.12 7.5 16.19 9.06 18.0 10.74 14.79 16.19 0.0 5.71 17.14 5.71 14.43 5.71 5.71 10.74 9.28 18.0 10.74 14.79 9.12 9.6 9.28 9.12 3.18 3.82 2.7
10.5 3.75 9.15 5.71 7.72 16.57 10.5 16.65 15.44 18.12 16.92 10.66 9.0 3.75 3.82 16.65 0.0 5.71 5.46 16.57 3.82 7.42 16.65 9.15 7.5 7.72 6.0 6.0 10.66 11.07 9.86 18.12 3.82 7.42 15.44 7.5 16.92 16.57 10.74 11.07 6.75 16.57 7.72 6.0 10.66 6.75 7.12 11.07 7.5 7.5 0.0 10.66 5.46 9.15 7.5 7.12 16.57 13.27 10.5 7.5 16.57 16.65 15.44 10.5 13.27 10.66 10.66 15.44 13.27 10.01 5.71 10.5 10.01 10.01 16.57 0.0 9.06 3.82 10.5 3.75 9.15 9.06 7.5 11.07 10.66 7.42 7.12 7.42 11.07 3.75 13.27 10.5 3.75 9.15 16.57 15.44 13.27 16.57 10.01 3.82 9.86
7.12 6.91 3.09 6.18 12.0 25.3 7.12 26.34 21.76 24.76 24.93 0.0 8.55 6.91 14.15 26.34 10.66 6.18 9.86 25.3 8.08 13.58 26.34 3.09 17.14 12.0 7.12 7.12 0.0 18.06 18.75 24.76 8.08 13.58 21.76 17.14 24.93 25.3 13.1 18.06 8.25 25.3 12.0 7.12 0.0 8.25 4.74 18.06 17.14 17.14 10.66 0.0 9.86 3.09 17.14 4.74 25.3 18.14 7.12 17.14 25.3 26.34 21.76 7.12 18.14 0.0 0.0 21.76 18.14 20.12 6.18 7.12 20.12 20.12 25.3 10.66 3.0 8.08 7.12 6.91 3.09 3.0 17.14 18.06 0.0 13.58 4.74 13.58 18.06 6.91 18.14 7.12 6.91 3.09 25.3 21.76 18.14 25.3 20.12 14.15 18.75
13.1 5.41 7.12 3.75 2.7 15.46 13.1 16.77 12.21 15.17 15.07 9.86 4.04 5.41 6.41 16.77 5.46 3.75 0.0 15.46 2.7 3.75 16.77 7.12 7.97 2.7 9.15 9.15 9.86 8.25 9.06 15.17 2.7 3.75 12.21 7.97 15.07 15.46 5.41 8.25 2.12 15.46 2.7 9.15 9.86 2.12 8.78 8.25 7.97 7.97 5.46 9.86 0.0 7.12 7.97 8.78 15.46 9.06 13.1 7.97 15.46 16.77 12.21 13.1 9.06 9.86 9.86 12.21 9.06 11.15 3.75 13.1 11.15 11.15 15.46 5.46 9.86 2.7 13.1 5.41 7.12 9.86 7.97 8.25 9.86 3.75 8.78 3.75 8.25 5.41 9.06 13.1 5.41 7.12 15.46 12.21 9.06 15.46 11.15 6.41 9.06
9.15 5.71 0.0 3.75 9.03 22.56 9.15 23.84 18.75 21.75 22.07 3.09 5.46 5.71 12.21 23.84 9.15 3.75 7.12 22.56 5.86 10.74 23.84 0.0 14.79 9.03 7.54 7.54 3.09 15.17 16.16 21.75 5.86 10.74 18.75 14.79 22.07 22.56 10.01 15.17 5.3 22.56 9.03 7.54 3.09 5.3 5.46 15.17 14.79 14.79 9.15 3.09 7.12 0.0 14.79 5.46 22.56 15.07 9.15 14.79 22.56 23.84 18.75 9.15 15.07 3.09 3.09 18.75 15.07 17.89 3.75 9.15 17.89 17.89 22.56 9.15 4.8 5.86 9.15 5.71 0.0 4.8 14.79 15.17 3.09 10.74 5.46 10.74 15.17 5.71 15.07 9.15 5.71 0.0 22.56 18.75 15.07 22.56 17.89 12.21 16.16
18.0 10.74 14.79 11.07 7.72 9.12 18.0 9.28 9.6 11.72 9.75 17.14 11.72 10.74 3.82 9.28 7.5 11.07 7.97 9.12 9.06 5.71 9.28 14.79 0.0 7.72 13.5 13.5 17.14 5.71 2.7 11.72 9.06 5.71 9.6 0.0 9.75 9.12 10.2 5.71 10.09 9.12 7.72 13.5 17.14 10.09 14.43 5.71 0.0 0.0 7.5 17.14 7.97 14.79 0.0 14.43 9.12 9.28 18.0 0.0 9.12 9.28 9.6 18.0 9.28 17.14 17.14 9.6 9.28 3.18 11.07 18.0 3.18 3.18 9.12 7.5 16.19 9.06 18.0 10.74 14.79 16.19 0.0 5.71 17.14 5.71 14.43 5.71 5.71 10.74 9.28 18.0 10.74 14.79 9.12 9.6 9.28 9.12 3.18 3.82 2.7
4.37 3.75 5.46 5.41 11.42 23.26 4.37 23.68 20.92 23.84 23.3 4.74 9.55 3.75 10.92 23.68 7.12 5.41 8.78 23.26 6.18 12.37 23.68 5.46 14.43 11.42 2.37 2.37 4.74 16.77 16.52 23.84 6.18 12.37 20.92 14.43 23.3 23.26 13.52 16.77 8.11 23.26 11.42 2.37 4.74 8.11 0.0 16.77 14.43 14.43 7.12 4.74 8.78 5.46 14.43 0.0 23.26 17.83 4.37 14.43 23.26 23.68 20.92 4.37 17.83 4.74 4.74 20.92 17.83 17.1 5.41 4.37 17.1 17.1 23.26 7.12 2.12 6.18 4.37 3.75 5.46 2.12 14.43 16.77 4.74 12.37 0.0 12.37 16.77 3.75 17.83 4.37 3.75 5.46 23.26 20.92 17.83 23.26 17.1 10.92 16.52
27.04 19.51 22.56 19.12 13.79 0.0 27.04 3.75 6.71 6.0 2.25 25.3 18.12 19.51 12.95 3.75 16.57 19.12 15.46 0.0 17.4 11.86 3.75 22.56 9.12 13.79 22.55 22.55 25.3 7.72 6.75 6.0 17.4 11.86 6.71 9.12 2.25 0.0 14.56 7.72 17.32 0.0 13.79 22.55 25.3 17.32 23.26 7.72 9.12 9.12 16.57 25.3 15.46 22.56 9.12 23.26 0.0 10.09 27.04 9.12 0.0 3.75 6.71 27.04 10.09 25.3 25.3 6.71 10.09 7.72 19.12 27.04 7.72 7.72 0.0 16.57 24.85 17.4 27.04 19.51 22.56 24.85 9.12 7.72 25.3 11.86 23.26 11.86 7.72 19.51 10.09 27.04 19.51 22.56 0.0 6.71 10.09 0.0 7.72 12.95 6.75
22.16 14.43 15.07 12.57 6.41 10.09 22.16 13.12 4.04 6.91 8.55 18.14 9.75 14.43 11.45 13.12 13.27 12.57 9.06 10.09 11.74 5.86 13.12 15.07 9.28 6.41 18.14 18.14 18.14 3.75 7.5 6.91 11.74 5.86 4.04 9.28 8.55 10.09 5.3 3.75 10.01 10.09 6.41 18.14 18.14 10.01 17.83 3.75 9.28 9.28 13.27 18.14 9.06 15.07 9.28 17.83 10.09 0.0 22.16 9.28 10.09 13.12 4.04 22.16 0.0 18.14 18.14 4.04 0.0 11.25 12.57 22.16 11.25 11.25 10.09 13.27 18.75 11.74 22.16 14.43 15.07 18.75 9.28 3.75 18.14 5.86 17.83 5.86 3.75 14.43 0.0 22.16 14.43 15.07 10.09 4.04 0.0 10.09 11.25 11.45 7.5
0.0 7.83 9.15 9.78 15.77 27.04 0.0 27.09 25.14 28.02 27.26 7.12 13.83 7.83 14.27 27.09 10.5 9.78 13.1 27.04 10.45 16.6 27.09 9.15 18.0 15.77 4.5 4.5 7.12 20.92 20.31 28.02 10.45 16.6 25.14 18.0 27.26 27.04 17.89 20.92 12.48 27.04 15.77 4.5 7.12 12.48 4.37 20.92 18.0 18.0 10.5 7.12 13.1 9.15 18.0 4.37 27.04 22.16 0.0 18.0 27.04 27.09 25.14 0.0 22.16 7.12 7.12 25.14 22.16 20.37 9.78 0.0 20.37 20.37 27.04 10.5 4.37 10.45 0.0 7.83 9.15 4.37 18.0 20.92 7.12 16.6 4.37 16.6 20.92 7.83 22.16 0.0 7.83 9.15 27.04 25.14 22.16 27.04 20.37 14.27 20.31
18.0 10.74 14.79 11.07 7.72 9.12 18.0 9.28 9.6 11.72 9.75 17.14 11.72 10.74 3.82 9.28 7.5 11.07 7.97 9.12 9.06 5.71 9.28 14.79 0.0 7.72 13.5 13.5 17.14 5.71 2.7 11.72 9.06 5.71 9.6 0.0 9.75 9.12 10.2 5.71 10.09 9.12 7.72 13.5 17.14 10.09 14.43 5.71 0.0 0.0 7.5 17.14 7.97 14.79 0.0 14.43 9.12 9.28 18.0 0.0 9.12 9.28 9.6 18.0 9.28 17.14 17.14 9.6 9.28 3.18 11.07 18.0 3.18 3.18 9.12 7.5 16.19 9.06 18.0 10.74 14.79 16.19 0.0 5.71 17.14 5.71 14.43 5.71 5.71 10.74 9.28 18.0 10.74 14.79 9.12 9.6 9.28 9.12 3.18 3.82 2.7
27.04 19.51 22.56 19.12 13.79 0.0 27.04 3.75 6.71 6.0 2.25 25.3 18.12 19.51 12.95 3.75 16.57 19.12 15.46 0.0 17.4 11.86 3.75 22.56 9.12 13.79 22.55 22.55 25.3 7.72 6.75 6.0 17.4 11.86 6.71 9.12 2.25 0.0 14.56 7.72 17.32 0.0 13.79 22.55 25.3 17.32 23.26 7.72 9.12 9.12 16.57 25.3 15.46 22.56 9.12 23.26 0.0 10.09 27.04 9.12 0.0 3.75 6.71 27.04 10.09 25.3 25.3 6.71 10.09 7.72 19.12 27.04 7.72 7.72 0.0 16.57 24.85 17.4 27.04 19.51 22.56 24.85 9.12 7.72 25.3 11.86 23.26 11.86 7.72 19.51 10.09 27.04 19.51 22.56 0.0 6.71 10.09 0.0 7.72 12.95 6.75
27.09 20.01 23.84 20.19 15.61 3.75 27.09 0.0 10.2 9.75 6.0 26.34 19.97 20.01 12.84 0.0 16.65 20.19 16.77 3.75 18.26 13.52 0.0 23.84 9.28 15.61 22.61 22.61 26.34 10.09 7.72 9.75 18.26 13.52 10.2 9.28 6.0 3.75 16.97 10.09 18.79 3.75 15.61 22.61 26.34 18.79 23.68 10.09 9.28 9.28 16.65 26.34 16.77 23.84 9.28 23.68 3.75 13.12 27.09 9.28 3.75 0.0 10.2 27.09 13.12 26.34 26.34 10.2 13.12 6.75 20.19 27.09 6.75 6.75 3.75 16.65 25.47 18.26 27.09 20.01 23.84 25.47 9.28 10.09 26.34 13.52 23.68 13.52 10.09 20.01 13.12 27.09 20.01 23.84 3.75 10.2 13.12 3.75 6.75 12.84 7.72
25.14 17.32 18.75 15.91 9.78 6.71 25.14 10.2 0.0 3.0 4.8 21.76 13.58 17.32 12.77 10.2 15.44 15.91 12.21 6.71 14.74 8.55 10.2 18.75 9.6 9.78 20.89 20.89 21.76 4.37 7.08 3.0 14.74 8.55 0.0 9.6 4.8 6.71 9.28 4.37 13.52 6.71 9.78 20.89 21.76 13.52 20.92 4.37 9.6 9.6 15.44 21.76 12.21 18.75 9.6 20.92 6.71 4.04 25.14 9.6 6.71 10.2 0.0 25.14 4.04 21.76 21.76 0.0 4.04 10.45 15.91 25.14 10.45 10.45 6.71 15.44 22.07 14.74 25.14 17.32 18.75 22.07 9.6 4.37 21.76 8.55 20.92 8.55 4.37 17.32 4.04 25.14 17.32 18.75 6.71 0.0 4.04 6.71 10.45 12.77 7.08
0.0 7.83 9.15 9.78 15.77 27.04 0.0 27.09 25.14 28.02 27.26 7.12 13.83 7.83 14.27 27.09 10.5 9.78 13.1 27.04 10.45 16.6 27.09 9.15 18.0 15.77 4.5 4.5 7.12 20.92 20.31 28.02 10.45 16.6 25.14 18.0 27.26 27.04 17.89 20.92 12.48 27.04 15.77 4.5 7.12 12.48 4.37 20.92 18.0 18.0 10.5 7.12 13.1 9.15 18.0 4.37 27.04 22.16 0.0 18.0 27.04 27.09 25.14 0.0 22.16 7.12 7.12 25.14 22.16 20.37 9.78 0.0 20.37 20.37 27.04 10.5 4.37 10.45 0.0 7.83 9.15 4.37 18.0 20.92 7.12 16.6 4.37 16.6 20.92 7.83 22.16 0.0 7.83 9.15 27.04 25.14 22.16 27.04 20.37 14.27 20.31
22.16 14.43 15.07 12.57 6.41 10.09 22.16 13.12 4.04 6.91 8.55 18.14 9.75 14.43 11.45 13.12 13.27 12.57 9.06 10.09 11.74 5.86 13.12 15.07 9.28 6.41 18.14 18.14 18.14 3.75 7.5 6.91 11.74 5.86 4.04 9.28 8.55 10.09 5.3 3.75 10.01 10.09 6.41 18.14 18.14 10.01 17.83 3.75 9.28 9.28 13.27 18.14 9.06 15.07 9.28 17.83 10.09 0.0 22.16 9.28 10.09 13.12 4.04 22.16 0.0 18.14 18.14 4.04 0.0 11.25 12.57 22.16 11.25 11.25 10.09 13.27 18.75 11.74 22.16 14.43 15.07 18.75 9.28 3.75 18.14 5.86 17.83 5.86 3.75 14.43 0.0 22.16 14.43 15.07 10.09 4.04 0.0 10.09 11.25 11.45 7.5
7.12 6.91 3.09 6.18 12.0 25.3 7.12 26.34 21.76 24.76 24.93 0.0 8.55 6.91 14.15 26.34 10.66 6.18 9.86 25.3 8.08 13.58 26.34 3.09 17.14 12.0 7.12 7.12 0.0 18.06 18.75 24.76 8.08 13.58 21.76 17.14 24.93 25.3 13.1 18.06 8.25 25.3 12.0 7.12 0.0 8.25 4.74 18.06 17.14 17.14 10.66 0.0 9.86 3.09 17.14 4.74 25.3 18.14 7.12 17.14 25.3 26.34 21.76 7.12 18.14 0.0 0.0 21.76 18.14 20.12 6.18 7.12 20.12 20.12 25.3 10.66 3.0 8.08 7.12 6.91 3.09 3.0 17.14 18.06 0.0 13.58 4.74 13.58 18.06 6.91 18.14 7.12 6.91 3.09 25.3 21.76 18.14 25.3 20.12 14.15 18.75
7.12 6.91 3.09 6.18 12.0 25.3 7.12 26.34 21.76 24.76 24.93 0.0 8.55 6.91 14.15 26.34 10.66 6.18 9.86 25.3 8.08 13.58 26.34 3.09 17.14 12.0 7.12 7.12 0.0 18.06 18.75 24.76 8.08 13.58 21.76 17.14 24.93 25.3 13.1 18.06 8.25 25.3 12.0 7.12 0.0 8.25 4.74 18.06 17.14 17.14 10.66 0.0 9.86 3.09 17.14 4.74 25.3 18.14 7.12 17.14 25.3 26.34 21.76 7.12 18.14 0.0 0.0 21.76 18.14 20.12 6.18 7.12 20.12 20.12 25.3 10.66 3.0 8.08 7.12 6.91 3.09 3.0 17.14 18.06 0.0 13.58 4.74 13.58 18.06 6.91 18.14 7.12 6.91 3.09 25.3 21.76 18.14 25.3 20.12 14.15 18.75
25.14 17.32 18.75 15.91 9.78 6.71 25.14 10.2 0.0 3.0 4.8 21.76 13.58 17.32 12.77 10.2 15.44 15.91 12.21 6.71 14.74 8.55 10.2 18.75 9.6 9.78 20.89 20.89 21.76 4.37 7.08 3.0 14.74 8.55 0.0 9.6 4.8 6.71 9.28 4.37 13.52 6.71 9.78 20.89 21.76 13.52 20.92 4.37 9.6 9.6 15.44 21.76 12.21 18.75 9.6 20.92 6.71 4.04 25.14 9.6 6.71 10.2 0.0 25.14 4.04 21.76 21.76 0.0 4.04 10.45 15.91 25.14 10.45 10.45 6.71 15.44 22.07 14.74 25.14 17.32 18.75 22.07 9.6 4.37 21.76 8.55 20.92 8.55 4.37 17.32 4.04 25.14 17.32 18.75 6.71 0.0 4.04 6.71 10.45 12.77 7.08
22.16 14.43 15.07 12.57 6.41 10.09 22.16 13.12 4.04 6.91 8.55 18.14 9.75 14.43 11.45 13.12 13.27 12.57 9.06 10.09 11.74 5.86 13.12 15.07 9.28 6.41 18.14 18.14 18.14 3.75 7.5 6.91 11.74 5.86 4.04 9.28 8.55 10.09 5.3 3.75 10.01 10.09 6.41 18.14 18.14 10.01 17.83 3.75 9.28 9.28 13.27 18.14 9.06 15.07 9.28 17.83 10.09 0.0 22.16 9.28 10.09 13.12 4.04 22.16 0.0 18.14 18.14 4.04 0.0 11.25 12.57 22.16 11.25 11.25 10.09 13.27 18.75 11.74 22.16 14.43 15.07 18.75 9.28 3.75 18.14 5.86 17.83 5.86 3.75 14.43 0.0 22.16 14.43 15.07 10.09 4.04 0.0 10.09 11.25 11.45 7.5
20.37 13.52 17.89 14.15 10.82 7.72 20.37 6.75 10.45 11.86 9.03 20.12 14.89 13.52 6.18 6.75 10.01 14.15 11.15 7.72 12.09 8.75 6.75 17.89 3.18 10.82 15.91 15.91 20.12 7.5 3.75 11.86 12.09 8.75 10.45 3.18 9.03 7.72 13.1 7.5 13.27 7.72 10.82 15.91 20.12 13.27 17.1 7.5 3.18 3.18 10.01 20.12 11.15 17.89 3.18 17.1 7.72 11.25 20.37 3.18 7.72 6.75 10.45 20.37 11.25 20.12 20.12 10.45 11.25 0.0 14.15 20.37 0.0 0.0 7.72 10.01 18.97 12.09 20.37 13.52 17.89 18.97 3.18 7.5 20.12 8.75 17.1 8.75 7.5 13.52 11.25 20.37 13.52 17.89 7.72 10.45 11.25 7.72 0.0 6.18 3.75
9.78 3.09 3.75 0.0 6.18 19.12 9.78 20.19 15.91 18.88 18.81 6.18 4.37 3.09 8.49 20.19 5.71 0.0 3.75 19.12 2.12 7.5 20.19 3.75 11.07 6.18 6.45 6.45 6.18 12.0 12.57 18.88 2.12 7.5 15.91 11.07 18.81 19.12 8.11 12.0 2.7 19.12 6.18 6.45 6.18 2.7 5.41 12.0 11.07 11.07 5.71 6.18 3.75 3.75 11.07 5.41 19.12 12.57 9.78 11.07 19.12 20.19 15.91 9.78 12.57 6.18 6.18 15.91 12.57 14.15 0.0 9.78 14.15 14.15 19.12 5.71 6.18 2.12 9.78 3.09 3.75 6.18 11.07 12.0 6.18 7.5 5.41 7.5 12.0 3.09 12.57 9.78 3.09 3.75 19.12 15.91 12.57 19.12 14.15 8.49 12.57
0.0 7.83 9.15 9.78 15.77 27.04 0.0 27.09 25.14 28.02 27.26 7.12 13.83 7.83 14.27 27.09 10.5 9.78 13.1 27.04 10.45 16.6 27.09 9.15 18.0 15.77 4.5 4.5 7.12 20.92 20.31 28.02 10.45 16.6 25.14 18.0 27.26 27.04 17.89 20.92 12.48 27.04 15.77 4.5 7.12 12.48 4.37 20.92 18.0 18.0 10.5 7.12 13.1 9.15 18.0 4.37 27.04 22.16 0.0 18.0 27.04 27.09 25.14 0.0 22.16 7.12 7.12 25.14 22.16 20.37 9.78 0.0 20.37 20.37 27.04 10.5 4.37 10.45 0.0 7.83 9.15 4.37 18.0 20.92 7.12 16.6 4.37 16.6 20.92 7.83 22.16 0.0 7.83 9.15 27.04 25.14 22.16 27.04 20.37 14.27 20.31
20.37 13.52 17.89 14.15 10.82 7.72 20.37 6.75 10.45 11.86 9.03 20.12 14.89 13.52 6.18 6.75 10.01 14.15 11.15 7.72 12.09 8.75 6.75 17.89 3.18 10.82 15.91 15.91 20.12 7.5 3.75 11.86 12.09 8.75 10.45 3.18 9.03 7.72 13.1 7.5 13.27 7.72 10.82 15.91 20.12 13.27 17.1 7.5 3.18 3.18 10.01 20.12 11.15 17.89 3.18 17.1 7.72 11.25 20.37 3.18 7.72 6.75 10.45 20.37 11.25 20.12 20.12 10.45 11.25 0.0 14.15 20.37 0.0 0.0 7.72 10.01 18.97 12.09 20.37 13.52 17.89 18.97 3.18 7.5 20.12 8.75 17.1 8.75 7.5 13.52 11.25 20.37 13.52 17.89 7.72 10.45 11.25 7.72 0.0 6.18 3.75
20.37 13.52 17.89 14.15 10.82 7.72 20.37 6.75 10.45 11.86 9.03 20.12 14.89 13.52 6.18 6.75 10.01 14.15 11.15 7.72 12.09 8.75 6.75 17.89 3.18 10.82 15.91 15.91 20.12 7.5 3.75 11.86 12.09 8.75 10.45 3.18 9.03 7.72 13.1 7.5 13.27 7.72 10.82 15.91 20.12 13.27 17.1 7.5 3.18 3.18 10.01 20.12 11.15 17.89 3.18 17.1 7.72 11.25 20.37 3.18 7.72 6.75 10.45 20.37 11.25 20.12 20.12 10.45 11.25 0.0 14.15 20.37 0.0 0.0 7.72 10.01 18.97 12.09 20.37 13.52 17.89 18.97 3.18 7.5 20.12 8.75 17.1 8.75 7.5 13.52 11.25 20.37 13.52 17.89 7.72 10.45 11.25 7.72 0.0 6.18 3.75
27.04 19.51 22.56 19.12 13.79 0.0 27.04 3.75 6.71 6.0 2.25 25.3 18.12 19.51 12.95 3.75 16.57 19.12 15.46 0.0 17.4 11.86 3.75 22.56 9.12 13.79 22.55 22.55 25.3 7.72 6.75 6.0 17.4 11.86 6.71 9.12 2.25 0.0 14.56 7.72 17.32 0.0 13.79 22.55 25.3 17.32 23.26 7.72 9.12 9.12 16.57 25.3 15.46 22.56 9.12 23.26 0.0 10.09 27.04 9.12 0.0 3.75 6.71 27.04 10.09 25.3 25.3 6.71 10.09 7.72 19.12 27.04 7.72 7.72 0.0 16.57 24.85 17.4 27.04 19.51 22.56 24.85 9.12 7.72 25.3 11.86 23.26 11.86 7.72 19.51 10.09 27.04 19.51 22.56 0.0 6.71 10.09 0.0 7.72 12.95 6.75
10.5 3.75 9.15 5.71 7.72 16.57 10.5 16.65 15.44 18.12 16.92 10.66 9.0 3.75 3.82 16.65 0.0 5.71 5.46 16.57 3.82 7.42 16.65 9.15 7.5 7.72 6.0 6.0 10.66 11.07 9.86 18.12 3.82 7.42 15.44 7.5 16.92 16.57 10.74 11.07 6.75 16.57 7.72 6.0 10.66 6.75 7.12 11.07 7.5 7.5 0.0 10.66 5.46 9.15 7.5 7.12 16.57 13.27 10.5 7.5 16.57 16.65 15.44 10.5 13.27 10.66 10.66 15.44 13.27 10.01 5.71 10.5 10.01 10.01 16.57 0.0 9.06 3.82 10.5 3.75 9.15 9.06 7.5 11.07 10.66 7.42 7.12 7.42 11.07 3.75 13.27 10.5 3.75 9.15 16.57 15.44 13.27 16.57 10.01 3.82 9.86
4.37 5.46 4.8 6.18 12.37 24.85 4.37 25.47 22.07 25.03 24.75 3.0 9.78 5.46 12.82 25.47 9.06 6.18 9.86 24.85 7.5 13.58 25.47 4.8 16.19 12.37 4.37 4.37 3.0 18.06 18.14 25.03 7.5 13.58 22.07 16.19 24.75 24.85 14.09 18.06 8.78 24.85 12.37 4.37 3.0 8.78 2.12 18.06 16.19 16.19 9.06 3.0 9.86 4.8 16.19 2.12 24.85 18.75 4.37 16.19 24.85 25.47 22.07 4.37 18.75 3.0 3.0 22.07 18.75 18.97 6.18 4.37 18.97 18.97 24.85 9.06 0.0 7.5 4.37 5.46 4.8 0.0 16.19 18.06 3.0 13.58 2.12 13.58 18.06 5.46 18.75 4.37 5.46 4.8 24.85 22.07 18.75 24.85 18.97 12.82 18.14
10.45 2.7 5.86 2.12 5.41 17.4 10.45 18.26 14.74 17.65 17.25 8.08 5.3 2.7 6.36 18.26 3.82 2.12 2.7 17.4 0.0 6.18 18.26 5.86 9.06 5.41 6.45 6.45 8.08 10.61 10.74 17.65 0.0 6.18 14.74 9.06 17.25 17.4 7.97 10.61 3.09 17.4 5.41 6.45 8.08 3.09 6.18 10.61 9.06 9.06 3.82 8.08 2.7 5.86 9.06 6.18 17.4 11.74 10.45 9.06 17.4 18.26 14.74 10.45 11.74 8.08 8.08 14.74 11.74 12.09 2.12 10.45 12.09 12.09 17.4 3.82 7.5 0.0 10.45 2.7 5.86 7.5 9.06 10.61 8.08 6.18 6.18 6.18 10.61 2.7 11.74 10.45 2.7 5.86 17.4 14.74 11.74 17.4 12.09 6.36 10.74
0.0 7.83 9.15 9.78 15.77 27.04 0.0 27.09 25.14 28.02 27.26 7.12 13.83 7.83 14.27 27.09 10.5 9.78 13.1 27.04 10.45 16.6 27.09 9.15 18.0 15.77 4.5 4.5 7.12 20.92 20.31 28.02 10.45 16.6 25.14 18.0 27.26 27.04 17.89 20.92 12.48 27.04 15.77 4.5 7.12 12.48 4.37 20.92 18.0 18.0 10.5 7.12 13.1 9.15 18.0 4.37 27.04 22.16 0.0 18.0 27.04 27.09 25.14 0.0 22.16 7.12 7.12 25.14 22.16 20.37 9.78 0.0 20.37 20.37 27.04 10.5 4.37 10.45 0.0 7.83 9.15 4.37 18.0 20.92 7.12 16.6 4.37 16.6 20.92 7.83 22.16 0.0 7.83 9.15 27.04 25.14 22.16 27.04 20.37 14.27 20.31
7.83 0.0 5.71 3.09 8.11 19.51 7.83 20.01 17.32 20.19 19.56 6.91 7.39 0.0 7.39 20.01 3.75 3.09 5.41 19.51 2.7 8.78 20.01 5.71 10.74 8.11 3.75 3.75 6.91 13.1 12.77 20.19 2.7 8.78 17.32 10.74 19.56 19.51 10.61 13.1 5.41 19.51 8.11 3.75 6.91 5.41 3.75 13.1 10.74 10.74 3.75 6.91 5.41 5.71 10.74 3.75 19.51 14.43 7.83 10.74 19.51 20.01 17.32 7.83 14.43 6.91 6.91 17.32 14.43 13.52 3.09 7.83 13.52 13.52 19.51 3.75 5.46 2.7 7.83 0.0 5.71 5.46 10.74 13.1 6.91 8.78 3.75 8.78 13.1 0.0 14.43 7.83 0.0 5.71 19.51 17.32 14.43 19.51 13.52 7.39 12.77
9.15 5.71 0.0 3.75 9.03 22.56 9.15 23.84 18.75 21.75 22.07 3.09 5.46 5.71 12.21 23.84 9.15 3.75 7.12 22.56 5.86 10.74 23.84 0.0 14.79 9.03 7.54 7.54 3.09 15.17 16.16 21.75 5.86 10.74 18.75 14.79 22.07 22.56 10.01 15.17 5.3 22.56 9.03 7.54 3.09 5.3 5.46 15.17 14.79 14.79 9.15 3.09 7.12 0.0 14.79 5.46 22.56 15.07 9.15 14.79 22.56 23.84 18.75 9.15 15.07 3.09 3.09 18.75 15.07 17.89 3.75 9.15 17.89 17.89 22.56 9.15 4.8 5.86 9.15 5.71 0.0 4.8 14.79 15.17 3.09 10.74 5.46 10.74 15.17 5.71 15.07 9.15 5.71 0.0 22.56 18.75 15.07 22.56 17.89 12.21 16.16
4.37 5.46 4.8 6.18 12.37 24.85 4.37 25.47 22.07 25.03 24.75 3.0 9.78 5.46 12.82 25.47 9.06 6.18 9.86 24.85 7.5 13.58 25.47 4.8 16.19 12.37 4.37 4.37 3.0 18.06 18.14 25.03 7.5 13.58 22.07 16.19 24.75 24.85 14.09 18.06 8.78 24.85 12.37 4.37 3.0 8.78 2.12 18.06 16.19 16.19 9.06 3.0 9.86 4.8 16.19 2.12 24.85 18.75 4.37 16.19 24.85 25.47 22.07 4.37 18.75 3.0 3.0 22.07 18.75 18.97 6.18 4.37 18.97 18.97 24.85 9.06 0.0 7.5 4.37 5.46 4.8 0.0 16.19 18.06 3.0 13.58 2.12 13.58 18.06 5.46 18.75 4.37 5.46 4.8 24.85 22.07 18.75 24.85 18.97 12.82 18.14
18.0 10.74 14.79 11.07 7.72 9.12 18.0 9.28 9.6 11.72 9.75 17.14 11.72 10.74 3.82 9.28 7.5 11.07 7.97 9.12 9.06 5.71 9.28 14.79 0.0 7.72 13.5 13.5 17.14 5.71 2.7 11.72 9.06 5.71 9.6 0.0 9.75 9.12 10.2 5.71 10.09 9.12 7.72 13.5 17.14 10.09 14.43 5.71 0.0 0.0 7.5 17.14 7.97 14.79 0.0 14.43 9.12 9.28 18.0 0.0 9.12 9.28 9.6 18.0 9.28 17.14 17.14 9.6 9.28 3.18 11.07 18.0 3.18 3.18 9.12 7.5 16.19 9.06 18.0 10.74 14.79 16.19 0.0 5.71 17.14 5.71 14.43 5.71 5.71 10.74 9.28 18.0 10.74 14.79 9.12 9.6 9.28 9.12 3.18 3.82 2.7
20.92 13.1 15.17 12.0 6.18 7.72 20.92 10.09 4.37 7.12 6.91 18.06 10.45 13.1 8.49 10.09 11.07 12.0 8.25 7.72 10.61 4.5 10.09 15.17 5.71 6.18 16.6 16.6 18.06 0.0 3.75 7.12 10.61 4.5 4.37 5.71 6.91 7.72 6.91 0.0 9.86 7.72 6.18 16.6 18.06 9.86 16.77 0.0 5.71 5.71 11.07 18.06 8.25 15.17 5.71 16.77 7.72 3.75 20.92 5.71 7.72 10.09 4.37 20.92 3.75 18.06 18.06 4.37 3.75 7.5 12.0 20.92 7.5 7.5 7.72 11.07 18.06 10.61 20.92 13.1 15.17 18.06 5.71 0.0 18.06 4.5 16.77 4.5 0.0 13.1 3.75 20.92 13.1 15.17 7.72 4.37 3.75 7.72 7.5 8.49 3.75
7.12 6.91 3.09 6.18 12.0 25.3 7.12 26.34 21.76 24.76 24.93 0.0 8.55 6.91 14.15 26.34 10.66 6.18 9.86 25.3 8.08 13.58 26.34 3.09 17.14 12.0 7.12 7.12 0.0 18.06 18.75 24.76 8.08 13.58 21.76 17.14 24.93 25.3 13.1 18.06 8.25 25.3 12.0 7.12 0.0 8.25 4.74 18.06 17.14 17.14 10.66 0.0 9.86 3.09 17.14 4.74 25.3 18.14 7.12 17.14 25.3 26.34 21.76 7.12 18.14 0.0 0.0 21.76 18.14 20.12 6.18 7.12 20.12 20.12 25.3 10.66 3.0 8.08 7.12 6.91 3.09 3.0 17.14 18.06 0.0 13.58 4.74 13.58 18.06 6.91 18.14 7.12 6.91 3.09 25.3 21.76 18.14 25.3 20.12 14.15 18.75
16.6 8.78 10.74 7.5 2.12 11.86 16.6 13.52 8.55 11.47 11.35 13.58 6.45 8.78 6.18 13.52 7.42 7.5 3.75 11.86 6.18 0.0 13.52 10.74 5.71 2.12 12.41 12.41 13.58 4.5 5.86 11.47 6.18 0.0 8.55 5.71 11.35 11.86 4.56 4.5 5.46 11.86 2.12 12.41 13.58 5.46 12.37 4.5 5.71 5.71 7.42 13.58 3.75 10.74 5.71 12.37 11.86 5.86 16.6 5.71 11.86 13.52 8.55 16.6 5.86 13.58 13.58 8.55 5.86 8.75 7.5 16.6 8.75 8.75 11.86 7.42 13.58 6.18 16.6 8.78 10.74 13.58 5.71 4.5 13.58 0.0 12.37 0.0 4.5 8.78 5.86 16.6 8.78 10.74 11.86 8.55 5.86 11.86 8.75 6.18 5.86
4.37 3.75 5.46 5.41 11.42 23.26 4.37 23.68 20.92 23.84 23.3 4.74 9.55 3.75 10.92 23.68 7.12 5.41 8.78 23.26 6.18 12.37 23.68 5.46 14.43 11.42 2.37 2.37 4.74 16.77 16.52 23.84 6.18 12.37 20.92 14.43 23.3 23.26 13.52 16.77 8.11 23.26 11.42 2.37 4.74 8.11 0.0 16.77 14.43 14.43 7.12 4.74 8.78 5.46 14.43 0.0 23.26 17.83 4.37 14.43 23.26 23.68 20.92 4.37 17.83 4.74 4.74 20.92 17.83 17.1 5.41 4.37 17.1 17.1 23.26 7.12 2.12 6.18 4.37 3.75 5.46 2.12 14.43 16.77 4.74 12.37 0.0 12.37 16.77 3.75 17.83 4.37 3.75 5.46 23.26 20.92 17.83 23.26 17.1 10.92 16.52
16.6 8.78 10.74 7.5 2.12 11.86 16.6 13.52 8.55 11.47 11.35 13.58 6.45 8.78 6.18 13.52 7.42 7.5 3.75 11.86 6.18 0.0 13.52 10.74 5.71 2.12 12.41 12.41 13.58 4.5 5.86 11.47 6.18 0.0 8.55 5.71 11.35 11.86 4.56 4.5 5.46 11.86 2.12 12.41 13.58 5.46 12.37 4.5 5.71 5.71 7.42 13.58 3.75 10.74 5.71 12.37 11.86 5.86 16.6 5.71 11.86 13.52 8.55 16.6 5.86 13.58 13.58 8.55 5.86 8.75 7.5 16.6 8.75 8.75 11.86 7.42 13.58 6.18 16.6 8.78 10.74 13.58 5.71 4.5 13.58 0.0 12.37 0.0 4.5 8.78 5.86 16.6 8.78 10.74 11.86 8.55 5.86 11.86 8.75 6.18 5.86
20.92 13.1 15.17 12.0 6.18 7.72 20.92 10.09 4.37 7.12 6.91 18.06 10.45 13.1 8.49 10.09 11.07 12.0 8.25 7.72 10.61 4.5 10.09 15.17 5.71 6.18 16.6 16.6 18.06 0.0 3.75 7.12 10.61 4.5 4.37 5.71 6.91 7.72 6.91 0.0 9.86 7.72 6.18 16.6 18.06 9.86 16.77 0.0 5.71 5.71 11.07 18.06 8.25 15.17 5.71 16.77 7.72 3.75 20.92 5.71 7.72 10.09 4.37 20.92 3.75 18.06 18.06 4.37 3.75 7.5 12.0 20.92 7.5 7.5 7.72 11.07 18.06 10.61 20.92 13.1 15.17 18.06 5.71 0.0 18.06 4.5 16.77 4.5 0.0 13.1 3.75 20.92 13.1 15.17 7.72 4.37 3.75 7.72 7.5 8.49 3.75
7.83 0.0 5.71 3.09 8.11 19.51 7.83 20.01 17.32 20.19 19.56 6.91 7.39 0.0 7.39 20.01 3.75 3.09 5.41 19.51 2.7 8.78 20.01 5.71 10.74 8.11 3.75 3.75 6.91 13.1 12.77 20.19 2.7 8.78 17.32 10.74 19.56 19.51 10.61 13.1 5.41 19.51 8.11 3.75 6.91 5.41 3.75 13.1 10.74 10.74 3.75 6.91 5.41 5.71 10.74 3.75 19.51 14.43 7.83 10.74 19.51 20.01 17.32 7.83 14.43 6.91 6.91 17.32 14.43 13.52 3.09 7.83 13.52 13.52 19.51 3.75 5.46 2.7 7.83 0.0 5.71 5.46 10.74 13.1 6.91 8.78 3.75 8.78 13.1 0.0 14.43 7.83 0.0 5.71 19.51 17.32 14.43 19.51 13.52 7.39 12.77
22.16 14.43 15.07 12.57 6.41 10.09 22.16 13.12 4.04 6.91 8.55 18.14 9.75 14.43 11.45 13.12 13.27 12.57 9.06 10.09 11.74 5.86 13.12 15.07 9.28 6.41 18.14 18.14 18.14 3.75 7.5 6.91 11.74 5.86 4.04 9.28 8.55 10.09 5.3 3.75 10.01 10.09 6.41 18.14 18.14 10.01 17.83 3.75 9.28 9.28 13.27 18.14 9.06 15.07 9.28 17.83 10.09 0.0 22.16 9.28 10.09 13.12 4.04 22.16 0.0 18.14 18.14 4.04 0.0 11.25 12.57 22.16 11.25 11.25 10.09 13.27 18.75 11.74 22.16 14.43 15.07 18.75 9.28 3.75 18.14 5.86 17.83 5.86 3.75 14.43 0.0 22.16 14.43 15.07 10.09 4.04 0.0 10.09 11.25 11.45 7.5
0.0 7.83 9.15 9.78 15.77 27.04 0.0 27.09 25.14 28.02 27.26 7.12 13.83 7.83 14.27 27.09 10.5 9.78 13.1 27.04 10.45 16.6 27.09 9.15 18.0 15.77 4.5 4.5 7.12 20.92 20.31 28.02 10.45 16.6 25.14 18.0 27.26 27.04 17.89 20.92 12.48 27.04 15.77 4.5 7.12 12.48 4.37 20.92 18.0 18.0 10.5 7.12 13.1 9.15 18.0 4.37 27.04 22.16 0.0 18.0 27.04 27.09 25.14 0.0 22.16 7.12 7.12 25.14 22.16 20.37 9.78 0.0 20.37 20.37 27.04 10.5 4.37 10.45 0.0 7.83 9.15 4.37 18.0 20.92 7.12 16.6 4.37 16.6 20.92 7.83 22.16 0.0 7.83 9.15 27.04 25.14 22.16 27.04 20.37 14.27 20.31
7.83 0.0 5.71 3.09 8.11 19.51 7.83 20.01 17.32 20.19 19.56 6.91 7.39 0.0 7.39 20.01 3.75 3.09 5.41 19.51 2.7 8.78 20.01 5.71 10.74 8.11 3.75 3.75 6.91 13.1 12.77 20.19 2.7 8.78 17.32 10.74 19.56 19.51 10.61 13.1 5.41 19.51 8.11 3.75 6.91 5.41 3.75 13.1 10.74 10.74 3.75 6.91 5.41 5.71 10.74 3.75 19.51 14.43 7.83 10.74 19.51 20.01 17.32 7.83 14.43 6.91 6.91 17.32 14.43 13.52 3.09 7.83 13.52 13.52 19.51 3.75 5.46 2.7 7.83 0.0 5.71 5.46 10.74 13.1 6.91 8.78 3.75 8.78 13.1 0.0 14.43 7.83 0.0 5.71 19.51 17.32 14.43 19.51 13.52 7.39 12.77
9.15 5.71 0.0 3.75 9.03 22.56 9.15 23.84 18.75 21.75 22.07 3.09 5.46 5.71 12.21 23.84 9.15 3.75 7.12 22.56 5.86 10.74 23.84 0.0 14.79 9.03 7.54 7.54 3.09 15.17 16.16 21.75 5.86 10.74 18.75 14.79 22.07 22.56 10.01 15.17 5.3 22.56 9.03 7.54 3.09 5.3 5.46 15.17 14.79 14.79 9.15 3.09 7.12 0.0 14.79 5.46 22.56 15.07 9.15 14.79 22.56 23.84 18.75 9.15 15.07 3.09 3.09 18.75 15.07 17.89 3.75 9.15 17.89 17.89 22.56 9.15 4.8 5.86 9.15 5.71 0.0 4.8 14.79 15.17 3.09 10.74 5.46 10.74 15.17 5.71 15.07 9.15 5.71 0.0 22.56 18.75 15.07 22.56 17.89 12.21 16.16
27.04 19.51 22.56 19.12 13.79 0.0 27.04 3.75 6.71 6.0 2.25 25.3 18.12 19.51 12.95 3.75 16.57 19.12 15.46 0.0 17.4 11.86 3.75 22.56 9.12 13.79 22.55 22.55 25.3 7.72 6.75 6.0 17.4 11.86 6.71 9.12 2.25 0.0 14.56 7.72 17.32 0.0 13.79 22.55 25.3 17.32 23.26 7.72 9.12 9.12 16.57 25.3 15.46 22.56 9.12 23.26 0.0 10.09 27.04 9.12 0.0 3.75 6.71 27.04 10.09 25.3 25.3 6.71 10.09 7.72 19.12 27.04 7.72 7.72 0.0 16.57 24.85 17.4 27.04 19.51 22.56 24.85 9.12 7.72 25.3 11.86 23.26 11.86 7.72 19.51 10.09 27.04 19.51 22.56 0.0 6.71 10.09 0.0 7.72 12.95 6.75
25.14 17.32 18.75 15.91 9.78 6.71 25.14 10.2 0.0 3.0 4.8 21.76 13.58 17.32 12.77 10.2 15.44 15.91 12.21 6.71 14.74 8.55 10.2 18.75 9.6 9.78 20.89 20.89 21.76 4.37 7.08 3.0 14.74 8.55 0.0 9.6 4.8 6.71 9.28 4.37 13.52 6.71 9.78 20.89 21.76 13.52 20.92 4.37 9.6 9.6 15.44 21.76 12.21 18.75 9.6 20.92 6.71 4.04 25.14 9.6 6.71 10.2 0.0 25.14 4.04 21.76 21.76 0.0 4.04 10.45 15.91 25.14 10.45 10.45 6.71 15.44 22.07 14.74 25.14 17.32 18.75 22.07 9.6 4.37 21.76 8.55 20.92 8.55 4.37 17.32 4.04 25.14 17.32 18.75 6.71 0.0 4.04 6.71 10.45 12.77 7.08
22.16 14.43 15.07 12.57 6.41 10.09 22.16 13.12 4.04 6.91 8.55 18.14 9.75 14.43 11.45 13.12 13.27 12.57 9.06 10.09 11.74 5.86 13.12 15.07 9.28 6.41 18.14 18.14 18.14 3.75 7.5 6.91 11.74 5.86 4.04 9.28 8.55 10.09 5.3 3.75 10.01 10.09 6.41 18.14 18.14 10.01 17.83 3.75 9.28 9.28 13.27 18.14 9.06 15.07 9.28 17.83 10.09 0.0 22.16 9.28 10.09 13.12 4.04 22.16 0.0 18.14 18.14 4.04 0.0 11.25 12.57 22.16 11.25 11.25 10.09 13.27 18.75 11.74 22.16 14.43 15.07 18.75 9.28 3.75 18.14 5.86 17.83 5.86 3.75 14.43 0.0 22.16 14.43 15.07 10.09 4.04 0.0 10.09 11.25 11.45 7.5
27.04 19.51 22.56 19.12 13.79 0.0 27.04 3.75 6.71 6.0 2.25 25.3 18.12 19.51 12.95 3.75 16.57 19.12 15.46 0.0 17.4 11.86 3.75 22.56 9.12 13.79 22.55 22.55 25.3 7.72 6.75 6.0 17.4 11.86 6.71 9.12 2.25 0.0 14.56 7.72 17.32 0.0 13.79 22.55 25.3 17.32 23.26 7.72 9.12 9.12 16.57 25.3 15.46 22.56 9.12 23.26 0.0 10.09 27.04 9.12 0.0 3.75 6.71 27.04 10.09 25.3 25.3 6.71 10.09 7.72 19.12 27.04 7.72 7.72 0.0 16.57 24.85 17.4 27.04 19.51 22.56 24.85 9.12 7.72 25.3 11.86 23.26 11.86 7.72 19.51 10.09 27.04 19.51 22.56 0.0 6.71 10.09 0.0 7.72 12.95 6.75
20.37 13.52 17.89 14.15 10.82 7.72 20.37 6.75 10.45 11.86 9.03 20.12 14.89 13.52 6.18 6.75 10.01 14.15 11.15 7.72 12.09 8.75 6.75 17.89 3.18 10.82 15.91 15.91 20.12 7.5 3.75 11.86 12.09 8.75 10.45 3.18 9.03 7.72 13.1 7.5 13.27 7.72 10.82 15.91 20.12 13.27 17.1 7.5 3.18 3.18 10.01 20.12 11.15 17.89 3.18 17.1 7.72 11.25 20.37 3.18 7.72 6.75 10.45 20.37 11.25 20.12 20.12 10.45 11.25 0.0 14.15 20.37 0.0 0.0 7.72 10.01 18.97 12.09 20.37 13.52 17.89 18.97 3.18 7.5 20.12 8.75 17.1 8.75 7.5 13.52 11.25 20.37 13.52 17.89 7.72 10.45 11.25 7.72 0.0 6.18 3.75
14.27 7.39 12.21 8.49 7.5 12.95 14.27 12.84 12.77 15.19 13.52 14.15 10.45 7.39 0.0 12.84 3.82 8.49 6.41 12.95 6.36 6.18 12.84 12.21 3.82 7.5 9.78 9.78 14.15 8.49 6.41 15.19 6.36 6.18 12.77 3.82 13.52 12.95 10.53 8.49 8.39 12.95 7.5 9.78 14.15 8.39 10.92 8.49 3.82 3.82 3.82 14.15 6.41 12.21 3.82 10.92 12.95 11.45 14.27 3.82 12.95 12.84 12.77 14.27 11.45 14.15 14.15 12.77 11.45 6.18 8.49 14.27 6.18 6.18 12.95 3.82 12.82 6.36 14.27 7.39 12.21 12.82 3.82 8.49 14.15 6.18 10.92 6.18 8.49 7.39 11.45 14.27 7.39 12.21 12.95 12.77 11.45 12.95 6.18 0.0 6.41
20.31 12.77 16.16 12.57 7.97 6.75 20.31 7.72 7.08 9.03 7.12 18.75 12.3 12.77 6.41 7.72 9.86 12.57 9.06 6.75 10.74 5.86 7.72 16.16 2.7 7.97 15.82 15.82 18.75 3.75 0.0 9.03 10.74 5.86 7.08 2.7 7.12 6.75 9.78 3.75 11.07 6.75 7.97 15.82 18.75 11.07 16.52 3.75 2.7 2.7 9.86 18.75 9.06 16.16 2.7 16.52 6.75 7.5 20.31 2.7 6.75 7.72 7.08 20.31 7.5 18.75 18.75 7.08 7.5 3.75 12.57 20.31 3.75 3.75 6.75 9.86 18.14 10.74 20.31 12.77 16.16 18.14 2.7 3.75 18.75 5.86 16.52 5.86 3.75 12.77 7.5 20.31 12.77 16.16 6.75 7.08 7.5 6.75 3.75 6.41 0.0
