0.0 7.83 20.37 7.12 20.31 22.16 16.6 0.0 28.02 4.37 18.0 27.26 20.31 15.77 0.0 12.48 18.0 7.83 20.92 13.83 14.27 18.0 9.78 4.37 0.0 28.02 20.37 15.77 12.48 13.1 15.77 28.02 14.27 27.26 12.48 4.5 4.37 28.02 13.1 16.6 9.15 13.1 16.6 13.1 12.48 4.37 10.45 27.04 13.83 15.77 20.92 27.04 27.26 16.6 4.37 25.14 27.04 12.48 0.0 25.14 20.31 4.37 20.31 20.92 16.1 14.27 16.6 20.37 0.0 27.04 16.6 13.83 9.78 25.14 4.5 16.1 27.09 22.16 4.5 20.92 7.83
7.83 0.0 13.52 6.91 12.77 14.43 8.78 7.83 20.19 3.75 10.74 19.56 12.77 8.11 7.83 5.41 10.74 0.0 13.1 7.39 7.39 10.74 3.09 3.75 7.83 20.19 13.52 8.11 5.41 5.41 8.11 20.19 7.39 19.56 5.41 3.75 5.46 20.19 5.41 8.78 5.71 5.41 8.78 5.41 5.41 5.46 2.7 19.51 7.39 8.11 13.1 19.51 19.56 8.78 3.75 17.32 19.51 5.41 7.83 17.32 12.77 5.46 12.77 13.1 8.55 7.39 8.78 13.52 7.83 19.51 8.78 7.39 3.09 17.32 3.75 8.55 20.01 14.43 3.75 13.1 0.0
20.37 13.52 0.0 20.12 3.75 11.25 8.75 20.37 11.86 17.1 3.18 9.03 3.75 10.82 20.37 13.27 3.18 13.52 7.5 14.89 6.18 3.18 14.15 17.1 20.37 11.86 0.0 10.82 13.27 11.15 10.82 11.86 6.18 9.03 13.27 15.91 18.97 11.86 11.15 8.75 17.89 11.15 8.75 11.15 13.27 18.97 12.09 7.72 14.89 10.82 7.5 7.72 9.03 8.75 17.1 10.45 7.72 13.27 20.37 10.45 3.75 18.97 3.75 7.5 11.45 6.18 8.75 0.0 20.37 7.72 8.75 14.89 14.15 10.45 15.91 11.45 6.75 11.25 15.91 7.5 13.52
7.12 6.91 20.12 0.0 18.75 18.14 13.58 7.12 24.76 4.74 17.14 24.93 18.75 12.0 7.12 8.25 17.14 6.91 18.06 8.55 14.15 17.14 6.18 4.74 7.12 24.76 20.12 12.0 8.25 9.86 12.0 24.76 14.15 24.93 8.25 7.12 3.0 24.76 9.86 13.58 3.09 9.86 13.58 9.86 8.25 3.0 8.08 25.3 8.55 12.0 18.06 25.3 24.93 13.58 4.74 21.76 25.3 8.25 7.12 21.76 18.75 3.0 18.75 18.06 12.02 14.15 13.58 20.12 7.12 25.3 13.58 8.55 6.18 21.76 7.12 12.02 26.34 18.14 7.12 18.06 6.91
20.31 12.77 3.75 18.75 0.0 7.5 5.86 20.31 9.03 16.52 2.7 7.12 0.0 7.97 20.31 11.07 2.7 12.77 3.75 12.3 6.41 2.7 12.57 16.52 20.31 9.03 3.75 7.97 11.07 9.06 7.97 9.03 6.41 7.12 11.07 15.82 18.14 9.03 9.06 5.86 16.16 9.06 5.86 9.06 11.07 18.14 10.74 6.75 12.3 7.97 3.75 6.75 7.12 5.86 16.52 7.08 6.75 11.07 20.31 7.08 0.0 18.14 0.0 3.75 8.49 6.41 5.86 3.75 20.31 6.75 5.86 12.3 12.57 7.08 15.82 8.49 7.72 7.5 15.82 3.75 12.77
22.16 14.43 11.25 18.14 7.5 0.0 5.86 22.16 6.91 17.83 9.28 8.55 7.5 6.41 22.16 10.01 9.28 14.43 3.75 9.75 11.45 9.28 12.57 17.83 22.16 6.91 11.25 6.41 10.01 9.06 6.41 6.91 11.45 8.55 10.01 18.14 18.75 6.91 9.06 5.86 15.07 9.06 5.86 9.06 10.01 18.75 11.74 10.09 9.75 6.41 3.75 10.09 8.55 5.86 17.83 4.04 10.09 10.01 22.16 4.04 7.5 18.75 7.5 3.75 6.18 11.45 5.86 11.25 22.16 10.09 5.86 9.75 12.57 4.04 18.14 6.18 13.12 0.0 18.14 3.75 14.43
16.6 8.78 8.75 13.58 5.86 5.86 0.0 16.6 11.47 12.37 5.71 11.35 5.86 2.12 16.6 5.46 5.71 8.78 4.5 6.45 6.18 5.71 7.5 12.37 16.6 11.47 8.75 2.12 5.46 3.75 2.12 11.47 6.18 11.35 5.46 12.41 13.58 11.47 3.75 0.0 10.74 3.75 0.0 3.75 5.46 13.58 6.18 11.86 6.45 2.12 4.5 11.86 11.35 0.0 12.37 8.55 11.86 5.46 16.6 8.55 5.86 13.58 5.86 4.5 2.7 6.18 0.0 8.75 16.6 11.86 0.0 6.45 7.5 8.55 12.41 2.7 13.52 5.86 12.41 4.5 8.78
0.0 7.83 20.37 7.12 20.31 22.16 16.6 0.0 28.02 4.37 18.0 27.26 20.31 15.77 0.0 12.48 18.0 7.83 20.92 13.83 14.27 18.0 9.78 4.37 0.0 28.02 20.37 15.77 12.48 13.1 15.77 28.02 14.27 27.26 12.48 4.5 4.37 28.02 13.1 16.6 9.15 13.1 16.6 13.1 12.48 4.37 10.45 27.04 13.83 15.77 20.92 27.04 27.26 16.6 4.37 25.14 27.04 12.48 0.0 25.14 20.31 4.37 20.31 20.92 16.1 14.27 16.6 20.37 0.0 27.04 16.6 13.83 9.78 25.14 4.5 16.1 27.09 22.16 4.5 20.92 7.83
28.02 20.19 11.86 24.76 9.03 6.91 11.47 28.02 0.0 23.84 11.72 3.75 9.03 12.77 28.02 16.52 11.72 20.19 7.12 16.57 15.19 11.72 18.88 23.84 28.02 0.0 11.86 12.77 16.52 15.17 12.77 0.0 15.19 3.75 16.52 23.72 25.03 0.0 15.17 11.47 21.75 15.17 11.47 15.17 16.52 25.03 17.65 6.0 16.57 12.77 7.12 6.0 3.75 11.47 23.84 3.0 6.0 16.52 28.02 3.0 9.03 25.03 9.03 7.12 12.75 15.19 11.47 11.86 28.02 6.0 11.47 16.57 18.88 3.0 23.72 12.75 9.75 6.91 23.72 7.12 20.19
4.37 3.75 17.1 4.74 16.52 17.83 12.37 4.37 23.84 0.0 14.43 23.3 16.52 11.42 4.37 8.11 14.43 3.75 16.77 9.55 10.92 14.43 5.41 0.0 4.37 23.84 17.1 11.42 8.11 8.78 11.42 23.84 10.92 23.3 8.11 2.37 2.12 23.84 8.78 12.37 5.46 8.78 12.37 8.78 8.11 2.12 6.18 23.26 9.55 11.42 16.77 23.26 23.3 12.37 0.0 20.92 23.26 8.11 4.37 20.92 16.52 2.12 16.52 16.77 11.74 10.92 12.37 17.1 4.37 23.26 12.37 9.55 5.41 20.92 2.37 11.74 23.68 17.83 2.37 16.77 3.75
18.0 10.74 3.18 17.14 2.7 9.28 5.71 18.0 11.72 14.43 0.0 9.75 2.7 7.72 18.0 10.09 0.0 10.74 5.71 11.72 3.82 0.0 11.07 14.43 18.0 11.72 3.18 7.72 10.09 7.97 7.72 11.72 3.82 9.75 10.09 13.5 16.19 11.72 7.97 5.71 14.79 7.97 5.71 7.97 10.09 16.19 9.06 9.12 11.72 7.72 5.71 9.12 9.75 5.71 14.43 9.6 9.12 10.09 18.0 9.6 2.7 16.19 2.7 5.71 8.39 3.82 5.71 3.18 18.0 9.12 5.71 11.72 11.07 9.6 13.5 8.39 9.28 9.28 13.5 5.71 10.74
27.26 19.56 9.03 24.93 7.12 8.55 11.35 27.26 3.75 23.3 9.75 0.0 7.12 13.1 27.26 16.77 9.75 19.56 6.91 17.32 13.52 9.75 18.81 23.3 27.26 3.75 9.03 13.1 16.77 15.07 13.1 3.75 13.52 0.0 16.77 22.81 24.75 3.75 15.07 11.35 22.07 15.07 11.35 15.07 16.77 24.75 17.25 2.25 17.32 13.1 6.91 2.25 0.0 11.35 23.3 4.8 2.25 16.77 27.26 4.8 7.12 24.75 7.12 6.91 13.29 13.52 11.35 9.03 27.26 2.25 11.35 17.32 18.81 4.8 22.81 13.29 6.0 8.55 22.81 6.91 19.56
20.31 12.77 3.75 18.75 0.0 7.5 5.86 20.31 9.03 16.52 2.7 7.12 0.0 7.97 20.31 11.07 2.7 12.77 3.75 12.3 6.41 2.7 12.57 16.52 20.31 9.03 3.75 7.97 11.07 9.06 7.97 9.03 6.41 7.12 11.07 15.82 18.14 9.03 9.06 5.86 16.16 9.06 5.86 9.06 11.07 18.14 10.74 6.75 12.3 7.97 3.75 6.75 7.12 5.86 16.52 7.08 6.75 11.07 20.31 7.08 0.0 18.14 0.0 3.75 8.49 6.41 5.86 3.75 20.31 6.75 5.86 12.3 12.57 7.08 15.82 8.49 7.72 7.5 15.82 3.75 12.77
15.77 8.11 10.82 12.0 7.97 6.41 2.12 15.77 12.77 11.42 7.72 13.1 7.97 0.0 15.77 3.75 7.72 8.11 6.18 4.37 7.5 7.72 6.18 11.42 15.77 12.77 10.82 0.0 3.75 2.7 0.0 12.77 7.5 13.1 3.75 11.86 12.37 12.77 2.7 2.12 9.03 2.7 2.12 2.7 3.75 12.37 5.41 13.79 4.37 0.0 6.18 13.79 13.1 2.12 11.42 9.78 13.79 3.75 15.77 9.78 7.97 12.37 7.97 6.18 0.75 7.5 2.12 10.82 15.77 13.79 2.12 4.37 6.18 9.78 11.86 0.75 15.61 6.41 11.86 6.18 8.11
0.0 7.83 20.37 7.12 20.31 22.16 16.6 0.0 28.02 4.37 18.0 27.26 20.31 15.77 0.0 12.48 18.0 7.83 20.92 13.83 14.27 18.0 9.78 4.37 0.0 28.02 20.37 15.77 12.48 13.1 15.77 28.02 14.27 27.26 12.48 4.5 4.37 28.02 13.1 16.6 9.15 13.1 16.6 13.1 12.48 4.37 10.45 27.04 13.83 15.77 20.92 27.04 27.26 16.6 4.37 25.14 27.04 12.48 0.0 25.14 20.31 4.37 20.31 20.92 16.1 14.27 16.6 20.37 0.0 27.04 16.6 13.83 9.78 25.14 4.5 16.1 27.09 22.16 4.5 20.92 7.83
12.48 5.41 13.27 8.25 11.07 10.01 5.46 12.48 16.52 8.11 10.09 16.77 11.07 3.75 12.48 0.0 10.09 5.41 9.86 2.25 8.39 10.09 2.7 8.11 12.48 16.52 13.27 3.75 0.0 2.12 3.75 16.52 8.39 16.77 0.0 9.03 8.78 16.52 2.12 5.46 5.3 2.12 5.46 2.12 0.0 8.78 3.09 17.32 2.25 3.75 9.86 17.32 16.77 5.46 8.11 13.52 17.32 0.0 12.48 13.52 11.07 8.78 11.07 9.86 3.82 8.39 5.46 13.27 12.48 17.32 5.46 2.25 2.7 13.52 9.03 3.82 18.79 10.01 9.03 9.86 5.41
18.0 10.74 3.18 17.14 2.7 9.28 5.71 18.0 11.72 14.43 0.0 9.75 2.7 7.72 18.0 10.09 0.0 10.74 5.71 11.72 3.82 0.0 11.07 14.43 18.0 11.72 3.18 7.72 10.09 7.97 7.72 11.72 3.82 9.75 10.09 13.5 16.19 11.72 7.97 5.71 14.79 7.97 5.71 7.97 10.09 16.19 9.06 9.12 11.72 7.72 5.71 9.12 9.75 5.71 14.43 9.6 9.12 10.09 18.0 9.6 2.7 16.19 2.7 5.71 8.39 3.82 5.71 3.18 18.0 9.12 5.71 11.72 11.07 9.6 13.5 8.39 9.28 9.28 13.5 5.71 10.74
7.83 0.0 13.52 6.91 12.77 14.43 8.78 7.83 20.19 3.75 10.74 19.56 12.77 8.11 7.83 5.41 10.74 0.0 13.1 7.39 7.39 10.74 3.09 3.75 7.83 20.19 13.52 8.11 5.41 5.41 8.11 20.19 7.39 19.56 5.41 3.75 5.46 20.19 5.41 8.78 5.71 5.41 8.78 5.41 5.41 5.46 2.7 19.51 7.39 8.11 13.1 19.51 19.56 8.78 3.75 17.32 19.51 5.41 7.83 17.32 12.77 5.46 12.77 13.1 8.55 7.39 8.78 13.52 7.83 19.51 8.78 7.39 3.09 17.32 3.75 8.55 20.01 14.43 3.75 13.1 0.0
20.92 13.1 7.5 18.06 3.75 3.75 4.5 20.92 7.12 16.77 5.71 6.91 3.75 6.18 20.92 9.86 5.71 13.1 0.0 10.45 8.49 5.71 12.0 16.77 20.92 7.12 7.5 6.18 9.86 8.25 6.18 7.12 8.49 6.91 9.86 16.6 18.06 7.12 8.25 4.5 15.17 8.25 4.5 8.25 9.86 18.06 10.61 7.72 10.45 6.18 0.0 7.72 6.91 4.5 16.77 4.37 7.72 9.86 20.92 4.37 3.75 18.06 3.75 0.0 6.41 8.49 4.5 7.5 20.92 7.72 4.5 10.45 12.0 4.37 16.6 6.41 10.09 3.75 16.6 0.0 13.1
13.83 7.39 14.89 8.55 12.3 9.75 6.45 13.83 16.57 9.55 11.72 17.32 12.3 4.37 13.83 2.25 11.72 7.39 10.45 0.0 10.45 11.72 4.37 9.55 13.83 16.57 14.89 4.37 2.25 4.04 4.37 16.57 10.45 17.32 2.25 10.82 9.78 16.57 4.04 6.45 5.46 4.04 6.45 4.04 2.25 9.78 5.3 18.12 0.0 4.37 10.45 18.12 17.32 6.45 9.55 13.58 18.12 2.25 13.83 13.58 12.3 9.78 12.3 10.45 4.04 10.45 6.45 14.89 13.83 18.12 6.45 0.0 4.37 13.58 10.82 4.04 19.97 9.75 10.82 10.45 7.39
14.27 7.39 6.18 14.15 6.41 11.45 6.18 14.27 15.19 10.92 3.82 13.52 6.41 7.5 14.27 8.39 3.82 7.39 8.49 10.45 0.0 3.82 8.49 10.92 14.27 15.19 6.18 7.5 8.39 6.41 7.5 15.19 0.0 13.52 8.39 9.78 12.82 15.19 6.41 6.18 12.21 6.41 6.18 6.41 8.39 12.82 6.36 12.95 10.45 7.5 8.49 12.95 13.52 6.18 10.92 12.77 12.95 8.39 14.27 12.77 6.41 12.82 6.41 8.49 8.25 0.0 6.18 6.18 14.27 12.95 6.18 10.45 8.49 12.77 9.78 8.25 12.84 11.45 9.78 8.49 7.39
18.0 10.74 3.18 17.14 2.7 9.28 5.71 18.0 11.72 14.43 0.0 9.75 2.7 7.72 18.0 10.09 0.0 10.74 5.71 11.72 3.82 0.0 11.07 14.43 18.0 11.72 3.18 7.72 10.09 7.97 7.72 11.72 3.82 9.75 10.09 13.5 16.19 11.72 7.97 5.71 14.79 7.97 5.71 7.97 10.09 16.19 9.06 9.12 11.72 7.72 5.71 9.12 9.75 5.71 14.43 9.6 9.12 10.09 18.0 9.6 2.7 16.19 2.7 5.71 8.39 3.82 5.71 3.18 18.0 9.12 5.71 11.72 11.07 9.6 13.5 8.39 9.28 9.28 13.5 5.71 10.74
9.78 3.09 14.15 6.18 12.57 12.57 7.5 9.78 18.88 5.41 11.07 18.81 12.57 6.18 9.78 2.7 11.07 3.09 12.0 4.37 8.49 11.07 0.0 5.41 9.78 18.88 14.15 6.18 2.7 3.75 6.18 18.88 8.49 18.81 2.7 6.45 6.18 18.88 3.75 7.5 3.75 3.75 7.5 3.75 2.7 6.18 2.12 19.12 4.37 6.18 12.0 19.12 18.81 7.5 5.41 15.91 19.12 2.7 9.78 15.91 12.57 6.18 12.57 12.0 6.41 8.49 7.5 14.15 9.78 19.12 7.5 4.37 0.0 15.91 6.45 6.41 20.19 12.57 6.45 12.0 3.09
4.37 3.75 17.1 4.74 16.52 17.83 12.37 4.37 23.84 0.0 14.43 23.3 16.52 11.42 4.37 8.11 14.43 3.75 16.77 9.55 10.92 14.43 5.41 0.0 4.37 23.84 17.1 11.42 8.11 8.78 11.42 23.84 10.92 23.3 8.11 2.37 2.12 23.84 8.78 12.37 5.46 8.78 12.37 8.78 8.11 2.12 6.18 23.26 9.55 11.42 16.77 23.26 23.3 12.37 0.0 20.92 23.26 8.11 4.37 20.92 16.52 2.12 16.52 16.77 11.74 10.92 12.37 17.1 4.37 23.26 12.37 9.55 5.41 20.92 2.37 11.74 23.68 17.83 2.37 16.77 3.75
0.0 7.83 20.37 7.12 20.31 22.16 16.6 0.0 28.02 4.37 18.0 27.26 20.31 15.77 0.0 12.48 18.0 7.83 20.92 13.83 14.27 18.0 9.78 4.37 0.0 28.02 20.37 15.77 12.48 13.1 15.77 28.02 14.27 27.26 12.48 4.5 4.37 28.02 13.1 16.6 9.15 13.1 16.6 13.1 12.48 4.37 10.45 27.04 13.83 15.77 20.92 27.04 27.26 16.6 4.37 25.14 27.04 12.48 0.0 25.14 20.31 4.37 20.31 20.92 16.1 14.27 16.6 20.37 0.0 27.04 16.6 13.83 9.78 25.14 4.5 16.1 27.09 22.16 4.5 20.92 7.83
28.02 20.19 11.86 24.76 9.03 6.91 11.47 28.02 0.0 23.84 11.72 3.75 9.03 12.77 28.02 16.52 11.72 20.19 7.12 16.57 15.19 11.72 18.88 23.84 28.02 0.0 11.86 12.77 16.52 15.17 12.77 0.0 15.19 3.75 16.52 23.72 25.03 0.0 15.17 11.47 21.75 15.17 11.47 15.17 16.52 25.03 17.65 6.0 16.57 12.77 7.12 6.0 3.75 11.47 23.84 3.0 6.0 16.52 28.02 3.0 9.03 25.03 9.03 7.12 12.75 15.19 11.47 11.86 28.02 6.0 11.47 16.57 18.88 3.0 23.72 12.75 9.75 6.91 23.72 7.12 20.19
20.37 13.52 0.0 20.12 3.75 11.25 8.75 20.37 11.86 17.1 3.18 9.03 3.75 10.82 20.37 13.27 3.18 13.52 7.5 14.89 6.18 3.18 14.15 17.1 20.37 11.86 0.0 10.82 13.27 11.15 10.82 11.86 6.18 9.03 13.27 15.91 18.97 11.86 11.15 8.75 17.89 11.15 8.75 11.15 13.27 18.97 12.09 7.72 14.89 10.82 7.5 7.72 9.03 8.75 17.1 10.45 7.72 13.27 20.37 10.45 3.75 18.97 3.75 7.5 11.45 6.18 8.75 0.0 20.37 7.72 8.75 14.89 14.15 10.45 15.91 11.45 6.75 11.25 15.91 7.5 13.52
15.77 8.11 10.82 12.0 7.97 6.41 2.12 15.77 12.77 11.42 7.72 13.1 7.97 0.0 15.77 3.75 7.72 8.11 6.18 4.37 7.5 7.72 6.18 11.42 15.77 12.77 10.82 0.0 3.75 2.7 0.0 12.77 7.5 13.1 3.75 11.86 12.37 12.77 2.7 2.12 9.03 2.7 2.12 2.7 3.75 12.37 5.41 13.79 4.37 0.0 6.18 13.79 13.1 2.12 11.42 9.78 13.79 3.75 15.77 9.78 7.97 12.37 7.97 6.18 0.75 7.5 2.12 10.82 15.77 13.79 2.12 4.37 6.18 9.78 11.86 0.75 15.61 6.41 11.86 6.18 8.11
12.48 5.41 13.27 8.25 11.07 10.01 5.46 12.48 16.52 8.11 10.09 16.77 11.07 3.75 12.48 0.0 10.09 5.41 9.86 2.25 8.39 10.09 2.7 8.11 12.48 16.52 13.27 3.75 0.0 2.12 3.75 16.52 8.39 16.77 0.0 9.03 8.78 16.52 2.12 5.46 5.3 2.12 5.46 2.12 0.0 8.78 3.09 17.32 2.25 3.75 9.86 17.32 16.77 5.46 8.11 13.52 17.32 0.0 12.48 13.52 11.07 8.78 11.07 9.86 3.82 8.39 5.46 13.27 12.48 17.32 5.46 2.25 2.7 13.52 9.03 3.82 18.79 10.01 9.03 9.86 5.41
13.1 5.41 11.15 9.86 9.06 9.06 3.75 13.1 15.17 8.78 7.97 15.07 9.06 2.7 13.1 2.12 7.97 5.41 8.25 4.04 6.41 7.97 3.75 8.78 13.1 15.17 11.15 2.7 2.12 0.0 2.7 15.17 6.41 15.07 2.12 9.15 9.86 15.17 0.0 3.75 7.12 0.0 3.75 0.0 2.12 9.86 2.7 15.46 4.04 2.7 8.25 15.46 15.07 3.75 8.78 12.21 15.46 2.12 13.1 12.21 9.06 9.86 9.06 8.25 3.18 6.41 3.75 11.15 13.1 15.46 3.75 4.04 3.75 12.21 9.15 3.18 16.77 9.06 9.15 8.25 5.41
15.77 8.11 10.82 12.0 7.97 6.41 2.12 15.77 12.77 11.42 7.72 13.1 7.97 0.0 15.77 3.75 7.72 8.11 6.18 4.37 7.5 7.72 6.18 11.42 15.77 12.77 10.82 0.0 3.75 2.7 0.0 12.77 7.5 13.1 3.75 11.86 12.37 12.77 2.7 2.12 9.03 2.7 2.12 2.7 3.75 12.37 5.41 13.79 4.37 0.0 6.18 13.79 13.1 2.12 11.42 9.78 13.79 3.75 15.77 9.78 7.97 12.37 7.97 6.18 0.75 7.5 2.12 10.82 15.77 13.79 2.12 4.37 6.18 9.78 11.86 0.75 15.61 6.41 11.86 6.18 8.11
28.02 20.19 11.86 24.76 9.03 6.91 11.47 28.02 0.0 23.84 11.72 3.75 9.03 12.77 28.02 16.52 11.72 20.19 7.12 16.57 15.19 11.72 18.88 23.84 28.02 0.0 11.86 12.77 16.52 15.17 12.77 0.0 15.19 3.75 16.52 23.72 25.03 0.0 15.17 11.47 21.75 15.17 11.47 15.17 16.52 25.03 17.65 6.0 16.57 12.77 7.12 6.0 3.75 11.47 23.84 3.0 6.0 16.52 28.02 3.0 9.03 25.03 9.03 7.12 12.75 15.19 11.47 11.86 28.02 6.0 11.47 16.57 18.88 3.0 23.72 12.75 9.75 6.91 23.72 7.12 20.19
14.27 7.39 6.18 14.15 6.41 11.45 6.18 14.27 15.19 10.92 3.82 13.52 6.41 7.5 14.27 8.39 3.82 7.39 8.49 10.45 0.0 3.82 8.49 10.92 14.27 15.19 6.18 7.5 8.39 6.41 7.5 15.19 0.0 13.52 8.39 9.78 12.82 15.19 6.41 6.18 12.21 6.41 6.18 6.41 8.39 12.82 6.36 12.95 10.45 7.5 8.49 12.95 13.52 6.18 10.92 12.77 12.95 8.39 14.27 12.77 6.41 12.82 6.41 8.49 8.25 0.0 6.18 6.18 14.27 12.95 6.18 10.45 8.49 12.77 9.78 8.25 12.84 11.45 9.78 8.49 7.39
27.26 19.56 9.03 24.93 7.12 8.55 11.35 27.26 3.75 23.3 9.75 0.0 7.12 13.1 27.26 16.77 9.75 19.56 6.91 17.32 13.52 9.75 18.81 23.3 27.26 3.75 9.03 13.1 16.77 15.07 13.1 3.75 13.52 0.0 16.77 22.81 24.75 3.75 15.07 11.35 22.07 15.07 11.35 15.07 16.77 24.75 17.25 2.25 17.32 13.1 6.91 2.25 0.0 11.35 23.3 4.8 2.25 16.77 27.26 4.8 7.12 24.75 7.12 6.91 13.29 13.52 11.35 9.03 27.26 2.25 11.35 17.32 18.81 4.8 22.81 13.29 6.0 8.55 22.81 6.91 19.56
12.48 5.41 13.27 8.25 11.07 10.01 5.46 12.48 16.52 8.11 10.09 16.77 11.07 3.75 12.48 0.0 10.09 5.41 9.86 2.25 8.39 10.09 2.7 8.11 12.48 16.52 13.27 3.75 0.0 2.12 3.75 16.52 8.39 16.77 0.0 9.03 8.78 16.52 2.12 5.46 5.3 2.12 5.46 2.12 0.0 8.78 3.09 17.32 2.25 3.75 9.86 17.32 16.77 5.46 8.11 13.52 17.32 0.0 12.48 13.52 11.07 8.78 11.07 9.86 3.82 8.39 5.46 13.27 12.48 17.32 5.46 2.25 2.7 13.52 9.03 3.82 18.79 10.01 9.03 9.86 5.41
4.5 3.75 15.91 7.12 15.82 18.14 12.41 4.5 23.72 2.37 13.5 22.81 15.82 11.86 4.5 9.03 13.5 3.75 16.6 10.82 9.78 13.5 6.45 2.37 4.5 23.72 15.91 11.86 9.03 9.15 11.86 23.72 9.78 22.81 9.03 0.0 4.37 23.72 9.15 12.41 7.54 9.15 12.41 9.15 9.03 4.37 6.45 22.55 10.82 11.86 16.6 22.55 22.81 12.41 2.37 20.89 22.55 9.03 4.5 20.89 15.82 4.37 15.82 16.6 12.3 9.78 12.41 15.91 4.5 22.55 12.41 10.82 6.45 20.89 0.0 12.3 22.61 18.14 0.0 16.6 3.75
4.37 5.46 18.97 3.0 18.14 18.75 13.58 4.37 25.03 2.12 16.19 24.75 18.14 12.37 4.37 8.78 16.19 5.46 18.06 9.78 12.82 16.19 6.18 2.12 4.37 25.03 18.97 12.37 8.78 9.86 12.37 25.03 12.82 24.75 8.78 4.37 0.0 25.03 9.86 13.58 4.8 9.86 13.58 9.86 8.78 0.0 7.5 24.85 9.78 12.37 18.06 24.85 24.75 13.58 2.12 22.07 24.85 8.78 4.37 22.07 18.14 0.0 18.14 18.06 12.57 12.82 13.58 18.97 4.37 24.85 13.58 9.78 6.18 22.07 4.37 12.57 25.47 18.75 4.37 18.06 5.46
28.02 20.19 11.86 24.76 9.03 6.91 11.47 28.02 0.0 23.84 11.72 3.75 9.03 12.77 28.02 16.52 11.72 20.19 7.12 16.57 15.19 11.72 18.88 23.84 28.02 0.0 11.86 12.77 16.52 15.17 12.77 0.0 15.19 3.75 16.52 23.72 25.03 0.0 15.17 11.47 21.75 15.17 11.47 15.17 16.52 25.03 17.65 6.0 16.57 12.77 7.12 6.0 3.75 11.47 23.84 3.0 6.0 16.52 28.02 3.0 9.03 25.03 9.03 7.12 12.75 15.19 11.47 11.86 28.02 6.0 11.47 16.57 18.88 3.0 23.72 12.75 9.75 6.91 23.72 7.12 20.19
13.1 5.41 11.15 9.86 9.06 9.06 3.75 13.1 15.17 8.78 7.97 15.07 9.06 2.7 13.1 2.12 7.97 5.41 8.25 4.04 6.41 7.97 3.75 8.78 13.1 15.17 11.15 2.7 2.12 0.0 2.7 15.17 6.41 15.07 2.12 9.15 9.86 15.17 0.0 3.75 7.12 0.0 3.75 0.0 2.12 9.86 2.7 15.46 4.04 2.7 8.25 15.46 15.07 3.75 8.78 12.21 15.46 2.12 13.1 12.21 9.06 9.86 9.06 8.25 3.18 6.41 3.75 11.15 13.1 15.46 3.75 4.04 3.75 12.21 9.15 3.18 16.77 9.06 9.15 8.25 5.41
16.6 8.78 8.75 13.58 5.86 5.86 0.0 16.6 11.47 12.37 5.71 11.35 5.86 2.12 16.6 5.46 5.71 8.78 4.5 6.45 6.18 5.71 7.5 12.37 16.6 11.47 8.75 2.12 5.46 3.75 2.12 11.47 6.18 11.35 5.46 12.41 13.58 11.47 3.75 0.0 10.74 3.75 0.0 3.75 5.46 13.58 6.18 11.86 6.45 2.12 4.5 11.86 11.35 0.0 12.37 8.55 11.86 5.46 16.6 8.55 5.86 13.58 5.86 4.5 2.7 6.18 0.0 8.75 16.6 11.86 0.0 6.45 7.5 8.55 12.41 2.7 13.52 5.86 12.41 4.5 8.78
9.15 5.71 17.89 3.09 16.16 15.07 10.74 9.15 21.75 5.46 14.79 22.07 16.16 9.03 9.15 5.3 14.79 5.71 15.17 5.46 12.21 14.79 3.75 5.46 9.15 21.75 17.89 9.03 5.3 7.12 9.03 21.75 12.21 22.07 5.3 7.54 4.8 21.75 7.12 10.74 0.0 7.12 10.74 7.12 5.3 4.8 5.86 22.56 5.46 9.03 15.17 22.56 22.07 10.74 5.46 18.75 22.56 5.3 9.15 18.75 16.16 4.8 16.16 15.17 9.0 12.21 10.74 17.89 9.15 22.56 10.74 5.46 3.75 18.75 7.54 9.0 23.84 15.07 7.54 15.17 5.71
13.1 5.41 11.15 9.86 9.06 9.06 3.75 13.1 15.17 8.78 7.97 15.07 9.06 2.7 13.1 2.12 7.97 5.41 8.25 4.04 6.41 7.97 3.75 8.78 13.1 15.17 11.15 2.7 2.12 0.0 2.7 15.17 6.41 15.07 2.12 9.15 9.86 15.17 0.0 3.75 7.12 0.0 3.75 0.0 2.12 9.86 2.7 15.46 4.04 2.7 8.25 15.46 15.07 3.75 8.78 12.21 15.46 2.12 13.1 12.21 9.06 9.86 9.06 8.25 3.18 6.41 3.75 11.15 13.1 15.46 3.75 4.04 3.75 12.21 9.15 3.18 16.77 9.06 9.15 8.25 5.41
16.6 8.78 8.75 13.58 5.86 5.86 0.0 16.6 11.47 12.37 5.71 11.35 5.86 2.12 16.6 5.46 5.71 8.78 4.5 6.45 6.18 5.71 7.5 12.37 16.6 11.47 8.75 2.12 5.46 3.75 2.12 11.47 6.18 11.35 5.46 12.41 13.58 11.47 3.75 0.0 10.74 3.75 0.0 3.75 5.46 13.58 6.18 11.86 6.45 2.12 4.5 11.86 11.35 0.0 12.37 8.55 11.86 5.46 16.6 8.55 5.86 13.58 5.86 4.5 2.7 6.18 0.0 8.75 16.6 11.86 0.0 6.45 7.5 8.55 12.41 2.7 13.52 5.86 12.41 4.5 8.78
13.1 5.41 11.15 9.86 9.06 9.06 3.75 13.1 15.17 8.78 7.97 15.07 9.06 2.7 13.1 2.12 7.97 5.41 8.25 4.04 6.41 7.97 3.75 8.78 13.1 15.17 11.15 2.7 2.12 0.0 2.7 15.17 6.41 15.07 2.12 9.15 9.86 15.17 0.0 3.75 7.12 0.0 3.75 0.0 2.12 9.86 2.7 15.46 4.04 2.7 8.25 15.46 15.07 3.75 8.78 12.21 15.46 2.12 13.1 12.21 9.06 9.86 9.06 8.25 3.18 6.41 3.75 11.15 13.1 15.46 3.75 4.04 3.75 12.21 9.15 3.18 16.77 9.06 9.15 8.25 5.41
12.48 5.41 13.27 8.25 11.07 10.01 5.46 12.48 16.52 8.11 10.09 16.77 11.07 3.75 12.48 0.0 10.09 5.41 9.86 2.25 8.39 10.09 2.7 8.11 12.48 16.52 13.27 3.75 0.0 2.12 3.75 16.52 8.39 16.77 0.0 9.03 8.78 16.52 2.12 5.46 5.3 2.12 5.46 2.12 0.0 8.78 3.09 17.32 2.25 3.75 9.86 17.32 16.77 5.46 8.11 13.52 17.32 0.0 12.48 13.52 11.07 8.78 11.07 9.86 3.82 8.39 5.46 13.27 12.48 17.32 5.46 2.25 2.7 13.52 9.03 3.82 18.79 10.01 9.03 9.86 5.41
4.37 5.46 18.97 3.0 18.14 18.75 13.58 4.37 25.03 2.12 16.19 24.75 18.14 12.37 4.37 8.78 16.19 5.46 18.06 9.78 12.82 16.19 6.18 2.12 4.37 25.03 18.97 12.37 8.78 9.86 12.37 25.03 12.82 24.75 8.78 4.37 0.0 25.03 9.86 13.58 4.8 9.86 13.58 9.86 8.78 0.0 7.5 24.85 9.78 12.37 18.06 24.85 24.75 13.58 2.12 22.07 24.85 8.78 4.37 22.07 18.14 0.0 18.14 18.06 12.57 12.82 13.58 18.97 4.37 24.85 13.58 9.78 6.18 22.07 4.37 12.57 25.47 18.75 4.37 18.06 5.46
10.45 2.7 12.09 8.08 10.74 11.74 6.18 10.45 17.65 6.18 9.06 17.25 10.74 5.41 10.45 3.09 9.06 2.7 10.61 5.3 6.36 9.06 2.12 6.18 10.45 17.65 12.09 5.41 3.09 2.7 5.41 17.65 6.36 17.25 3.09 6.45 7.5 17.65 2.7 6.18 5.86 2.7 6.18 2.7 3.09 7.5 0.0 17.4 5.3 5.41 10.61 17.4 17.25 6.18 6.18 14.74 17.4 3.09 10.45 14.74 10.74 7.5 10.74 10.61 5.86 6.36 6.18 12.09 10.45 17.4 6.18 5.3 2.12 14.74 6.45 5.86 18.26 11.74 6.45 10.61 2.7
27.04 19.51 7.72 25.3 6.75 10.09 11.86 27.04 6.0 23.26 9.12 2.25 6.75 13.79 27.04 17.32 9.12 19.51 7.72 18.12 12.95 9.12 19.12 23.26 27.04 6.0 7.72 13.79 17.32 15.46 13.79 6.0 12.95 2.25 17.32 22.55 24.85 6.0 15.46 11.86 22.56 15.46 11.86 15.46 17.32 24.85 17.4 0.0 18.12 13.79 7.72 0.0 2.25 11.86 23.26 6.71 0.0 17.32 27.04 6.71 6.75 24.85 6.75 7.72 14.09 12.95 11.86 7.72 27.04 0.0 11.86 18.12 19.12 6.71 22.55 14.09 3.75 10.09 22.55 7.72 19.51
13.83 7.39 14.89 8.55 12.3 9.75 6.45 13.83 16.57 9.55 11.72 17.32 12.3 4.37 13.83 2.25 11.72 7.39 10.45 0.0 10.45 11.72 4.37 9.55 13.83 16.57 14.89 4.37 2.25 4.04 4.37 16.57 10.45 17.32 2.25 10.82 9.78 16.57 4.04 6.45 5.46 4.04 6.45 4.04 2.25 9.78 5.3 18.12 0.0 4.37 10.45 18.12 17.32 6.45 9.55 13.58 18.12 2.25 13.83 13.58 12.3 9.78 12.3 10.45 4.04 10.45 6.45 14.89 13.83 18.12 6.45 0.0 4.37 13.58 10.82 4.04 19.97 9.75 10.82 10.45 7.39
15.77 8.11 10.82 12.0 7.97 6.41 2.12 15.77 12.77 11.42 7.72 13.1 7.97 0.0 15.77 3.75 7.72 8.11 6.18 4.37 7.5 7.72 6.18 11.42 15.77 12.77 10.82 0.0 3.75 2.7 0.0 12.77 7.5 13.1 3.75 11.86 12.37 12.77 2.7 2.12 9.03 2.7 2.12 2.7 3.75 12.37 5.41 13.79 4.37 0.0 6.18 13.79 13.1 2.12 11.42 9.78 13.79 3.75 15.77 9.78 7.97 12.37 7.97 6.18 0.75 7.5 2.12 10.82 15.77 13.79 2.12 4.37 6.18 9.78 11.86 0.75 15.61 6.41 11.86 6.18 8.11
20.92 13.1 7.5 18.06 3.75 3.75 4.5 20.92 7.12 16.77 5.71 6.91 3.75 6.18 20.92 9.86 5.71 13.1 0.0 10.45 8.49 5.71 12.0 16.77 20.92 7.12 7.5 6.18 9.86 8.25 6.18 7.12 8.49 6.91 9.86 16.6 18.06 7.12 8.25 4.5 15.17 8.25 4.5 8.25 9.86 18.06 10.61 7.72 10.45 6.18 0.0 7.72 6.91 4.5 16.77 4.37 7.72 9.86 20.92 4.37 3.75 18.06 3.75 0.0 6.41 8.49 4.5 7.5 20.92 7.72 4.5 10.45 12.0 4.37 16.6 6.41 10.09 3.75 16.6 0.0 13.1
27.04 19.51 7.72 25.3 6.75 10.09 11.86 27.04 6.0 23.26 9.12 2.25 6.75 13.79 27.04 17.32 9.12 19.51 7.72 18.12 12.95 9.12 19.12 23.26 27.04 6.0 7.72 13.79 17.32 15.46 13.79 6.0 12.95 2.25 17.32 22.55 24.85 6.0 15.46 11.86 22.56 15.46 11.86 15.46 17.32 24.85 17.4 0.0 18.12 13.79 7.72 0.0 2.25 11.86 23.26 6.71 0.0 17.32 27.04 6.71 6.75 24.85 6.75 7.72 14.09 12.95 11.86 7.72 27.04 0.0 11.86 18.12 19.12 6.71 22.55 14.09 3.75 10.09 22.55 7.72 19.51
27.26 19.56 9.03 24.93 7.12 8.55 11.35 27.26 3.75 23.3 9.75 0.0 7.12 13.1 27.26 16.77 9.75 19.56 6.91 17.32 13.52 9.75 18.81 23.3 27.26 3.75 9.03 13.1 16.77 15.07 13.1 3.75 13.52 0.0 16.77 22.81 24.75 3.75 15.07 11.35 22.07 15.07 11.35 15.07 16.77 24.75 17.25 2.25 17.32 13.1 6.91 2.25 0.0 11.35 23.3 4.8 2.25 16.77 27.26 4.8 7.12 24.75 7.12 6.91 13.29 13.52 11.35 9.03 27.26 2.25 11.35 17.32 18.81 4.8 22.81 13.29 6.0 8.55 22.81 6.91 19.56
16.6 8.78 8.75 13.58 5.86 5.86 0.0 16.6 11.47 12.37 5.71 11.35 5.86 2.12 16.6 5.46 5.71 8.78 4.5 6.45 6.18 5.71 7.5 12.37 16.6 11.47 8.75 2.12 5.46 3.75 2.12 11.47 6.18 11.35 5.46 12.41 13.58 11.47 3.75 0.0 10.74 3.75 0.0 3.75 5.46 13.58 6.18 11.86 6.45 2.12 4.5 11.86 11.35 0.0 12.37 8.55 11.86 5.46 16.6 8.55 5.86 13.58 5.86 4.5 2.7 6.18 0.0 8.75 16.6 11.86 0.0 6.45 7.5 8.55 12.41 2.7 13.52 5.86 12.41 4.5 8.78
4.37 3.75 17.1 4.74 16.52 17.83 12.37 4.37 23.84 0.0 14.43 23.3 16.52 11.42 4.37 8.11 14.43 3.75 16.77 9.55 10.92 14.43 5.41 0.0 4.37 23.84 17.1 11.42 8.11 8.78 11.42 23.84 10.92 23.3 8.11 2.37 2.12 23.84 8.78 12.37 5.46 8.78 12.37 8.78 8.11 2.12 6.18 23.26 9.55 11.42 16.77 23.26 23.3 12.37 0.0 20.92 23.26 8.11 4.37 20.92 16.52 2.12 16.52 16.77 11.74 10.92 12.37 17.1 4.37 23.26 12.37 9.55 5.41 20.92 2.37 11.74 23.68 17.83 2.37 16.77 3.75
25.14 17.32 10.45 21.76 7.08 4.04 8.55 25.14 3.0 20.92 9.6 4.8 7.08 9.78 25.14 13.52 9.6 17.32 4.37 13.58 12.77 9.6 15.91 20.92 25.14 3.0 10.45 9.78 13.52 12.21 9.78 3.0 12.77 4.8 13.52 20.89 22.07 3.0 12.21 8.55 18.75 12.21 8.55 12.21 13.52 22.07 14.74 6.71 13.58 9.78 4.37 6.71 4.8 8.55 20.92 0.0 6.71 13.52 25.14 0.0 7.08 22.07 7.08 4.37 9.75 12.77 8.55 10.45 25.14 6.71 8.55 13.58 15.91 0.0 20.89 9.75 10.2 4.04 20.89 4.37 17.32
27.04 19.51 7.72 25.3 6.75 10.09 11.86 27.04 6.0 23.26 9.12 2.25 6.75 13.79 27.04 17.32 9.12 19.51 7.72 18.12 12.95 9.12 19.12 23.26 27.04 6.0 7.72 13.79 17.32 15.46 13.79 6.0 12.95 2.25 17.32 22.55 24.85 6.0 15.46 11.86 22.56 15.46 11.86 15.46 17.32 24.85 17.4 0.0 18.12 13.79 7.72 0.0 2.25 11.86 23.26 6.71 0.0 17.32 27.04 6.71 6.75 24.85 6.75 7.72 14.09 12.95 11.86 7.72 27.04 0.0 11.86 18.12 19.12 6.71 22.55 14.09 3.75 10.09 22.55 7.72 19.51
12.48 5.41 13.27 8.25 11.07 10.01 5.46 12.48 16.52 8.11 10.09 16.77 11.07 3.75 12.48 0.0 10.09 5.41 9.86 2.25 8.39 10.09 2.7 8.11 12.48 16.52 13.27 3.75 0.0 2.12 3.75 16.52 8.39 16.77 0.0 9.03 8.78 16.52 2.12 5.46 5.3 2.12 5.46 2.12 0.0 8.78 3.09 17.32 2.25 3.75 9.86 17.32 16.77 5.46 8.11 13.52 17.32 0.0 12.48 13.52 11.07 8.78 11.07 9.86 3.82 8.39 5.46 13.27 12.48 17.32 5.46 2.25 2.7 13.52 9.03 3.82 18.79 10.01 9.03 9.86 5.41
0.0 7.83 20.37 7.12 20.31 22.16 16.6 0.0 28.02 4.37 18.0 27.26 20.31 15.77 0.0 12.48 18.0 7.83 20.92 13.83 14.27 18.0 9.78 4.37 0.0 28.02 20.37 15.77 12.48 13.1 15.77 28.02 14.27 27.26 12.48 4.5 4.37 28.02 13.1 16.6 9.15 13.1 16.6 13.1 12.48 4.37 10.45 27.04 13.83 15.77 20.92 27.04 27.26 16.6 4.37 25.14 27.04 12.48 0.0 25.14 20.31 4.37 20.31 20.92 16.1 14.27 16.6 20.37 0.0 27.04 16.6 13.83 9.78 25.14 4.5 16.1 27.09 22.16 4.5 20.92 7.83
25.14 17.32 10.45 21.76 7.08 4.04 8.55 25.14 3.0 20.92 9.6 4.8 7.08 9.78 25.14 13.52 9.6 17.32 4.37 13.58 12.77 9.6 15.91 20.92 25.14 3.0 10.45 9.78 13.52 12.21 9.78 3.0 12.77 4.8 13.52 20.89 22.07 3.0 12.21 8.55 18.75 12.21 8.55 12.21 13.52 22.07 14.74 6.71 13.58 9.78 4.37 6.71 4.8 8.55 20.92 0.0 6.71 13.52 25.14 0.0 7.08 22.07 7.08 4.37 9.75 12.77 8.55 10.45 25.14 6.71 8.55 13.58 15.91 0.0 20.89 9.75 10.2 4.04 20.89 4.37 17.32
20.31 12.77 3.75 18.75 0.0 7.5 5.86 20.31 9.03 16.52 2.7 7.12 0.0 7.97 20.31 11.07 2.7 12.77 3.75 12.3 6.41 2.7 12.57 16.52 20.31 9.03 3.75 7.97 11.07 9.06 7.97 9.03 6.41 7.12 11.07 15.82 18.14 9.03 9.06 5.86 16.16 9.06 5.86 9.06 11.07 18.14 10.74 6.75 12.3 7.97 3.75 6.75 7.12 5.86 16.52 7.08 6.75 11.07 20.31 7.08 0.0 18.14 0.0 3.75 8.49 6.41 5.86 3.75 20.31 6.75 5.86 12.3 12.57 7.08 15.82 8.49 7.72 7.5 15.82 3.75 12.77
4.37 5.46 18.97 3.0 18.14 18.75 13.58 4.37 25.03 2.12 16.19 24.75 18.14 12.37 4.37 8.78 16.19 5.46 18.06 9.78 12.82 16.19 6.18 2.12 4.37 25.03 18.97 12.37 8.78 9.86 12.37 25.03 12.82 24.75 8.78 4.37 0.0 25.03 9.86 13.58 4.8 9.86 13.58 9.86 8.78 0.0 7.5 24.85 9.78 12.37 18.06 24.85 24.75 13.58 2.12 22.07 24.85 8.78 4.37 22.07 18.14 0.0 18.14 18.06 12.57 12.82 13.58 18.97 4.37 24.85 13.58 9.78 6.18 22.07 4.37 12.57 25.47 18.75 4.37 18.06 5.46
20.31 12.77 3.75 18.75 0.0 7.5 5.86 20.31 9.03 16.52 2.7 7.12 0.0 7.97 20.31 11.07 2.7 12.77 3.75 12.3 6.41 2.7 12.57 16.52 20.31 9.03 3.75 7.97 11.07 9.06 7.97 9.03 6.41 7.12 11.07 15.82 18.14 9.03 9.06 5.86 16.16 9.06 5.86 9.06 11.07 18.14 10.74 6.75 12.3 7.97 3.75 6.75 7.12 5.86 16.52 7.08 6.75 11.07 20.31 7.08 0.0 18.14 0.0 3.75 8.49 6.41 5.86 3.75 20.31 6.75 5.86 12.3 12.57 7.08 15.82 8.49 7.72 7.5 15.82 3.75 12.77
20.92 13.1 7.5 18.06 3.75 3.75 4.5 20.92 7.12 16.77 5.71 6.91 3.75 6.18 20.92 9.86 5.71 13.1 0.0 10.45 8.49 5.71 12.0 16.77 20.92 7.12 7.5 6.18 9.86 8.25 6.18 7.12 8.49 6.91 9.86 16.6 18.06 7.12 8.25 4.5 15.17 8.25 4.5 8.25 9.86 18.06 10.61 7.72 10.45 6.18 0.0 7.72 6.91 4.5 16.77 4.37 7.72 9.86 20.92 4.37 3.75 18.06 3.75 0.0 6.41 8.49 4.5 7.5 20.92 7.72 4.5 10.45 12.0 4.37 16.6 6.41 10.09 3.75 16.6 0.0 13.1
16.1 8.55 11.45 12.02 8.49 6.18 2.7 16.1 12.75 11.74 8.39 13.29 8.49 0.75 16.1 3.82 8.39 8.55 6.41 4.04 8.25 8.39 6.41 11.74 16.1 12.75 11.45 0.75 3.82 3.18 0.75 12.75 8.25 13.29 3.82 12.3 12.57 12.75 3.18 2.7 9.0 3.18 2.7 3.18 3.82 12.57 5.86 14.09 4.04 0.75 6.41 14.09 13.29 2.7 11.74 9.75 14.09 3.82 16.1 9.75 8.49 12.57 8.49 6.41 0.0 8.25 2.7 11.45 16.1 14.09 2.7 4.04 6.41 9.75 12.3 0.0 16.05 6.18 12.3 6.41 8.55
14.27 7.39 6.18 14.15 6.41 11.45 6.18 14.27 15.19 10.92 3.82 13.52 6.41 7.5 14.27 8.39 3.82 7.39 8.49 10.45 0.0 3.82 8.49 10.92 14.27 15.19 6.18 7.5 8.39 6.41 7.5 15.19 0.0 13.52 8.39 9.78 12.82 15.19 6.41 6.18 12.21 6.41 6.18 6.41 8.39 12.82 6.36 12.95 10.45 7.5 8.49 12.95 13.52 6.18 10.92 12.77 12.95 8.39 14.27 12.77 6.41 12.82 6.41 8.49 8.25 0.0 6.18 6.18 14.27 12.95 6.18 10.45 8.49 12.77 9.78 8.25 12.84 11.45 9.78 8.49 7.39
16.6 8.78 8.75 13.58 5.86 5.86 0.0 16.6 11.47 12.37 5.71 11.35 5.86 2.12 16.6 5.46 5.71 8.78 4.5 6.45 6.18 5.71 7.5 12.37 16.6 11.47 8.75 2.12 5.46 3.75 2.12 11.47 6.18 11.35 5.46 12.41 13.58 11.47 3.75 0.0 10.74 3.75 0.0 3.75 5.46 13.58 6.18 11.86 6.45 2.12 4.5 11.86 11.35 0.0 12.37 8.55 11.86 5.46 16.6 8.55 5.86 13.58 5.86 4.5 2.7 6.18 0.0 8.75 16.6 11.86 0.0 6.45 7.5 8.55 12.41 2.7 13.52 5.86 12.41 4.5 8.78
20.37 13.52 0.0 20.12 3.75 11.25 8.75 20.37 11.86 17.1 3.18 9.03 3.75 10.82 20.37 13.27 3.18 13.52 7.5 14.89 6.18 3.18 14.15 17.1 20.37 11.86 0.0 10.82 13.27 11.15 10.82 11.86 6.18 9.03 13.27 15.91 18.97 11.86 11.15 8.75 17.89 11.15 8.75 11.15 13.27 18.97 12.09 7.72 14.89 10.82 7.5 7.72 9.03 8.75 17.1 10.45 7.72 13.27 20.37 10.45 3.75 18.97 3.75 7.5 11.45 6.18 8.75 0.0 20.37 7.72 8.75 14.89 14.15 10.45 15.91 11.45 6.75 11.25 15.91 7.5 13.52
0.0 7.83 20.37 7.12 20.31 22.16 16.6 0.0 28.02 4.37 18.0 27.26 20.31 15.77 0.0 12.48 18.0 7.83 20.92 13.83 14.27 18.0 9.78 4.37 0.0 28.02 20.37 15.77 12.48 13.1 15.77 28.02 14.27 27.26 12.48 4.5 4.37 28.02 13.1 16.6 9.15 13.1 16.6 13.1 12.48 4.37 10.45 27.04 13.83 15.77 20.92 27.04 27.26 16.6 4.37 25.14 27.04 12.48 0.0 25.14 20.31 4.37 20.31 20.92 16.1 14.27 16.6 20.37 0.0 27.04 16.6 13.83 9.78 25.14 4.5 16.1 27.09 22.16 4.5 20.92 7.83
27.04 19.51 7.72 25.3 6.75 10.09 11.86 27.04 6.0 23.26 9.12 2.25 6.75 13.79 27.04 17.32 9.12 19.51 7.72 18.12 12.95 9.12 19.12 23.26 27.04 6.0 7.72 13.79 17.32 15.46 13.79 6.0 12.95 2.25 17.32 22.55 24.85 6.0 15.46 11.86 22.56 15.46 11.86 15.46 17.32 24.85 17.4 0.0 18.12 13.79 7.72 0.0 2.25 11.86 23.26 6.71 0.0 17.32 27.04 6.71 6.75 24.85 6.75 7.72 14.09 12.95 11.86 7.72 27.04 0.0 11.86 18.12 19.12 6.71 22.55 14.09 3.75 10.09 22.55 7.72 19.51
16.6 8.78 8.75 13.58 5.86 5.86 0.0 16.6 11.47 12.37 5.71 11.35 5.86 2.12 16.6 5.46 5.71 8.78 4.5 6.45 6.18 5.71 7.5 12.37 16.6 11.47 8.75 2.12 5.46 3.75 2.12 11.47 6.18 11.35 5.46 12.41 13.58 11.47 3.75 0.0 10.74 3.75 0.0 3.75 5.46 13.58 6.18 11.86 6.45 2.12 4.5 11.86 11.35 0.0 12.37 8.55 11.86 5.46 16.6 8.55 5.86 13.58 5.86 4.5 2.7 6.18 0.0 8.75 16.6 11.86 0.0 6.45 7.5 8.55 12.41 2.7 13.52 5.86 12.41 4.5 8.78
13.83 7.39 14.89 8.55 12.3 9.75 6.45 13.83 16.57 9.55 11.72 17.32 12.3 4.37 13.83 2.25 11.72 7.39 10.45 0.0 10.45 11.72 4.37 9.55 13.83 16.57 14.89 4.37 2.25 4.04 4.37 16.57 10.45 17.32 2.25 10.82 9.78 16.57 4.04 6.45 5.46 4.04 6.45 4.04 2.25 9.78 5.3 18.12 0.0 4.37 10.45 18.12 17.32 6.45 9.55 13.58 18.12 2.25 13.83 13.58 12.3 9.78 12.3 10.45 4.04 10.45 6.45 14.89 13.83 18.12 6.45 0.0 4.37 13.58 10.82 4.04 19.97 9.75 10.82 10.45 7.39
9.78 3.09 14.15 6.18 12.57 12.57 7.5 9.78 18.88 5.41 11.07 18.81 12.57 6.18 9.78 2.7 11.07 3.09 12.0 4.37 8.49 11.07 0.0 5.41 9.78 18.88 14.15 6.18 2.7 3.75 6.18 18.88 8.49 18.81 2.7 6.45 6.18 18.88 3.75 7.5 3.75 3.75 7.5 3.75 2.7 6.18 2.12 19.12 4.37 6.18 12.0 19.12 18.81 7.5 5.41 15.91 19.12 2.7 9.78 15.91 12.57 6.18 12.57 12.0 6.41 8.49 7.5 14.15 9.78 19.12 7.5 4.37 0.0 15.91 6.45 6.41 20.19 12.57 6.45 12.0 3.09
25.14 17.32 10.45 21.76 7.08 4.04 8.55 25.14 3.0 20.92 9.6 4.8 7.08 9.78 25.14 13.52 9.6 17.32 4.37 13.58 12.77 9.6 15.91 20.92 25.14 3.0 10.45 9.78 13.52 12.21 9.78 3.0 12.77 4.8 13.52 20.89 22.07 3.0 12.21 8.55 18.75 12.21 8.55 12.21 13.52 22.07 14.74 6.71 13.58 9.78 4.37 6.71 4.8 8.55 20.92 0.0 6.71 13.52 25.14 0.0 7.08 22.07 7.08 4.37 9.75 12.77 8.55 10.45 25.14 6.71 8.55 13.58 15.91 0.0 20.89 9.75 10.2 4.04 20.89 4.37 17.32
4.5 3.75 15.91 7.12 15.82 18.14 12.41 4.5 23.72 2.37 13.5 22.81 15.82 11.86 4.5 9.03 13.5 3.75 16.6 10.82 9.78 13.5 6.45 2.37 4.5 23.72 15.91 11.86 9.03 9.15 11.86 23.72 9.78 22.81 9.03 0.0 4.37 23.72 9.15 12.41 7.54 9.15 12.41 9.15 9.03 4.37 6.45 22.55 10.82 11.86 16.6 22.55 22.81 12.41 2.37 20.89 22.55 9.03 4.5 20.89 15.82 4.37 15.82 16.6 12.3 9.78 12.41 15.91 4.5 22.55 12.41 10.82 6.45 20.89 0.0 12.3 22.61 18.14 0.0 16.6 3.75
16.1 8.55 11.45 12.02 8.49 6.18 2.7 16.1 12.75 11.74 8.39 13.29 8.49 0.75 16.1 3.82 8.39 8.55 6.41 4.04 8.25 8.39 6.41 11.74 16.1 12.75 11.45 0.75 3.82 3.18 0.75 12.75 8.25 13.29 3.82 12.3 12.57 12.75 3.18 2.7 9.0 3.18 2.7 3.18 3.82 12.57 5.86 14.09 4.04 0.75 6.41 14.09 13.29 2.7 11.74 9.75 14.09 3.82 16.1 9.75 8.49 12.57 8.49 6.41 0.0 8.25 2.7 11.45 16.1 14.09 2.7 4.04 6.41 9.75 12.3 0.0 16.05 6.18 12.3 6.41 8.55
27.09 20.01 6.75 26.34 7.72 13.12 13.52 27.09 9.75 23.68 9.28 6.0 7.72 15.61 27.09 18.79 9.28 20.01 10.09 19.97 12.84 9.28 20.19 23.68 27.09 9.75 6.75 15.61 18.79 16.77 15.61 9.75 12.84 6.0 18.79 22.61 25.47 9.75 16.77 13.52 23.84 16.77 13.52 16.77 18.79 25.47 18.26 3.75 19.97 15.61 10.09 3.75 6.0 13.52 23.68 10.2 3.75 18.79 27.09 10.2 7.72 25.47 7.72 10.09 16.05 12.84 13.52 6.75 27.09 3.75 13.52 19.97 20.19 10.2 22.61 16.05 0.0 13.12 22.61 10.09 20.01
22.16 14.43 11.25 18.14 7.5 0.0 5.86 22.16 6.91 17.83 9.28 8.55 7.5 6.41 22.16 10.01 9.28 14.43 3.75 9.75 11.45 9.28 12.57 17.83 22.16 6.91 11.25 6.41 10.01 9.06 6.41 6.91 11.45 8.55 10.01 18.14 18.75 6.91 9.06 5.86 15.07 9.06 5.86 9.06 10.01 18.75 11.74 10.09 9.75 6.41 3.75 10.09 8.55 5.86 17.83 4.04 10.09 10.01 22.16 4.04 7.5 18.75 7.5 3.75 6.18 11.45 5.86 11.25 22.16 10.09 5.86 9.75 12.57 4.04 18.14 6.18 13.12 0.0 18.14 3.75 14.43
4.5 3.75 15.91 7.12 15.82 18.14 12.41 4.5 23.72 2.37 13.5 22.81 15.82 11.86 4.5 9.03 13.5 3.75 16.6 10.82 9.78 13.5 6.45 2.37 4.5 23.72 15.91 11.86 9.03 9.15 11.86 23.72 9.78 22.81 9.03 0.0 4.37 23.72 9.15 12.41 7.54 9.15 12.41 9.15 9.03 4.37 6.45 22.55 10.82 11.86 16.6 22.55 22.81 12.41 2.37 20.89 22.55 9.03 4.5 20.89 15.82 4.37 15.82 16.6 12.3 9.78 12.41 15.91 4.5 22.55 12.41 10.82 6.45 20.89 0.0 12.3 22.61 18.14 0.0 16.6 3.75
20.92 13.1 7.5 18.06 3.75 3.75 4.5 20.92 7.12 16.77 5.71 6.91 3.75 6.18 20.92 9.86 5.71 13.1 0.0 10.45 8.49 5.71 12.0 16.77 20.92 7.12 7.5 6.18 9.86 8.25 6.18 7.12 8.49 6.91 9.86 16.6 18.06 7.12 8.25 4.5 15.17 8.25 4.5 8.25 9.86 18.06 10.61 7.72 10.45 6.18 0.0 7.72 6.91 4.5 16.77 4.37 7.72 9.86 20.92 4.37 3.75 18.06 3.75 0.0 6.41 8.49 4.5 7.5 20.92 7.72 4.5 10.45 12.0 4.37 16.6 6.41 10.09 3.75 16.6 0.0 13.1
7.83 0.0 13.52 6.91 12.77 14.43 8.78 7.83 20.19 3.75 10.74 19.56 12.77 8.11 7.83 5.41 10.74 0.0 13.1 7.39 7.39 10.74 3.09 3.75 7.83 20.19 13.52 8.11 5.41 5.41 8.11 20.19 7.39 19.56 5.41 3.75 5.46 20.19 5.41 8.78 5.71 5.41 8.78 5.41 5.41 5.46 2.7 19.51 7.39 8.11 13.1 19.51 19.56 8.78 3.75 17.32 19.51 5.41 7.83 17.32 12.77 5.46 12.77 13.1 8.55 7.39 8.78 13.52 7.83 19.51 8.78 7.39 3.09 17.32 3.75 8.55 20.01 14.43 3.75 13.1 0.0
