10 180 840 6 0
0 0.0 0 0.0 840 840
1 2.0 2 595.0 610.0 74.62
2 2.0 1 495.0 510.0 40.15
3 2.0 1 430.0 445.0 50.9
4 2.0 1 275.0 290.0 43.92
5 2.0 1 510.0 525.0 33.08
6 2.0 1 190.0 205.0 50.68
7 2.0 1 200.0 215.0 48.32
8 2.0 1 420.0 435.0 66.52
9 2.0 1 200.0 215.0 36.98
10 2.0 1 235.0 250.0 56.73
11 2.0 1 370.0 385.0 53.63
12 2.0 1 75.0 90.0 37.92
13 2.0 2 215.0 230.0 49.23
14 2.0 1 505.0 520.0 50.78
15 2.0 1 450.0 465.0 31.07
16 2.0 2 460.0 475.0 22.92
17 2.0 1 505.0 520.0 68.93
18 2.0 1 415.0 430.0 37.05
19 2.0 1 380.0 395.0 30.0
20 2.0 1 440.0 455.0 37.55
21 2.0 1 385.0 400.0 38.3
22 2.0 1 145.0 160.0 54.03
23 2.0 1 580.0 595.0 20.72
24 2.0 1 415.0 430.0 56.73
25 2.0 1 400.0 415.0 53.75
26 2.0 1 535.0 550.0 37.92
27 2.0 1 565.0 580.0 36.25
28 2.0 1 280.0 295.0 16.47
29 2.0 3 400.0 415.0 32.48
30 2.0 1 365.0 380.0 48.93
31 2.0 2 140.0 155.0 14.5
32 2.0 1 435.0 450.0 51.02
33 2.0 1 475.0 490.0 59.97
34 2.0 1 315.0 330.0 27.03
35 2.0 1 365.0 380.0 16.53
36 2.0 1 535.0 550.0 36.37
37 2.0 1 580.0 595.0 57.77
38 2.0 2 495.0 510.0 30.85
39 2.0 2 120.0 135.0 20.72
40 2.0 1 565.0 580.0 47.08
41 2.0 1 215.0 230.0 30.85
42 2.0 1 190.0 205.0 22.38
43 2.0 1 100.0 115.0 37.55
44 2.0 1 375.0 390.0 33.77
45 2.0 1 380.0 395.0 50.68
46 2.0 2 360.0 375.0 36.48
47 2.0 1 100.0 115.0 18.03
48 2.0 1 545.0 560.0 37.67
49 2.0 1 255.0 270.0 45.68
50 2.0 1 370.0 385.0 52.12
51 2.0 1 95.0 110.0 59.8
52 2.0 1 390.0 405.0 29.95
53 2.0 1 510.0 525.0 27.78
54 2.0 1 245.0 260.0 37.55
55 2.0 1 125.0 140.0 54.48
56 2.0 1 410.0 425.0 33.82
57 2.0 1 595.0 610.0 29.57
58 2.0 2 350.0 365.0 27.98
59 2.0 1 250.0 265.0 36.67
60 2.0 1 410.0 425.0 27.32
61 2.0 1 130.0 145.0 64.05
62 2.0 1 85.0 100.0 41.38
63 2.0 1 520.0 535.0 49.05
64 2.0 1 140.0 155.0 68.3
65 2.0 1 565.0 580.0 37.95
66 2.0 1 215.0 230.0 49.53
67 2.0 2 585.0 600.0 58.15
68 2.0 1 60.0 75.0 50.33
69 2.0 2 295.0 310.0 36.67
70 2.0 1 300.0 315.0 38.15
71 2.0 2 555.0 570.0 48.5
72 2.0 1 145.0 160.0 40.5
73 2.0 1 145.0 160.0 30.45
74 2.0 1 180.0 195.0 39.48
75 2.0 2 200.0 215.0 33.77
76 2.0 2 520.0 535.0 39.65
77 2.0 1 85.0 100.0 49.58
78 2.0 1 255.0 270.0 41.38
79 2.0 1 145.0 160.0 16.53
80 2.0 1 360.0 375.0 55.77
81 2.0 1 355.0 370.0 50.68
82 2.0 1 205.0 220.0 30.7
83 2.0 1 300.0 315.0 27.62
84 2.0 1 75.0 90.0 49.05
85 2.0 1 280.0 295.0 27.03
86 2.0 1 295.0 310.0 49.97
87 2.0 1 395.0 410.0 52.12
88 2.0 1 490.0 505.0 55.97
89 2.0 1 445.0 460.0 48.4
90 2.0 1 395.0 410.0 27.0
91 2.0 -2 643.62 684.62 74.62
92 2.0 -1 515.15 550.15 40.15
93 2.0 -1 458.9 495.9 50.9
94 2.0 -1 297.92 333.92 43.92
95 2.0 -1 525.08 558.08 33.08
96 2.0 -1 218.68 255.68 50.68
97 2.0 -1 226.32 263.32 48.32
98 2.0 -1 461.52 501.52 66.52
99 2.0 -1 217.98 251.98 36.98
100 2.0 -1 268.73 306.73 56.73
101 2.0 -1 400.63 438.63 53.63
102 2.0 -1 93.92 127.92 37.92
103 2.0 -2 242.23 279.23 49.23
104 2.0 -1 533.78 570.78 50.78
105 2.0 -1 464.07 496.07 31.07
106 2.0 -2 468.92 497.92 22.92
107 2.0 -1 548.93 588.93 68.93
108 2.0 -1 433.05 467.05 37.05
109 2.0 -1 393.0 425.0 30.0
110 2.0 -1 458.55 492.55 37.55
111 2.0 -1 404.3 438.3 38.3
112 2.0 -1 176.03 214.03 54.03
113 2.0 -1 587.72 615.72 20.72
114 2.0 -1 448.73 486.73 56.73
115 2.0 -1 430.75 468.75 53.75
116 2.0 -1 553.92 587.92 37.92
117 2.0 -1 582.25 616.25 36.25
118 2.0 -1 285.47 311.47 16.47
119 2.0 -3 414.48 447.48 32.48
120 2.0 -1 391.93 428.93 48.93
121 2.0 -2 144.5 169.5 14.5
122 2.0 -1 464.02 501.02 51.02
123 2.0 -1 510.97 549.97 59.97
124 2.0 -1 326.03 357.03 27.03
125 2.0 -1 370.53 396.53 16.53
126 2.0 -1 552.37 586.37 36.37
127 2.0 -1 614.77 652.77 57.77
128 2.0 -2 508.85 540.85 30.85
129 2.0 -2 127.72 155.72 20.72
130 2.0 -1 591.08 627.08 47.08
131 2.0 -1 228.85 260.85 30.85
132 2.0 -1 198.38 227.38 22.38
133 2.0 -1 118.55 152.55 37.55
134 2.0 -1 390.77 423.77 33.77
135 2.0 -1 408.68 445.68 50.68
136 2.0 -2 377.48 411.48 36.48
137 2.0 -1 106.03 133.03 18.03
138 2.0 -1 563.67 597.67 37.67
139 2.0 -1 279.68 315.68 45.68
140 2.0 -1 400.12 437.12 52.12
141 2.0 -1 130.8 169.8 59.8
142 2.0 -1 402.95 434.95 29.95
143 2.0 -1 521.78 552.78 27.78
144 2.0 -1 263.55 297.55 37.55
145 2.0 -1 156.48 194.48 54.48
146 2.0 -1 425.82 458.82 33.82
147 2.0 -1 607.57 639.57 29.57
148 2.0 -2 361.98 392.98 27.98
149 2.0 -1 267.67 301.67 36.67
150 2.0 -1 421.32 452.32 27.32
151 2.0 -1 170.05 209.05 64.05
152 2.0 -1 106.38 141.38 41.38
153 2.0 -1 547.05 584.05 49.05
154 2.0 -1 183.3 223.3 68.3
155 2.0 -1 583.95 617.95 37.95
156 2.0 -1 242.53 279.53 49.53
157 2.0 -2 620.15 658.15 58.15
158 2.0 -1 88.33 125.33 50.33
159 2.0 -2 312.67 346.67 36.67
160 2.0 -1 319.15 353.15 38.15
161 2.0 -2 581.5 618.5 48.5
162 2.0 -1 165.5 200.5 40.5
163 2.0 -1 158.45 190.45 30.45
164 2.0 -1 199.48 234.48 39.48
165 2.0 -2 215.77 248.77 33.77
166 2.0 -2 539.65 574.65 39.65
167 2.0 -1 112.58 149.58 49.58
168 2.0 -1 276.38 311.38 41.38
169 2.0 -1 150.53 176.53 16.53
170 2.0 -1 392.77 430.77 55.77
171 2.0 -1 383.68 420.68 50.68
172 2.0 -1 218.7 250.7 30.7
173 2.0 -1 311.62 342.62 27.62
174 2.0 -1 102.05 139.05 49.05
175 2.0 -1 291.03 322.03 27.03
176 2.0 -1 322.97 359.97 49.97
177 2.0 -1 425.12 462.12 52.12
178 2.0 -1 522.97 560.97 55.97
179 2.0 -1 471.4 508.4 48.4
180 2.0 -1 406.0 437.0 27.0
181 0.0 0 0.0 840 840
