0.0 4.5 15.77 10.45 20.37 17.89 20.37 13.1 12.48 14.27 0.0 20.31 4.37 9.78 27.26 10.45 16.1 9.15 28.02 25.14 14.27 20.37 20.92 12.48 18.0 9.78 20.92 17.89 20.92 10.45 14.27 13.1 12.48 20.92 9.78 13.1 9.78 16.1 10.45 10.5 9.78
4.5 0.0 11.86 6.45 15.91 14.33 15.91 9.15 9.03 9.78 4.5 15.82 4.37 6.45 22.81 6.45 12.3 7.54 23.72 20.89 9.78 15.91 16.6 9.03 13.5 6.45 16.6 14.33 16.6 6.45 9.78 9.15 9.03 16.6 6.45 9.15 6.45 12.3 6.45 6.0 6.45
15.77 11.86 0.0 5.41 10.82 3.09 10.82 2.7 3.75 7.5 15.77 7.97 12.37 6.18 13.1 5.41 0.75 9.03 12.77 9.78 7.5 10.82 6.18 3.75 7.72 6.18 6.18 3.09 6.18 5.41 7.5 2.7 3.75 6.18 6.18 2.7 6.18 0.75 5.41 7.72 6.18
10.45 6.45 5.41 0.0 12.09 7.97 12.09 2.7 3.09 6.36 10.45 10.74 7.5 2.12 17.25 0.0 5.86 5.86 17.65 14.74 6.36 12.09 10.61 3.09 9.06 2.12 10.61 7.97 10.61 0.0 6.36 2.7 3.09 10.61 2.12 2.7 2.12 5.86 0.0 3.82 2.12
20.37 15.91 10.82 12.09 0.0 13.1 0.0 11.15 13.27 6.18 20.37 3.75 18.97 14.15 9.03 12.09 11.45 17.89 11.86 10.45 6.18 0.0 7.5 13.27 3.18 14.15 7.5 13.1 7.5 12.09 6.18 11.15 13.27 7.5 14.15 11.15 14.15 11.45 12.09 10.01 14.15
17.89 14.33 3.09 7.97 13.1 0.0 13.1 5.41 5.41 10.53 17.89 9.78 14.09 8.11 13.42 7.97 2.37 10.01 12.21 9.28 10.53 13.1 6.91 5.41 10.2 8.11 6.91 0.0 6.91 7.97 10.53 5.41 5.41 6.91 8.11 5.41 8.11 2.37 7.97 10.74 8.11
20.37 15.91 10.82 12.09 0.0 13.1 0.0 11.15 13.27 6.18 20.37 3.75 18.97 14.15 9.03 12.09 11.45 17.89 11.86 10.45 6.18 0.0 7.5 13.27 3.18 14.15 7.5 13.1 7.5 12.09 6.18 11.15 13.27 7.5 14.15 11.15 14.15 11.45 12.09 10.01 14.15
13.1 9.15 2.7 2.7 11.15 5.41 11.15 0.0 2.12 6.41 13.1 9.06 9.86 3.75 15.07 2.7 3.18 7.12 15.17 12.21 6.41 11.15 8.25 2.12 7.97 3.75 8.25 5.41 8.25 2.7 6.41 0.0 2.12 8.25 3.75 0.0 3.75 3.18 2.7 5.46 3.75
12.48 9.03 3.75 3.09 13.27 5.41 13.27 2.12 0.0 8.39 12.48 11.07 8.78 2.7 16.77 3.09 3.82 5.3 16.52 13.52 8.39 13.27 9.86 0.0 10.09 2.7 9.86 5.41 9.86 3.09 8.39 2.12 0.0 9.86 2.7 2.12 2.7 3.82 3.09 6.75 2.7
14.27 9.78 7.5 6.36 6.18 10.53 6.18 6.41 8.39 0.0 14.27 6.41 12.82 8.49 13.52 6.36 8.25 12.21 15.19 12.77 0.0 6.18 8.49 8.39 3.82 8.49 8.49 10.53 8.49 6.36 0.0 6.41 8.39 8.49 8.49 6.41 8.49 8.25 6.36 3.82 8.49
0.0 4.5 15.77 10.45 20.37 17.89 20.37 13.1 12.48 14.27 0.0 20.31 4.37 9.78 27.26 10.45 16.1 9.15 28.02 25.14 14.27 20.37 20.92 12.48 18.0 9.78 20.92 17.89 20.92 10.45 14.27 13.1 12.48 20.92 9.78 13.1 9.78 16.1 10.45 10.5 9.78
20.31 15.82 7.97 10.74 3.75 9.78 3.75 9.06 11.07 6.41 20.31 0.0 18.14 12.57 7.12 10.74 8.49 16.16 9.03 7.08 6.41 3.75 3.75 11.07 2.7 12.57 3.75 9.78 3.75 10.74 6.41 9.06 11.07 3.75 12.57 9.06 12.57 8.49 10.74 9.86 12.57
4.37 4.37 12.37 7.5 18.97 14.09 18.97 9.86 8.78 12.82 4.37 18.14 0.0 6.18 24.75 7.5 12.57 4.8 25.03 22.07 12.82 18.97 18.06 8.78 16.19 6.18 18.06 14.09 18.06 7.5 12.82 9.86 8.78 18.06 6.18 9.86 6.18 12.57 7.5 9.06 6.18
9.78 6.45 6.18 2.12 14.15 8.11 14.15 3.75 2.7 8.49 9.78 12.57 6.18 0.0 18.81 2.12 6.41 3.75 18.88 15.91 8.49 14.15 12.0 2.7 11.07 0.0 12.0 8.11 12.0 2.12 8.49 3.75 2.7 12.0 0.0 3.75 0.0 6.41 2.12 5.71 0.0
27.26 22.81 13.1 17.25 9.03 13.42 9.03 15.07 16.77 13.52 27.26 7.12 24.75 18.81 0.0 17.25 13.29 22.07 3.75 4.8 13.52 9.03 6.91 16.77 9.75 18.81 6.91 13.42 6.91 17.25 13.52 15.07 16.77 6.91 18.81 15.07 18.81 13.29 17.25 16.92 18.81
10.45 6.45 5.41 0.0 12.09 7.97 12.09 2.7 3.09 6.36 10.45 10.74 7.5 2.12 17.25 0.0 5.86 5.86 17.65 14.74 6.36 12.09 10.61 3.09 9.06 2.12 10.61 7.97 10.61 0.0 6.36 2.7 3.09 10.61 2.12 2.7 2.12 5.86 0.0 3.82 2.12
16.1 12.3 0.75 5.86 11.45 2.37 11.45 3.18 3.82 8.25 16.1 8.49 12.57 6.41 13.29 5.86 0.0 9.0 12.75 9.75 8.25 11.45 6.41 3.82 8.39 6.41 6.41 2.37 6.41 5.86 8.25 3.18 3.82 6.41 6.41 3.18 6.41 0.0 5.86 8.39 6.41
9.15 7.54 9.03 5.86 17.89 10.01 17.89 7.12 5.3 12.21 9.15 16.16 4.8 3.75 22.07 5.86 9.0 0.0 21.75 18.75 12.21 17.89 15.17 5.3 14.79 3.75 15.17 10.01 15.17 5.86 12.21 7.12 5.3 15.17 3.75 7.12 3.75 9.0 5.86 9.15 3.75
28.02 23.72 12.77 17.65 11.86 12.21 11.86 15.17 16.52 15.19 28.02 9.03 25.03 18.88 3.75 17.65 12.75 21.75 0.0 3.0 15.19 11.86 7.12 16.52 11.72 18.88 7.12 12.21 7.12 17.65 15.19 15.17 16.52 7.12 18.88 15.17 18.88 12.75 17.65 18.12 18.88
25.14 20.89 9.78 14.74 10.45 9.28 10.45 12.21 13.52 12.77 25.14 7.08 22.07 15.91 4.8 14.74 9.75 18.75 3.0 0.0 12.77 10.45 4.37 13.52 9.6 15.91 4.37 9.28 4.37 14.74 12.77 12.21 13.52 4.37 15.91 12.21 15.91 9.75 14.74 15.44 15.91
14.27 9.78 7.5 6.36 6.18 10.53 6.18 6.41 8.39 0.0 14.27 6.41 12.82 8.49 13.52 6.36 8.25 12.21 15.19 12.77 0.0 6.18 8.49 8.39 3.82 8.49 8.49 10.53 8.49 6.36 0.0 6.41 8.39 8.49 8.49 6.41 8.49 8.25 6.36 3.82 8.49
20.37 15.91 10.82 12.09 0.0 13.1 0.0 11.15 13.27 6.18 20.37 3.75 18.97 14.15 9.03 12.09 11.45 17.89 11.86 10.45 6.18 0.0 7.5 13.27 3.18 14.15 7.5 13.1 7.5 12.09 6.18 11.15 13.27 7.5 14.15 11.15 14.15 11.45 12.09 10.01 14.15
20.92 16.6 6.18 10.61 7.5 6.91 7.5 8.25 9.86 8.49 20.92 3.75 18.06 12.0 6.91 10.61 6.41 15.17 7.12 4.37 8.49 7.5 0.0 9.86 5.71 12.0 0.0 6.91 0.0 10.61 8.49 8.25 9.86 0.0 12.0 8.25 12.0 6.41 10.61 11.07 12.0
12.48 9.03 3.75 3.09 13.27 5.41 13.27 2.12 0.0 8.39 12.48 11.07 8.78 2.7 16.77 3.09 3.82 5.3 16.52 13.52 8.39 13.27 9.86 0.0 10.09 2.7 9.86 5.41 9.86 3.09 8.39 2.12 0.0 9.86 2.7 2.12 2.7 3.82 3.09 6.75 2.7
18.0 13.5 7.72 9.06 3.18 10.2 3.18 7.97 10.09 3.82 18.0 2.7 16.19 11.07 9.75 9.06 8.39 14.79 11.72 9.6 3.82 3.18 5.71 10.09 0.0 11.07 5.71 10.2 5.71 9.06 3.82 7.97 10.09 5.71 11.07 7.97 11.07 8.39 9.06 7.5 11.07
9.78 6.45 6.18 2.12 14.15 8.11 14.15 3.75 2.7 8.49 9.78 12.57 6.18 0.0 18.81 2.12 6.41 3.75 18.88 15.91 8.49 14.15 12.0 2.7 11.07 0.0 12.0 8.11 12.0 2.12 8.49 3.75 2.7 12.0 0.0 3.75 0.0 6.41 2.12 5.71 0.0
20.92 16.6 6.18 10.61 7.5 6.91 7.5 8.25 9.86 8.49 20.92 3.75 18.06 12.0 6.91 10.61 6.41 15.17 7.12 4.37 8.49 7.5 0.0 9.86 5.71 12.0 0.0 6.91 0.0 10.61 8.49 8.25 9.86 0.0 12.0 8.25 12.0 6.41 10.61 11.07 12.0
17.89 14.33 3.09 7.97 13.1 0.0 13.1 5.41 5.41 10.53 17.89 9.78 14.09 8.11 13.42 7.97 2.37 10.01 12.21 9.28 10.53 13.1 6.91 5.41 10.2 8.11 6.91 0.0 6.91 7.97 10.53 5.41 5.41 6.91 8.11 5.41 8.11 2.37 7.97 10.74 8.11
20.92 16.6 6.18 10.61 7.5 6.91 7.5 8.25 9.86 8.49 20.92 3.75 18.06 12.0 6.91 10.61 6.41 15.17 7.12 4.37 8.49 7.5 0.0 9.86 5.71 12.0 0.0 6.91 0.0 10.61 8.49 8.25 9.86 0.0 12.0 8.25 12.0 6.41 10.61 11.07 12.0
10.45 6.45 5.41 0.0 12.09 7.97 12.09 2.7 3.09 6.36 10.45 10.74 7.5 2.12 17.25 0.0 5.86 5.86 17.65 14.74 6.36 12.09 10.61 3.09 9.06 2.12 10.61 7.97 10.61 0.0 6.36 2.7 3.09 10.61 2.12 2.7 2.12 5.86 0.0 3.82 2.12
14.27 9.78 7.5 6.36 6.18 10.53 6.18 6.41 8.39 0.0 14.27 6.41 12.82 8.49 13.52 6.36 8.25 12.21 15.19 12.77 0.0 6.18 8.49 8.39 3.82 8.49 8.49 10.53 8.49 6.36 0.0 6.41 8.39 8.49 8.49 6.41 8.49 8.25 6.36 3.82 8.49
13.1 9.15 2.7 2.7 11.15 5.41 11.15 0.0 2.12 6.41 13.1 9.06 9.86 3.75 15.07 2.7 3.18 7.12 15.17 12.21 6.41 11.15 8.25 2.12 7.97 3.75 8.25 5.41 8.25 2.7 6.41 0.0 2.12 8.25 3.75 0.0 3.75 3.18 2.7 5.46 3.75
12.48 9.03 3.75 3.09 13.27 5.41 13.27 2.12 0.0 8.39 12.48 11.07 8.78 2.7 16.77 3.09 3.82 5.3 16.52 13.52 8.39 13.27 9.86 0.0 10.09 2.7 9.86 5.41 9.86 3.09 8.39 2.12 0.0 9.86 2.7 2.12 2.7 3.82 3.09 6.75 2.7
20.92 16.6 6.18 10.61 7.5 6.91 7.5 8.25 9.86 8.49 20.92 3.75 18.06 12.0 6.91 10.61 6.41 15.17 7.12 4.37 8.49 7.5 0.0 9.86 5.71 12.0 0.0 6.91 0.0 10.61 8.49 8.25 9.86 0.0 12.0 8.25 12.0 6.41 10.61 11.07 12.0
9.78 6.45 6.18 2.12 14.15 8.11 14.15 3.75 2.7 8.49 9.78 12.57 6.18 0.0 18.81 2.12 6.41 3.75 18.88 15.91 8.49 14.15 12.0 2.7 11.07 0.0 12.0 8.11 12.0 2.12 8.49 3.75 2.7 12.0 0.0 3.75 0.0 6.41 2.12 5.71 0.0
13.1 9.15 2.7 2.7 11.15 5.41 11.15 0.0 2.12 6.41 13.1 9.06 9.86 3.75 15.07 2.7 3.18 7.12 15.17 12.21 6.41 11.15 8.25 2.12 7.97 3.75 8.25 5.41 8.25 2.7 6.41 0.0 2.12 8.25 3.75 0.0 3.75 3.18 2.7 5.46 3.75
9.78 6.45 6.18 2.12 14.15 8.11 14.15 3.75 2.7 8.49 9.78 12.57 6.18 0.0 18.81 2.12 6.41 3.75 18.88 15.91 8.49 14.15 12.0 2.7 11.07 0.0 12.0 8.11 12.0 2.12 8.49 3.75 2.7 12.0 0.0 3.75 0.0 6.41 2.12 5.71 0.0
16.1 12.3 0.75 5.86 11.45 2.37 11.45 3.18 3.82 8.25 16.1 8.49 12.57 6.41 13.29 5.86 0.0 9.0 12.75 9.75 8.25 11.45 6.41 3.82 8.39 6.41 6.41 2.37 6.41 5.86 8.25 3.18 3.82 6.41 6.41 3.18 6.41 0.0 5.86 8.39 6.41
10.45 6.45 5.41 0.0 12.09 7.97 12.09 2.7 3.09 6.36 10.45 10.74 7.5 2.12 17.25 0.0 5.86 5.86 17.65 14.74 6.36 12.09 10.61 3.09 9.06 2.12 10.61 7.97 10.61 0.0 6.36 2.7 3.09 10.61 2.12 2.7 2.12 5.86 0.0 3.82 2.12
10.5 6.0 7.72 3.82 10.01 10.74 10.01 5.46 6.75 3.82 10.5 9.86 9.06 5.71 16.92 3.82 8.39 9.15 18.12 15.44 3.82 10.01 11.07 6.75 7.5 5.71 11.07 10.74 11.07 3.82 3.82 5.46 6.75 11.07 5.71 5.46 5.71 8.39 3.82 0.0 5.71
9.78 6.45 6.18 2.12 14.15 8.11 14.15 3.75 2.7 8.49 9.78 12.57 6.18 0.0 18.81 2.12 6.41 3.75 18.88 15.91 8.49 14.15 12.0 2.7 11.07 0.0 12.0 8.11 12.0 2.12 8.49 3.75 2.7 12.0 0.0 3.75 0.0 6.41 2.12 5.71 0.0
