0.0 18.0 14.27 9.15 13.1 16.1 4.5 18.0 9.78 17.89 27.26 4.37 14.27 20.31 10.45 17.89 16.1 7.12 20.31 12.48 10.45 4.5 12.48 14.27 14.27 20.31 25.14 17.89 10.45 27.26 4.5 27.26 0.0 28.02 4.5 4.37 18.0 4.37 4.37 9.78 7.83 18.0 10.45 14.27 28.02 20.31 18.0 25.14 15.77 20.31 20.92 18.0 27.26 22.16 16.1 13.1 27.26 9.15 17.89 15.77 10.45
18.0 0.0 3.82 14.79 7.97 8.39 13.5 0.0 11.07 10.2 9.75 14.43 3.82 2.7 9.06 10.2 8.39 17.14 2.7 10.09 9.06 13.5 10.09 3.82 3.82 2.7 9.6 10.2 9.06 9.75 13.5 9.75 18.0 11.72 13.5 14.43 0.0 16.19 14.43 11.07 10.74 0.0 9.06 3.82 11.72 2.7 0.0 9.6 7.72 2.7 5.71 0.0 9.75 9.28 8.39 7.97 9.75 14.79 10.2 7.72 9.06
14.27 3.82 0.0 12.21 6.41 8.25 9.78 3.82 8.49 10.53 13.52 10.92 0.0 6.41 6.36 10.53 8.25 14.15 6.41 8.39 6.36 9.78 8.39 0.0 0.0 6.41 12.77 10.53 6.36 13.52 9.78 13.52 14.27 15.19 9.78 10.92 3.82 12.82 10.92 8.49 7.39 3.82 6.36 0.0 15.19 6.41 3.82 12.77 7.5 6.41 8.49 3.82 13.52 11.45 8.25 6.41 13.52 12.21 10.53 7.5 6.36
9.15 14.79 12.21 0.0 7.12 9.0 7.54 14.79 3.75 10.01 22.07 5.46 12.21 16.16 5.86 10.01 9.0 3.09 16.16 5.3 5.86 7.54 5.3 12.21 12.21 16.16 18.75 10.01 5.86 22.07 7.54 22.07 9.15 21.75 7.54 5.46 14.79 4.8 5.46 3.75 5.71 14.79 5.86 12.21 21.75 16.16 14.79 18.75 9.03 16.16 15.17 14.79 22.07 15.07 9.0 7.12 22.07 0.0 10.01 9.03 5.86
13.1 7.97 6.41 7.12 0.0 3.18 9.15 7.97 3.75 5.41 15.07 8.78 6.41 9.06 2.7 5.41 3.18 9.86 9.06 2.12 2.7 9.15 2.12 6.41 6.41 9.06 12.21 5.41 2.7 15.07 9.15 15.07 13.1 15.17 9.15 8.78 7.97 9.86 8.78 3.75 5.41 7.97 2.7 6.41 15.17 9.06 7.97 12.21 2.7 9.06 8.25 7.97 15.07 9.06 3.18 0.0 15.07 7.12 5.41 2.7 2.7
16.1 8.39 8.25 9.0 3.18 0.0 12.3 8.39 6.41 2.37 13.29 11.74 8.25 8.49 5.86 2.37 0.0 12.02 8.49 3.82 5.86 12.3 3.82 8.25 8.25 8.49 9.75 2.37 5.86 13.29 12.3 13.29 16.1 12.75 12.3 11.74 8.39 12.57 11.74 6.41 8.55 8.39 5.86 8.25 12.75 8.49 8.39 9.75 0.75 8.49 6.41 8.39 13.29 6.18 0.0 3.18 13.29 9.0 2.37 0.75 5.86
4.5 13.5 9.78 7.54 9.15 12.3 0.0 13.5 6.45 14.33 22.81 2.37 9.78 15.82 6.45 14.33 12.3 7.12 15.82 9.03 6.45 0.0 9.03 9.78 9.78 15.82 20.89 14.33 6.45 22.81 0.0 22.81 4.5 23.72 0.0 2.37 13.5 4.37 2.37 6.45 3.75 13.5 6.45 9.78 23.72 15.82 13.5 20.89 11.86 15.82 16.6 13.5 22.81 18.14 12.3 9.15 22.81 7.54 14.33 11.86 6.45
18.0 0.0 3.82 14.79 7.97 8.39 13.5 0.0 11.07 10.2 9.75 14.43 3.82 2.7 9.06 10.2 8.39 17.14 2.7 10.09 9.06 13.5 10.09 3.82 3.82 2.7 9.6 10.2 9.06 9.75 13.5 9.75 18.0 11.72 13.5 14.43 0.0 16.19 14.43 11.07 10.74 0.0 9.06 3.82 11.72 2.7 0.0 9.6 7.72 2.7 5.71 0.0 9.75 9.28 8.39 7.97 9.75 14.79 10.2 7.72 9.06
9.78 11.07 8.49 3.75 3.75 6.41 6.45 11.07 0.0 8.11 18.81 5.41 8.49 12.57 2.12 8.11 6.41 6.18 12.57 2.7 2.12 6.45 2.7 8.49 8.49 12.57 15.91 8.11 2.12 18.81 6.45 18.81 9.78 18.88 6.45 5.41 11.07 6.18 5.41 0.0 3.09 11.07 2.12 8.49 18.88 12.57 11.07 15.91 6.18 12.57 12.0 11.07 18.81 12.57 6.41 3.75 18.81 3.75 8.11 6.18 2.12
17.89 10.2 10.53 10.01 5.41 2.37 14.33 10.2 8.11 0.0 13.42 13.52 10.53 9.78 7.97 0.0 2.37 13.1 9.78 5.41 7.97 14.33 5.41 10.53 10.53 9.78 9.28 0.0 7.97 13.42 14.33 13.42 17.89 12.21 14.33 13.52 10.2 14.09 13.52 8.11 10.61 10.2 7.97 10.53 12.21 9.78 10.2 9.28 3.09 9.78 6.91 10.2 13.42 5.3 2.37 5.41 13.42 10.01 0.0 3.09 7.97
27.26 9.75 13.52 22.07 15.07 13.29 22.81 9.75 18.81 13.42 0.0 23.3 13.52 7.12 17.25 13.42 13.29 24.93 7.12 16.77 17.25 22.81 16.77 13.52 13.52 7.12 4.8 13.42 17.25 0.0 22.81 0.0 27.26 3.75 22.81 23.3 9.75 24.75 23.3 18.81 19.56 9.75 17.25 13.52 3.75 7.12 9.75 4.8 13.1 7.12 6.91 9.75 0.0 8.55 13.29 15.07 0.0 22.07 13.42 13.1 17.25
4.37 14.43 10.92 5.46 8.78 11.74 2.37 14.43 5.41 13.52 23.3 0.0 10.92 16.52 6.18 13.52 11.74 4.74 16.52 8.11 6.18 2.37 8.11 10.92 10.92 16.52 20.92 13.52 6.18 23.3 2.37 23.3 4.37 23.84 2.37 0.0 14.43 2.12 0.0 5.41 3.75 14.43 6.18 10.92 23.84 16.52 14.43 20.92 11.42 16.52 16.77 14.43 23.3 17.83 11.74 8.78 23.3 5.46 13.52 11.42 6.18
14.27 3.82 0.0 12.21 6.41 8.25 9.78 3.82 8.49 10.53 13.52 10.92 0.0 6.41 6.36 10.53 8.25 14.15 6.41 8.39 6.36 9.78 8.39 0.0 0.0 6.41 12.77 10.53 6.36 13.52 9.78 13.52 14.27 15.19 9.78 10.92 3.82 12.82 10.92 8.49 7.39 3.82 6.36 0.0 15.19 6.41 3.82 12.77 7.5 6.41 8.49 3.82 13.52 11.45 8.25 6.41 13.52 12.21 10.53 7.5 6.36
20.31 2.7 6.41 16.16 9.06 8.49 15.82 2.7 12.57 9.78 7.12 16.52 6.41 0.0 10.74 9.78 8.49 18.75 0.0 11.07 10.74 15.82 11.07 6.41 6.41 0.0 7.08 9.78 10.74 7.12 15.82 7.12 20.31 9.03 15.82 16.52 2.7 18.14 16.52 12.57 12.77 2.7 10.74 6.41 9.03 0.0 2.7 7.08 7.97 0.0 3.75 2.7 7.12 7.5 8.49 9.06 7.12 16.16 9.78 7.97 10.74
10.45 9.06 6.36 5.86 2.7 5.86 6.45 9.06 2.12 7.97 17.25 6.18 6.36 10.74 0.0 7.97 5.86 8.08 10.74 3.09 0.0 6.45 3.09 6.36 6.36 10.74 14.74 7.97 0.0 17.25 6.45 17.25 10.45 17.65 6.45 6.18 9.06 7.5 6.18 2.12 2.7 9.06 0.0 6.36 17.65 10.74 9.06 14.74 5.41 10.74 10.61 9.06 17.25 11.74 5.86 2.7 17.25 5.86 7.97 5.41 0.0
17.89 10.2 10.53 10.01 5.41 2.37 14.33 10.2 8.11 0.0 13.42 13.52 10.53 9.78 7.97 0.0 2.37 13.1 9.78 5.41 7.97 14.33 5.41 10.53 10.53 9.78 9.28 0.0 7.97 13.42 14.33 13.42 17.89 12.21 14.33 13.52 10.2 14.09 13.52 8.11 10.61 10.2 7.97 10.53 12.21 9.78 10.2 9.28 3.09 9.78 6.91 10.2 13.42 5.3 2.37 5.41 13.42 10.01 0.0 3.09 7.97
16.1 8.39 8.25 9.0 3.18 0.0 12.3 8.39 6.41 2.37 13.29 11.74 8.25 8.49 5.86 2.37 0.0 12.02 8.49 3.82 5.86 12.3 3.82 8.25 8.25 8.49 9.75 2.37 5.86 13.29 12.3 13.29 16.1 12.75 12.3 11.74 8.39 12.57 11.74 6.41 8.55 8.39 5.86 8.25 12.75 8.49 8.39 9.75 0.75 8.49 6.41 8.39 13.29 6.18 0.0 3.18 13.29 9.0 2.37 0.75 5.86
7.12 17.14 14.15 3.09 9.86 12.02 7.12 17.14 6.18 13.1 24.93 4.74 14.15 18.75 8.08 13.1 12.02 0.0 18.75 8.25 8.08 7.12 8.25 14.15 14.15 18.75 21.76 13.1 8.08 24.93 7.12 24.93 7.12 24.76 7.12 4.74 17.14 3.0 4.74 6.18 6.91 17.14 8.08 14.15 24.76 18.75 17.14 21.76 12.0 18.75 18.06 17.14 24.93 18.14 12.02 9.86 24.93 3.09 13.1 12.0 8.08
20.31 2.7 6.41 16.16 9.06 8.49 15.82 2.7 12.57 9.78 7.12 16.52 6.41 0.0 10.74 9.78 8.49 18.75 0.0 11.07 10.74 15.82 11.07 6.41 6.41 0.0 7.08 9.78 10.74 7.12 15.82 7.12 20.31 9.03 15.82 16.52 2.7 18.14 16.52 12.57 12.77 2.7 10.74 6.41 9.03 0.0 2.7 7.08 7.97 0.0 3.75 2.7 7.12 7.5 8.49 9.06 7.12 16.16 9.78 7.97 10.74
12.48 10.09 8.39 5.3 2.12 3.82 9.03 10.09 2.7 5.41 16.77 8.11 8.39 11.07 3.09 5.41 3.82 8.25 11.07 0.0 3.09 9.03 0.0 8.39 8.39 11.07 13.52 5.41 3.09 16.77 9.03 16.77 12.48 16.52 9.03 8.11 10.09 8.78 8.11 2.7 5.41 10.09 3.09 8.39 16.52 11.07 10.09 13.52 3.75 11.07 9.86 10.09 16.77 10.01 3.82 2.12 16.77 5.3 5.41 3.75 3.09
10.45 9.06 6.36 5.86 2.7 5.86 6.45 9.06 2.12 7.97 17.25 6.18 6.36 10.74 0.0 7.97 5.86 8.08 10.74 3.09 0.0 6.45 3.09 6.36 6.36 10.74 14.74 7.97 0.0 17.25 6.45 17.25 10.45 17.65 6.45 6.18 9.06 7.5 6.18 2.12 2.7 9.06 0.0 6.36 17.65 10.74 9.06 14.74 5.41 10.74 10.61 9.06 17.25 11.74 5.86 2.7 17.25 5.86 7.97 5.41 0.0
4.5 13.5 9.78 7.54 9.15 12.3 0.0 13.5 6.45 14.33 22.81 2.37 9.78 15.82 6.45 14.33 12.3 7.12 15.82 9.03 6.45 0.0 9.03 9.78 9.78 15.82 20.89 14.33 6.45 22.81 0.0 22.81 4.5 23.72 0.0 2.37 13.5 4.37 2.37 6.45 3.75 13.5 6.45 9.78 23.72 15.82 13.5 20.89 11.86 15.82 16.6 13.5 22.81 18.14 12.3 9.15 22.81 7.54 14.33 11.86 6.45
12.48 10.09 8.39 5.3 2.12 3.82 9.03 10.09 2.7 5.41 16.77 8.11 8.39 11.07 3.09 5.41 3.82 8.25 11.07 0.0 3.09 9.03 0.0 8.39 8.39 11.07 13.52 5.41 3.09 16.77 9.03 16.77 12.48 16.52 9.03 8.11 10.09 8.78 8.11 2.7 5.41 10.09 3.09 8.39 16.52 11.07 10.09 13.52 3.75 11.07 9.86 10.09 16.77 10.01 3.82 2.12 16.77 5.3 5.41 3.75 3.09
14.27 3.82 0.0 12.21 6.41 8.25 9.78 3.82 8.49 10.53 13.52 10.92 0.0 6.41 6.36 10.53 8.25 14.15 6.41 8.39 6.36 9.78 8.39 0.0 0.0 6.41 12.77 10.53 6.36 13.52 9.78 13.52 14.27 15.19 9.78 10.92 3.82 12.82 10.92 8.49 7.39 3.82 6.36 0.0 15.19 6.41 3.82 12.77 7.5 6.41 8.49 3.82 13.52 11.45 8.25 6.41 13.52 12.21 10.53 7.5 6.36
14.27 3.82 0.0 12.21 6.41 8.25 9.78 3.82 8.49 10.53 13.52 10.92 0.0 6.41 6.36 10.53 8.25 14.15 6.41 8.39 6.36 9.78 8.39 0.0 0.0 6.41 12.77 10.53 6.36 13.52 9.78 13.52 14.27 15.19 9.78 10.92 3.82 12.82 10.92 8.49 7.39 3.82 6.36 0.0 15.19 6.41 3.82 12.77 7.5 6.41 8.49 3.82 13.52 11.45 8.25 6.41 13.52 12.21 10.53 7.5 6.36
20.31 2.7 6.41 16.16 9.06 8.49 15.82 2.7 12.57 9.78 7.12 16.52 6.41 0.0 10.74 9.78 8.49 18.75 0.0 11.07 10.74 15.82 11.07 6.41 6.41 0.0 7.08 9.78 10.74 7.12 15.82 7.12 20.31 9.03 15.82 16.52 2.7 18.14 16.52 12.57 12.77 2.7 10.74 6.41 9.03 0.0 2.7 7.08 7.97 0.0 3.75 2.7 7.12 7.5 8.49 9.06 7.12 16.16 9.78 7.97 10.74
25.14 9.6 12.77 18.75 12.21 9.75 20.89 9.6 15.91 9.28 4.8 20.92 12.77 7.08 14.74 9.28 9.75 21.76 7.08 13.52 14.74 20.89 13.52 12.77 12.77 7.08 0.0 9.28 14.74 4.8 20.89 4.8 25.14 3.0 20.89 20.92 9.6 22.07 20.92 15.91 17.32 9.6 14.74 12.77 3.0 7.08 9.6 0.0 9.78 7.08 4.37 9.6 4.8 4.04 9.75 12.21 4.8 18.75 9.28 9.78 14.74
17.89 10.2 10.53 10.01 5.41 2.37 14.33 10.2 8.11 0.0 13.42 13.52 10.53 9.78 7.97 0.0 2.37 13.1 9.78 5.41 7.97 14.33 5.41 10.53 10.53 9.78 9.28 0.0 7.97 13.42 14.33 13.42 17.89 12.21 14.33 13.52 10.2 14.09 13.52 8.11 10.61 10.2 7.97 10.53 12.21 9.78 10.2 9.28 3.09 9.78 6.91 10.2 13.42 5.3 2.37 5.41 13.42 10.01 0.0 3.09 7.97
10.45 9.06 6.36 5.86 2.7 5.86 6.45 9.06 2.12 7.97 17.25 6.18 6.36 10.74 0.0 7.97 5.86 8.08 10.74 3.09 0.0 6.45 3.09 6.36 6.36 10.74 14.74 7.97 0.0 17.25 6.45 17.25 10.45 17.65 6.45 6.18 9.06 7.5 6.18 2.12 2.7 9.06 0.0 6.36 17.65 10.74 9.06 14.74 5.41 10.74 10.61 9.06 17.25 11.74 5.86 2.7 17.25 5.86 7.97 5.41 0.0
27.26 9.75 13.52 22.07 15.07 13.29 22.81 9.75 18.81 13.42 0.0 23.3 13.52 7.12 17.25 13.42 13.29 24.93 7.12 16.77 17.25 22.81 16.77 13.52 13.52 7.12 4.8 13.42 17.25 0.0 22.81 0.0 27.26 3.75 22.81 23.3 9.75 24.75 23.3 18.81 19.56 9.75 17.25 13.52 3.75 7.12 9.75 4.8 13.1 7.12 6.91 9.75 0.0 8.55 13.29 15.07 0.0 22.07 13.42 13.1 17.25
4.5 13.5 9.78 7.54 9.15 12.3 0.0 13.5 6.45 14.33 22.81 2.37 9.78 15.82 6.45 14.33 12.3 7.12 15.82 9.03 6.45 0.0 9.03 9.78 9.78 15.82 20.89 14.33 6.45 22.81 0.0 22.81 4.5 23.72 0.0 2.37 13.5 4.37 2.37 6.45 3.75 13.5 6.45 9.78 23.72 15.82 13.5 20.89 11.86 15.82 16.6 13.5 22.81 18.14 12.3 9.15 22.81 7.54 14.33 11.86 6.45
27.26 9.75 13.52 22.07 15.07 13.29 22.81 9.75 18.81 13.42 0.0 23.3 13.52 7.12 17.25 13.42 13.29 24.93 7.12 16.77 17.25 22.81 16.77 13.52 13.52 7.12 4.8 13.42 17.25 0.0 22.81 0.0 27.26 3.75 22.81 23.3 9.75 24.75 23.3 18.81 19.56 9.75 17.25 13.52 3.75 7.12 9.75 4.8 13.1 7.12 6.91 9.75 0.0 8.55 13.29 15.07 0.0 22.07 13.42 13.1 17.25
0.0 18.0 14.27 9.15 13.1 16.1 4.5 18.0 9.78 17.89 27.26 4.37 14.27 20.31 10.45 17.89 16.1 7.12 20.31 12.48 10.45 4.5 12.48 14.27 14.27 20.31 25.14 17.89 10.45 27.26 4.5 27.26 0.0 28.02 4.5 4.37 18.0 4.37 4.37 9.78 7.83 18.0 10.45 14.27 28.02 20.31 18.0 25.14 15.77 20.31 20.92 18.0 27.26 22.16 16.1 13.1 27.26 9.15 17.89 15.77 10.45
28.02 11.72 15.19 21.75 15.17 12.75 23.72 11.72 18.88 12.21 3.75 23.84 15.19 9.03 17.65 12.21 12.75 24.76 9.03 16.52 17.65 23.72 16.52 15.19 15.19 9.03 3.0 12.21 17.65 3.75 23.72 3.75 28.02 0.0 23.72 23.84 11.72 25.03 23.84 18.88 20.19 11.72 17.65 15.19 0.0 9.03 11.72 3.0 12.77 9.03 7.12 11.72 3.75 6.91 12.75 15.17 3.75 21.75 12.21 12.77 17.65
4.5 13.5 9.78 7.54 9.15 12.3 0.0 13.5 6.45 14.33 22.81 2.37 9.78 15.82 6.45 14.33 12.3 7.12 15.82 9.03 6.45 0.0 9.03 9.78 9.78 15.82 20.89 14.33 6.45 22.81 0.0 22.81 4.5 23.72 0.0 2.37 13.5 4.37 2.37 6.45 3.75 13.5 6.45 9.78 23.72 15.82 13.5 20.89 11.86 15.82 16.6 13.5 22.81 18.14 12.3 9.15 22.81 7.54 14.33 11.86 6.45
4.37 14.43 10.92 5.46 8.78 11.74 2.37 14.43 5.41 13.52 23.3 0.0 10.92 16.52 6.18 13.52 11.74 4.74 16.52 8.11 6.18 2.37 8.11 10.92 10.92 16.52 20.92 13.52 6.18 23.3 2.37 23.3 4.37 23.84 2.37 0.0 14.43 2.12 0.0 5.41 3.75 14.43 6.18 10.92 23.84 16.52 14.43 20.92 11.42 16.52 16.77 14.43 23.3 17.83 11.74 8.78 23.3 5.46 13.52 11.42 6.18
18.0 0.0 3.82 14.79 7.97 8.39 13.5 0.0 11.07 10.2 9.75 14.43 3.82 2.7 9.06 10.2 8.39 17.14 2.7 10.09 9.06 13.5 10.09 3.82 3.82 2.7 9.6 10.2 9.06 9.75 13.5 9.75 18.0 11.72 13.5 14.43 0.0 16.19 14.43 11.07 10.74 0.0 9.06 3.82 11.72 2.7 0.0 9.6 7.72 2.7 5.71 0.0 9.75 9.28 8.39 7.97 9.75 14.79 10.2 7.72 9.06
4.37 16.19 12.82 4.8 9.86 12.57 4.37 16.19 6.18 14.09 24.75 2.12 12.82 18.14 7.5 14.09 12.57 3.0 18.14 8.78 7.5 4.37 8.78 12.82 12.82 18.14 22.07 14.09 7.5 24.75 4.37 24.75 4.37 25.03 4.37 2.12 16.19 0.0 2.12 6.18 5.46 16.19 7.5 12.82 25.03 18.14 16.19 22.07 12.37 18.14 18.06 16.19 24.75 18.75 12.57 9.86 24.75 4.8 14.09 12.37 7.5
4.37 14.43 10.92 5.46 8.78 11.74 2.37 14.43 5.41 13.52 23.3 0.0 10.92 16.52 6.18 13.52 11.74 4.74 16.52 8.11 6.18 2.37 8.11 10.92 10.92 16.52 20.92 13.52 6.18 23.3 2.37 23.3 4.37 23.84 2.37 0.0 14.43 2.12 0.0 5.41 3.75 14.43 6.18 10.92 23.84 16.52 14.43 20.92 11.42 16.52 16.77 14.43 23.3 17.83 11.74 8.78 23.3 5.46 13.52 11.42 6.18
9.78 11.07 8.49 3.75 3.75 6.41 6.45 11.07 0.0 8.11 18.81 5.41 8.49 12.57 2.12 8.11 6.41 6.18 12.57 2.7 2.12 6.45 2.7 8.49 8.49 12.57 15.91 8.11 2.12 18.81 6.45 18.81 9.78 18.88 6.45 5.41 11.07 6.18 5.41 0.0 3.09 11.07 2.12 8.49 18.88 12.57 11.07 15.91 6.18 12.57 12.0 11.07 18.81 12.57 6.41 3.75 18.81 3.75 8.11 6.18 2.12
7.83 10.74 7.39 5.71 5.41 8.55 3.75 10.74 3.09 10.61 19.56 3.75 7.39 12.77 2.7 10.61 8.55 6.91 12.77 5.41 2.7 3.75 5.41 7.39 7.39 12.77 17.32 10.61 2.7 19.56 3.75 19.56 7.83 20.19 3.75 3.75 10.74 5.46 3.75 3.09 0.0 10.74 2.7 7.39 20.19 12.77 10.74 17.32 8.11 12.77 13.1 10.74 19.56 14.43 8.55 5.41 19.56 5.71 10.61 8.11 2.7
18.0 0.0 3.82 14.79 7.97 8.39 13.5 0.0 11.07 10.2 9.75 14.43 3.82 2.7 9.06 10.2 8.39 17.14 2.7 10.09 9.06 13.5 10.09 3.82 3.82 2.7 9.6 10.2 9.06 9.75 13.5 9.75 18.0 11.72 13.5 14.43 0.0 16.19 14.43 11.07 10.74 0.0 9.06 3.82 11.72 2.7 0.0 9.6 7.72 2.7 5.71 0.0 9.75 9.28 8.39 7.97 9.75 14.79 10.2 7.72 9.06
10.45 9.06 6.36 5.86 2.7 5.86 6.45 9.06 2.12 7.97 17.25 6.18 6.36 10.74 0.0 7.97 5.86 8.08 10.74 3.09 0.0 6.45 3.09 6.36 6.36 10.74 14.74 7.97 0.0 17.25 6.45 17.25 10.45 17.65 6.45 6.18 9.06 7.5 6.18 2.12 2.7 9.06 0.0 6.36 17.65 10.74 9.06 14.74 5.41 10.74 10.61 9.06 17.25 11.74 5.86 2.7 17.25 5.86 7.97 5.41 0.0
14.27 3.82 0.0 12.21 6.41 8.25 9.78 3.82 8.49 10.53 13.52 10.92 0.0 6.41 6.36 10.53 8.25 14.15 6.41 8.39 6.36 9.78 8.39 0.0 0.0 6.41 12.77 10.53 6.36 13.52 9.78 13.52 14.27 15.19 9.78 10.92 3.82 12.82 10.92 8.49 7.39 3.82 6.36 0.0 15.19 6.41 3.82 12.77 7.5 6.41 8.49 3.82 13.52 11.45 8.25 6.41 13.52 12.21 10.53 7.5 6.36
28.02 11.72 15.19 21.75 15.17 12.75 23.72 11.72 18.88 12.21 3.75 23.84 15.19 9.03 17.65 12.21 12.75 24.76 9.03 16.52 17.65 23.72 16.52 15.19 15.19 9.03 3.0 12.21 17.65 3.75 23.72 3.75 28.02 0.0 23.72 23.84 11.72 25.03 23.84 18.88 20.19 11.72 17.65 15.19 0.0 9.03 11.72 3.0 12.77 9.03 7.12 11.72 3.75 6.91 12.75 15.17 3.75 21.75 12.21 12.77 17.65
20.31 2.7 6.41 16.16 9.06 8.49 15.82 2.7 12.57 9.78 7.12 16.52 6.41 0.0 10.74 9.78 8.49 18.75 0.0 11.07 10.74 15.82 11.07 6.41 6.41 0.0 7.08 9.78 10.74 7.12 15.82 7.12 20.31 9.03 15.82 16.52 2.7 18.14 16.52 12.57 12.77 2.7 10.74 6.41 9.03 0.0 2.7 7.08 7.97 0.0 3.75 2.7 7.12 7.5 8.49 9.06 7.12 16.16 9.78 7.97 10.74
18.0 0.0 3.82 14.79 7.97 8.39 13.5 0.0 11.07 10.2 9.75 14.43 3.82 2.7 9.06 10.2 8.39 17.14 2.7 10.09 9.06 13.5 10.09 3.82 3.82 2.7 9.6 10.2 9.06 9.75 13.5 9.75 18.0 11.72 13.5 14.43 0.0 16.19 14.43 11.07 10.74 0.0 9.06 3.82 11.72 2.7 0.0 9.6 7.72 2.7 5.71 0.0 9.75 9.28 8.39 7.97 9.75 14.79 10.2 7.72 9.06
25.14 9.6 12.77 18.75 12.21 9.75 20.89 9.6 15.91 9.28 4.8 20.92 12.77 7.08 14.74 9.28 9.75 21.76 7.08 13.52 14.74 20.89 13.52 12.77 12.77 7.08 0.0 9.28 14.74 4.8 20.89 4.8 25.14 3.0 20.89 20.92 9.6 22.07 20.92 15.91 17.32 9.6 14.74 12.77 3.0 7.08 9.6 0.0 9.78 7.08 4.37 9.6 4.8 4.04 9.75 12.21 4.8 18.75 9.28 9.78 14.74
15.77 7.72 7.5 9.03 2.7 0.75 11.86 7.72 6.18 3.09 13.1 11.42 7.5 7.97 5.41 3.09 0.75 12.0 7.97 3.75 5.41 11.86 3.75 7.5 7.5 7.97 9.78 3.09 5.41 13.1 11.86 13.1 15.77 12.77 11.86 11.42 7.72 12.37 11.42 6.18 8.11 7.72 5.41 7.5 12.77 7.97 7.72 9.78 0.0 7.97 6.18 7.72 13.1 6.41 0.75 2.7 13.1 9.03 3.09 0.0 5.41
20.31 2.7 6.41 16.16 9.06 8.49 15.82 2.7 12.57 9.78 7.12 16.52 6.41 0.0 10.74 9.78 8.49 18.75 0.0 11.07 10.74 15.82 11.07 6.41 6.41 0.0 7.08 9.78 10.74 7.12 15.82 7.12 20.31 9.03 15.82 16.52 2.7 18.14 16.52 12.57 12.77 2.7 10.74 6.41 9.03 0.0 2.7 7.08 7.97 0.0 3.75 2.7 7.12 7.5 8.49 9.06 7.12 16.16 9.78 7.97 10.74
20.92 5.71 8.49 15.17 8.25 6.41 16.6 5.71 12.0 6.91 6.91 16.77 8.49 3.75 10.61 6.91 6.41 18.06 3.75 9.86 10.61 16.6 9.86 8.49 8.49 3.75 4.37 6.91 10.61 6.91 16.6 6.91 20.92 7.12 16.6 16.77 5.71 18.06 16.77 12.0 13.1 5.71 10.61 8.49 7.12 3.75 5.71 4.37 6.18 3.75 0.0 5.71 6.91 3.75 6.41 8.25 6.91 15.17 6.91 6.18 10.61
18.0 0.0 3.82 14.79 7.97 8.39 13.5 0.0 11.07 10.2 9.75 14.43 3.82 2.7 9.06 10.2 8.39 17.14 2.7 10.09 9.06 13.5 10.09 3.82 3.82 2.7 9.6 10.2 9.06 9.75 13.5 9.75 18.0 11.72 13.5 14.43 0.0 16.19 14.43 11.07 10.74 0.0 9.06 3.82 11.72 2.7 0.0 9.6 7.72 2.7 5.71 0.0 9.75 9.28 8.39 7.97 9.75 14.79 10.2 7.72 9.06
27.26 9.75 13.52 22.07 15.07 13.29 22.81 9.75 18.81 13.42 0.0 23.3 13.52 7.12 17.25 13.42 13.29 24.93 7.12 16.77 17.25 22.81 16.77 13.52 13.52 7.12 4.8 13.42 17.25 0.0 22.81 0.0 27.26 3.75 22.81 23.3 9.75 24.75 23.3 18.81 19.56 9.75 17.25 13.52 3.75 7.12 9.75 4.8 13.1 7.12 6.91 9.75 0.0 8.55 13.29 15.07 0.0 22.07 13.42 13.1 17.25
22.16 9.28 11.45 15.07 9.06 6.18 18.14 9.28 12.57 5.3 8.55 17.83 11.45 7.5 11.74 5.3 6.18 18.14 7.5 10.01 11.74 18.14 10.01 11.45 11.45 7.5 4.04 5.3 11.74 8.55 18.14 8.55 22.16 6.91 18.14 17.83 9.28 18.75 17.83 12.57 14.43 9.28 11.74 11.45 6.91 7.5 9.28 4.04 6.41 7.5 3.75 9.28 8.55 0.0 6.18 9.06 8.55 15.07 5.3 6.41 11.74
16.1 8.39 8.25 9.0 3.18 0.0 12.3 8.39 6.41 2.37 13.29 11.74 8.25 8.49 5.86 2.37 0.0 12.02 8.49 3.82 5.86 12.3 3.82 8.25 8.25 8.49 9.75 2.37 5.86 13.29 12.3 13.29 16.1 12.75 12.3 11.74 8.39 12.57 11.74 6.41 8.55 8.39 5.86 8.25 12.75 8.49 8.39 9.75 0.75 8.49 6.41 8.39 13.29 6.18 0.0 3.18 13.29 9.0 2.37 0.75 5.86
13.1 7.97 6.41 7.12 0.0 3.18 9.15 7.97 3.75 5.41 15.07 8.78 6.41 9.06 2.7 5.41 3.18 9.86 9.06 2.12 2.7 9.15 2.12 6.41 6.41 9.06 12.21 5.41 2.7 15.07 9.15 15.07 13.1 15.17 9.15 8.78 7.97 9.86 8.78 3.75 5.41 7.97 2.7 6.41 15.17 9.06 7.97 12.21 2.7 9.06 8.25 7.97 15.07 9.06 3.18 0.0 15.07 7.12 5.41 2.7 2.7
27.26 9.75 13.52 22.07 15.07 13.29 22.81 9.75 18.81 13.42 0.0 23.3 13.52 7.12 17.25 13.42 13.29 24.93 7.12 16.77 17.25 22.81 16.77 13.52 13.52 7.12 4.8 13.42 17.25 0.0 22.81 0.0 27.26 3.75 22.81 23.3 9.75 24.75 23.3 18.81 19.56 9.75 17.25 13.52 3.75 7.12 9.75 4.8 13.1 7.12 6.91 9.75 0.0 8.55 13.29 15.07 0.0 22.07 13.42 13.1 17.25
9.15 14.79 12.21 0.0 7.12 9.0 7.54 14.79 3.75 10.01 22.07 5.46 12.21 16.16 5.86 10.01 9.0 3.09 16.16 5.3 5.86 7.54 5.3 12.21 12.21 16.16 18.75 10.01 5.86 22.07 7.54 22.07 9.15 21.75 7.54 5.46 14.79 4.8 5.46 3.75 5.71 14.79 5.86 12.21 21.75 16.16 14.79 18.75 9.03 16.16 15.17 14.79 22.07 15.07 9.0 7.12 22.07 0.0 10.01 9.03 5.86
17.89 10.2 10.53 10.01 5.41 2.37 14.33 10.2 8.11 0.0 13.42 13.52 10.53 9.78 7.97 0.0 2.37 13.1 9.78 5.41 7.97 14.33 5.41 10.53 10.53 9.78 9.28 0.0 7.97 13.42 14.33 13.42 17.89 12.21 14.33 13.52 10.2 14.09 13.52 8.11 10.61 10.2 7.97 10.53 12.21 9.78 10.2 9.28 3.09 9.78 6.91 10.2 13.42 5.3 2.37 5.41 13.42 10.01 0.0 3.09 7.97
15.77 7.72 7.5 9.03 2.7 0.75 11.86 7.72 6.18 3.09 13.1 11.42 7.5 7.97 5.41 3.09 0.75 12.0 7.97 3.75 5.41 11.86 3.75 7.5 7.5 7.97 9.78 3.09 5.41 13.1 11.86 13.1 15.77 12.77 11.86 11.42 7.72 12.37 11.42 6.18 8.11 7.72 5.41 7.5 12.77 7.97 7.72 9.78 0.0 7.97 6.18 7.72 13.1 6.41 0.75 2.7 13.1 9.03 3.09 0.0 5.41
10.45 9.06 6.36 5.86 2.7 5.86 6.45 9.06 2.12 7.97 17.25 6.18 6.36 10.74 0.0 7.97 5.86 8.08 10.74 3.09 0.0 6.45 3.09 6.36 6.36 10.74 14.74 7.97 0.0 17.25 6.45 17.25 10.45 17.65 6.45 6.18 9.06 7.5 6.18 2.12 2.7 9.06 0.0 6.36 17.65 10.74 9.06 14.74 5.41 10.74 10.61 9.06 17.25 11.74 5.86 2.7 17.25 5.86 7.97 5.41 0.0
