0.0 20.12 2.12 14.23 9.0 5.41 6.71 12.09 9.0 0.0 20.12 0.0 6.71 3.35 9.0 10.92 10.92 3.35 5.41 13.58 3.35 13.58 14.85 3.35 14.85 6.71 3.35 3.35 2.12 13.42 10.92 14.85 12.09 3.35 2.12 20.12 14.77 3.35 12.09 10.92 12.09 12.09 12.09 8.08 10.92 6.71 3.35 20.12 3.35 5.41 3.35 14.23 3.35 6.71 14.23 3.35 12.09 14.23 3.0 14.23 2.12
20.12 0.0 19.56 6.36 12.73 20.18 25.81 16.77 12.73 20.12 0.0 20.12 25.81 23.48 12.73 24.6 24.6 22.3 20.18 11.42 22.9 11.42 20.89 22.9 20.89 25.81 22.3 22.9 19.56 16.16 24.6 20.89 22.9 23.48 19.56 0.0 15.66 23.48 22.9 24.6 22.9 22.9 22.9 22.3 24.6 25.81 22.9 0.0 22.9 20.18 22.3 6.36 22.9 25.81 6.36 22.3 16.77 6.36 17.49 6.36 19.56
2.12 19.56 0.0 13.42 7.65 3.35 6.36 10.06 7.65 2.12 19.56 2.12 6.36 4.5 7.65 9.12 9.12 5.41 3.35 12.0 3.35 12.0 12.73 3.35 12.73 6.36 5.41 3.35 0.0 11.42 9.12 12.73 10.06 4.5 0.0 19.56 12.82 4.5 10.06 9.12 10.06 10.06 10.06 6.18 9.12 6.36 3.35 19.56 3.35 3.35 5.41 13.42 3.35 6.36 13.42 5.41 10.06 13.42 2.12 13.42 0.0
14.23 6.36 13.42 0.0 6.36 13.83 19.56 10.92 6.36 14.23 6.36 14.23 19.56 17.56 6.36 18.31 18.31 16.77 13.83 6.0 16.77 6.0 15.3 16.77 15.3 19.56 16.77 16.77 13.42 10.61 18.31 15.3 16.77 17.56 13.42 6.36 10.5 17.56 16.77 18.31 16.77 16.77 16.77 15.95 18.31 19.56 16.77 6.36 16.77 13.83 16.77 0.0 16.77 19.56 0.0 16.77 10.92 0.0 11.42 0.0 13.42
9.0 12.73 7.65 6.36 0.0 7.5 13.42 6.18 0.0 9.0 12.73 9.0 13.42 12.09 0.0 12.09 12.09 12.09 7.5 4.74 10.92 4.74 10.61 10.92 10.61 13.42 12.09 10.92 7.65 6.71 12.09 10.61 10.92 12.09 7.65 12.73 7.5 12.09 10.92 12.09 10.92 10.92 10.92 9.6 12.09 13.42 10.92 12.73 10.92 7.5 12.09 6.36 10.92 13.42 6.36 12.09 6.18 6.36 6.0 6.36 7.65
5.41 20.18 3.35 13.83 7.5 0.0 6.18 7.65 7.5 5.41 20.18 5.41 6.18 6.71 7.5 6.0 6.0 8.49 0.0 10.92 4.74 10.92 9.6 4.74 9.6 6.18 8.49 4.74 3.35 9.12 6.0 9.6 6.71 6.71 3.35 20.18 10.61 6.71 6.71 6.0 6.71 6.71 6.71 3.0 6.0 6.18 4.74 20.18 4.74 0.0 8.49 13.83 4.74 6.18 13.83 8.49 7.65 13.83 4.5 13.83 3.35
6.71 25.81 6.36 19.56 13.42 6.18 0.0 13.5 13.42 6.71 25.81 6.71 0.0 4.5 13.42 7.5 7.5 7.5 6.18 17.1 3.35 17.1 14.23 3.35 14.23 0.0 7.5 3.35 6.36 15.0 7.5 14.23 10.06 4.5 6.36 25.81 16.5 4.5 10.06 7.5 10.06 10.06 10.06 6.18 7.5 0.0 3.35 25.81 3.35 6.18 7.5 19.56 3.35 0.0 19.56 7.5 13.5 19.56 8.49 19.56 6.36
12.09 16.77 10.06 10.92 6.18 7.65 13.5 0.0 6.18 12.09 16.77 12.09 13.5 14.23 6.18 8.75 8.75 15.44 7.65 5.41 12.37 5.41 4.5 12.37 4.5 13.5 15.44 12.37 10.06 1.5 8.75 4.5 6.36 14.23 10.06 16.77 3.0 14.23 6.36 8.75 6.36 6.36 6.36 7.65 8.75 13.5 12.37 16.77 12.37 7.65 15.44 10.92 12.37 13.5 10.92 15.44 0.0 10.92 9.6 10.92 10.06
9.0 12.73 7.65 6.36 0.0 7.5 13.42 6.18 0.0 9.0 12.73 9.0 13.42 12.09 0.0 12.09 12.09 12.09 7.5 4.74 10.92 4.74 10.61 10.92 10.61 13.42 12.09 10.92 7.65 6.71 12.09 10.61 10.92 12.09 7.65 12.73 7.5 12.09 10.92 12.09 10.92 10.92 10.92 9.6 12.09 13.42 10.92 12.73 10.92 7.5 12.09 6.36 10.92 13.42 6.36 12.09 6.18 6.36 6.0 6.36 7.65
0.0 20.12 2.12 14.23 9.0 5.41 6.71 12.09 9.0 0.0 20.12 0.0 6.71 3.35 9.0 10.92 10.92 3.35 5.41 13.58 3.35 13.58 14.85 3.35 14.85 6.71 3.35 3.35 2.12 13.42 10.92 14.85 12.09 3.35 2.12 20.12 14.77 3.35 12.09 10.92 12.09 12.09 12.09 8.08 10.92 6.71 3.35 20.12 3.35 5.41 3.35 14.23 3.35 6.71 14.23 3.35 12.09 14.23 3.0 14.23 2.12
20.12 0.0 19.56 6.36 12.73 20.18 25.81 16.77 12.73 20.12 0.0 20.12 25.81 23.48 12.73 24.6 24.6 22.3 20.18 11.42 22.9 11.42 20.89 22.9 20.89 25.81 22.3 22.9 19.56 16.16 24.6 20.89 22.9 23.48 19.56 0.0 15.66 23.48 22.9 24.6 22.9 22.9 22.9 22.3 24.6 25.81 22.9 0.0 22.9 20.18 22.3 6.36 22.9 25.81 6.36 22.3 16.77 6.36 17.49 6.36 19.56
0.0 20.12 2.12 14.23 9.0 5.41 6.71 12.09 9.0 0.0 20.12 0.0 6.71 3.35 9.0 10.92 10.92 3.35 5.41 13.58 3.35 13.58 14.85 3.35 14.85 6.71 3.35 3.35 2.12 13.42 10.92 14.85 12.09 3.35 2.12 20.12 14.77 3.35 12.09 10.92 12.09 12.09 12.09 8.08 10.92 6.71 3.35 20.12 3.35 5.41 3.35 14.23 3.35 6.71 14.23 3.35 12.09 14.23 3.0 14.23 2.12
6.71 25.81 6.36 19.56 13.42 6.18 0.0 13.5 13.42 6.71 25.81 6.71 0.0 4.5 13.42 7.5 7.5 7.5 6.18 17.1 3.35 17.1 14.23 3.35 14.23 0.0 7.5 3.35 6.36 15.0 7.5 14.23 10.06 4.5 6.36 25.81 16.5 4.5 10.06 7.5 10.06 10.06 10.06 6.18 7.5 0.0 3.35 25.81 3.35 6.18 7.5 19.56 3.35 0.0 19.56 7.5 13.5 19.56 8.49 19.56 6.36
3.35 23.48 4.5 17.56 12.09 6.71 4.5 14.23 12.09 3.35 23.48 3.35 4.5 0.0 12.09 10.82 10.82 3.0 6.71 16.5 2.12 16.5 16.22 2.12 16.22 4.5 3.0 2.12 4.5 15.66 10.82 16.22 12.73 0.0 4.5 23.48 17.1 0.0 12.73 10.82 12.73 12.73 12.73 8.49 10.82 4.5 2.12 23.48 2.12 6.71 3.0 17.56 2.12 4.5 17.56 3.0 14.23 17.56 6.18 17.56 4.5
9.0 12.73 7.65 6.36 0.0 7.5 13.42 6.18 0.0 9.0 12.73 9.0 13.42 12.09 0.0 12.09 12.09 12.09 7.5 4.74 10.92 4.74 10.61 10.92 10.61 13.42 12.09 10.92 7.65 6.71 12.09 10.61 10.92 12.09 7.65 12.73 7.5 12.09 10.92 12.09 10.92 10.92 10.92 9.6 12.09 13.42 10.92 12.73 10.92 7.5 12.09 6.36 10.92 13.42 6.36 12.09 6.18 6.36 6.0 6.36 7.65
10.92 24.6 9.12 18.31 12.09 6.0 7.5 8.75 12.09 10.92 24.6 10.92 7.5 10.82 12.09 0.0 0.0 13.42 6.0 13.83 8.75 13.83 7.5 8.75 7.5 7.5 13.42 8.75 9.12 10.06 0.0 7.5 3.0 10.82 9.12 24.6 11.42 10.82 3.0 0.0 3.0 3.0 3.0 3.0 0.0 7.5 8.75 24.6 8.75 6.0 13.42 18.31 8.75 7.5 18.31 13.42 8.75 18.31 10.5 18.31 9.12
10.92 24.6 9.12 18.31 12.09 6.0 7.5 8.75 12.09 10.92 24.6 10.92 7.5 10.82 12.09 0.0 0.0 13.42 6.0 13.83 8.75 13.83 7.5 8.75 7.5 7.5 13.42 8.75 9.12 10.06 0.0 7.5 3.0 10.82 9.12 24.6 11.42 10.82 3.0 0.0 3.0 3.0 3.0 3.0 0.0 7.5 8.75 24.6 8.75 6.0 13.42 18.31 8.75 7.5 18.31 13.42 8.75 18.31 10.5 18.31 9.12
3.35 22.3 5.41 16.77 12.09 8.49 7.5 15.44 12.09 3.35 22.3 3.35 7.5 3.0 12.09 13.42 13.42 0.0 8.49 16.77 4.74 16.77 18.06 4.74 18.06 7.5 0.0 4.74 5.41 16.77 13.42 18.06 15.0 3.0 5.41 22.3 18.12 3.0 15.0 13.42 15.0 15.0 15.0 10.82 13.42 7.5 4.74 22.3 4.74 8.49 0.0 16.77 4.74 7.5 16.77 0.0 15.44 16.77 6.18 16.77 5.41
5.41 20.18 3.35 13.83 7.5 0.0 6.18 7.65 7.5 5.41 20.18 5.41 6.18 6.71 7.5 6.0 6.0 8.49 0.0 10.92 4.74 10.92 9.6 4.74 9.6 6.18 8.49 4.74 3.35 9.12 6.0 9.6 6.71 6.71 3.35 20.18 10.61 6.71 6.71 6.0 6.71 6.71 6.71 3.0 6.0 6.18 4.74 20.18 4.74 0.0 8.49 13.83 4.74 6.18 13.83 8.49 7.65 13.83 4.5 13.83 3.35
13.58 11.42 12.0 6.0 4.74 10.92 17.1 5.41 4.74 13.58 11.42 13.58 17.1 16.5 4.74 13.83 13.83 16.77 10.92 0.0 15.07 0.0 9.49 15.07 9.49 17.1 16.77 15.07 12.0 4.74 13.83 9.49 11.72 16.5 12.0 11.42 4.5 16.5 11.72 13.83 11.72 11.72 11.72 12.09 13.83 17.1 15.07 11.42 15.07 10.92 16.77 6.0 15.07 17.1 6.0 16.77 5.41 6.0 10.61 6.0 12.0
3.35 22.9 3.35 16.77 10.92 4.74 3.35 12.37 10.92 3.35 22.9 3.35 3.35 2.12 10.92 8.75 8.75 4.74 4.74 15.07 0.0 15.07 14.15 0.0 14.15 3.35 4.74 0.0 3.35 13.83 8.75 14.15 10.61 2.12 3.35 22.9 15.3 2.12 10.61 8.75 10.61 10.61 10.61 6.36 8.75 3.35 0.0 22.9 0.0 4.74 4.74 16.77 0.0 3.35 16.77 4.74 12.37 16.77 5.41 16.77 3.35
13.58 11.42 12.0 6.0 4.74 10.92 17.1 5.41 4.74 13.58 11.42 13.58 17.1 16.5 4.74 13.83 13.83 16.77 10.92 0.0 15.07 0.0 9.49 15.07 9.49 17.1 16.77 15.07 12.0 4.74 13.83 9.49 11.72 16.5 12.0 11.42 4.5 16.5 11.72 13.83 11.72 11.72 11.72 12.09 13.83 17.1 15.07 11.42 15.07 10.92 16.77 6.0 15.07 17.1 6.0 16.77 5.41 6.0 10.61 6.0 12.0
14.85 20.89 12.73 15.3 10.61 9.6 14.23 4.5 10.61 14.85 20.89 14.85 14.23 16.22 10.61 7.5 7.5 18.06 9.6 9.49 14.15 9.49 0.0 14.15 0.0 14.23 18.06 14.15 12.73 4.74 7.5 0.0 4.5 16.22 12.73 20.89 5.41 16.22 4.5 7.5 4.5 4.5 4.5 8.08 7.5 14.23 14.15 20.89 14.15 9.6 18.06 15.3 14.15 14.23 15.3 18.06 4.5 15.3 12.9 15.3 12.73
3.35 22.9 3.35 16.77 10.92 4.74 3.35 12.37 10.92 3.35 22.9 3.35 3.35 2.12 10.92 8.75 8.75 4.74 4.74 15.07 0.0 15.07 14.15 0.0 14.15 3.35 4.74 0.0 3.35 13.83 8.75 14.15 10.61 2.12 3.35 22.9 15.3 2.12 10.61 8.75 10.61 10.61 10.61 6.36 8.75 3.35 0.0 22.9 0.0 4.74 4.74 16.77 0.0 3.35 16.77 4.74 12.37 16.77 5.41 16.77 3.35
14.85 20.89 12.73 15.3 10.61 9.6 14.23 4.5 10.61 14.85 20.89 14.85 14.23 16.22 10.61 7.5 7.5 18.06 9.6 9.49 14.15 9.49 0.0 14.15 0.0 14.23 18.06 14.15 12.73 4.74 7.5 0.0 4.5 16.22 12.73 20.89 5.41 16.22 4.5 7.5 4.5 4.5 4.5 8.08 7.5 14.23 14.15 20.89 14.15 9.6 18.06 15.3 14.15 14.23 15.3 18.06 4.5 15.3 12.9 15.3 12.73
6.71 25.81 6.36 19.56 13.42 6.18 0.0 13.5 13.42 6.71 25.81 6.71 0.0 4.5 13.42 7.5 7.5 7.5 6.18 17.1 3.35 17.1 14.23 3.35 14.23 0.0 7.5 3.35 6.36 15.0 7.5 14.23 10.06 4.5 6.36 25.81 16.5 4.5 10.06 7.5 10.06 10.06 10.06 6.18 7.5 0.0 3.35 25.81 3.35 6.18 7.5 19.56 3.35 0.0 19.56 7.5 13.5 19.56 8.49 19.56 6.36
3.35 22.3 5.41 16.77 12.09 8.49 7.5 15.44 12.09 3.35 22.3 3.35 7.5 3.0 12.09 13.42 13.42 0.0 8.49 16.77 4.74 16.77 18.06 4.74 18.06 7.5 0.0 4.74 5.41 16.77 13.42 18.06 15.0 3.0 5.41 22.3 18.12 3.0 15.0 13.42 15.0 15.0 15.0 10.82 13.42 7.5 4.74 22.3 4.74 8.49 0.0 16.77 4.74 7.5 16.77 0.0 15.44 16.77 6.18 16.77 5.41
3.35 22.9 3.35 16.77 10.92 4.74 3.35 12.37 10.92 3.35 22.9 3.35 3.35 2.12 10.92 8.75 8.75 4.74 4.74 15.07 0.0 15.07 14.15 0.0 14.15 3.35 4.74 0.0 3.35 13.83 8.75 14.15 10.61 2.12 3.35 22.9 15.3 2.12 10.61 8.75 10.61 10.61 10.61 6.36 8.75 3.35 0.0 22.9 0.0 4.74 4.74 16.77 0.0 3.35 16.77 4.74 12.37 16.77 5.41 16.77 3.35
2.12 19.56 0.0 13.42 7.65 3.35 6.36 10.06 7.65 2.12 19.56 2.12 6.36 4.5 7.65 9.12 9.12 5.41 3.35 12.0 3.35 12.0 12.73 3.35 12.73 6.36 5.41 3.35 0.0 11.42 9.12 12.73 10.06 4.5 0.0 19.56 12.82 4.5 10.06 9.12 10.06 10.06 10.06 6.18 9.12 6.36 3.35 19.56 3.35 3.35 5.41 13.42 3.35 6.36 13.42 5.41 10.06 13.42 2.12 13.42 0.0
13.42 16.16 11.42 10.61 6.71 9.12 15.0 1.5 6.71 13.42 16.16 13.42 15.0 15.66 6.71 10.06 10.06 16.77 9.12 4.74 13.83 4.74 4.74 13.83 4.74 15.0 16.77 13.83 11.42 0.0 10.06 4.74 7.5 15.66 11.42 16.16 1.5 15.66 7.5 10.06 7.5 7.5 7.5 9.12 10.06 15.0 13.83 16.16 13.83 9.12 16.77 10.61 13.83 15.0 10.61 16.77 1.5 10.61 10.82 10.61 11.42
10.92 24.6 9.12 18.31 12.09 6.0 7.5 8.75 12.09 10.92 24.6 10.92 7.5 10.82 12.09 0.0 0.0 13.42 6.0 13.83 8.75 13.83 7.5 8.75 7.5 7.5 13.42 8.75 9.12 10.06 0.0 7.5 3.0 10.82 9.12 24.6 11.42 10.82 3.0 0.0 3.0 3.0 3.0 3.0 0.0 7.5 8.75 24.6 8.75 6.0 13.42 18.31 8.75 7.5 18.31 13.42 8.75 18.31 10.5 18.31 9.12
14.85 20.89 12.73 15.3 10.61 9.6 14.23 4.5 10.61 14.85 20.89 14.85 14.23 16.22 10.61 7.5 7.5 18.06 9.6 9.49 14.15 9.49 0.0 14.15 0.0 14.23 18.06 14.15 12.73 4.74 7.5 0.0 4.5 16.22 12.73 20.89 5.41 16.22 4.5 7.5 4.5 4.5 4.5 8.08 7.5 14.23 14.15 20.89 14.15 9.6 18.06 15.3 14.15 14.23 15.3 18.06 4.5 15.3 12.9 15.3 12.73
12.09 22.9 10.06 16.77 10.92 6.71 10.06 6.36 10.92 12.09 22.9 12.09 10.06 12.73 10.92 3.0 3.0 15.0 6.71 11.72 10.61 11.72 4.5 10.61 4.5 10.06 15.0 10.61 10.06 7.5 3.0 4.5 0.0 12.73 10.06 22.9 8.75 12.73 0.0 3.0 0.0 0.0 0.0 4.24 3.0 10.06 10.61 22.9 10.61 6.71 15.0 16.77 10.61 10.06 16.77 15.0 6.36 16.77 10.92 16.77 10.06
3.35 23.48 4.5 17.56 12.09 6.71 4.5 14.23 12.09 3.35 23.48 3.35 4.5 0.0 12.09 10.82 10.82 3.0 6.71 16.5 2.12 16.5 16.22 2.12 16.22 4.5 3.0 2.12 4.5 15.66 10.82 16.22 12.73 0.0 4.5 23.48 17.1 0.0 12.73 10.82 12.73 12.73 12.73 8.49 10.82 4.5 2.12 23.48 2.12 6.71 3.0 17.56 2.12 4.5 17.56 3.0 14.23 17.56 6.18 17.56 4.5
2.12 19.56 0.0 13.42 7.65 3.35 6.36 10.06 7.65 2.12 19.56 2.12 6.36 4.5 7.65 9.12 9.12 5.41 3.35 12.0 3.35 12.0 12.73 3.35 12.73 6.36 5.41 3.35 0.0 11.42 9.12 12.73 10.06 4.5 0.0 19.56 12.82 4.5 10.06 9.12 10.06 10.06 10.06 6.18 9.12 6.36 3.35 19.56 3.35 3.35 5.41 13.42 3.35 6.36 13.42 5.41 10.06 13.42 2.12 13.42 0.0
20.12 0.0 19.56 6.36 12.73 20.18 25.81 16.77 12.73 20.12 0.0 20.12 25.81 23.48 12.73 24.6 24.6 22.3 20.18 11.42 22.9 11.42 20.89 22.9 20.89 25.81 22.3 22.9 19.56 16.16 24.6 20.89 22.9 23.48 19.56 0.0 15.66 23.48 22.9 24.6 22.9 22.9 22.9 22.3 24.6 25.81 22.9 0.0 22.9 20.18 22.3 6.36 22.9 25.81 6.36 22.3 16.77 6.36 17.49 6.36 19.56
14.77 15.66 12.82 10.5 7.5 10.61 16.5 3.0 7.5 14.77 15.66 14.77 16.5 17.1 7.5 11.42 11.42 18.12 10.61 4.5 15.3 4.5 5.41 15.3 5.41 16.5 18.12 15.3 12.82 1.5 11.42 5.41 8.75 17.1 12.82 15.66 0.0 17.1 8.75 11.42 8.75 8.75 8.75 10.61 11.42 16.5 15.3 15.66 15.3 10.61 18.12 10.5 15.3 16.5 10.5 18.12 3.0 10.5 12.09 10.5 12.82
3.35 23.48 4.5 17.56 12.09 6.71 4.5 14.23 12.09 3.35 23.48 3.35 4.5 0.0 12.09 10.82 10.82 3.0 6.71 16.5 2.12 16.5 16.22 2.12 16.22 4.5 3.0 2.12 4.5 15.66 10.82 16.22 12.73 0.0 4.5 23.48 17.1 0.0 12.73 10.82 12.73 12.73 12.73 8.49 10.82 4.5 2.12 23.48 2.12 6.71 3.0 17.56 2.12 4.5 17.56 3.0 14.23 17.56 6.18 17.56 4.5
12.09 22.9 10.06 16.77 10.92 6.71 10.06 6.36 10.92 12.09 22.9 12.09 10.06 12.73 10.92 3.0 3.0 15.0 6.71 11.72 10.61 11.72 4.5 10.61 4.5 10.06 15.0 10.61 10.06 7.5 3.0 4.5 0.0 12.73 10.06 22.9 8.75 12.73 0.0 3.0 0.0 0.0 0.0 4.24 3.0 10.06 10.61 22.9 10.61 6.71 15.0 16.77 10.61 10.06 16.77 15.0 6.36 16.77 10.92 16.77 10.06
10.92 24.6 9.12 18.31 12.09 6.0 7.5 8.75 12.09 10.92 24.6 10.92 7.5 10.82 12.09 0.0 0.0 13.42 6.0 13.83 8.75 13.83 7.5 8.75 7.5 7.5 13.42 8.75 9.12 10.06 0.0 7.5 3.0 10.82 9.12 24.6 11.42 10.82 3.0 0.0 3.0 3.0 3.0 3.0 0.0 7.5 8.75 24.6 8.75 6.0 13.42 18.31 8.75 7.5 18.31 13.42 8.75 18.31 10.5 18.31 9.12
12.09 22.9 10.06 16.77 10.92 6.71 10.06 6.36 10.92 12.09 22.9 12.09 10.06 12.73 10.92 3.0 3.0 15.0 6.71 11.72 10.61 11.72 4.5 10.61 4.5 10.06 15.0 10.61 10.06 7.5 3.0 4.5 0.0 12.73 10.06 22.9 8.75 12.73 0.0 3.0 0.0 0.0 0.0 4.24 3.0 10.06 10.61 22.9 10.61 6.71 15.0 16.77 10.61 10.06 16.77 15.0 6.36 16.77 10.92 16.77 10.06
12.09 22.9 10.06 16.77 10.92 6.71 10.06 6.36 10.92 12.09 22.9 12.09 10.06 12.73 10.92 3.0 3.0 15.0 6.71 11.72 10.61 11.72 4.5 10.61 4.5 10.06 15.0 10.61 10.06 7.5 3.0 4.5 0.0 12.73 10.06 22.9 8.75 12.73 0.0 3.0 0.0 0.0 0.0 4.24 3.0 10.06 10.61 22.9 10.61 6.71 15.0 16.77 10.61 10.06 16.77 15.0 6.36 16.77 10.92 16.77 10.06
12.09 22.9 10.06 16.77 10.92 6.71 10.06 6.36 10.92 12.09 22.9 12.09 10.06 12.73 10.92 3.0 3.0 15.0 6.71 11.72 10.61 11.72 4.5 10.61 4.5 10.06 15.0 10.61 10.06 7.5 3.0 4.5 0.0 12.73 10.06 22.9 8.75 12.73 0.0 3.0 0.0 0.0 0.0 4.24 3.0 10.06 10.61 22.9 10.61 6.71 15.0 16.77 10.61 10.06 16.77 15.0 6.36 16.77 10.92 16.77 10.06
8.08 22.3 6.18 15.95 9.6 3.0 6.18 7.65 9.6 8.08 22.3 8.08 6.18 8.49 9.6 3.0 3.0 10.82 3.0 12.09 6.36 12.09 8.08 6.36 8.08 6.18 10.82 6.36 6.18 9.12 3.0 8.08 4.24 8.49 6.18 22.3 10.61 8.49 4.24 3.0 4.24 4.24 4.24 0.0 3.0 6.18 6.36 22.3 6.36 3.0 10.82 15.95 6.36 6.18 15.95 10.82 7.65 15.95 7.5 15.95 6.18
10.92 24.6 9.12 18.31 12.09 6.0 7.5 8.75 12.09 10.92 24.6 10.92 7.5 10.82 12.09 0.0 0.0 13.42 6.0 13.83 8.75 13.83 7.5 8.75 7.5 7.5 13.42 8.75 9.12 10.06 0.0 7.5 3.0 10.82 9.12 24.6 11.42 10.82 3.0 0.0 3.0 3.0 3.0 3.0 0.0 7.5 8.75 24.6 8.75 6.0 13.42 18.31 8.75 7.5 18.31 13.42 8.75 18.31 10.5 18.31 9.12
6.71 25.81 6.36 19.56 13.42 6.18 0.0 13.5 13.42 6.71 25.81 6.71 0.0 4.5 13.42 7.5 7.5 7.5 6.18 17.1 3.35 17.1 14.23 3.35 14.23 0.0 7.5 3.35 6.36 15.0 7.5 14.23 10.06 4.5 6.36 25.81 16.5 4.5 10.06 7.5 10.06 10.06 10.06 6.18 7.5 0.0 3.35 25.81 3.35 6.18 7.5 19.56 3.35 0.0 19.56 7.5 13.5 19.56 8.49 19.56 6.36
3.35 22.9 3.35 16.77 10.92 4.74 3.35 12.37 10.92 3.35 22.9 3.35 3.35 2.12 10.92 8.75 8.75 4.74 4.74 15.07 0.0 15.07 14.15 0.0 14.15 3.35 4.74 0.0 3.35 13.83 8.75 14.15 10.61 2.12 3.35 22.9 15.3 2.12 10.61 8.75 10.61 10.61 10.61 6.36 8.75 3.35 0.0 22.9 0.0 4.74 4.74 16.77 0.0 3.35 16.77 4.74 12.37 16.77 5.41 16.77 3.35
20.12 0.0 19.56 6.36 12.73 20.18 25.81 16.77 12.73 20.12 0.0 20.12 25.81 23.48 12.73 24.6 24.6 22.3 20.18 11.42 22.9 11.42 20.89 22.9 20.89 25.81 22.3 22.9 19.56 16.16 24.6 20.89 22.9 23.48 19.56 0.0 15.66 23.48 22.9 24.6 22.9 22.9 22.9 22.3 24.6 25.81 22.9 0.0 22.9 20.18 22.3 6.36 22.9 25.81 6.36 22.3 16.77 6.36 17.49 6.36 19.56
3.35 22.9 3.35 16.77 10.92 4.74 3.35 12.37 10.92 3.35 22.9 3.35 3.35 2.12 10.92 8.75 8.75 4.74 4.74 15.07 0.0 15.07 14.15 0.0 14.15 3.35 4.74 0.0 3.35 13.83 8.75 14.15 10.61 2.12 3.35 22.9 15.3 2.12 10.61 8.75 10.61 10.61 10.61 6.36 8.75 3.35 0.0 22.9 0.0 4.74 4.74 16.77 0.0 3.35 16.77 4.74 12.37 16.77 5.41 16.77 3.35
5.41 20.18 3.35 13.83 7.5 0.0 6.18 7.65 7.5 5.41 20.18 5.41 6.18 6.71 7.5 6.0 6.0 8.49 0.0 10.92 4.74 10.92 9.6 4.74 9.6 6.18 8.49 4.74 3.35 9.12 6.0 9.6 6.71 6.71 3.35 20.18 10.61 6.71 6.71 6.0 6.71 6.71 6.71 3.0 6.0 6.18 4.74 20.18 4.74 0.0 8.49 13.83 4.74 6.18 13.83 8.49 7.65 13.83 4.5 13.83 3.35
3.35 22.3 5.41 16.77 12.09 8.49 7.5 15.44 12.09 3.35 22.3 3.35 7.5 3.0 12.09 13.42 13.42 0.0 8.49 16.77 4.74 16.77 18.06 4.74 18.06 7.5 0.0 4.74 5.41 16.77 13.42 18.06 15.0 3.0 5.41 22.3 18.12 3.0 15.0 13.42 15.0 15.0 15.0 10.82 13.42 7.5 4.74 22.3 4.74 8.49 0.0 16.77 4.74 7.5 16.77 0.0 15.44 16.77 6.18 16.77 5.41
14.23 6.36 13.42 0.0 6.36 13.83 19.56 10.92 6.36 14.23 6.36 14.23 19.56 17.56 6.36 18.31 18.31 16.77 13.83 6.0 16.77 6.0 15.3 16.77 15.3 19.56 16.77 16.77 13.42 10.61 18.31 15.3 16.77 17.56 13.42 6.36 10.5 17.56 16.77 18.31 16.77 16.77 16.77 15.95 18.31 19.56 16.77 6.36 16.77 13.83 16.77 0.0 16.77 19.56 0.0 16.77 10.92 0.0 11.42 0.0 13.42
3.35 22.9 3.35 16.77 10.92 4.74 3.35 12.37 10.92 3.35 22.9 3.35 3.35 2.12 10.92 8.75 8.75 4.74 4.74 15.07 0.0 15.07 14.15 0.0 14.15 3.35 4.74 0.0 3.35 13.83 8.75 14.15 10.61 2.12 3.35 22.9 15.3 2.12 10.61 8.75 10.61 10.61 10.61 6.36 8.75 3.35 0.0 22.9 0.0 4.74 4.74 16.77 0.0 3.35 16.77 4.74 12.37 16.77 5.41 16.77 3.35
6.71 25.81 6.36 19.56 13.42 6.18 0.0 13.5 13.42 6.71 25.81 6.71 0.0 4.5 13.42 7.5 7.5 7.5 6.18 17.1 3.35 17.1 14.23 3.35 14.23 0.0 7.5 3.35 6.36 15.0 7.5 14.23 10.06 4.5 6.36 25.81 16.5 4.5 10.06 7.5 10.06 10.06 10.06 6.18 7.5 0.0 3.35 25.81 3.35 6.18 7.5 19.56 3.35 0.0 19.56 7.5 13.5 19.56 8.49 19.56 6.36
14.23 6.36 13.42 0.0 6.36 13.83 19.56 10.92 6.36 14.23 6.36 14.23 19.56 17.56 6.36 18.31 18.31 16.77 13.83 6.0 16.77 6.0 15.3 16.77 15.3 19.56 16.77 16.77 13.42 10.61 18.31 15.3 16.77 17.56 13.42 6.36 10.5 17.56 16.77 18.31 16.77 16.77 16.77 15.95 18.31 19.56 16.77 6.36 16.77 13.83 16.77 0.0 16.77 19.56 0.0 16.77 10.92 0.0 11.42 0.0 13.42
3.35 22.3 5.41 16.77 12.09 8.49 7.5 15.44 12.09 3.35 22.3 3.35 7.5 3.0 12.09 13.42 13.42 0.0 8.49 16.77 4.74 16.77 18.06 4.74 18.06 7.5 0.0 4.74 5.41 16.77 13.42 18.06 15.0 3.0 5.41 22.3 18.12 3.0 15.0 13.42 15.0 15.0 15.0 10.82 13.42 7.5 4.74 22.3 4.74 8.49 0.0 16.77 4.74 7.5 16.77 0.0 15.44 16.77 6.18 16.77 5.41
12.09 16.77 10.06 10.92 6.18 7.65 13.5 0.0 6.18 12.09 16.77 12.09 13.5 14.23 6.18 8.75 8.75 15.44 7.65 5.41 12.37 5.41 4.5 12.37 4.5 13.5 15.44 12.37 10.06 1.5 8.75 4.5 6.36 14.23 10.06 16.77 3.0 14.23 6.36 8.75 6.36 6.36 6.36 7.65 8.75 13.5 12.37 16.77 12.37 7.65 15.44 10.92 12.37 13.5 10.92 15.44 0.0 10.92 9.6 10.92 10.06
14.23 6.36 13.42 0.0 6.36 13.83 19.56 10.92 6.36 14.23 6.36 14.23 19.56 17.56 6.36 18.31 18.31 16.77 13.83 6.0 16.77 6.0 15.3 16.77 15.3 19.56 16.77 16.77 13.42 10.61 18.31 15.3 16.77 17.56 13.42 6.36 10.5 17.56 16.77 18.31 16.77 16.77 16.77 15.95 18.31 19.56 16.77 6.36 16.77 13.83 16.77 0.0 16.77 19.56 0.0 16.77 10.92 0.0 11.42 0.0 13.42
3.0 17.49 2.12 11.42 6.0 4.5 8.49 9.6 6.0 3.0 17.49 3.0 8.49 6.18 6.0 10.5 10.5 6.18 4.5 10.61 5.41 10.61 12.9 5.41 12.9 8.49 6.18 5.41 2.12 10.82 10.5 12.9 10.92 6.18 2.12 17.49 12.09 6.18 10.92 10.5 10.92 10.92 10.92 7.5 10.5 8.49 5.41 17.49 5.41 4.5 6.18 11.42 5.41 8.49 11.42 6.18 9.6 11.42 0.0 11.42 2.12
14.23 6.36 13.42 0.0 6.36 13.83 19.56 10.92 6.36 14.23 6.36 14.23 19.56 17.56 6.36 18.31 18.31 16.77 13.83 6.0 16.77 6.0 15.3 16.77 15.3 19.56 16.77 16.77 13.42 10.61 18.31 15.3 16.77 17.56 13.42 6.36 10.5 17.56 16.77 18.31 16.77 16.77 16.77 15.95 18.31 19.56 16.77 6.36 16.77 13.83 16.77 0.0 16.77 19.56 0.0 16.77 10.92 0.0 11.42 0.0 13.42
2.12 19.56 0.0 13.42 7.65 3.35 6.36 10.06 7.65 2.12 19.56 2.12 6.36 4.5 7.65 9.12 9.12 5.41 3.35 12.0 3.35 12.0 12.73 3.35 12.73 6.36 5.41 3.35 0.0 11.42 9.12 12.73 10.06 4.5 0.0 19.56 12.82 4.5 10.06 9.12 10.06 10.06 10.06 6.18 9.12 6.36 3.35 19.56 3.35 3.35 5.41 13.42 3.35 6.36 13.42 5.41 10.06 13.42 2.12 13.42 0.0
