4 160 660 6 0
0 0.0 0 0.0 660 660
1 2.0 1 195.0 210.0 29.98
2 2.0 1 355.0 370.0 32.73
3 2.0 1 230.0 245.0 38.3
4 2.0 2 335.0 350.0 22.92
5 2.0 1 260.0 275.0 37.77
6 2.0 2 245.0 260.0 27.57
7 2.0 1 415.0 430.0 29.28
8 2.0 2 380.0 395.0 12.82
9 2.0 1 105.0 120.0 14.57
10 2.0 1 350.0 365.0 22.55
11 2.0 2 65.0 80.0 11.28
12 2.0 1 220.0 235.0 40.12
13 2.0 2 190.0 205.0 41.12
14 2.0 1 390.0 405.0 33.42
15 2.0 3 120.0 135.0 29.37
16 2.0 1 200.0 215.0 45.45
17 2.0 1 415.0 430.0 42.08
18 2.0 1 405.0 420.0 20.75
19 2.0 1 235.0 250.0 33.42
20 2.0 1 80.0 95.0 28.05
21 2.0 1 405.0 420.0 43.87
22 2.0 1 80.0 95.0 36.05
23 2.0 1 285.0 300.0 39.53
24 2.0 2 360.0 375.0 22.68
25 2.0 1 315.0 330.0 20.3
26 2.0 1 130.0 145.0 30.78
27 2.0 1 420.0 435.0 17.85
28 2.0 1 135.0 150.0 39.53
29 2.0 1 235.0 250.0 34.23
30 2.0 2 110.0 125.0 20.75
31 2.0 1 420.0 435.0 22.68
32 2.0 1 75.0 90.0 36.05
33 2.0 2 245.0 260.0 49.35
34 2.0 1 340.0 355.0 36.23
35 2.0 1 410.0 425.0 31.2
36 2.0 1 115.0 130.0 20.75
37 2.0 1 300.0 315.0 24.27
38 2.0 2 80.0 95.0 36.63
39 2.0 1 220.0 235.0 38.23
40 2.0 1 200.0 215.0 42.42
41 2.0 2 395.0 410.0 22.43
42 2.0 2 105.0 120.0 41.4
43 2.0 2 120.0 135.0 29.28
44 2.0 1 90.0 105.0 37.37
45 2.0 1 75.0 90.0 37.63
46 2.0 1 285.0 300.0 38.25
47 2.0 1 105.0 120.0 27.8
48 2.0 1 370.0 385.0 22.43
49 2.0 1 385.0 400.0 45.33
50 2.0 1 140.0 155.0 44.08
51 2.0 1 210.0 225.0 45.33
52 2.0 1 90.0 105.0 45.33
53 2.0 1 100.0 115.0 11.28
54 2.0 1 60.0 75.0 42.08
55 2.0 1 400.0 415.0 24.72
56 2.0 2 115.0 130.0 17.85
57 2.0 1 175.0 190.0 27.57
58 2.0 2 380.0 395.0 24.82
59 2.0 1 200.0 215.0 33.42
60 2.0 1 405.0 420.0 18.07
61 2.0 1 350.0 365.0 39.87
62 2.0 1 120.0 135.0 39.6
63 2.0 1 130.0 145.0 20.75
64 2.0 2 75.0 90.0 34.37
65 2.0 1 415.0 430.0 17.85
66 2.0 1 390.0 405.0 37.52
67 2.0 2 105.0 120.0 29.28
68 2.0 1 370.0 385.0 41.63
69 2.0 1 265.0 280.0 38.3
70 2.0 1 230.0 245.0 49.35
71 2.0 1 90.0 105.0 27.8
72 2.0 1 155.0 170.0 37.77
73 2.0 2 295.0 310.0 44.0
74 2.0 1 105.0 120.0 35.93
75 2.0 1 75.0 90.0 34.23
76 2.0 1 420.0 435.0 32.67
77 2.0 1 215.0 230.0 24.67
78 2.0 1 350.0 365.0 42.42
79 2.0 1 90.0 105.0 29.37
80 2.0 1 110.0 125.0 32.38
81 2.0 -1 207.98 239.98 29.98
82 2.0 -1 369.73 402.73 32.73
83 2.0 -1 249.3 283.3 38.3
84 2.0 -2 343.92 372.92 22.92
85 2.0 -1 278.77 312.77 37.77
86 2.0 -2 256.57 287.57 27.57
87 2.0 -1 427.28 459.28 29.28
88 2.0 -2 383.82 407.82 12.82
89 2.0 -1 109.57 134.57 14.57
90 2.0 -1 358.55 387.55 22.55
91 2.0 -2 68.28 91.28 11.28
92 2.0 -1 240.12 275.12 40.12
93 2.0 -2 211.12 246.12 41.12
94 2.0 -1 405.42 438.42 33.42
95 2.0 -3 132.37 164.37 29.37
96 2.0 -1 224.45 260.45 45.45
97 2.0 -1 437.08 472.08 42.08
98 2.0 -1 412.75 440.75 20.75
99 2.0 -1 250.42 283.42 33.42
100 2.0 -1 92.05 123.05 28.05
101 2.0 -1 427.87 463.87 43.87
102 2.0 -1 97.05 131.05 36.05
103 2.0 -1 304.53 339.53 39.53
104 2.0 -2 368.68 397.68 22.68
105 2.0 -1 322.3 350.3 20.3
106 2.0 -1 143.78 175.78 30.78
107 2.0 -1 425.85 452.85 17.85
108 2.0 -1 154.53 189.53 39.53
109 2.0 -1 251.23 284.23 34.23
110 2.0 -2 117.75 145.75 20.75
111 2.0 -1 428.68 457.68 22.68
112 2.0 -1 92.05 126.05 36.05
113 2.0 -2 272.35 309.35 49.35
114 2.0 -1 357.23 391.23 36.23
115 2.0 -1 424.2 456.2 31.2
116 2.0 -1 122.75 150.75 20.75
117 2.0 -1 309.27 339.27 24.27
118 2.0 -2 97.63 131.63 36.63
119 2.0 -1 239.23 273.23 38.23
120 2.0 -1 222.42 257.42 42.42
121 2.0 -2 403.43 432.43 22.43
122 2.0 -2 126.4 161.4 41.4
123 2.0 -2 132.28 164.28 29.28
124 2.0 -1 108.37 142.37 37.37
125 2.0 -1 93.63 127.63 37.63
126 2.0 -1 304.25 338.25 38.25
127 2.0 -1 116.8 147.8 27.8
128 2.0 -1 378.43 407.43 22.43
129 2.0 -1 409.33 445.33 45.33
130 2.0 -1 163.08 199.08 44.08
131 2.0 -1 234.33 270.33 45.33
132 2.0 -1 114.33 150.33 45.33
133 2.0 -1 103.28 126.28 11.28
134 2.0 -1 82.08 117.08 42.08
135 2.0 -1 409.72 439.72 24.72
136 2.0 -2 120.85 147.85 17.85
137 2.0 -1 186.57 217.57 27.57
138 2.0 -2 389.82 419.82 24.82
139 2.0 -1 215.42 248.42 33.42
140 2.0 -1 411.07 438.07 18.07
141 2.0 -1 369.87 404.87 39.87
142 2.0 -1 139.6 174.6 39.6
143 2.0 -1 137.75 165.75 20.75
144 2.0 -2 91.37 124.37 34.37
145 2.0 -1 420.85 447.85 17.85
146 2.0 -1 408.52 442.52 37.52
147 2.0 -2 117.28 149.28 29.28
148 2.0 -1 391.63 426.63 41.63
149 2.0 -1 284.3 318.3 38.3
150 2.0 -1 257.35 294.35 49.35
151 2.0 -1 101.8 132.8 27.8
152 2.0 -1 173.77 207.77 37.77
153 2.0 -2 318.0 354.0 44.0
154 2.0 -1 121.93 155.93 35.93
155 2.0 -1 91.23 124.23 34.23
156 2.0 -1 434.67 467.67 32.67
157 2.0 -1 224.67 254.67 24.67
158 2.0 -1 372.42 407.42 42.42
159 2.0 -1 102.37 134.37 29.37
160 2.0 -1 124.38 157.38 32.38
161 0.0 0 0.0 660 660
