0.0 10.92 3.35 14.77 13.42 13.58 8.08 6.71 14.23 4.5 13.58 4.5 5.41 3.0 5.41 14.23 14.85 3.0 4.5 9.0 12.09 5.41 14.23 5.41 5.41 12.09 13.58 3.0 4.5 5.41 3.35 14.23 14.77 12.09 12.09 13.42 4.5 14.85 3.35 14.77 2.12 4.5 14.85 9.0 14.77 12.09 5.41 3.35 8.08 3.35 12.09 6.71 12.09 15.66 4.5 14.77 8.08 15.66 2.12 10.92 3.35 0.0 9.0 10.92 3.35 15.66 3.35 5.41 2.12 12.09 5.41 13.42 5.41 3.35 10.92 12.09 6.71 3.35 13.58 4.5 3.35
10.92 0.0 10.82 11.42 10.06 13.83 3.0 7.5 18.31 10.61 13.83 10.61 6.0 10.5 6.0 18.31 7.5 10.5 10.61 12.09 8.75 6.0 18.31 6.0 6.0 8.75 13.83 10.5 10.61 6.0 10.82 18.31 11.42 8.75 3.0 10.06 10.61 7.5 10.82 11.42 9.12 10.61 7.5 12.09 11.42 3.0 6.0 10.82 3.0 10.82 3.0 7.5 3.0 19.21 10.61 11.42 3.0 19.21 9.12 0.0 10.82 10.92 12.09 0.0 8.75 19.21 8.75 6.0 9.12 8.75 6.0 10.06 6.0 13.42 0.0 3.0 7.5 13.42 13.83 10.61 10.82
3.35 10.82 0.0 17.1 15.66 16.5 8.49 4.5 17.56 7.65 16.5 7.65 6.71 6.18 6.71 17.56 16.22 6.18 7.65 12.09 14.23 6.71 17.56 6.71 6.71 14.23 16.5 6.18 7.65 6.71 0.0 17.56 17.1 14.23 12.73 15.66 7.65 16.22 0.0 17.1 4.5 7.65 16.22 12.09 17.1 12.73 6.71 0.0 8.49 0.0 12.73 4.5 12.73 18.97 7.65 17.1 8.49 18.97 4.5 10.82 0.0 3.35 12.09 10.82 2.12 18.97 2.12 6.71 4.5 14.23 6.71 15.66 6.71 3.0 10.82 12.73 4.5 3.0 16.5 7.65 0.0
14.77 11.42 17.1 0.0 1.5 4.5 10.61 16.5 10.5 10.82 4.5 10.82 10.61 12.09 10.61 10.5 5.41 12.09 10.82 7.5 3.0 10.61 10.5 10.61 10.61 3.0 4.5 12.09 10.82 10.61 17.1 10.5 0.0 3.0 8.75 1.5 10.82 5.41 17.1 0.0 12.82 10.82 5.41 7.5 0.0 8.75 10.61 17.1 10.61 17.1 8.75 16.5 8.75 10.61 10.82 0.0 10.61 10.61 12.82 11.42 17.1 14.77 7.5 11.42 15.3 10.61 15.3 10.61 12.82 3.0 10.61 1.5 10.61 18.12 11.42 8.75 16.5 18.12 4.5 10.82 17.1
13.42 10.06 15.66 1.5 0.0 4.74 9.12 15.0 10.61 9.6 4.74 9.6 9.12 10.82 9.12 10.61 4.74 10.82 9.6 6.71 1.5 9.12 10.61 9.12 9.12 1.5 4.74 10.82 9.6 9.12 15.66 10.61 1.5 1.5 7.5 0.0 9.6 4.74 15.66 1.5 11.42 9.6 4.74 6.71 1.5 7.5 9.12 15.66 9.12 15.66 7.5 15.0 7.5 10.92 9.6 1.5 9.12 10.92 11.42 10.06 15.66 13.42 6.71 10.06 13.83 10.92 13.83 9.12 11.42 1.5 9.12 0.0 9.12 16.77 10.06 7.5 15.0 16.77 4.74 9.6 15.66
13.58 13.83 16.5 4.5 4.74 0.0 12.09 17.1 6.0 9.12 0.0 9.12 10.92 10.61 10.92 6.0 9.49 10.61 9.12 4.74 5.41 10.92 6.0 10.92 10.92 5.41 0.0 10.61 9.12 10.92 16.5 6.0 4.5 5.41 11.72 4.74 9.12 9.49 16.5 4.5 12.0 9.12 9.49 4.74 4.5 11.72 10.92 16.5 12.09 16.5 11.72 17.1 11.72 6.18 9.12 4.5 12.09 6.18 12.0 13.83 16.5 13.58 4.74 13.83 15.07 6.18 15.07 10.92 12.0 5.41 10.92 4.74 10.92 16.77 13.83 11.72 17.1 16.77 0.0 9.12 16.5
8.08 3.0 8.49 10.61 9.12 12.09 0.0 6.18 15.95 7.65 12.09 7.65 3.0 7.5 3.0 15.95 8.08 7.5 7.65 9.6 7.65 3.0 15.95 3.0 3.0 7.65 12.09 7.5 7.65 3.0 8.49 15.95 10.61 7.65 4.24 9.12 7.65 8.08 8.49 10.61 6.18 7.65 8.08 9.6 10.61 4.24 3.0 8.49 0.0 8.49 4.24 6.18 4.24 16.97 7.65 10.61 0.0 16.97 6.18 3.0 8.49 8.08 9.6 3.0 6.36 16.97 6.36 3.0 6.18 7.65 3.0 9.12 3.0 10.82 3.0 4.24 6.18 10.82 12.09 7.65 8.49
6.71 7.5 4.5 16.5 15.0 17.1 6.18 0.0 19.56 9.6 17.1 9.6 6.18 8.49 6.18 19.56 14.23 8.49 9.6 13.42 13.5 6.18 19.56 6.18 6.18 13.5 17.1 8.49 9.6 6.18 4.5 19.56 16.5 13.5 10.06 15.0 9.6 14.23 4.5 16.5 6.36 9.6 14.23 13.42 16.5 10.06 6.18 4.5 6.18 4.5 10.06 0.0 10.06 20.84 9.6 16.5 6.18 20.84 6.36 7.5 4.5 6.71 13.42 7.5 3.35 20.84 3.35 6.18 6.36 13.5 6.18 15.0 6.18 7.5 7.5 10.06 0.0 7.5 17.1 9.6 4.5
14.23 18.31 17.56 10.5 10.61 6.0 15.95 19.56 0.0 10.06 6.0 10.06 13.83 11.42 13.83 0.0 15.3 11.42 10.06 6.36 10.92 13.83 0.0 13.83 13.83 10.92 6.0 11.42 10.06 13.83 17.56 0.0 10.5 10.92 16.77 10.61 10.06 15.3 17.56 10.5 13.42 10.06 15.3 6.36 10.5 16.77 13.83 17.56 15.95 17.56 16.77 19.56 16.77 1.5 10.06 10.5 15.95 1.5 13.42 18.31 17.56 14.23 6.36 18.31 16.77 1.5 16.77 13.83 13.42 10.92 13.83 10.61 13.83 16.77 18.31 16.77 19.56 16.77 6.0 10.06 17.56
4.5 10.61 7.65 10.82 9.6 9.12 7.65 9.6 10.06 0.0 9.12 0.0 4.74 1.5 4.74 10.06 12.09 1.5 0.0 4.5 8.49 4.74 10.06 4.74 4.74 8.49 9.12 1.5 0.0 4.74 7.65 10.06 10.82 8.49 10.61 9.6 0.0 12.09 7.65 10.82 3.35 0.0 12.09 4.5 10.82 10.61 4.74 7.65 7.65 7.65 10.61 9.6 10.61 11.42 0.0 10.82 7.65 11.42 3.35 10.61 7.65 4.5 4.5 10.61 6.71 11.42 6.71 4.74 3.35 8.49 4.74 9.6 4.74 7.65 10.61 10.61 9.6 7.65 9.12 0.0 7.65
13.58 13.83 16.5 4.5 4.74 0.0 12.09 17.1 6.0 9.12 0.0 9.12 10.92 10.61 10.92 6.0 9.49 10.61 9.12 4.74 5.41 10.92 6.0 10.92 10.92 5.41 0.0 10.61 9.12 10.92 16.5 6.0 4.5 5.41 11.72 4.74 9.12 9.49 16.5 4.5 12.0 9.12 9.49 4.74 4.5 11.72 10.92 16.5 12.09 16.5 11.72 17.1 11.72 6.18 9.12 4.5 12.09 6.18 12.0 13.83 16.5 13.58 4.74 13.83 15.07 6.18 15.07 10.92 12.0 5.41 10.92 4.74 10.92 16.77 13.83 11.72 17.1 16.77 0.0 9.12 16.5
4.5 10.61 7.65 10.82 9.6 9.12 7.65 9.6 10.06 0.0 9.12 0.0 4.74 1.5 4.74 10.06 12.09 1.5 0.0 4.5 8.49 4.74 10.06 4.74 4.74 8.49 9.12 1.5 0.0 4.74 7.65 10.06 10.82 8.49 10.61 9.6 0.0 12.09 7.65 10.82 3.35 0.0 12.09 4.5 10.82 10.61 4.74 7.65 7.65 7.65 10.61 9.6 10.61 11.42 0.0 10.82 7.65 11.42 3.35 10.61 7.65 4.5 4.5 10.61 6.71 11.42 6.71 4.74 3.35 8.49 4.74 9.6 4.74 7.65 10.61 10.61 9.6 7.65 9.12 0.0 7.65
5.41 6.0 6.71 10.61 9.12 10.92 3.0 6.18 13.83 4.74 10.92 4.74 0.0 4.5 0.0 13.83 9.6 4.5 4.74 7.5 7.65 0.0 13.83 0.0 0.0 7.65 10.92 4.5 4.74 0.0 6.71 13.83 10.61 7.65 6.71 9.12 4.74 9.6 6.71 10.61 3.35 4.74 9.6 7.5 10.61 6.71 0.0 6.71 3.0 6.71 6.71 6.18 6.71 15.0 4.74 10.61 3.0 15.0 3.35 6.0 6.71 5.41 7.5 6.0 4.74 15.0 4.74 0.0 3.35 7.65 0.0 9.12 0.0 8.49 6.0 6.71 6.18 8.49 10.92 4.74 6.71
3.0 10.5 6.18 12.09 10.82 10.61 7.5 8.49 11.42 1.5 10.61 1.5 4.5 0.0 4.5 11.42 12.9 0.0 1.5 6.0 9.6 4.5 11.42 4.5 4.5 9.6 10.61 0.0 1.5 4.5 6.18 11.42 12.09 9.6 10.92 10.82 1.5 12.9 6.18 12.09 2.12 1.5 12.9 6.0 12.09 10.92 4.5 6.18 7.5 6.18 10.92 8.49 10.92 12.82 1.5 12.09 7.5 12.82 2.12 10.5 6.18 3.0 6.0 10.5 5.41 12.82 5.41 4.5 2.12 9.6 4.5 10.82 4.5 6.18 10.5 10.92 8.49 6.18 10.61 1.5 6.18
5.41 6.0 6.71 10.61 9.12 10.92 3.0 6.18 13.83 4.74 10.92 4.74 0.0 4.5 0.0 13.83 9.6 4.5 4.74 7.5 7.65 0.0 13.83 0.0 0.0 7.65 10.92 4.5 4.74 0.0 6.71 13.83 10.61 7.65 6.71 9.12 4.74 9.6 6.71 10.61 3.35 4.74 9.6 7.5 10.61 6.71 0.0 6.71 3.0 6.71 6.71 6.18 6.71 15.0 4.74 10.61 3.0 15.0 3.35 6.0 6.71 5.41 7.5 6.0 4.74 15.0 4.74 0.0 3.35 7.65 0.0 9.12 0.0 8.49 6.0 6.71 6.18 8.49 10.92 4.74 6.71
14.23 18.31 17.56 10.5 10.61 6.0 15.95 19.56 0.0 10.06 6.0 10.06 13.83 11.42 13.83 0.0 15.3 11.42 10.06 6.36 10.92 13.83 0.0 13.83 13.83 10.92 6.0 11.42 10.06 13.83 17.56 0.0 10.5 10.92 16.77 10.61 10.06 15.3 17.56 10.5 13.42 10.06 15.3 6.36 10.5 16.77 13.83 17.56 15.95 17.56 16.77 19.56 16.77 1.5 10.06 10.5 15.95 1.5 13.42 18.31 17.56 14.23 6.36 18.31 16.77 1.5 16.77 13.83 13.42 10.92 13.83 10.61 13.83 16.77 18.31 16.77 19.56 16.77 6.0 10.06 17.56
14.85 7.5 16.22 5.41 4.74 9.49 8.08 14.23 15.3 12.09 9.49 12.09 9.6 12.9 9.6 15.3 0.0 12.9 12.09 10.61 4.5 9.6 15.3 9.6 9.6 4.5 9.49 12.9 12.09 9.6 16.22 15.3 5.41 4.5 4.5 4.74 12.09 0.0 16.22 5.41 12.73 12.09 0.0 10.61 5.41 4.5 9.6 16.22 8.08 16.22 4.5 14.23 4.5 15.66 12.09 5.41 8.08 15.66 12.73 7.5 16.22 14.85 10.61 7.5 14.15 15.66 14.15 9.6 12.73 4.5 9.6 4.74 9.6 18.06 7.5 4.5 14.23 18.06 9.49 12.09 16.22
3.0 10.5 6.18 12.09 10.82 10.61 7.5 8.49 11.42 1.5 10.61 1.5 4.5 0.0 4.5 11.42 12.9 0.0 1.5 6.0 9.6 4.5 11.42 4.5 4.5 9.6 10.61 0.0 1.5 4.5 6.18 11.42 12.09 9.6 10.92 10.82 1.5 12.9 6.18 12.09 2.12 1.5 12.9 6.0 12.09 10.92 4.5 6.18 7.5 6.18 10.92 8.49 10.92 12.82 1.5 12.09 7.5 12.82 2.12 10.5 6.18 3.0 6.0 10.5 5.41 12.82 5.41 4.5 2.12 9.6 4.5 10.82 4.5 6.18 10.5 10.92 8.49 6.18 10.61 1.5 6.18
4.5 10.61 7.65 10.82 9.6 9.12 7.65 9.6 10.06 0.0 9.12 0.0 4.74 1.5 4.74 10.06 12.09 1.5 0.0 4.5 8.49 4.74 10.06 4.74 4.74 8.49 9.12 1.5 0.0 4.74 7.65 10.06 10.82 8.49 10.61 9.6 0.0 12.09 7.65 10.82 3.35 0.0 12.09 4.5 10.82 10.61 4.74 7.65 7.65 7.65 10.61 9.6 10.61 11.42 0.0 10.82 7.65 11.42 3.35 10.61 7.65 4.5 4.5 10.61 6.71 11.42 6.71 4.74 3.35 8.49 4.74 9.6 4.74 7.65 10.61 10.61 9.6 7.65 9.12 0.0 7.65
9.0 12.09 12.09 7.5 6.71 4.74 9.6 13.42 6.36 4.5 4.74 4.5 7.5 6.0 7.5 6.36 10.61 6.0 4.5 0.0 6.18 7.5 6.36 7.5 7.5 6.18 4.74 6.0 4.5 7.5 12.09 6.36 7.5 6.18 10.92 6.71 4.5 10.61 12.09 7.5 7.65 4.5 10.61 0.0 7.5 10.92 7.5 12.09 9.6 12.09 10.92 13.42 10.92 7.5 4.5 7.5 9.6 7.5 7.65 12.09 12.09 9.0 0.0 12.09 10.92 7.5 10.92 7.5 7.65 6.18 7.5 6.71 7.5 12.09 12.09 10.92 13.42 12.09 4.74 4.5 12.09
12.09 8.75 14.23 3.0 1.5 5.41 7.65 13.5 10.92 8.49 5.41 8.49 7.65 9.6 7.65 10.92 4.5 9.6 8.49 6.18 0.0 7.65 10.92 7.65 7.65 0.0 5.41 9.6 8.49 7.65 14.23 10.92 3.0 0.0 6.36 1.5 8.49 4.5 14.23 3.0 10.06 8.49 4.5 6.18 3.0 6.36 7.65 14.23 7.65 14.23 6.36 13.5 6.36 11.42 8.49 3.0 7.65 11.42 10.06 8.75 14.23 12.09 6.18 8.75 12.37 11.42 12.37 7.65 10.06 0.0 7.65 1.5 7.65 15.44 8.75 6.36 13.5 15.44 5.41 8.49 14.23
5.41 6.0 6.71 10.61 9.12 10.92 3.0 6.18 13.83 4.74 10.92 4.74 0.0 4.5 0.0 13.83 9.6 4.5 4.74 7.5 7.65 0.0 13.83 0.0 0.0 7.65 10.92 4.5 4.74 0.0 6.71 13.83 10.61 7.65 6.71 9.12 4.74 9.6 6.71 10.61 3.35 4.74 9.6 7.5 10.61 6.71 0.0 6.71 3.0 6.71 6.71 6.18 6.71 15.0 4.74 10.61 3.0 15.0 3.35 6.0 6.71 5.41 7.5 6.0 4.74 15.0 4.74 0.0 3.35 7.65 0.0 9.12 0.0 8.49 6.0 6.71 6.18 8.49 10.92 4.74 6.71
14.23 18.31 17.56 10.5 10.61 6.0 15.95 19.56 0.0 10.06 6.0 10.06 13.83 11.42 13.83 0.0 15.3 11.42 10.06 6.36 10.92 13.83 0.0 13.83 13.83 10.92 6.0 11.42 10.06 13.83 17.56 0.0 10.5 10.92 16.77 10.61 10.06 15.3 17.56 10.5 13.42 10.06 15.3 6.36 10.5 16.77 13.83 17.56 15.95 17.56 16.77 19.56 16.77 1.5 10.06 10.5 15.95 1.5 13.42 18.31 17.56 14.23 6.36 18.31 16.77 1.5 16.77 13.83 13.42 10.92 13.83 10.61 13.83 16.77 18.31 16.77 19.56 16.77 6.0 10.06 17.56
5.41 6.0 6.71 10.61 9.12 10.92 3.0 6.18 13.83 4.74 10.92 4.74 0.0 4.5 0.0 13.83 9.6 4.5 4.74 7.5 7.65 0.0 13.83 0.0 0.0 7.65 10.92 4.5 4.74 0.0 6.71 13.83 10.61 7.65 6.71 9.12 4.74 9.6 6.71 10.61 3.35 4.74 9.6 7.5 10.61 6.71 0.0 6.71 3.0 6.71 6.71 6.18 6.71 15.0 4.74 10.61 3.0 15.0 3.35 6.0 6.71 5.41 7.5 6.0 4.74 15.0 4.74 0.0 3.35 7.65 0.0 9.12 0.0 8.49 6.0 6.71 6.18 8.49 10.92 4.74 6.71
5.41 6.0 6.71 10.61 9.12 10.92 3.0 6.18 13.83 4.74 10.92 4.74 0.0 4.5 0.0 13.83 9.6 4.5 4.74 7.5 7.65 0.0 13.83 0.0 0.0 7.65 10.92 4.5 4.74 0.0 6.71 13.83 10.61 7.65 6.71 9.12 4.74 9.6 6.71 10.61 3.35 4.74 9.6 7.5 10.61 6.71 0.0 6.71 3.0 6.71 6.71 6.18 6.71 15.0 4.74 10.61 3.0 15.0 3.35 6.0 6.71 5.41 7.5 6.0 4.74 15.0 4.74 0.0 3.35 7.65 0.0 9.12 0.0 8.49 6.0 6.71 6.18 8.49 10.92 4.74 6.71
12.09 8.75 14.23 3.0 1.5 5.41 7.65 13.5 10.92 8.49 5.41 8.49 7.65 9.6 7.65 10.92 4.5 9.6 8.49 6.18 0.0 7.65 10.92 7.65 7.65 0.0 5.41 9.6 8.49 7.65 14.23 10.92 3.0 0.0 6.36 1.5 8.49 4.5 14.23 3.0 10.06 8.49 4.5 6.18 3.0 6.36 7.65 14.23 7.65 14.23 6.36 13.5 6.36 11.42 8.49 3.0 7.65 11.42 10.06 8.75 14.23 12.09 6.18 8.75 12.37 11.42 12.37 7.65 10.06 0.0 7.65 1.5 7.65 15.44 8.75 6.36 13.5 15.44 5.41 8.49 14.23
13.58 13.83 16.5 4.5 4.74 0.0 12.09 17.1 6.0 9.12 0.0 9.12 10.92 10.61 10.92 6.0 9.49 10.61 9.12 4.74 5.41 10.92 6.0 10.92 10.92 5.41 0.0 10.61 9.12 10.92 16.5 6.0 4.5 5.41 11.72 4.74 9.12 9.49 16.5 4.5 12.0 9.12 9.49 4.74 4.5 11.72 10.92 16.5 12.09 16.5 11.72 17.1 11.72 6.18 9.12 4.5 12.09 6.18 12.0 13.83 16.5 13.58 4.74 13.83 15.07 6.18 15.07 10.92 12.0 5.41 10.92 4.74 10.92 16.77 13.83 11.72 17.1 16.77 0.0 9.12 16.5
3.0 10.5 6.18 12.09 10.82 10.61 7.5 8.49 11.42 1.5 10.61 1.5 4.5 0.0 4.5 11.42 12.9 0.0 1.5 6.0 9.6 4.5 11.42 4.5 4.5 9.6 10.61 0.0 1.5 4.5 6.18 11.42 12.09 9.6 10.92 10.82 1.5 12.9 6.18 12.09 2.12 1.5 12.9 6.0 12.09 10.92 4.5 6.18 7.5 6.18 10.92 8.49 10.92 12.82 1.5 12.09 7.5 12.82 2.12 10.5 6.18 3.0 6.0 10.5 5.41 12.82 5.41 4.5 2.12 9.6 4.5 10.82 4.5 6.18 10.5 10.92 8.49 6.18 10.61 1.5 6.18
4.5 10.61 7.65 10.82 9.6 9.12 7.65 9.6 10.06 0.0 9.12 0.0 4.74 1.5 4.74 10.06 12.09 1.5 0.0 4.5 8.49 4.74 10.06 4.74 4.74 8.49 9.12 1.5 0.0 4.74 7.65 10.06 10.82 8.49 10.61 9.6 0.0 12.09 7.65 10.82 3.35 0.0 12.09 4.5 10.82 10.61 4.74 7.65 7.65 7.65 10.61 9.6 10.61 11.42 0.0 10.82 7.65 11.42 3.35 10.61 7.65 4.5 4.5 10.61 6.71 11.42 6.71 4.74 3.35 8.49 4.74 9.6 4.74 7.65 10.61 10.61 9.6 7.65 9.12 0.0 7.65
5.41 6.0 6.71 10.61 9.12 10.92 3.0 6.18 13.83 4.74 10.92 4.74 0.0 4.5 0.0 13.83 9.6 4.5 4.74 7.5 7.65 0.0 13.83 0.0 0.0 7.65 10.92 4.5 4.74 0.0 6.71 13.83 10.61 7.65 6.71 9.12 4.74 9.6 6.71 10.61 3.35 4.74 9.6 7.5 10.61 6.71 0.0 6.71 3.0 6.71 6.71 6.18 6.71 15.0 4.74 10.61 3.0 15.0 3.35 6.0 6.71 5.41 7.5 6.0 4.74 15.0 4.74 0.0 3.35 7.65 0.0 9.12 0.0 8.49 6.0 6.71 6.18 8.49 10.92 4.74 6.71
3.35 10.82 0.0 17.1 15.66 16.5 8.49 4.5 17.56 7.65 16.5 7.65 6.71 6.18 6.71 17.56 16.22 6.18 7.65 12.09 14.23 6.71 17.56 6.71 6.71 14.23 16.5 6.18 7.65 6.71 0.0 17.56 17.1 14.23 12.73 15.66 7.65 16.22 0.0 17.1 4.5 7.65 16.22 12.09 17.1 12.73 6.71 0.0 8.49 0.0 12.73 4.5 12.73 18.97 7.65 17.1 8.49 18.97 4.5 10.82 0.0 3.35 12.09 10.82 2.12 18.97 2.12 6.71 4.5 14.23 6.71 15.66 6.71 3.0 10.82 12.73 4.5 3.0 16.5 7.65 0.0
14.23 18.31 17.56 10.5 10.61 6.0 15.95 19.56 0.0 10.06 6.0 10.06 13.83 11.42 13.83 0.0 15.3 11.42 10.06 6.36 10.92 13.83 0.0 13.83 13.83 10.92 6.0 11.42 10.06 13.83 17.56 0.0 10.5 10.92 16.77 10.61 10.06 15.3 17.56 10.5 13.42 10.06 15.3 6.36 10.5 16.77 13.83 17.56 15.95 17.56 16.77 19.56 16.77 1.5 10.06 10.5 15.95 1.5 13.42 18.31 17.56 14.23 6.36 18.31 16.77 1.5 16.77 13.83 13.42 10.92 13.83 10.61 13.83 16.77 18.31 16.77 19.56 16.77 6.0 10.06 17.56
14.77 11.42 17.1 0.0 1.5 4.5 10.61 16.5 10.5 10.82 4.5 10.82 10.61 12.09 10.61 10.5 5.41 12.09 10.82 7.5 3.0 10.61 10.5 10.61 10.61 3.0 4.5 12.09 10.82 10.61 17.1 10.5 0.0 3.0 8.75 1.5 10.82 5.41 17.1 0.0 12.82 10.82 5.41 7.5 0.0 8.75 10.61 17.1 10.61 17.1 8.75 16.5 8.75 10.61 10.82 0.0 10.61 10.61 12.82 11.42 17.1 14.77 7.5 11.42 15.3 10.61 15.3 10.61 12.82 3.0 10.61 1.5 10.61 18.12 11.42 8.75 16.5 18.12 4.5 10.82 17.1
12.09 8.75 14.23 3.0 1.5 5.41 7.65 13.5 10.92 8.49 5.41 8.49 7.65 9.6 7.65 10.92 4.5 9.6 8.49 6.18 0.0 7.65 10.92 7.65 7.65 0.0 5.41 9.6 8.49 7.65 14.23 10.92 3.0 0.0 6.36 1.5 8.49 4.5 14.23 3.0 10.06 8.49 4.5 6.18 3.0 6.36 7.65 14.23 7.65 14.23 6.36 13.5 6.36 11.42 8.49 3.0 7.65 11.42 10.06 8.75 14.23 12.09 6.18 8.75 12.37 11.42 12.37 7.65 10.06 0.0 7.65 1.5 7.65 15.44 8.75 6.36 13.5 15.44 5.41 8.49 14.23
12.09 3.0 12.73 8.75 7.5 11.72 4.24 10.06 16.77 10.61 11.72 10.61 6.71 10.92 6.71 16.77 4.5 10.92 10.61 10.92 6.36 6.71 16.77 6.71 6.71 6.36 11.72 10.92 10.61 6.71 12.73 16.77 8.75 6.36 0.0 7.5 10.61 4.5 12.73 8.75 10.06 10.61 4.5 10.92 8.75 0.0 6.71 12.73 4.24 12.73 0.0 10.06 0.0 17.49 10.61 8.75 4.24 17.49 10.06 3.0 12.73 12.09 10.92 3.0 10.61 17.49 10.61 6.71 10.06 6.36 6.71 7.5 6.71 15.0 3.0 0.0 10.06 15.0 11.72 10.61 12.73
13.42 10.06 15.66 1.5 0.0 4.74 9.12 15.0 10.61 9.6 4.74 9.6 9.12 10.82 9.12 10.61 4.74 10.82 9.6 6.71 1.5 9.12 10.61 9.12 9.12 1.5 4.74 10.82 9.6 9.12 15.66 10.61 1.5 1.5 7.5 0.0 9.6 4.74 15.66 1.5 11.42 9.6 4.74 6.71 1.5 7.5 9.12 15.66 9.12 15.66 7.5 15.0 7.5 10.92 9.6 1.5 9.12 10.92 11.42 10.06 15.66 13.42 6.71 10.06 13.83 10.92 13.83 9.12 11.42 1.5 9.12 0.0 9.12 16.77 10.06 7.5 15.0 16.77 4.74 9.6 15.66
4.5 10.61 7.65 10.82 9.6 9.12 7.65 9.6 10.06 0.0 9.12 0.0 4.74 1.5 4.74 10.06 12.09 1.5 0.0 4.5 8.49 4.74 10.06 4.74 4.74 8.49 9.12 1.5 0.0 4.74 7.65 10.06 10.82 8.49 10.61 9.6 0.0 12.09 7.65 10.82 3.35 0.0 12.09 4.5 10.82 10.61 4.74 7.65 7.65 7.65 10.61 9.6 10.61 11.42 0.0 10.82 7.65 11.42 3.35 10.61 7.65 4.5 4.5 10.61 6.71 11.42 6.71 4.74 3.35 8.49 4.74 9.6 4.74 7.65 10.61 10.61 9.6 7.65 9.12 0.0 7.65
14.85 7.5 16.22 5.41 4.74 9.49 8.08 14.23 15.3 12.09 9.49 12.09 9.6 12.9 9.6 15.3 0.0 12.9 12.09 10.61 4.5 9.6 15.3 9.6 9.6 4.5 9.49 12.9 12.09 9.6 16.22 15.3 5.41 4.5 4.5 4.74 12.09 0.0 16.22 5.41 12.73 12.09 0.0 10.61 5.41 4.5 9.6 16.22 8.08 16.22 4.5 14.23 4.5 15.66 12.09 5.41 8.08 15.66 12.73 7.5 16.22 14.85 10.61 7.5 14.15 15.66 14.15 9.6 12.73 4.5 9.6 4.74 9.6 18.06 7.5 4.5 14.23 18.06 9.49 12.09 16.22
3.35 10.82 0.0 17.1 15.66 16.5 8.49 4.5 17.56 7.65 16.5 7.65 6.71 6.18 6.71 17.56 16.22 6.18 7.65 12.09 14.23 6.71 17.56 6.71 6.71 14.23 16.5 6.18 7.65 6.71 0.0 17.56 17.1 14.23 12.73 15.66 7.65 16.22 0.0 17.1 4.5 7.65 16.22 12.09 17.1 12.73 6.71 0.0 8.49 0.0 12.73 4.5 12.73 18.97 7.65 17.1 8.49 18.97 4.5 10.82 0.0 3.35 12.09 10.82 2.12 18.97 2.12 6.71 4.5 14.23 6.71 15.66 6.71 3.0 10.82 12.73 4.5 3.0 16.5 7.65 0.0
14.77 11.42 17.1 0.0 1.5 4.5 10.61 16.5 10.5 10.82 4.5 10.82 10.61 12.09 10.61 10.5 5.41 12.09 10.82 7.5 3.0 10.61 10.5 10.61 10.61 3.0 4.5 12.09 10.82 10.61 17.1 10.5 0.0 3.0 8.75 1.5 10.82 5.41 17.1 0.0 12.82 10.82 5.41 7.5 0.0 8.75 10.61 17.1 10.61 17.1 8.75 16.5 8.75 10.61 10.82 0.0 10.61 10.61 12.82 11.42 17.1 14.77 7.5 11.42 15.3 10.61 15.3 10.61 12.82 3.0 10.61 1.5 10.61 18.12 11.42 8.75 16.5 18.12 4.5 10.82 17.1
2.12 9.12 4.5 12.82 11.42 12.0 6.18 6.36 13.42 3.35 12.0 3.35 3.35 2.12 3.35 13.42 12.73 2.12 3.35 7.65 10.06 3.35 13.42 3.35 3.35 10.06 12.0 2.12 3.35 3.35 4.5 13.42 12.82 10.06 10.06 11.42 3.35 12.73 4.5 12.82 0.0 3.35 12.73 7.65 12.82 10.06 3.35 4.5 6.18 4.5 10.06 6.36 10.06 14.77 3.35 12.82 6.18 14.77 0.0 9.12 4.5 2.12 7.65 9.12 3.35 14.77 3.35 3.35 0.0 10.06 3.35 11.42 3.35 5.41 9.12 10.06 6.36 5.41 12.0 3.35 4.5
4.5 10.61 7.65 10.82 9.6 9.12 7.65 9.6 10.06 0.0 9.12 0.0 4.74 1.5 4.74 10.06 12.09 1.5 0.0 4.5 8.49 4.74 10.06 4.74 4.74 8.49 9.12 1.5 0.0 4.74 7.65 10.06 10.82 8.49 10.61 9.6 0.0 12.09 7.65 10.82 3.35 0.0 12.09 4.5 10.82 10.61 4.74 7.65 7.65 7.65 10.61 9.6 10.61 11.42 0.0 10.82 7.65 11.42 3.35 10.61 7.65 4.5 4.5 10.61 6.71 11.42 6.71 4.74 3.35 8.49 4.74 9.6 4.74 7.65 10.61 10.61 9.6 7.65 9.12 0.0 7.65
14.85 7.5 16.22 5.41 4.74 9.49 8.08 14.23 15.3 12.09 9.49 12.09 9.6 12.9 9.6 15.3 0.0 12.9 12.09 10.61 4.5 9.6 15.3 9.6 9.6 4.5 9.49 12.9 12.09 9.6 16.22 15.3 5.41 4.5 4.5 4.74 12.09 0.0 16.22 5.41 12.73 12.09 0.0 10.61 5.41 4.5 9.6 16.22 8.08 16.22 4.5 14.23 4.5 15.66 12.09 5.41 8.08 15.66 12.73 7.5 16.22 14.85 10.61 7.5 14.15 15.66 14.15 9.6 12.73 4.5 9.6 4.74 9.6 18.06 7.5 4.5 14.23 18.06 9.49 12.09 16.22
9.0 12.09 12.09 7.5 6.71 4.74 9.6 13.42 6.36 4.5 4.74 4.5 7.5 6.0 7.5 6.36 10.61 6.0 4.5 0.0 6.18 7.5 6.36 7.5 7.5 6.18 4.74 6.0 4.5 7.5 12.09 6.36 7.5 6.18 10.92 6.71 4.5 10.61 12.09 7.5 7.65 4.5 10.61 0.0 7.5 10.92 7.5 12.09 9.6 12.09 10.92 13.42 10.92 7.5 4.5 7.5 9.6 7.5 7.65 12.09 12.09 9.0 0.0 12.09 10.92 7.5 10.92 7.5 7.65 6.18 7.5 6.71 7.5 12.09 12.09 10.92 13.42 12.09 4.74 4.5 12.09
14.77 11.42 17.1 0.0 1.5 4.5 10.61 16.5 10.5 10.82 4.5 10.82 10.61 12.09 10.61 10.5 5.41 12.09 10.82 7.5 3.0 10.61 10.5 10.61 10.61 3.0 4.5 12.09 10.82 10.61 17.1 10.5 0.0 3.0 8.75 1.5 10.82 5.41 17.1 0.0 12.82 10.82 5.41 7.5 0.0 8.75 10.61 17.1 10.61 17.1 8.75 16.5 8.75 10.61 10.82 0.0 10.61 10.61 12.82 11.42 17.1 14.77 7.5 11.42 15.3 10.61 15.3 10.61 12.82 3.0 10.61 1.5 10.61 18.12 11.42 8.75 16.5 18.12 4.5 10.82 17.1
12.09 3.0 12.73 8.75 7.5 11.72 4.24 10.06 16.77 10.61 11.72 10.61 6.71 10.92 6.71 16.77 4.5 10.92 10.61 10.92 6.36 6.71 16.77 6.71 6.71 6.36 11.72 10.92 10.61 6.71 12.73 16.77 8.75 6.36 0.0 7.5 10.61 4.5 12.73 8.75 10.06 10.61 4.5 10.92 8.75 0.0 6.71 12.73 4.24 12.73 0.0 10.06 0.0 17.49 10.61 8.75 4.24 17.49 10.06 3.0 12.73 12.09 10.92 3.0 10.61 17.49 10.61 6.71 10.06 6.36 6.71 7.5 6.71 15.0 3.0 0.0 10.06 15.0 11.72 10.61 12.73
5.41 6.0 6.71 10.61 9.12 10.92 3.0 6.18 13.83 4.74 10.92 4.74 0.0 4.5 0.0 13.83 9.6 4.5 4.74 7.5 7.65 0.0 13.83 0.0 0.0 7.65 10.92 4.5 4.74 0.0 6.71 13.83 10.61 7.65 6.71 9.12 4.74 9.6 6.71 10.61 3.35 4.74 9.6 7.5 10.61 6.71 0.0 6.71 3.0 6.71 6.71 6.18 6.71 15.0 4.74 10.61 3.0 15.0 3.35 6.0 6.71 5.41 7.5 6.0 4.74 15.0 4.74 0.0 3.35 7.65 0.0 9.12 0.0 8.49 6.0 6.71 6.18 8.49 10.92 4.74 6.71
3.35 10.82 0.0 17.1 15.66 16.5 8.49 4.5 17.56 7.65 16.5 7.65 6.71 6.18 6.71 17.56 16.22 6.18 7.65 12.09 14.23 6.71 17.56 6.71 6.71 14.23 16.5 6.18 7.65 6.71 0.0 17.56 17.1 14.23 12.73 15.66 7.65 16.22 0.0 17.1 4.5 7.65 16.22 12.09 17.1 12.73 6.71 0.0 8.49 0.0 12.73 4.5 12.73 18.97 7.65 17.1 8.49 18.97 4.5 10.82 0.0 3.35 12.09 10.82 2.12 18.97 2.12 6.71 4.5 14.23 6.71 15.66 6.71 3.0 10.82 12.73 4.5 3.0 16.5 7.65 0.0
8.08 3.0 8.49 10.61 9.12 12.09 0.0 6.18 15.95 7.65 12.09 7.65 3.0 7.5 3.0 15.95 8.08 7.5 7.65 9.6 7.65 3.0 15.95 3.0 3.0 7.65 12.09 7.5 7.65 3.0 8.49 15.95 10.61 7.65 4.24 9.12 7.65 8.08 8.49 10.61 6.18 7.65 8.08 9.6 10.61 4.24 3.0 8.49 0.0 8.49 4.24 6.18 4.24 16.97 7.65 10.61 0.0 16.97 6.18 3.0 8.49 8.08 9.6 3.0 6.36 16.97 6.36 3.0 6.18 7.65 3.0 9.12 3.0 10.82 3.0 4.24 6.18 10.82 12.09 7.65 8.49
3.35 10.82 0.0 17.1 15.66 16.5 8.49 4.5 17.56 7.65 16.5 7.65 6.71 6.18 6.71 17.56 16.22 6.18 7.65 12.09 14.23 6.71 17.56 6.71 6.71 14.23 16.5 6.18 7.65 6.71 0.0 17.56 17.1 14.23 12.73 15.66 7.65 16.22 0.0 17.1 4.5 7.65 16.22 12.09 17.1 12.73 6.71 0.0 8.49 0.0 12.73 4.5 12.73 18.97 7.65 17.1 8.49 18.97 4.5 10.82 0.0 3.35 12.09 10.82 2.12 18.97 2.12 6.71 4.5 14.23 6.71 15.66 6.71 3.0 10.82 12.73 4.5 3.0 16.5 7.65 0.0
12.09 3.0 12.73 8.75 7.5 11.72 4.24 10.06 16.77 10.61 11.72 10.61 6.71 10.92 6.71 16.77 4.5 10.92 10.61 10.92 6.36 6.71 16.77 6.71 6.71 6.36 11.72 10.92 10.61 6.71 12.73 16.77 8.75 6.36 0.0 7.5 10.61 4.5 12.73 8.75 10.06 10.61 4.5 10.92 8.75 0.0 6.71 12.73 4.24 12.73 0.0 10.06 0.0 17.49 10.61 8.75 4.24 17.49 10.06 3.0 12.73 12.09 10.92 3.0 10.61 17.49 10.61 6.71 10.06 6.36 6.71 7.5 6.71 15.0 3.0 0.0 10.06 15.0 11.72 10.61 12.73
6.71 7.5 4.5 16.5 15.0 17.1 6.18 0.0 19.56 9.6 17.1 9.6 6.18 8.49 6.18 19.56 14.23 8.49 9.6 13.42 13.5 6.18 19.56 6.18 6.18 13.5 17.1 8.49 9.6 6.18 4.5 19.56 16.5 13.5 10.06 15.0 9.6 14.23 4.5 16.5 6.36 9.6 14.23 13.42 16.5 10.06 6.18 4.5 6.18 4.5 10.06 0.0 10.06 20.84 9.6 16.5 6.18 20.84 6.36 7.5 4.5 6.71 13.42 7.5 3.35 20.84 3.35 6.18 6.36 13.5 6.18 15.0 6.18 7.5 7.5 10.06 0.0 7.5 17.1 9.6 4.5
12.09 3.0 12.73 8.75 7.5 11.72 4.24 10.06 16.77 10.61 11.72 10.61 6.71 10.92 6.71 16.77 4.5 10.92 10.61 10.92 6.36 6.71 16.77 6.71 6.71 6.36 11.72 10.92 10.61 6.71 12.73 16.77 8.75 6.36 0.0 7.5 10.61 4.5 12.73 8.75 10.06 10.61 4.5 10.92 8.75 0.0 6.71 12.73 4.24 12.73 0.0 10.06 0.0 17.49 10.61 8.75 4.24 17.49 10.06 3.0 12.73 12.09 10.92 3.0 10.61 17.49 10.61 6.71 10.06 6.36 6.71 7.5 6.71 15.0 3.0 0.0 10.06 15.0 11.72 10.61 12.73
15.66 19.21 18.97 10.61 10.92 6.18 16.97 20.84 1.5 11.42 6.18 11.42 15.0 12.82 15.0 1.5 15.66 12.82 11.42 7.5 11.42 15.0 1.5 15.0 15.0 11.42 6.18 12.82 11.42 15.0 18.97 1.5 10.61 11.42 17.49 10.92 11.42 15.66 18.97 10.61 14.77 11.42 15.66 7.5 10.61 17.49 15.0 18.97 16.97 18.97 17.49 20.84 17.49 0.0 11.42 10.61 16.97 0.0 14.77 19.21 18.97 15.66 7.5 19.21 18.12 0.0 18.12 15.0 14.77 11.42 15.0 10.92 15.0 18.25 19.21 17.49 20.84 18.25 6.18 11.42 18.97
4.5 10.61 7.65 10.82 9.6 9.12 7.65 9.6 10.06 0.0 9.12 0.0 4.74 1.5 4.74 10.06 12.09 1.5 0.0 4.5 8.49 4.74 10.06 4.74 4.74 8.49 9.12 1.5 0.0 4.74 7.65 10.06 10.82 8.49 10.61 9.6 0.0 12.09 7.65 10.82 3.35 0.0 12.09 4.5 10.82 10.61 4.74 7.65 7.65 7.65 10.61 9.6 10.61 11.42 0.0 10.82 7.65 11.42 3.35 10.61 7.65 4.5 4.5 10.61 6.71 11.42 6.71 4.74 3.35 8.49 4.74 9.6 4.74 7.65 10.61 10.61 9.6 7.65 9.12 0.0 7.65
14.77 11.42 17.1 0.0 1.5 4.5 10.61 16.5 10.5 10.82 4.5 10.82 10.61 12.09 10.61 10.5 5.41 12.09 10.82 7.5 3.0 10.61 10.5 10.61 10.61 3.0 4.5 12.09 10.82 10.61 17.1 10.5 0.0 3.0 8.75 1.5 10.82 5.41 17.1 0.0 12.82 10.82 5.41 7.5 0.0 8.75 10.61 17.1 10.61 17.1 8.75 16.5 8.75 10.61 10.82 0.0 10.61 10.61 12.82 11.42 17.1 14.77 7.5 11.42 15.3 10.61 15.3 10.61 12.82 3.0 10.61 1.5 10.61 18.12 11.42 8.75 16.5 18.12 4.5 10.82 17.1
8.08 3.0 8.49 10.61 9.12 12.09 0.0 6.18 15.95 7.65 12.09 7.65 3.0 7.5 3.0 15.95 8.08 7.5 7.65 9.6 7.65 3.0 15.95 3.0 3.0 7.65 12.09 7.5 7.65 3.0 8.49 15.95 10.61 7.65 4.24 9.12 7.65 8.08 8.49 10.61 6.18 7.65 8.08 9.6 10.61 4.24 3.0 8.49 0.0 8.49 4.24 6.18 4.24 16.97 7.65 10.61 0.0 16.97 6.18 3.0 8.49 8.08 9.6 3.0 6.36 16.97 6.36 3.0 6.18 7.65 3.0 9.12 3.0 10.82 3.0 4.24 6.18 10.82 12.09 7.65 8.49
15.66 19.21 18.97 10.61 10.92 6.18 16.97 20.84 1.5 11.42 6.18 11.42 15.0 12.82 15.0 1.5 15.66 12.82 11.42 7.5 11.42 15.0 1.5 15.0 15.0 11.42 6.18 12.82 11.42 15.0 18.97 1.5 10.61 11.42 17.49 10.92 11.42 15.66 18.97 10.61 14.77 11.42 15.66 7.5 10.61 17.49 15.0 18.97 16.97 18.97 17.49 20.84 17.49 0.0 11.42 10.61 16.97 0.0 14.77 19.21 18.97 15.66 7.5 19.21 18.12 0.0 18.12 15.0 14.77 11.42 15.0 10.92 15.0 18.25 19.21 17.49 20.84 18.25 6.18 11.42 18.97
2.12 9.12 4.5 12.82 11.42 12.0 6.18 6.36 13.42 3.35 12.0 3.35 3.35 2.12 3.35 13.42 12.73 2.12 3.35 7.65 10.06 3.35 13.42 3.35 3.35 10.06 12.0 2.12 3.35 3.35 4.5 13.42 12.82 10.06 10.06 11.42 3.35 12.73 4.5 12.82 0.0 3.35 12.73 7.65 12.82 10.06 3.35 4.5 6.18 4.5 10.06 6.36 10.06 14.77 3.35 12.82 6.18 14.77 0.0 9.12 4.5 2.12 7.65 9.12 3.35 14.77 3.35 3.35 0.0 10.06 3.35 11.42 3.35 5.41 9.12 10.06 6.36 5.41 12.0 3.35 4.5
10.92 0.0 10.82 11.42 10.06 13.83 3.0 7.5 18.31 10.61 13.83 10.61 6.0 10.5 6.0 18.31 7.5 10.5 10.61 12.09 8.75 6.0 18.31 6.0 6.0 8.75 13.83 10.5 10.61 6.0 10.82 18.31 11.42 8.75 3.0 10.06 10.61 7.5 10.82 11.42 9.12 10.61 7.5 12.09 11.42 3.0 6.0 10.82 3.0 10.82 3.0 7.5 3.0 19.21 10.61 11.42 3.0 19.21 9.12 0.0 10.82 10.92 12.09 0.0 8.75 19.21 8.75 6.0 9.12 8.75 6.0 10.06 6.0 13.42 0.0 3.0 7.5 13.42 13.83 10.61 10.82
3.35 10.82 0.0 17.1 15.66 16.5 8.49 4.5 17.56 7.65 16.5 7.65 6.71 6.18 6.71 17.56 16.22 6.18 7.65 12.09 14.23 6.71 17.56 6.71 6.71 14.23 16.5 6.18 7.65 6.71 0.0 17.56 17.1 14.23 12.73 15.66 7.65 16.22 0.0 17.1 4.5 7.65 16.22 12.09 17.1 12.73 6.71 0.0 8.49 0.0 12.73 4.5 12.73 18.97 7.65 17.1 8.49 18.97 4.5 10.82 0.0 3.35 12.09 10.82 2.12 18.97 2.12 6.71 4.5 14.23 6.71 15.66 6.71 3.0 10.82 12.73 4.5 3.0 16.5 7.65 0.0
0.0 10.92 3.35 14.77 13.42 13.58 8.08 6.71 14.23 4.5 13.58 4.5 5.41 3.0 5.41 14.23 14.85 3.0 4.5 9.0 12.09 5.41 14.23 5.41 5.41 12.09 13.58 3.0 4.5 5.41 3.35 14.23 14.77 12.09 12.09 13.42 4.5 14.85 3.35 14.77 2.12 4.5 14.85 9.0 14.77 12.09 5.41 3.35 8.08 3.35 12.09 6.71 12.09 15.66 4.5 14.77 8.08 15.66 2.12 10.92 3.35 0.0 9.0 10.92 3.35 15.66 3.35 5.41 2.12 12.09 5.41 13.42 5.41 3.35 10.92 12.09 6.71 3.35 13.58 4.5 3.35
9.0 12.09 12.09 7.5 6.71 4.74 9.6 13.42 6.36 4.5 4.74 4.5 7.5 6.0 7.5 6.36 10.61 6.0 4.5 0.0 6.18 7.5 6.36 7.5 7.5 6.18 4.74 6.0 4.5 7.5 12.09 6.36 7.5 6.18 10.92 6.71 4.5 10.61 12.09 7.5 7.65 4.5 10.61 0.0 7.5 10.92 7.5 12.09 9.6 12.09 10.92 13.42 10.92 7.5 4.5 7.5 9.6 7.5 7.65 12.09 12.09 9.0 0.0 12.09 10.92 7.5 10.92 7.5 7.65 6.18 7.5 6.71 7.5 12.09 12.09 10.92 13.42 12.09 4.74 4.5 12.09
10.92 0.0 10.82 11.42 10.06 13.83 3.0 7.5 18.31 10.61 13.83 10.61 6.0 10.5 6.0 18.31 7.5 10.5 10.61 12.09 8.75 6.0 18.31 6.0 6.0 8.75 13.83 10.5 10.61 6.0 10.82 18.31 11.42 8.75 3.0 10.06 10.61 7.5 10.82 11.42 9.12 10.61 7.5 12.09 11.42 3.0 6.0 10.82 3.0 10.82 3.0 7.5 3.0 19.21 10.61 11.42 3.0 19.21 9.12 0.0 10.82 10.92 12.09 0.0 8.75 19.21 8.75 6.0 9.12 8.75 6.0 10.06 6.0 13.42 0.0 3.0 7.5 13.42 13.83 10.61 10.82
3.35 8.75 2.12 15.3 13.83 15.07 6.36 3.35 16.77 6.71 15.07 6.71 4.74 5.41 4.74 16.77 14.15 5.41 6.71 10.92 12.37 4.74 16.77 4.74 4.74 12.37 15.07 5.41 6.71 4.74 2.12 16.77 15.3 12.37 10.61 13.83 6.71 14.15 2.12 15.3 3.35 6.71 14.15 10.92 15.3 10.61 4.74 2.12 6.36 2.12 10.61 3.35 10.61 18.12 6.71 15.3 6.36 18.12 3.35 8.75 2.12 3.35 10.92 8.75 0.0 18.12 0.0 4.74 3.35 12.37 4.74 13.83 4.74 4.74 8.75 10.61 3.35 4.74 15.07 6.71 2.12
15.66 19.21 18.97 10.61 10.92 6.18 16.97 20.84 1.5 11.42 6.18 11.42 15.0 12.82 15.0 1.5 15.66 12.82 11.42 7.5 11.42 15.0 1.5 15.0 15.0 11.42 6.18 12.82 11.42 15.0 18.97 1.5 10.61 11.42 17.49 10.92 11.42 15.66 18.97 10.61 14.77 11.42 15.66 7.5 10.61 17.49 15.0 18.97 16.97 18.97 17.49 20.84 17.49 0.0 11.42 10.61 16.97 0.0 14.77 19.21 18.97 15.66 7.5 19.21 18.12 0.0 18.12 15.0 14.77 11.42 15.0 10.92 15.0 18.25 19.21 17.49 20.84 18.25 6.18 11.42 18.97
3.35 8.75 2.12 15.3 13.83 15.07 6.36 3.35 16.77 6.71 15.07 6.71 4.74 5.41 4.74 16.77 14.15 5.41 6.71 10.92 12.37 4.74 16.77 4.74 4.74 12.37 15.07 5.41 6.71 4.74 2.12 16.77 15.3 12.37 10.61 13.83 6.71 14.15 2.12 15.3 3.35 6.71 14.15 10.92 15.3 10.61 4.74 2.12 6.36 2.12 10.61 3.35 10.61 18.12 6.71 15.3 6.36 18.12 3.35 8.75 2.12 3.35 10.92 8.75 0.0 18.12 0.0 4.74 3.35 12.37 4.74 13.83 4.74 4.74 8.75 10.61 3.35 4.74 15.07 6.71 2.12
5.41 6.0 6.71 10.61 9.12 10.92 3.0 6.18 13.83 4.74 10.92 4.74 0.0 4.5 0.0 13.83 9.6 4.5 4.74 7.5 7.65 0.0 13.83 0.0 0.0 7.65 10.92 4.5 4.74 0.0 6.71 13.83 10.61 7.65 6.71 9.12 4.74 9.6 6.71 10.61 3.35 4.74 9.6 7.5 10.61 6.71 0.0 6.71 3.0 6.71 6.71 6.18 6.71 15.0 4.74 10.61 3.0 15.0 3.35 6.0 6.71 5.41 7.5 6.0 4.74 15.0 4.74 0.0 3.35 7.65 0.0 9.12 0.0 8.49 6.0 6.71 6.18 8.49 10.92 4.74 6.71
2.12 9.12 4.5 12.82 11.42 12.0 6.18 6.36 13.42 3.35 12.0 3.35 3.35 2.12 3.35 13.42 12.73 2.12 3.35 7.65 10.06 3.35 13.42 3.35 3.35 10.06 12.0 2.12 3.35 3.35 4.5 13.42 12.82 10.06 10.06 11.42 3.35 12.73 4.5 12.82 0.0 3.35 12.73 7.65 12.82 10.06 3.35 4.5 6.18 4.5 10.06 6.36 10.06 14.77 3.35 12.82 6.18 14.77 0.0 9.12 4.5 2.12 7.65 9.12 3.35 14.77 3.35 3.35 0.0 10.06 3.35 11.42 3.35 5.41 9.12 10.06 6.36 5.41 12.0 3.35 4.5
12.09 8.75 14.23 3.0 1.5 5.41 7.65 13.5 10.92 8.49 5.41 8.49 7.65 9.6 7.65 10.92 4.5 9.6 8.49 6.18 0.0 7.65 10.92 7.65 7.65 0.0 5.41 9.6 8.49 7.65 14.23 10.92 3.0 0.0 6.36 1.5 8.49 4.5 14.23 3.0 10.06 8.49 4.5 6.18 3.0 6.36 7.65 14.23 7.65 14.23 6.36 13.5 6.36 11.42 8.49 3.0 7.65 11.42 10.06 8.75 14.23 12.09 6.18 8.75 12.37 11.42 12.37 7.65 10.06 0.0 7.65 1.5 7.65 15.44 8.75 6.36 13.5 15.44 5.41 8.49 14.23
5.41 6.0 6.71 10.61 9.12 10.92 3.0 6.18 13.83 4.74 10.92 4.74 0.0 4.5 0.0 13.83 9.6 4.5 4.74 7.5 7.65 0.0 13.83 0.0 0.0 7.65 10.92 4.5 4.74 0.0 6.71 13.83 10.61 7.65 6.71 9.12 4.74 9.6 6.71 10.61 3.35 4.74 9.6 7.5 10.61 6.71 0.0 6.71 3.0 6.71 6.71 6.18 6.71 15.0 4.74 10.61 3.0 15.0 3.35 6.0 6.71 5.41 7.5 6.0 4.74 15.0 4.74 0.0 3.35 7.65 0.0 9.12 0.0 8.49 6.0 6.71 6.18 8.49 10.92 4.74 6.71
13.42 10.06 15.66 1.5 0.0 4.74 9.12 15.0 10.61 9.6 4.74 9.6 9.12 10.82 9.12 10.61 4.74 10.82 9.6 6.71 1.5 9.12 10.61 9.12 9.12 1.5 4.74 10.82 9.6 9.12 15.66 10.61 1.5 1.5 7.5 0.0 9.6 4.74 15.66 1.5 11.42 9.6 4.74 6.71 1.5 7.5 9.12 15.66 9.12 15.66 7.5 15.0 7.5 10.92 9.6 1.5 9.12 10.92 11.42 10.06 15.66 13.42 6.71 10.06 13.83 10.92 13.83 9.12 11.42 1.5 9.12 0.0 9.12 16.77 10.06 7.5 15.0 16.77 4.74 9.6 15.66
5.41 6.0 6.71 10.61 9.12 10.92 3.0 6.18 13.83 4.74 10.92 4.74 0.0 4.5 0.0 13.83 9.6 4.5 4.74 7.5 7.65 0.0 13.83 0.0 0.0 7.65 10.92 4.5 4.74 0.0 6.71 13.83 10.61 7.65 6.71 9.12 4.74 9.6 6.71 10.61 3.35 4.74 9.6 7.5 10.61 6.71 0.0 6.71 3.0 6.71 6.71 6.18 6.71 15.0 4.74 10.61 3.0 15.0 3.35 6.0 6.71 5.41 7.5 6.0 4.74 15.0 4.74 0.0 3.35 7.65 0.0 9.12 0.0 8.49 6.0 6.71 6.18 8.49 10.92 4.74 6.71
3.35 13.42 3.0 18.12 16.77 16.77 10.82 7.5 16.77 7.65 16.77 7.65 8.49 6.18 8.49 16.77 18.06 6.18 7.65 12.09 15.44 8.49 16.77 8.49 8.49 15.44 16.77 6.18 7.65 8.49 3.0 16.77 18.12 15.44 15.0 16.77 7.65 18.06 3.0 18.12 5.41 7.65 18.06 12.09 18.12 15.0 8.49 3.0 10.82 3.0 15.0 7.5 15.0 18.25 7.65 18.12 10.82 18.25 5.41 13.42 3.0 3.35 12.09 13.42 4.74 18.25 4.74 8.49 5.41 15.44 8.49 16.77 8.49 0.0 13.42 15.0 7.5 0.0 16.77 7.65 3.0
10.92 0.0 10.82 11.42 10.06 13.83 3.0 7.5 18.31 10.61 13.83 10.61 6.0 10.5 6.0 18.31 7.5 10.5 10.61 12.09 8.75 6.0 18.31 6.0 6.0 8.75 13.83 10.5 10.61 6.0 10.82 18.31 11.42 8.75 3.0 10.06 10.61 7.5 10.82 11.42 9.12 10.61 7.5 12.09 11.42 3.0 6.0 10.82 3.0 10.82 3.0 7.5 3.0 19.21 10.61 11.42 3.0 19.21 9.12 0.0 10.82 10.92 12.09 0.0 8.75 19.21 8.75 6.0 9.12 8.75 6.0 10.06 6.0 13.42 0.0 3.0 7.5 13.42 13.83 10.61 10.82
12.09 3.0 12.73 8.75 7.5 11.72 4.24 10.06 16.77 10.61 11.72 10.61 6.71 10.92 6.71 16.77 4.5 10.92 10.61 10.92 6.36 6.71 16.77 6.71 6.71 6.36 11.72 10.92 10.61 6.71 12.73 16.77 8.75 6.36 0.0 7.5 10.61 4.5 12.73 8.75 10.06 10.61 4.5 10.92 8.75 0.0 6.71 12.73 4.24 12.73 0.0 10.06 0.0 17.49 10.61 8.75 4.24 17.49 10.06 3.0 12.73 12.09 10.92 3.0 10.61 17.49 10.61 6.71 10.06 6.36 6.71 7.5 6.71 15.0 3.0 0.0 10.06 15.0 11.72 10.61 12.73
6.71 7.5 4.5 16.5 15.0 17.1 6.18 0.0 19.56 9.6 17.1 9.6 6.18 8.49 6.18 19.56 14.23 8.49 9.6 13.42 13.5 6.18 19.56 6.18 6.18 13.5 17.1 8.49 9.6 6.18 4.5 19.56 16.5 13.5 10.06 15.0 9.6 14.23 4.5 16.5 6.36 9.6 14.23 13.42 16.5 10.06 6.18 4.5 6.18 4.5 10.06 0.0 10.06 20.84 9.6 16.5 6.18 20.84 6.36 7.5 4.5 6.71 13.42 7.5 3.35 20.84 3.35 6.18 6.36 13.5 6.18 15.0 6.18 7.5 7.5 10.06 0.0 7.5 17.1 9.6 4.5
3.35 13.42 3.0 18.12 16.77 16.77 10.82 7.5 16.77 7.65 16.77 7.65 8.49 6.18 8.49 16.77 18.06 6.18 7.65 12.09 15.44 8.49 16.77 8.49 8.49 15.44 16.77 6.18 7.65 8.49 3.0 16.77 18.12 15.44 15.0 16.77 7.65 18.06 3.0 18.12 5.41 7.65 18.06 12.09 18.12 15.0 8.49 3.0 10.82 3.0 15.0 7.5 15.0 18.25 7.65 18.12 10.82 18.25 5.41 13.42 3.0 3.35 12.09 13.42 4.74 18.25 4.74 8.49 5.41 15.44 8.49 16.77 8.49 0.0 13.42 15.0 7.5 0.0 16.77 7.65 3.0
13.58 13.83 16.5 4.5 4.74 0.0 12.09 17.1 6.0 9.12 0.0 9.12 10.92 10.61 10.92 6.0 9.49 10.61 9.12 4.74 5.41 10.92 6.0 10.92 10.92 5.41 0.0 10.61 9.12 10.92 16.5 6.0 4.5 5.41 11.72 4.74 9.12 9.49 16.5 4.5 12.0 9.12 9.49 4.74 4.5 11.72 10.92 16.5 12.09 16.5 11.72 17.1 11.72 6.18 9.12 4.5 12.09 6.18 12.0 13.83 16.5 13.58 4.74 13.83 15.07 6.18 15.07 10.92 12.0 5.41 10.92 4.74 10.92 16.77 13.83 11.72 17.1 16.77 0.0 9.12 16.5
4.5 10.61 7.65 10.82 9.6 9.12 7.65 9.6 10.06 0.0 9.12 0.0 4.74 1.5 4.74 10.06 12.09 1.5 0.0 4.5 8.49 4.74 10.06 4.74 4.74 8.49 9.12 1.5 0.0 4.74 7.65 10.06 10.82 8.49 10.61 9.6 0.0 12.09 7.65 10.82 3.35 0.0 12.09 4.5 10.82 10.61 4.74 7.65 7.65 7.65 10.61 9.6 10.61 11.42 0.0 10.82 7.65 11.42 3.35 10.61 7.65 4.5 4.5 10.61 6.71 11.42 6.71 4.74 3.35 8.49 4.74 9.6 4.74 7.65 10.61 10.61 9.6 7.65 9.12 0.0 7.65
3.35 10.82 0.0 17.1 15.66 16.5 8.49 4.5 17.56 7.65 16.5 7.65 6.71 6.18 6.71 17.56 16.22 6.18 7.65 12.09 14.23 6.71 17.56 6.71 6.71 14.23 16.5 6.18 7.65 6.71 0.0 17.56 17.1 14.23 12.73 15.66 7.65 16.22 0.0 17.1 4.5 7.65 16.22 12.09 17.1 12.73 6.71 0.0 8.49 0.0 12.73 4.5 12.73 18.97 7.65 17.1 8.49 18.97 4.5 10.82 0.0 3.35 12.09 10.82 2.12 18.97 2.12 6.71 4.5 14.23 6.71 15.66 6.71 3.0 10.82 12.73 4.5 3.0 16.5 7.65 0.0
