0.0 14.23 15.66 4.5 14.85 0.0 12.09 9.0 10.92 3.35 3.35 14.77 8.08 5.41 9.0 9.0 3.0 5.41 10.92 3.35 14.85 10.92 8.08 14.23 3.35 20.12 0.0 12.09 15.66 3.0 13.42 14.85 9.0 3.35 15.66 3.0 14.23 6.71 6.71 3.0 2.12 13.58 14.77 12.09 4.5 2.12 15.66 10.92 6.71 4.5 3.35 14.85 14.23 3.35 5.41 4.5 14.85 13.42 13.58 14.23 6.71 14.77 13.58 14.85 13.42 14.85 3.0 14.77 10.92 14.23 5.41 20.12 12.09 13.58 13.58 10.92 3.35 14.85 20.12 12.09 9.0
14.23 0.0 1.5 10.06 15.3 14.23 16.77 6.36 18.31 17.56 17.56 10.5 15.95 13.83 6.36 6.36 11.42 13.83 18.31 16.77 15.3 18.31 15.95 0.0 17.56 6.36 14.23 16.77 1.5 11.42 10.61 15.3 6.36 16.77 1.5 11.42 0.0 19.56 19.56 11.42 13.42 6.0 10.5 10.92 10.06 13.42 1.5 18.31 19.56 10.06 16.77 15.3 0.0 17.56 13.83 10.06 15.3 10.61 6.0 0.0 19.56 10.5 6.0 15.3 10.61 15.3 11.42 10.5 18.31 0.0 13.83 6.36 16.77 6.0 6.0 18.31 16.77 15.3 6.36 16.77 6.36
15.66 1.5 0.0 11.42 15.66 15.66 17.49 7.5 19.21 18.97 18.97 10.61 16.97 15.0 7.5 7.5 12.82 15.0 19.21 18.25 15.66 19.21 16.97 1.5 18.97 5.41 15.66 17.49 0.0 12.82 10.92 15.66 7.5 18.25 0.0 12.82 1.5 20.84 20.84 12.82 14.77 6.18 10.61 11.42 11.42 14.77 0.0 19.21 20.84 11.42 18.12 15.66 1.5 18.97 15.0 11.42 15.66 10.92 6.18 1.5 20.84 10.61 6.18 15.66 10.92 15.66 12.82 10.61 19.21 1.5 15.0 5.41 17.49 6.18 6.18 19.21 18.25 15.66 5.41 17.49 7.5
4.5 10.06 11.42 0.0 12.09 4.5 10.61 4.5 10.61 7.65 7.65 10.82 7.65 4.74 4.5 4.5 1.5 4.74 10.61 7.65 12.09 10.61 7.65 10.06 7.65 16.22 4.5 10.61 11.42 1.5 9.6 12.09 4.5 7.65 11.42 1.5 10.06 9.6 9.6 1.5 3.35 9.12 10.82 8.49 0.0 3.35 11.42 10.61 9.6 0.0 6.71 12.09 10.06 7.65 4.74 0.0 12.09 9.6 9.12 10.06 9.6 10.82 9.12 12.09 9.6 12.09 1.5 10.82 10.61 10.06 4.74 16.22 10.61 9.12 9.12 10.61 7.65 12.09 16.22 10.61 4.5
14.85 15.3 15.66 12.09 0.0 14.85 4.5 10.61 7.5 16.22 16.22 5.41 8.08 9.6 10.61 10.61 12.9 9.6 7.5 18.06 0.0 7.5 8.08 15.3 16.22 20.89 14.85 4.5 15.66 12.9 4.74 0.0 10.61 18.06 15.66 12.9 15.3 14.23 14.23 12.9 12.73 9.49 5.41 4.5 12.09 12.73 15.66 7.5 14.23 12.09 14.15 0.0 15.3 16.22 9.6 12.09 0.0 4.74 9.49 15.3 14.23 5.41 9.49 0.0 4.74 0.0 12.9 5.41 7.5 15.3 9.6 20.89 4.5 9.49 9.49 7.5 18.06 0.0 20.89 4.5 10.61
0.0 14.23 15.66 4.5 14.85 0.0 12.09 9.0 10.92 3.35 3.35 14.77 8.08 5.41 9.0 9.0 3.0 5.41 10.92 3.35 14.85 10.92 8.08 14.23 3.35 20.12 0.0 12.09 15.66 3.0 13.42 14.85 9.0 3.35 15.66 3.0 14.23 6.71 6.71 3.0 2.12 13.58 14.77 12.09 4.5 2.12 15.66 10.92 6.71 4.5 3.35 14.85 14.23 3.35 5.41 4.5 14.85 13.42 13.58 14.23 6.71 14.77 13.58 14.85 13.42 14.85 3.0 14.77 10.92 14.23 5.41 20.12 12.09 13.58 13.58 10.92 3.35 14.85 20.12 12.09 9.0
12.09 16.77 17.49 10.61 4.5 12.09 0.0 10.92 3.0 12.73 12.73 8.75 4.24 6.71 10.92 10.92 10.92 6.71 3.0 15.0 4.5 3.0 4.24 16.77 12.73 22.9 12.09 0.0 17.49 10.92 7.5 4.5 10.92 15.0 17.49 10.92 16.77 10.06 10.06 10.92 10.06 11.72 8.75 6.36 10.61 10.06 17.49 3.0 10.06 10.61 10.61 4.5 16.77 12.73 6.71 10.61 4.5 7.5 11.72 16.77 10.06 8.75 11.72 4.5 7.5 4.5 10.92 8.75 3.0 16.77 6.71 22.9 0.0 11.72 11.72 3.0 15.0 4.5 22.9 0.0 10.92
9.0 6.36 7.5 4.5 10.61 9.0 10.92 0.0 12.09 12.09 12.09 7.5 9.6 7.5 0.0 0.0 6.0 7.5 12.09 12.09 10.61 12.09 9.6 6.36 12.09 12.73 9.0 10.92 7.5 6.0 6.71 10.61 0.0 12.09 7.5 6.0 6.36 13.42 13.42 6.0 7.65 4.74 7.5 6.18 4.5 7.65 7.5 12.09 13.42 4.5 10.92 10.61 6.36 12.09 7.5 4.5 10.61 6.71 4.74 6.36 13.42 7.5 4.74 10.61 6.71 10.61 6.0 7.5 12.09 6.36 7.5 12.73 10.92 4.74 4.74 12.09 12.09 10.61 12.73 10.92 0.0
10.92 18.31 19.21 10.61 7.5 10.92 3.0 12.09 0.0 10.82 10.82 11.42 3.0 6.0 12.09 12.09 10.5 6.0 0.0 13.42 7.5 0.0 3.0 18.31 10.82 24.6 10.92 3.0 19.21 10.5 10.06 7.5 12.09 13.42 19.21 10.5 18.31 7.5 7.5 10.5 9.12 13.83 11.42 8.75 10.61 9.12 19.21 0.0 7.5 10.61 8.75 7.5 18.31 10.82 6.0 10.61 7.5 10.06 13.83 18.31 7.5 11.42 13.83 7.5 10.06 7.5 10.5 11.42 0.0 18.31 6.0 24.6 3.0 13.83 13.83 0.0 13.42 7.5 24.6 3.0 12.09
3.35 17.56 18.97 7.65 16.22 3.35 12.73 12.09 10.82 0.0 0.0 17.1 8.49 6.71 12.09 12.09 6.18 6.71 10.82 3.0 16.22 10.82 8.49 17.56 0.0 23.48 3.35 12.73 18.97 6.18 15.66 16.22 12.09 3.0 18.97 6.18 17.56 4.5 4.5 6.18 4.5 16.5 17.1 14.23 7.65 4.5 18.97 10.82 4.5 7.65 2.12 16.22 17.56 0.0 6.71 7.65 16.22 15.66 16.5 17.56 4.5 17.1 16.5 16.22 15.66 16.22 6.18 17.1 10.82 17.56 6.71 23.48 12.73 16.5 16.5 10.82 3.0 16.22 23.48 12.73 12.09
3.35 17.56 18.97 7.65 16.22 3.35 12.73 12.09 10.82 0.0 0.0 17.1 8.49 6.71 12.09 12.09 6.18 6.71 10.82 3.0 16.22 10.82 8.49 17.56 0.0 23.48 3.35 12.73 18.97 6.18 15.66 16.22 12.09 3.0 18.97 6.18 17.56 4.5 4.5 6.18 4.5 16.5 17.1 14.23 7.65 4.5 18.97 10.82 4.5 7.65 2.12 16.22 17.56 0.0 6.71 7.65 16.22 15.66 16.5 17.56 4.5 17.1 16.5 16.22 15.66 16.22 6.18 17.1 10.82 17.56 6.71 23.48 12.73 16.5 16.5 10.82 3.0 16.22 23.48 12.73 12.09
14.77 10.5 10.61 10.82 5.41 14.77 8.75 7.5 11.42 17.1 17.1 0.0 10.61 10.61 7.5 7.5 12.09 10.61 11.42 18.12 5.41 11.42 10.61 10.5 17.1 15.66 14.77 8.75 10.61 12.09 1.5 5.41 7.5 18.12 10.61 12.09 10.5 16.5 16.5 12.09 12.82 4.5 0.0 3.0 10.82 12.82 10.61 11.42 16.5 10.82 15.3 5.41 10.5 17.1 10.61 10.82 5.41 1.5 4.5 10.5 16.5 0.0 4.5 5.41 1.5 5.41 12.09 0.0 11.42 10.5 10.61 15.66 8.75 4.5 4.5 11.42 18.12 5.41 15.66 8.75 7.5
8.08 15.95 16.97 7.65 8.08 8.08 4.24 9.6 3.0 8.49 8.49 10.61 0.0 3.0 9.6 9.6 7.5 3.0 3.0 10.82 8.08 3.0 0.0 15.95 8.49 22.3 8.08 4.24 16.97 7.5 9.12 8.08 9.6 10.82 16.97 7.5 15.95 6.18 6.18 7.5 6.18 12.09 10.61 7.65 7.65 6.18 16.97 3.0 6.18 7.65 6.36 8.08 15.95 8.49 3.0 7.65 8.08 9.12 12.09 15.95 6.18 10.61 12.09 8.08 9.12 8.08 7.5 10.61 3.0 15.95 3.0 22.3 4.24 12.09 12.09 3.0 10.82 8.08 22.3 4.24 9.6
5.41 13.83 15.0 4.74 9.6 5.41 6.71 7.5 6.0 6.71 6.71 10.61 3.0 0.0 7.5 7.5 4.5 0.0 6.0 8.49 9.6 6.0 3.0 13.83 6.71 20.18 5.41 6.71 15.0 4.5 9.12 9.6 7.5 8.49 15.0 4.5 13.83 6.18 6.18 4.5 3.35 10.92 10.61 7.65 4.74 3.35 15.0 6.0 6.18 4.74 4.74 9.6 13.83 6.71 0.0 4.74 9.6 9.12 10.92 13.83 6.18 10.61 10.92 9.6 9.12 9.6 4.5 10.61 6.0 13.83 0.0 20.18 6.71 10.92 10.92 6.0 8.49 9.6 20.18 6.71 7.5
9.0 6.36 7.5 4.5 10.61 9.0 10.92 0.0 12.09 12.09 12.09 7.5 9.6 7.5 0.0 0.0 6.0 7.5 12.09 12.09 10.61 12.09 9.6 6.36 12.09 12.73 9.0 10.92 7.5 6.0 6.71 10.61 0.0 12.09 7.5 6.0 6.36 13.42 13.42 6.0 7.65 4.74 7.5 6.18 4.5 7.65 7.5 12.09 13.42 4.5 10.92 10.61 6.36 12.09 7.5 4.5 10.61 6.71 4.74 6.36 13.42 7.5 4.74 10.61 6.71 10.61 6.0 7.5 12.09 6.36 7.5 12.73 10.92 4.74 4.74 12.09 12.09 10.61 12.73 10.92 0.0
9.0 6.36 7.5 4.5 10.61 9.0 10.92 0.0 12.09 12.09 12.09 7.5 9.6 7.5 0.0 0.0 6.0 7.5 12.09 12.09 10.61 12.09 9.6 6.36 12.09 12.73 9.0 10.92 7.5 6.0 6.71 10.61 0.0 12.09 7.5 6.0 6.36 13.42 13.42 6.0 7.65 4.74 7.5 6.18 4.5 7.65 7.5 12.09 13.42 4.5 10.92 10.61 6.36 12.09 7.5 4.5 10.61 6.71 4.74 6.36 13.42 7.5 4.74 10.61 6.71 10.61 6.0 7.5 12.09 6.36 7.5 12.73 10.92 4.74 4.74 12.09 12.09 10.61 12.73 10.92 0.0
3.0 11.42 12.82 1.5 12.9 3.0 10.92 6.0 10.5 6.18 6.18 12.09 7.5 4.5 6.0 6.0 0.0 4.5 10.5 6.18 12.9 10.5 7.5 11.42 6.18 17.49 3.0 10.92 12.82 0.0 10.82 12.9 6.0 6.18 12.82 0.0 11.42 8.49 8.49 0.0 2.12 10.61 12.09 9.6 1.5 2.12 12.82 10.5 8.49 1.5 5.41 12.9 11.42 6.18 4.5 1.5 12.9 10.82 10.61 11.42 8.49 12.09 10.61 12.9 10.82 12.9 0.0 12.09 10.5 11.42 4.5 17.49 10.92 10.61 10.61 10.5 6.18 12.9 17.49 10.92 6.0
5.41 13.83 15.0 4.74 9.6 5.41 6.71 7.5 6.0 6.71 6.71 10.61 3.0 0.0 7.5 7.5 4.5 0.0 6.0 8.49 9.6 6.0 3.0 13.83 6.71 20.18 5.41 6.71 15.0 4.5 9.12 9.6 7.5 8.49 15.0 4.5 13.83 6.18 6.18 4.5 3.35 10.92 10.61 7.65 4.74 3.35 15.0 6.0 6.18 4.74 4.74 9.6 13.83 6.71 0.0 4.74 9.6 9.12 10.92 13.83 6.18 10.61 10.92 9.6 9.12 9.6 4.5 10.61 6.0 13.83 0.0 20.18 6.71 10.92 10.92 6.0 8.49 9.6 20.18 6.71 7.5
10.92 18.31 19.21 10.61 7.5 10.92 3.0 12.09 0.0 10.82 10.82 11.42 3.0 6.0 12.09 12.09 10.5 6.0 0.0 13.42 7.5 0.0 3.0 18.31 10.82 24.6 10.92 3.0 19.21 10.5 10.06 7.5 12.09 13.42 19.21 10.5 18.31 7.5 7.5 10.5 9.12 13.83 11.42 8.75 10.61 9.12 19.21 0.0 7.5 10.61 8.75 7.5 18.31 10.82 6.0 10.61 7.5 10.06 13.83 18.31 7.5 11.42 13.83 7.5 10.06 7.5 10.5 11.42 0.0 18.31 6.0 24.6 3.0 13.83 13.83 0.0 13.42 7.5 24.6 3.0 12.09
3.35 16.77 18.25 7.65 18.06 3.35 15.0 12.09 13.42 3.0 3.0 18.12 10.82 8.49 12.09 12.09 6.18 8.49 13.42 0.0 18.06 13.42 10.82 16.77 3.0 22.3 3.35 15.0 18.25 6.18 16.77 18.06 12.09 0.0 18.25 6.18 16.77 7.5 7.5 6.18 5.41 16.77 18.12 15.44 7.65 5.41 18.25 13.42 7.5 7.65 4.74 18.06 16.77 3.0 8.49 7.65 18.06 16.77 16.77 16.77 7.5 18.12 16.77 18.06 16.77 18.06 6.18 18.12 13.42 16.77 8.49 22.3 15.0 16.77 16.77 13.42 0.0 18.06 22.3 15.0 12.09
14.85 15.3 15.66 12.09 0.0 14.85 4.5 10.61 7.5 16.22 16.22 5.41 8.08 9.6 10.61 10.61 12.9 9.6 7.5 18.06 0.0 7.5 8.08 15.3 16.22 20.89 14.85 4.5 15.66 12.9 4.74 0.0 10.61 18.06 15.66 12.9 15.3 14.23 14.23 12.9 12.73 9.49 5.41 4.5 12.09 12.73 15.66 7.5 14.23 12.09 14.15 0.0 15.3 16.22 9.6 12.09 0.0 4.74 9.49 15.3 14.23 5.41 9.49 0.0 4.74 0.0 12.9 5.41 7.5 15.3 9.6 20.89 4.5 9.49 9.49 7.5 18.06 0.0 20.89 4.5 10.61
10.92 18.31 19.21 10.61 7.5 10.92 3.0 12.09 0.0 10.82 10.82 11.42 3.0 6.0 12.09 12.09 10.5 6.0 0.0 13.42 7.5 0.0 3.0 18.31 10.82 24.6 10.92 3.0 19.21 10.5 10.06 7.5 12.09 13.42 19.21 10.5 18.31 7.5 7.5 10.5 9.12 13.83 11.42 8.75 10.61 9.12 19.21 0.0 7.5 10.61 8.75 7.5 18.31 10.82 6.0 10.61 7.5 10.06 13.83 18.31 7.5 11.42 13.83 7.5 10.06 7.5 10.5 11.42 0.0 18.31 6.0 24.6 3.0 13.83 13.83 0.0 13.42 7.5 24.6 3.0 12.09
8.08 15.95 16.97 7.65 8.08 8.08 4.24 9.6 3.0 8.49 8.49 10.61 0.0 3.0 9.6 9.6 7.5 3.0 3.0 10.82 8.08 3.0 0.0 15.95 8.49 22.3 8.08 4.24 16.97 7.5 9.12 8.08 9.6 10.82 16.97 7.5 15.95 6.18 6.18 7.5 6.18 12.09 10.61 7.65 7.65 6.18 16.97 3.0 6.18 7.65 6.36 8.08 15.95 8.49 3.0 7.65 8.08 9.12 12.09 15.95 6.18 10.61 12.09 8.08 9.12 8.08 7.5 10.61 3.0 15.95 3.0 22.3 4.24 12.09 12.09 3.0 10.82 8.08 22.3 4.24 9.6
14.23 0.0 1.5 10.06 15.3 14.23 16.77 6.36 18.31 17.56 17.56 10.5 15.95 13.83 6.36 6.36 11.42 13.83 18.31 16.77 15.3 18.31 15.95 0.0 17.56 6.36 14.23 16.77 1.5 11.42 10.61 15.3 6.36 16.77 1.5 11.42 0.0 19.56 19.56 11.42 13.42 6.0 10.5 10.92 10.06 13.42 1.5 18.31 19.56 10.06 16.77 15.3 0.0 17.56 13.83 10.06 15.3 10.61 6.0 0.0 19.56 10.5 6.0 15.3 10.61 15.3 11.42 10.5 18.31 0.0 13.83 6.36 16.77 6.0 6.0 18.31 16.77 15.3 6.36 16.77 6.36
3.35 17.56 18.97 7.65 16.22 3.35 12.73 12.09 10.82 0.0 0.0 17.1 8.49 6.71 12.09 12.09 6.18 6.71 10.82 3.0 16.22 10.82 8.49 17.56 0.0 23.48 3.35 12.73 18.97 6.18 15.66 16.22 12.09 3.0 18.97 6.18 17.56 4.5 4.5 6.18 4.5 16.5 17.1 14.23 7.65 4.5 18.97 10.82 4.5 7.65 2.12 16.22 17.56 0.0 6.71 7.65 16.22 15.66 16.5 17.56 4.5 17.1 16.5 16.22 15.66 16.22 6.18 17.1 10.82 17.56 6.71 23.48 12.73 16.5 16.5 10.82 3.0 16.22 23.48 12.73 12.09
20.12 6.36 5.41 16.22 20.89 20.12 22.9 12.73 24.6 23.48 23.48 15.66 22.3 20.18 12.73 12.73 17.49 20.18 24.6 22.3 20.89 24.6 22.3 6.36 23.48 0.0 20.12 22.9 5.41 17.49 16.16 20.89 12.73 22.3 5.41 17.49 6.36 25.81 25.81 17.49 19.56 11.42 15.66 16.77 16.22 19.56 5.41 24.6 25.81 16.22 22.9 20.89 6.36 23.48 20.18 16.22 20.89 16.16 11.42 6.36 25.81 15.66 11.42 20.89 16.16 20.89 17.49 15.66 24.6 6.36 20.18 0.0 22.9 11.42 11.42 24.6 22.3 20.89 0.0 22.9 12.73
0.0 14.23 15.66 4.5 14.85 0.0 12.09 9.0 10.92 3.35 3.35 14.77 8.08 5.41 9.0 9.0 3.0 5.41 10.92 3.35 14.85 10.92 8.08 14.23 3.35 20.12 0.0 12.09 15.66 3.0 13.42 14.85 9.0 3.35 15.66 3.0 14.23 6.71 6.71 3.0 2.12 13.58 14.77 12.09 4.5 2.12 15.66 10.92 6.71 4.5 3.35 14.85 14.23 3.35 5.41 4.5 14.85 13.42 13.58 14.23 6.71 14.77 13.58 14.85 13.42 14.85 3.0 14.77 10.92 14.23 5.41 20.12 12.09 13.58 13.58 10.92 3.35 14.85 20.12 12.09 9.0
12.09 16.77 17.49 10.61 4.5 12.09 0.0 10.92 3.0 12.73 12.73 8.75 4.24 6.71 10.92 10.92 10.92 6.71 3.0 15.0 4.5 3.0 4.24 16.77 12.73 22.9 12.09 0.0 17.49 10.92 7.5 4.5 10.92 15.0 17.49 10.92 16.77 10.06 10.06 10.92 10.06 11.72 8.75 6.36 10.61 10.06 17.49 3.0 10.06 10.61 10.61 4.5 16.77 12.73 6.71 10.61 4.5 7.5 11.72 16.77 10.06 8.75 11.72 4.5 7.5 4.5 10.92 8.75 3.0 16.77 6.71 22.9 0.0 11.72 11.72 3.0 15.0 4.5 22.9 0.0 10.92
15.66 1.5 0.0 11.42 15.66 15.66 17.49 7.5 19.21 18.97 18.97 10.61 16.97 15.0 7.5 7.5 12.82 15.0 19.21 18.25 15.66 19.21 16.97 1.5 18.97 5.41 15.66 17.49 0.0 12.82 10.92 15.66 7.5 18.25 0.0 12.82 1.5 20.84 20.84 12.82 14.77 6.18 10.61 11.42 11.42 14.77 0.0 19.21 20.84 11.42 18.12 15.66 1.5 18.97 15.0 11.42 15.66 10.92 6.18 1.5 20.84 10.61 6.18 15.66 10.92 15.66 12.82 10.61 19.21 1.5 15.0 5.41 17.49 6.18 6.18 19.21 18.25 15.66 5.41 17.49 7.5
3.0 11.42 12.82 1.5 12.9 3.0 10.92 6.0 10.5 6.18 6.18 12.09 7.5 4.5 6.0 6.0 0.0 4.5 10.5 6.18 12.9 10.5 7.5 11.42 6.18 17.49 3.0 10.92 12.82 0.0 10.82 12.9 6.0 6.18 12.82 0.0 11.42 8.49 8.49 0.0 2.12 10.61 12.09 9.6 1.5 2.12 12.82 10.5 8.49 1.5 5.41 12.9 11.42 6.18 4.5 1.5 12.9 10.82 10.61 11.42 8.49 12.09 10.61 12.9 10.82 12.9 0.0 12.09 10.5 11.42 4.5 17.49 10.92 10.61 10.61 10.5 6.18 12.9 17.49 10.92 6.0
13.42 10.61 10.92 9.6 4.74 13.42 7.5 6.71 10.06 15.66 15.66 1.5 9.12 9.12 6.71 6.71 10.82 9.12 10.06 16.77 4.74 10.06 9.12 10.61 15.66 16.16 13.42 7.5 10.92 10.82 0.0 4.74 6.71 16.77 10.92 10.82 10.61 15.0 15.0 10.82 11.42 4.74 1.5 1.5 9.6 11.42 10.92 10.06 15.0 9.6 13.83 4.74 10.61 15.66 9.12 9.6 4.74 0.0 4.74 10.61 15.0 1.5 4.74 4.74 0.0 4.74 10.82 1.5 10.06 10.61 9.12 16.16 7.5 4.74 4.74 10.06 16.77 4.74 16.16 7.5 6.71
14.85 15.3 15.66 12.09 0.0 14.85 4.5 10.61 7.5 16.22 16.22 5.41 8.08 9.6 10.61 10.61 12.9 9.6 7.5 18.06 0.0 7.5 8.08 15.3 16.22 20.89 14.85 4.5 15.66 12.9 4.74 0.0 10.61 18.06 15.66 12.9 15.3 14.23 14.23 12.9 12.73 9.49 5.41 4.5 12.09 12.73 15.66 7.5 14.23 12.09 14.15 0.0 15.3 16.22 9.6 12.09 0.0 4.74 9.49 15.3 14.23 5.41 9.49 0.0 4.74 0.0 12.9 5.41 7.5 15.3 9.6 20.89 4.5 9.49 9.49 7.5 18.06 0.0 20.89 4.5 10.61
9.0 6.36 7.5 4.5 10.61 9.0 10.92 0.0 12.09 12.09 12.09 7.5 9.6 7.5 0.0 0.0 6.0 7.5 12.09 12.09 10.61 12.09 9.6 6.36 12.09 12.73 9.0 10.92 7.5 6.0 6.71 10.61 0.0 12.09 7.5 6.0 6.36 13.42 13.42 6.0 7.65 4.74 7.5 6.18 4.5 7.65 7.5 12.09 13.42 4.5 10.92 10.61 6.36 12.09 7.5 4.5 10.61 6.71 4.74 6.36 13.42 7.5 4.74 10.61 6.71 10.61 6.0 7.5 12.09 6.36 7.5 12.73 10.92 4.74 4.74 12.09 12.09 10.61 12.73 10.92 0.0
3.35 16.77 18.25 7.65 18.06 3.35 15.0 12.09 13.42 3.0 3.0 18.12 10.82 8.49 12.09 12.09 6.18 8.49 13.42 0.0 18.06 13.42 10.82 16.77 3.0 22.3 3.35 15.0 18.25 6.18 16.77 18.06 12.09 0.0 18.25 6.18 16.77 7.5 7.5 6.18 5.41 16.77 18.12 15.44 7.65 5.41 18.25 13.42 7.5 7.65 4.74 18.06 16.77 3.0 8.49 7.65 18.06 16.77 16.77 16.77 7.5 18.12 16.77 18.06 16.77 18.06 6.18 18.12 13.42 16.77 8.49 22.3 15.0 16.77 16.77 13.42 0.0 18.06 22.3 15.0 12.09
15.66 1.5 0.0 11.42 15.66 15.66 17.49 7.5 19.21 18.97 18.97 10.61 16.97 15.0 7.5 7.5 12.82 15.0 19.21 18.25 15.66 19.21 16.97 1.5 18.97 5.41 15.66 17.49 0.0 12.82 10.92 15.66 7.5 18.25 0.0 12.82 1.5 20.84 20.84 12.82 14.77 6.18 10.61 11.42 11.42 14.77 0.0 19.21 20.84 11.42 18.12 15.66 1.5 18.97 15.0 11.42 15.66 10.92 6.18 1.5 20.84 10.61 6.18 15.66 10.92 15.66 12.82 10.61 19.21 1.5 15.0 5.41 17.49 6.18 6.18 19.21 18.25 15.66 5.41 17.49 7.5
3.0 11.42 12.82 1.5 12.9 3.0 10.92 6.0 10.5 6.18 6.18 12.09 7.5 4.5 6.0 6.0 0.0 4.5 10.5 6.18 12.9 10.5 7.5 11.42 6.18 17.49 3.0 10.92 12.82 0.0 10.82 12.9 6.0 6.18 12.82 0.0 11.42 8.49 8.49 0.0 2.12 10.61 12.09 9.6 1.5 2.12 12.82 10.5 8.49 1.5 5.41 12.9 11.42 6.18 4.5 1.5 12.9 10.82 10.61 11.42 8.49 12.09 10.61 12.9 10.82 12.9 0.0 12.09 10.5 11.42 4.5 17.49 10.92 10.61 10.61 10.5 6.18 12.9 17.49 10.92 6.0
14.23 0.0 1.5 10.06 15.3 14.23 16.77 6.36 18.31 17.56 17.56 10.5 15.95 13.83 6.36 6.36 11.42 13.83 18.31 16.77 15.3 18.31 15.95 0.0 17.56 6.36 14.23 16.77 1.5 11.42 10.61 15.3 6.36 16.77 1.5 11.42 0.0 19.56 19.56 11.42 13.42 6.0 10.5 10.92 10.06 13.42 1.5 18.31 19.56 10.06 16.77 15.3 0.0 17.56 13.83 10.06 15.3 10.61 6.0 0.0 19.56 10.5 6.0 15.3 10.61 15.3 11.42 10.5 18.31 0.0 13.83 6.36 16.77 6.0 6.0 18.31 16.77 15.3 6.36 16.77 6.36
6.71 19.56 20.84 9.6 14.23 6.71 10.06 13.42 7.5 4.5 4.5 16.5 6.18 6.18 13.42 13.42 8.49 6.18 7.5 7.5 14.23 7.5 6.18 19.56 4.5 25.81 6.71 10.06 20.84 8.49 15.0 14.23 13.42 7.5 20.84 8.49 19.56 0.0 0.0 8.49 6.36 17.1 16.5 13.5 9.6 6.36 20.84 7.5 0.0 9.6 3.35 14.23 19.56 4.5 6.18 9.6 14.23 15.0 17.1 19.56 0.0 16.5 17.1 14.23 15.0 14.23 8.49 16.5 7.5 19.56 6.18 25.81 10.06 17.1 17.1 7.5 7.5 14.23 25.81 10.06 13.42
6.71 19.56 20.84 9.6 14.23 6.71 10.06 13.42 7.5 4.5 4.5 16.5 6.18 6.18 13.42 13.42 8.49 6.18 7.5 7.5 14.23 7.5 6.18 19.56 4.5 25.81 6.71 10.06 20.84 8.49 15.0 14.23 13.42 7.5 20.84 8.49 19.56 0.0 0.0 8.49 6.36 17.1 16.5 13.5 9.6 6.36 20.84 7.5 0.0 9.6 3.35 14.23 19.56 4.5 6.18 9.6 14.23 15.0 17.1 19.56 0.0 16.5 17.1 14.23 15.0 14.23 8.49 16.5 7.5 19.56 6.18 25.81 10.06 17.1 17.1 7.5 7.5 14.23 25.81 10.06 13.42
3.0 11.42 12.82 1.5 12.9 3.0 10.92 6.0 10.5 6.18 6.18 12.09 7.5 4.5 6.0 6.0 0.0 4.5 10.5 6.18 12.9 10.5 7.5 11.42 6.18 17.49 3.0 10.92 12.82 0.0 10.82 12.9 6.0 6.18 12.82 0.0 11.42 8.49 8.49 0.0 2.12 10.61 12.09 9.6 1.5 2.12 12.82 10.5 8.49 1.5 5.41 12.9 11.42 6.18 4.5 1.5 12.9 10.82 10.61 11.42 8.49 12.09 10.61 12.9 10.82 12.9 0.0 12.09 10.5 11.42 4.5 17.49 10.92 10.61 10.61 10.5 6.18 12.9 17.49 10.92 6.0
2.12 13.42 14.77 3.35 12.73 2.12 10.06 7.65 9.12 4.5 4.5 12.82 6.18 3.35 7.65 7.65 2.12 3.35 9.12 5.41 12.73 9.12 6.18 13.42 4.5 19.56 2.12 10.06 14.77 2.12 11.42 12.73 7.65 5.41 14.77 2.12 13.42 6.36 6.36 2.12 0.0 12.0 12.82 10.06 3.35 0.0 14.77 9.12 6.36 3.35 3.35 12.73 13.42 4.5 3.35 3.35 12.73 11.42 12.0 13.42 6.36 12.82 12.0 12.73 11.42 12.73 2.12 12.82 9.12 13.42 3.35 19.56 10.06 12.0 12.0 9.12 5.41 12.73 19.56 10.06 7.65
13.58 6.0 6.18 9.12 9.49 13.58 11.72 4.74 13.83 16.5 16.5 4.5 12.09 10.92 4.74 4.74 10.61 10.92 13.83 16.77 9.49 13.83 12.09 6.0 16.5 11.42 13.58 11.72 6.18 10.61 4.74 9.49 4.74 16.77 6.18 10.61 6.0 17.1 17.1 10.61 12.0 0.0 4.5 5.41 9.12 12.0 6.18 13.83 17.1 9.12 15.07 9.49 6.0 16.5 10.92 9.12 9.49 4.74 0.0 6.0 17.1 4.5 0.0 9.49 4.74 9.49 10.61 4.5 13.83 6.0 10.92 11.42 11.72 0.0 0.0 13.83 16.77 9.49 11.42 11.72 4.74
14.77 10.5 10.61 10.82 5.41 14.77 8.75 7.5 11.42 17.1 17.1 0.0 10.61 10.61 7.5 7.5 12.09 10.61 11.42 18.12 5.41 11.42 10.61 10.5 17.1 15.66 14.77 8.75 10.61 12.09 1.5 5.41 7.5 18.12 10.61 12.09 10.5 16.5 16.5 12.09 12.82 4.5 0.0 3.0 10.82 12.82 10.61 11.42 16.5 10.82 15.3 5.41 10.5 17.1 10.61 10.82 5.41 1.5 4.5 10.5 16.5 0.0 4.5 5.41 1.5 5.41 12.09 0.0 11.42 10.5 10.61 15.66 8.75 4.5 4.5 11.42 18.12 5.41 15.66 8.75 7.5
12.09 10.92 11.42 8.49 4.5 12.09 6.36 6.18 8.75 14.23 14.23 3.0 7.65 7.65 6.18 6.18 9.6 7.65 8.75 15.44 4.5 8.75 7.65 10.92 14.23 16.77 12.09 6.36 11.42 9.6 1.5 4.5 6.18 15.44 11.42 9.6 10.92 13.5 13.5 9.6 10.06 5.41 3.0 0.0 8.49 10.06 11.42 8.75 13.5 8.49 12.37 4.5 10.92 14.23 7.65 8.49 4.5 1.5 5.41 10.92 13.5 3.0 5.41 4.5 1.5 4.5 9.6 3.0 8.75 10.92 7.65 16.77 6.36 5.41 5.41 8.75 15.44 4.5 16.77 6.36 6.18
4.5 10.06 11.42 0.0 12.09 4.5 10.61 4.5 10.61 7.65 7.65 10.82 7.65 4.74 4.5 4.5 1.5 4.74 10.61 7.65 12.09 10.61 7.65 10.06 7.65 16.22 4.5 10.61 11.42 1.5 9.6 12.09 4.5 7.65 11.42 1.5 10.06 9.6 9.6 1.5 3.35 9.12 10.82 8.49 0.0 3.35 11.42 10.61 9.6 0.0 6.71 12.09 10.06 7.65 4.74 0.0 12.09 9.6 9.12 10.06 9.6 10.82 9.12 12.09 9.6 12.09 1.5 10.82 10.61 10.06 4.74 16.22 10.61 9.12 9.12 10.61 7.65 12.09 16.22 10.61 4.5
2.12 13.42 14.77 3.35 12.73 2.12 10.06 7.65 9.12 4.5 4.5 12.82 6.18 3.35 7.65 7.65 2.12 3.35 9.12 5.41 12.73 9.12 6.18 13.42 4.5 19.56 2.12 10.06 14.77 2.12 11.42 12.73 7.65 5.41 14.77 2.12 13.42 6.36 6.36 2.12 0.0 12.0 12.82 10.06 3.35 0.0 14.77 9.12 6.36 3.35 3.35 12.73 13.42 4.5 3.35 3.35 12.73 11.42 12.0 13.42 6.36 12.82 12.0 12.73 11.42 12.73 2.12 12.82 9.12 13.42 3.35 19.56 10.06 12.0 12.0 9.12 5.41 12.73 19.56 10.06 7.65
15.66 1.5 0.0 11.42 15.66 15.66 17.49 7.5 19.21 18.97 18.97 10.61 16.97 15.0 7.5 7.5 12.82 15.0 19.21 18.25 15.66 19.21 16.97 1.5 18.97 5.41 15.66 17.49 0.0 12.82 10.92 15.66 7.5 18.25 0.0 12.82 1.5 20.84 20.84 12.82 14.77 6.18 10.61 11.42 11.42 14.77 0.0 19.21 20.84 11.42 18.12 15.66 1.5 18.97 15.0 11.42 15.66 10.92 6.18 1.5 20.84 10.61 6.18 15.66 10.92 15.66 12.82 10.61 19.21 1.5 15.0 5.41 17.49 6.18 6.18 19.21 18.25 15.66 5.41 17.49 7.5
10.92 18.31 19.21 10.61 7.5 10.92 3.0 12.09 0.0 10.82 10.82 11.42 3.0 6.0 12.09 12.09 10.5 6.0 0.0 13.42 7.5 0.0 3.0 18.31 10.82 24.6 10.92 3.0 19.21 10.5 10.06 7.5 12.09 13.42 19.21 10.5 18.31 7.5 7.5 10.5 9.12 13.83 11.42 8.75 10.61 9.12 19.21 0.0 7.5 10.61 8.75 7.5 18.31 10.82 6.0 10.61 7.5 10.06 13.83 18.31 7.5 11.42 13.83 7.5 10.06 7.5 10.5 11.42 0.0 18.31 6.0 24.6 3.0 13.83 13.83 0.0 13.42 7.5 24.6 3.0 12.09
6.71 19.56 20.84 9.6 14.23 6.71 10.06 13.42 7.5 4.5 4.5 16.5 6.18 6.18 13.42 13.42 8.49 6.18 7.5 7.5 14.23 7.5 6.18 19.56 4.5 25.81 6.71 10.06 20.84 8.49 15.0 14.23 13.42 7.5 20.84 8.49 19.56 0.0 0.0 8.49 6.36 17.1 16.5 13.5 9.6 6.36 20.84 7.5 0.0 9.6 3.35 14.23 19.56 4.5 6.18 9.6 14.23 15.0 17.1 19.56 0.0 16.5 17.1 14.23 15.0 14.23 8.49 16.5 7.5 19.56 6.18 25.81 10.06 17.1 17.1 7.5 7.5 14.23 25.81 10.06 13.42
4.5 10.06 11.42 0.0 12.09 4.5 10.61 4.5 10.61 7.65 7.65 10.82 7.65 4.74 4.5 4.5 1.5 4.74 10.61 7.65 12.09 10.61 7.65 10.06 7.65 16.22 4.5 10.61 11.42 1.5 9.6 12.09 4.5 7.65 11.42 1.5 10.06 9.6 9.6 1.5 3.35 9.12 10.82 8.49 0.0 3.35 11.42 10.61 9.6 0.0 6.71 12.09 10.06 7.65 4.74 0.0 12.09 9.6 9.12 10.06 9.6 10.82 9.12 12.09 9.6 12.09 1.5 10.82 10.61 10.06 4.74 16.22 10.61 9.12 9.12 10.61 7.65 12.09 16.22 10.61 4.5
3.35 16.77 18.12 6.71 14.15 3.35 10.61 10.92 8.75 2.12 2.12 15.3 6.36 4.74 10.92 10.92 5.41 4.74 8.75 4.74 14.15 8.75 6.36 16.77 2.12 22.9 3.35 10.61 18.12 5.41 13.83 14.15 10.92 4.74 18.12 5.41 16.77 3.35 3.35 5.41 3.35 15.07 15.3 12.37 6.71 3.35 18.12 8.75 3.35 6.71 0.0 14.15 16.77 2.12 4.74 6.71 14.15 13.83 15.07 16.77 3.35 15.3 15.07 14.15 13.83 14.15 5.41 15.3 8.75 16.77 4.74 22.9 10.61 15.07 15.07 8.75 4.74 14.15 22.9 10.61 10.92
14.85 15.3 15.66 12.09 0.0 14.85 4.5 10.61 7.5 16.22 16.22 5.41 8.08 9.6 10.61 10.61 12.9 9.6 7.5 18.06 0.0 7.5 8.08 15.3 16.22 20.89 14.85 4.5 15.66 12.9 4.74 0.0 10.61 18.06 15.66 12.9 15.3 14.23 14.23 12.9 12.73 9.49 5.41 4.5 12.09 12.73 15.66 7.5 14.23 12.09 14.15 0.0 15.3 16.22 9.6 12.09 0.0 4.74 9.49 15.3 14.23 5.41 9.49 0.0 4.74 0.0 12.9 5.41 7.5 15.3 9.6 20.89 4.5 9.49 9.49 7.5 18.06 0.0 20.89 4.5 10.61
14.23 0.0 1.5 10.06 15.3 14.23 16.77 6.36 18.31 17.56 17.56 10.5 15.95 13.83 6.36 6.36 11.42 13.83 18.31 16.77 15.3 18.31 15.95 0.0 17.56 6.36 14.23 16.77 1.5 11.42 10.61 15.3 6.36 16.77 1.5 11.42 0.0 19.56 19.56 11.42 13.42 6.0 10.5 10.92 10.06 13.42 1.5 18.31 19.56 10.06 16.77 15.3 0.0 17.56 13.83 10.06 15.3 10.61 6.0 0.0 19.56 10.5 6.0 15.3 10.61 15.3 11.42 10.5 18.31 0.0 13.83 6.36 16.77 6.0 6.0 18.31 16.77 15.3 6.36 16.77 6.36
3.35 17.56 18.97 7.65 16.22 3.35 12.73 12.09 10.82 0.0 0.0 17.1 8.49 6.71 12.09 12.09 6.18 6.71 10.82 3.0 16.22 10.82 8.49 17.56 0.0 23.48 3.35 12.73 18.97 6.18 15.66 16.22 12.09 3.0 18.97 6.18 17.56 4.5 4.5 6.18 4.5 16.5 17.1 14.23 7.65 4.5 18.97 10.82 4.5 7.65 2.12 16.22 17.56 0.0 6.71 7.65 16.22 15.66 16.5 17.56 4.5 17.1 16.5 16.22 15.66 16.22 6.18 17.1 10.82 17.56 6.71 23.48 12.73 16.5 16.5 10.82 3.0 16.22 23.48 12.73 12.09
5.41 13.83 15.0 4.74 9.6 5.41 6.71 7.5 6.0 6.71 6.71 10.61 3.0 0.0 7.5 7.5 4.5 0.0 6.0 8.49 9.6 6.0 3.0 13.83 6.71 20.18 5.41 6.71 15.0 4.5 9.12 9.6 7.5 8.49 15.0 4.5 13.83 6.18 6.18 4.5 3.35 10.92 10.61 7.65 4.74 3.35 15.0 6.0 6.18 4.74 4.74 9.6 13.83 6.71 0.0 4.74 9.6 9.12 10.92 13.83 6.18 10.61 10.92 9.6 9.12 9.6 4.5 10.61 6.0 13.83 0.0 20.18 6.71 10.92 10.92 6.0 8.49 9.6 20.18 6.71 7.5
4.5 10.06 11.42 0.0 12.09 4.5 10.61 4.5 10.61 7.65 7.65 10.82 7.65 4.74 4.5 4.5 1.5 4.74 10.61 7.65 12.09 10.61 7.65 10.06 7.65 16.22 4.5 10.61 11.42 1.5 9.6 12.09 4.5 7.65 11.42 1.5 10.06 9.6 9.6 1.5 3.35 9.12 10.82 8.49 0.0 3.35 11.42 10.61 9.6 0.0 6.71 12.09 10.06 7.65 4.74 0.0 12.09 9.6 9.12 10.06 9.6 10.82 9.12 12.09 9.6 12.09 1.5 10.82 10.61 10.06 4.74 16.22 10.61 9.12 9.12 10.61 7.65 12.09 16.22 10.61 4.5
14.85 15.3 15.66 12.09 0.0 14.85 4.5 10.61 7.5 16.22 16.22 5.41 8.08 9.6 10.61 10.61 12.9 9.6 7.5 18.06 0.0 7.5 8.08 15.3 16.22 20.89 14.85 4.5 15.66 12.9 4.74 0.0 10.61 18.06 15.66 12.9 15.3 14.23 14.23 12.9 12.73 9.49 5.41 4.5 12.09 12.73 15.66 7.5 14.23 12.09 14.15 0.0 15.3 16.22 9.6 12.09 0.0 4.74 9.49 15.3 14.23 5.41 9.49 0.0 4.74 0.0 12.9 5.41 7.5 15.3 9.6 20.89 4.5 9.49 9.49 7.5 18.06 0.0 20.89 4.5 10.61
13.42 10.61 10.92 9.6 4.74 13.42 7.5 6.71 10.06 15.66 15.66 1.5 9.12 9.12 6.71 6.71 10.82 9.12 10.06 16.77 4.74 10.06 9.12 10.61 15.66 16.16 13.42 7.5 10.92 10.82 0.0 4.74 6.71 16.77 10.92 10.82 10.61 15.0 15.0 10.82 11.42 4.74 1.5 1.5 9.6 11.42 10.92 10.06 15.0 9.6 13.83 4.74 10.61 15.66 9.12 9.6 4.74 0.0 4.74 10.61 15.0 1.5 4.74 4.74 0.0 4.74 10.82 1.5 10.06 10.61 9.12 16.16 7.5 4.74 4.74 10.06 16.77 4.74 16.16 7.5 6.71
13.58 6.0 6.18 9.12 9.49 13.58 11.72 4.74 13.83 16.5 16.5 4.5 12.09 10.92 4.74 4.74 10.61 10.92 13.83 16.77 9.49 13.83 12.09 6.0 16.5 11.42 13.58 11.72 6.18 10.61 4.74 9.49 4.74 16.77 6.18 10.61 6.0 17.1 17.1 10.61 12.0 0.0 4.5 5.41 9.12 12.0 6.18 13.83 17.1 9.12 15.07 9.49 6.0 16.5 10.92 9.12 9.49 4.74 0.0 6.0 17.1 4.5 0.0 9.49 4.74 9.49 10.61 4.5 13.83 6.0 10.92 11.42 11.72 0.0 0.0 13.83 16.77 9.49 11.42 11.72 4.74
14.23 0.0 1.5 10.06 15.3 14.23 16.77 6.36 18.31 17.56 17.56 10.5 15.95 13.83 6.36 6.36 11.42 13.83 18.31 16.77 15.3 18.31 15.95 0.0 17.56 6.36 14.23 16.77 1.5 11.42 10.61 15.3 6.36 16.77 1.5 11.42 0.0 19.56 19.56 11.42 13.42 6.0 10.5 10.92 10.06 13.42 1.5 18.31 19.56 10.06 16.77 15.3 0.0 17.56 13.83 10.06 15.3 10.61 6.0 0.0 19.56 10.5 6.0 15.3 10.61 15.3 11.42 10.5 18.31 0.0 13.83 6.36 16.77 6.0 6.0 18.31 16.77 15.3 6.36 16.77 6.36
6.71 19.56 20.84 9.6 14.23 6.71 10.06 13.42 7.5 4.5 4.5 16.5 6.18 6.18 13.42 13.42 8.49 6.18 7.5 7.5 14.23 7.5 6.18 19.56 4.5 25.81 6.71 10.06 20.84 8.49 15.0 14.23 13.42 7.5 20.84 8.49 19.56 0.0 0.0 8.49 6.36 17.1 16.5 13.5 9.6 6.36 20.84 7.5 0.0 9.6 3.35 14.23 19.56 4.5 6.18 9.6 14.23 15.0 17.1 19.56 0.0 16.5 17.1 14.23 15.0 14.23 8.49 16.5 7.5 19.56 6.18 25.81 10.06 17.1 17.1 7.5 7.5 14.23 25.81 10.06 13.42
14.77 10.5 10.61 10.82 5.41 14.77 8.75 7.5 11.42 17.1 17.1 0.0 10.61 10.61 7.5 7.5 12.09 10.61 11.42 18.12 5.41 11.42 10.61 10.5 17.1 15.66 14.77 8.75 10.61 12.09 1.5 5.41 7.5 18.12 10.61 12.09 10.5 16.5 16.5 12.09 12.82 4.5 0.0 3.0 10.82 12.82 10.61 11.42 16.5 10.82 15.3 5.41 10.5 17.1 10.61 10.82 5.41 1.5 4.5 10.5 16.5 0.0 4.5 5.41 1.5 5.41 12.09 0.0 11.42 10.5 10.61 15.66 8.75 4.5 4.5 11.42 18.12 5.41 15.66 8.75 7.5
13.58 6.0 6.18 9.12 9.49 13.58 11.72 4.74 13.83 16.5 16.5 4.5 12.09 10.92 4.74 4.74 10.61 10.92 13.83 16.77 9.49 13.83 12.09 6.0 16.5 11.42 13.58 11.72 6.18 10.61 4.74 9.49 4.74 16.77 6.18 10.61 6.0 17.1 17.1 10.61 12.0 0.0 4.5 5.41 9.12 12.0 6.18 13.83 17.1 9.12 15.07 9.49 6.0 16.5 10.92 9.12 9.49 4.74 0.0 6.0 17.1 4.5 0.0 9.49 4.74 9.49 10.61 4.5 13.83 6.0 10.92 11.42 11.72 0.0 0.0 13.83 16.77 9.49 11.42 11.72 4.74
14.85 15.3 15.66 12.09 0.0 14.85 4.5 10.61 7.5 16.22 16.22 5.41 8.08 9.6 10.61 10.61 12.9 9.6 7.5 18.06 0.0 7.5 8.08 15.3 16.22 20.89 14.85 4.5 15.66 12.9 4.74 0.0 10.61 18.06 15.66 12.9 15.3 14.23 14.23 12.9 12.73 9.49 5.41 4.5 12.09 12.73 15.66 7.5 14.23 12.09 14.15 0.0 15.3 16.22 9.6 12.09 0.0 4.74 9.49 15.3 14.23 5.41 9.49 0.0 4.74 0.0 12.9 5.41 7.5 15.3 9.6 20.89 4.5 9.49 9.49 7.5 18.06 0.0 20.89 4.5 10.61
13.42 10.61 10.92 9.6 4.74 13.42 7.5 6.71 10.06 15.66 15.66 1.5 9.12 9.12 6.71 6.71 10.82 9.12 10.06 16.77 4.74 10.06 9.12 10.61 15.66 16.16 13.42 7.5 10.92 10.82 0.0 4.74 6.71 16.77 10.92 10.82 10.61 15.0 15.0 10.82 11.42 4.74 1.5 1.5 9.6 11.42 10.92 10.06 15.0 9.6 13.83 4.74 10.61 15.66 9.12 9.6 4.74 0.0 4.74 10.61 15.0 1.5 4.74 4.74 0.0 4.74 10.82 1.5 10.06 10.61 9.12 16.16 7.5 4.74 4.74 10.06 16.77 4.74 16.16 7.5 6.71
14.85 15.3 15.66 12.09 0.0 14.85 4.5 10.61 7.5 16.22 16.22 5.41 8.08 9.6 10.61 10.61 12.9 9.6 7.5 18.06 0.0 7.5 8.08 15.3 16.22 20.89 14.85 4.5 15.66 12.9 4.74 0.0 10.61 18.06 15.66 12.9 15.3 14.23 14.23 12.9 12.73 9.49 5.41 4.5 12.09 12.73 15.66 7.5 14.23 12.09 14.15 0.0 15.3 16.22 9.6 12.09 0.0 4.74 9.49 15.3 14.23 5.41 9.49 0.0 4.74 0.0 12.9 5.41 7.5 15.3 9.6 20.89 4.5 9.49 9.49 7.5 18.06 0.0 20.89 4.5 10.61
3.0 11.42 12.82 1.5 12.9 3.0 10.92 6.0 10.5 6.18 6.18 12.09 7.5 4.5 6.0 6.0 0.0 4.5 10.5 6.18 12.9 10.5 7.5 11.42 6.18 17.49 3.0 10.92 12.82 0.0 10.82 12.9 6.0 6.18 12.82 0.0 11.42 8.49 8.49 0.0 2.12 10.61 12.09 9.6 1.5 2.12 12.82 10.5 8.49 1.5 5.41 12.9 11.42 6.18 4.5 1.5 12.9 10.82 10.61 11.42 8.49 12.09 10.61 12.9 10.82 12.9 0.0 12.09 10.5 11.42 4.5 17.49 10.92 10.61 10.61 10.5 6.18 12.9 17.49 10.92 6.0
14.77 10.5 10.61 10.82 5.41 14.77 8.75 7.5 11.42 17.1 17.1 0.0 10.61 10.61 7.5 7.5 12.09 10.61 11.42 18.12 5.41 11.42 10.61 10.5 17.1 15.66 14.77 8.75 10.61 12.09 1.5 5.41 7.5 18.12 10.61 12.09 10.5 16.5 16.5 12.09 12.82 4.5 0.0 3.0 10.82 12.82 10.61 11.42 16.5 10.82 15.3 5.41 10.5 17.1 10.61 10.82 5.41 1.5 4.5 10.5 16.5 0.0 4.5 5.41 1.5 5.41 12.09 0.0 11.42 10.5 10.61 15.66 8.75 4.5 4.5 11.42 18.12 5.41 15.66 8.75 7.5
10.92 18.31 19.21 10.61 7.5 10.92 3.0 12.09 0.0 10.82 10.82 11.42 3.0 6.0 12.09 12.09 10.5 6.0 0.0 13.42 7.5 0.0 3.0 18.31 10.82 24.6 10.92 3.0 19.21 10.5 10.06 7.5 12.09 13.42 19.21 10.5 18.31 7.5 7.5 10.5 9.12 13.83 11.42 8.75 10.61 9.12 19.21 0.0 7.5 10.61 8.75 7.5 18.31 10.82 6.0 10.61 7.5 10.06 13.83 18.31 7.5 11.42 13.83 7.5 10.06 7.5 10.5 11.42 0.0 18.31 6.0 24.6 3.0 13.83 13.83 0.0 13.42 7.5 24.6 3.0 12.09
14.23 0.0 1.5 10.06 15.3 14.23 16.77 6.36 18.31 17.56 17.56 10.5 15.95 13.83 6.36 6.36 11.42 13.83 18.31 16.77 15.3 18.31 15.95 0.0 17.56 6.36 14.23 16.77 1.5 11.42 10.61 15.3 6.36 16.77 1.5 11.42 0.0 19.56 19.56 11.42 13.42 6.0 10.5 10.92 10.06 13.42 1.5 18.31 19.56 10.06 16.77 15.3 0.0 17.56 13.83 10.06 15.3 10.61 6.0 0.0 19.56 10.5 6.0 15.3 10.61 15.3 11.42 10.5 18.31 0.0 13.83 6.36 16.77 6.0 6.0 18.31 16.77 15.3 6.36 16.77 6.36
5.41 13.83 15.0 4.74 9.6 5.41 6.71 7.5 6.0 6.71 6.71 10.61 3.0 0.0 7.5 7.5 4.5 0.0 6.0 8.49 9.6 6.0 3.0 13.83 6.71 20.18 5.41 6.71 15.0 4.5 9.12 9.6 7.5 8.49 15.0 4.5 13.83 6.18 6.18 4.5 3.35 10.92 10.61 7.65 4.74 3.35 15.0 6.0 6.18 4.74 4.74 9.6 13.83 6.71 0.0 4.74 9.6 9.12 10.92 13.83 6.18 10.61 10.92 9.6 9.12 9.6 4.5 10.61 6.0 13.83 0.0 20.18 6.71 10.92 10.92 6.0 8.49 9.6 20.18 6.71 7.5
20.12 6.36 5.41 16.22 20.89 20.12 22.9 12.73 24.6 23.48 23.48 15.66 22.3 20.18 12.73 12.73 17.49 20.18 24.6 22.3 20.89 24.6 22.3 6.36 23.48 0.0 20.12 22.9 5.41 17.49 16.16 20.89 12.73 22.3 5.41 17.49 6.36 25.81 25.81 17.49 19.56 11.42 15.66 16.77 16.22 19.56 5.41 24.6 25.81 16.22 22.9 20.89 6.36 23.48 20.18 16.22 20.89 16.16 11.42 6.36 25.81 15.66 11.42 20.89 16.16 20.89 17.49 15.66 24.6 6.36 20.18 0.0 22.9 11.42 11.42 24.6 22.3 20.89 0.0 22.9 12.73
12.09 16.77 17.49 10.61 4.5 12.09 0.0 10.92 3.0 12.73 12.73 8.75 4.24 6.71 10.92 10.92 10.92 6.71 3.0 15.0 4.5 3.0 4.24 16.77 12.73 22.9 12.09 0.0 17.49 10.92 7.5 4.5 10.92 15.0 17.49 10.92 16.77 10.06 10.06 10.92 10.06 11.72 8.75 6.36 10.61 10.06 17.49 3.0 10.06 10.61 10.61 4.5 16.77 12.73 6.71 10.61 4.5 7.5 11.72 16.77 10.06 8.75 11.72 4.5 7.5 4.5 10.92 8.75 3.0 16.77 6.71 22.9 0.0 11.72 11.72 3.0 15.0 4.5 22.9 0.0 10.92
13.58 6.0 6.18 9.12 9.49 13.58 11.72 4.74 13.83 16.5 16.5 4.5 12.09 10.92 4.74 4.74 10.61 10.92 13.83 16.77 9.49 13.83 12.09 6.0 16.5 11.42 13.58 11.72 6.18 10.61 4.74 9.49 4.74 16.77 6.18 10.61 6.0 17.1 17.1 10.61 12.0 0.0 4.5 5.41 9.12 12.0 6.18 13.83 17.1 9.12 15.07 9.49 6.0 16.5 10.92 9.12 9.49 4.74 0.0 6.0 17.1 4.5 0.0 9.49 4.74 9.49 10.61 4.5 13.83 6.0 10.92 11.42 11.72 0.0 0.0 13.83 16.77 9.49 11.42 11.72 4.74
13.58 6.0 6.18 9.12 9.49 13.58 11.72 4.74 13.83 16.5 16.5 4.5 12.09 10.92 4.74 4.74 10.61 10.92 13.83 16.77 9.49 13.83 12.09 6.0 16.5 11.42 13.58 11.72 6.18 10.61 4.74 9.49 4.74 16.77 6.18 10.61 6.0 17.1 17.1 10.61 12.0 0.0 4.5 5.41 9.12 12.0 6.18 13.83 17.1 9.12 15.07 9.49 6.0 16.5 10.92 9.12 9.49 4.74 0.0 6.0 17.1 4.5 0.0 9.49 4.74 9.49 10.61 4.5 13.83 6.0 10.92 11.42 11.72 0.0 0.0 13.83 16.77 9.49 11.42 11.72 4.74
10.92 18.31 19.21 10.61 7.5 10.92 3.0 12.09 0.0 10.82 10.82 11.42 3.0 6.0 12.09 12.09 10.5 6.0 0.0 13.42 7.5 0.0 3.0 18.31 10.82 24.6 10.92 3.0 19.21 10.5 10.06 7.5 12.09 13.42 19.21 10.5 18.31 7.5 7.5 10.5 9.12 13.83 11.42 8.75 10.61 9.12 19.21 0.0 7.5 10.61 8.75 7.5 18.31 10.82 6.0 10.61 7.5 10.06 13.83 18.31 7.5 11.42 13.83 7.5 10.06 7.5 10.5 11.42 0.0 18.31 6.0 24.6 3.0 13.83 13.83 0.0 13.42 7.5 24.6 3.0 12.09
3.35 16.77 18.25 7.65 18.06 3.35 15.0 12.09 13.42 3.0 3.0 18.12 10.82 8.49 12.09 12.09 6.18 8.49 13.42 0.0 18.06 13.42 10.82 16.77 3.0 22.3 3.35 15.0 18.25 6.18 16.77 18.06 12.09 0.0 18.25 6.18 16.77 7.5 7.5 6.18 5.41 16.77 18.12 15.44 7.65 5.41 18.25 13.42 7.5 7.65 4.74 18.06 16.77 3.0 8.49 7.65 18.06 16.77 16.77 16.77 7.5 18.12 16.77 18.06 16.77 18.06 6.18 18.12 13.42 16.77 8.49 22.3 15.0 16.77 16.77 13.42 0.0 18.06 22.3 15.0 12.09
14.85 15.3 15.66 12.09 0.0 14.85 4.5 10.61 7.5 16.22 16.22 5.41 8.08 9.6 10.61 10.61 12.9 9.6 7.5 18.06 0.0 7.5 8.08 15.3 16.22 20.89 14.85 4.5 15.66 12.9 4.74 0.0 10.61 18.06 15.66 12.9 15.3 14.23 14.23 12.9 12.73 9.49 5.41 4.5 12.09 12.73 15.66 7.5 14.23 12.09 14.15 0.0 15.3 16.22 9.6 12.09 0.0 4.74 9.49 15.3 14.23 5.41 9.49 0.0 4.74 0.0 12.9 5.41 7.5 15.3 9.6 20.89 4.5 9.49 9.49 7.5 18.06 0.0 20.89 4.5 10.61
20.12 6.36 5.41 16.22 20.89 20.12 22.9 12.73 24.6 23.48 23.48 15.66 22.3 20.18 12.73 12.73 17.49 20.18 24.6 22.3 20.89 24.6 22.3 6.36 23.48 0.0 20.12 22.9 5.41 17.49 16.16 20.89 12.73 22.3 5.41 17.49 6.36 25.81 25.81 17.49 19.56 11.42 15.66 16.77 16.22 19.56 5.41 24.6 25.81 16.22 22.9 20.89 6.36 23.48 20.18 16.22 20.89 16.16 11.42 6.36 25.81 15.66 11.42 20.89 16.16 20.89 17.49 15.66 24.6 6.36 20.18 0.0 22.9 11.42 11.42 24.6 22.3 20.89 0.0 22.9 12.73
12.09 16.77 17.49 10.61 4.5 12.09 0.0 10.92 3.0 12.73 12.73 8.75 4.24 6.71 10.92 10.92 10.92 6.71 3.0 15.0 4.5 3.0 4.24 16.77 12.73 22.9 12.09 0.0 17.49 10.92 7.5 4.5 10.92 15.0 17.49 10.92 16.77 10.06 10.06 10.92 10.06 11.72 8.75 6.36 10.61 10.06 17.49 3.0 10.06 10.61 10.61 4.5 16.77 12.73 6.71 10.61 4.5 7.5 11.72 16.77 10.06 8.75 11.72 4.5 7.5 4.5 10.92 8.75 3.0 16.77 6.71 22.9 0.0 11.72 11.72 3.0 15.0 4.5 22.9 0.0 10.92
9.0 6.36 7.5 4.5 10.61 9.0 10.92 0.0 12.09 12.09 12.09 7.5 9.6 7.5 0.0 0.0 6.0 7.5 12.09 12.09 10.61 12.09 9.6 6.36 12.09 12.73 9.0 10.92 7.5 6.0 6.71 10.61 0.0 12.09 7.5 6.0 6.36 13.42 13.42 6.0 7.65 4.74 7.5 6.18 4.5 7.65 7.5 12.09 13.42 4.5 10.92 10.61 6.36 12.09 7.5 4.5 10.61 6.71 4.74 6.36 13.42 7.5 4.74 10.61 6.71 10.61 6.0 7.5 12.09 6.36 7.5 12.73 10.92 4.74 4.74 12.09 12.09 10.61 12.73 10.92 0.0
