0.0 12.09 13.42 15.66 2.12 9.0 20.12 12.09 9.0 13.42 0.0 4.5 14.85 14.23 15.66 3.35 3.0 20.12 12.09 14.77 8.08 15.66 14.77 3.35 8.08 3.35 3.35 12.09 14.23 3.35 12.09 3.35 12.09 12.09 14.23 8.08 14.23 14.85 20.12 6.71 12.09 6.71 4.5 2.12 10.92 3.0 14.85 0.0 3.0 5.41 5.41 3.0 3.35 3.35 3.0 5.41 6.71 5.41 4.5 10.92 20.12
12.09 0.0 1.5 11.42 10.06 6.18 16.77 0.0 6.18 1.5 12.09 8.49 4.5 10.92 11.42 12.37 9.6 16.77 0.0 3.0 7.65 11.42 3.0 14.23 7.65 15.44 14.23 6.36 10.92 15.44 6.36 12.37 6.36 6.36 10.92 7.65 10.92 4.5 16.77 13.5 0.0 13.5 8.49 10.06 8.75 9.6 4.5 12.09 9.6 7.65 7.65 9.6 12.37 15.44 9.6 7.65 13.5 7.65 8.49 8.75 16.77
13.42 1.5 0.0 10.92 11.42 6.71 16.16 1.5 6.71 0.0 13.42 9.6 4.74 10.61 10.92 13.83 10.82 16.16 1.5 1.5 9.12 10.92 1.5 15.66 9.12 16.77 15.66 7.5 10.61 16.77 7.5 13.83 7.5 7.5 10.61 9.12 10.61 4.74 16.16 15.0 1.5 15.0 9.6 11.42 10.06 10.82 4.74 13.42 10.82 9.12 9.12 10.82 13.83 16.77 10.82 9.12 15.0 9.12 9.6 10.06 16.16
15.66 11.42 10.92 0.0 14.77 7.5 5.41 11.42 7.5 10.92 15.66 11.42 15.66 1.5 0.0 18.12 12.82 5.41 11.42 10.61 16.97 0.0 10.61 18.97 16.97 18.25 18.97 17.49 1.5 18.25 17.49 18.12 17.49 17.49 1.5 16.97 1.5 15.66 5.41 20.84 11.42 20.84 11.42 14.77 19.21 12.82 15.66 15.66 12.82 15.0 15.0 12.82 18.12 18.25 12.82 15.0 20.84 15.0 11.42 19.21 5.41
2.12 10.06 11.42 14.77 0.0 7.65 19.56 10.06 7.65 11.42 2.12 3.35 12.73 13.42 14.77 3.35 2.12 19.56 10.06 12.82 6.18 14.77 12.82 4.5 6.18 5.41 4.5 10.06 13.42 5.41 10.06 3.35 10.06 10.06 13.42 6.18 13.42 12.73 19.56 6.36 10.06 6.36 3.35 0.0 9.12 2.12 12.73 2.12 2.12 3.35 3.35 2.12 3.35 5.41 2.12 3.35 6.36 3.35 3.35 9.12 19.56
9.0 6.18 6.71 7.5 7.65 0.0 12.73 6.18 0.0 6.71 9.0 4.5 10.61 6.36 7.5 10.92 6.0 12.73 6.18 7.5 9.6 7.5 7.5 12.09 9.6 12.09 12.09 10.92 6.36 12.09 10.92 10.92 10.92 10.92 6.36 9.6 6.36 10.61 12.73 13.42 6.18 13.42 4.5 7.65 12.09 6.0 10.61 9.0 6.0 7.5 7.5 6.0 10.92 12.09 6.0 7.5 13.42 7.5 4.5 12.09 12.73
20.12 16.77 16.16 5.41 19.56 12.73 0.0 16.77 12.73 16.16 20.12 16.22 20.89 6.36 5.41 22.9 17.49 0.0 16.77 15.66 22.3 5.41 15.66 23.48 22.3 22.3 23.48 22.9 6.36 22.3 22.9 22.9 22.9 22.9 6.36 22.3 6.36 20.89 0.0 25.81 16.77 25.81 16.22 19.56 24.6 17.49 20.89 20.12 17.49 20.18 20.18 17.49 22.9 22.3 17.49 20.18 25.81 20.18 16.22 24.6 0.0
12.09 0.0 1.5 11.42 10.06 6.18 16.77 0.0 6.18 1.5 12.09 8.49 4.5 10.92 11.42 12.37 9.6 16.77 0.0 3.0 7.65 11.42 3.0 14.23 7.65 15.44 14.23 6.36 10.92 15.44 6.36 12.37 6.36 6.36 10.92 7.65 10.92 4.5 16.77 13.5 0.0 13.5 8.49 10.06 8.75 9.6 4.5 12.09 9.6 7.65 7.65 9.6 12.37 15.44 9.6 7.65 13.5 7.65 8.49 8.75 16.77
9.0 6.18 6.71 7.5 7.65 0.0 12.73 6.18 0.0 6.71 9.0 4.5 10.61 6.36 7.5 10.92 6.0 12.73 6.18 7.5 9.6 7.5 7.5 12.09 9.6 12.09 12.09 10.92 6.36 12.09 10.92 10.92 10.92 10.92 6.36 9.6 6.36 10.61 12.73 13.42 6.18 13.42 4.5 7.65 12.09 6.0 10.61 9.0 6.0 7.5 7.5 6.0 10.92 12.09 6.0 7.5 13.42 7.5 4.5 12.09 12.73
13.42 1.5 0.0 10.92 11.42 6.71 16.16 1.5 6.71 0.0 13.42 9.6 4.74 10.61 10.92 13.83 10.82 16.16 1.5 1.5 9.12 10.92 1.5 15.66 9.12 16.77 15.66 7.5 10.61 16.77 7.5 13.83 7.5 7.5 10.61 9.12 10.61 4.74 16.16 15.0 1.5 15.0 9.6 11.42 10.06 10.82 4.74 13.42 10.82 9.12 9.12 10.82 13.83 16.77 10.82 9.12 15.0 9.12 9.6 10.06 16.16
0.0 12.09 13.42 15.66 2.12 9.0 20.12 12.09 9.0 13.42 0.0 4.5 14.85 14.23 15.66 3.35 3.0 20.12 12.09 14.77 8.08 15.66 14.77 3.35 8.08 3.35 3.35 12.09 14.23 3.35 12.09 3.35 12.09 12.09 14.23 8.08 14.23 14.85 20.12 6.71 12.09 6.71 4.5 2.12 10.92 3.0 14.85 0.0 3.0 5.41 5.41 3.0 3.35 3.35 3.0 5.41 6.71 5.41 4.5 10.92 20.12
4.5 8.49 9.6 11.42 3.35 4.5 16.22 8.49 4.5 9.6 4.5 0.0 12.09 10.06 11.42 6.71 1.5 16.22 8.49 10.82 7.65 11.42 10.82 7.65 7.65 7.65 7.65 10.61 10.06 7.65 10.61 6.71 10.61 10.61 10.06 7.65 10.06 12.09 16.22 9.6 8.49 9.6 0.0 3.35 10.61 1.5 12.09 4.5 1.5 4.74 4.74 1.5 6.71 7.65 1.5 4.74 9.6 4.74 0.0 10.61 16.22
14.85 4.5 4.74 15.66 12.73 10.61 20.89 4.5 10.61 4.74 14.85 12.09 0.0 15.3 15.66 14.15 12.9 20.89 4.5 5.41 8.08 15.66 5.41 16.22 8.08 18.06 16.22 4.5 15.3 18.06 4.5 14.15 4.5 4.5 15.3 8.08 15.3 0.0 20.89 14.23 4.5 14.23 12.09 12.73 7.5 12.9 0.0 14.85 12.9 9.6 9.6 12.9 14.15 18.06 12.9 9.6 14.23 9.6 12.09 7.5 20.89
14.23 10.92 10.61 1.5 13.42 6.36 6.36 10.92 6.36 10.61 14.23 10.06 15.3 0.0 1.5 16.77 11.42 6.36 10.92 10.5 15.95 1.5 10.5 17.56 15.95 16.77 17.56 16.77 0.0 16.77 16.77 16.77 16.77 16.77 0.0 15.95 0.0 15.3 6.36 19.56 10.92 19.56 10.06 13.42 18.31 11.42 15.3 14.23 11.42 13.83 13.83 11.42 16.77 16.77 11.42 13.83 19.56 13.83 10.06 18.31 6.36
15.66 11.42 10.92 0.0 14.77 7.5 5.41 11.42 7.5 10.92 15.66 11.42 15.66 1.5 0.0 18.12 12.82 5.41 11.42 10.61 16.97 0.0 10.61 18.97 16.97 18.25 18.97 17.49 1.5 18.25 17.49 18.12 17.49 17.49 1.5 16.97 1.5 15.66 5.41 20.84 11.42 20.84 11.42 14.77 19.21 12.82 15.66 15.66 12.82 15.0 15.0 12.82 18.12 18.25 12.82 15.0 20.84 15.0 11.42 19.21 5.41
3.35 12.37 13.83 18.12 3.35 10.92 22.9 12.37 10.92 13.83 3.35 6.71 14.15 16.77 18.12 0.0 5.41 22.9 12.37 15.3 6.36 18.12 15.3 2.12 6.36 4.74 2.12 10.61 16.77 4.74 10.61 0.0 10.61 10.61 16.77 6.36 16.77 14.15 22.9 3.35 12.37 3.35 6.71 3.35 8.75 5.41 14.15 3.35 5.41 4.74 4.74 5.41 0.0 4.74 5.41 4.74 3.35 4.74 6.71 8.75 22.9
3.0 9.6 10.82 12.82 2.12 6.0 17.49 9.6 6.0 10.82 3.0 1.5 12.9 11.42 12.82 5.41 0.0 17.49 9.6 12.09 7.5 12.82 12.09 6.18 7.5 6.18 6.18 10.92 11.42 6.18 10.92 5.41 10.92 10.92 11.42 7.5 11.42 12.9 17.49 8.49 9.6 8.49 1.5 2.12 10.5 0.0 12.9 3.0 0.0 4.5 4.5 0.0 5.41 6.18 0.0 4.5 8.49 4.5 1.5 10.5 17.49
20.12 16.77 16.16 5.41 19.56 12.73 0.0 16.77 12.73 16.16 20.12 16.22 20.89 6.36 5.41 22.9 17.49 0.0 16.77 15.66 22.3 5.41 15.66 23.48 22.3 22.3 23.48 22.9 6.36 22.3 22.9 22.9 22.9 22.9 6.36 22.3 6.36 20.89 0.0 25.81 16.77 25.81 16.22 19.56 24.6 17.49 20.89 20.12 17.49 20.18 20.18 17.49 22.9 22.3 17.49 20.18 25.81 20.18 16.22 24.6 0.0
12.09 0.0 1.5 11.42 10.06 6.18 16.77 0.0 6.18 1.5 12.09 8.49 4.5 10.92 11.42 12.37 9.6 16.77 0.0 3.0 7.65 11.42 3.0 14.23 7.65 15.44 14.23 6.36 10.92 15.44 6.36 12.37 6.36 6.36 10.92 7.65 10.92 4.5 16.77 13.5 0.0 13.5 8.49 10.06 8.75 9.6 4.5 12.09 9.6 7.65 7.65 9.6 12.37 15.44 9.6 7.65 13.5 7.65 8.49 8.75 16.77
14.77 3.0 1.5 10.61 12.82 7.5 15.66 3.0 7.5 1.5 14.77 10.82 5.41 10.5 10.61 15.3 12.09 15.66 3.0 0.0 10.61 10.61 0.0 17.1 10.61 18.12 17.1 8.75 10.5 18.12 8.75 15.3 8.75 8.75 10.5 10.61 10.5 5.41 15.66 16.5 3.0 16.5 10.82 12.82 11.42 12.09 5.41 14.77 12.09 10.61 10.61 12.09 15.3 18.12 12.09 10.61 16.5 10.61 10.82 11.42 15.66
8.08 7.65 9.12 16.97 6.18 9.6 22.3 7.65 9.6 9.12 8.08 7.65 8.08 15.95 16.97 6.36 7.5 22.3 7.65 10.61 0.0 16.97 10.61 8.49 0.0 10.82 8.49 4.24 15.95 10.82 4.24 6.36 4.24 4.24 15.95 0.0 15.95 8.08 22.3 6.18 7.65 6.18 7.65 6.18 3.0 7.5 8.08 8.08 7.5 3.0 3.0 7.5 6.36 10.82 7.5 3.0 6.18 3.0 7.65 3.0 22.3
15.66 11.42 10.92 0.0 14.77 7.5 5.41 11.42 7.5 10.92 15.66 11.42 15.66 1.5 0.0 18.12 12.82 5.41 11.42 10.61 16.97 0.0 10.61 18.97 16.97 18.25 18.97 17.49 1.5 18.25 17.49 18.12 17.49 17.49 1.5 16.97 1.5 15.66 5.41 20.84 11.42 20.84 11.42 14.77 19.21 12.82 15.66 15.66 12.82 15.0 15.0 12.82 18.12 18.25 12.82 15.0 20.84 15.0 11.42 19.21 5.41
14.77 3.0 1.5 10.61 12.82 7.5 15.66 3.0 7.5 1.5 14.77 10.82 5.41 10.5 10.61 15.3 12.09 15.66 3.0 0.0 10.61 10.61 0.0 17.1 10.61 18.12 17.1 8.75 10.5 18.12 8.75 15.3 8.75 8.75 10.5 10.61 10.5 5.41 15.66 16.5 3.0 16.5 10.82 12.82 11.42 12.09 5.41 14.77 12.09 10.61 10.61 12.09 15.3 18.12 12.09 10.61 16.5 10.61 10.82 11.42 15.66
3.35 14.23 15.66 18.97 4.5 12.09 23.48 14.23 12.09 15.66 3.35 7.65 16.22 17.56 18.97 2.12 6.18 23.48 14.23 17.1 8.49 18.97 17.1 0.0 8.49 3.0 0.0 12.73 17.56 3.0 12.73 2.12 12.73 12.73 17.56 8.49 17.56 16.22 23.48 4.5 14.23 4.5 7.65 4.5 10.82 6.18 16.22 3.35 6.18 6.71 6.71 6.18 2.12 3.0 6.18 6.71 4.5 6.71 7.65 10.82 23.48
8.08 7.65 9.12 16.97 6.18 9.6 22.3 7.65 9.6 9.12 8.08 7.65 8.08 15.95 16.97 6.36 7.5 22.3 7.65 10.61 0.0 16.97 10.61 8.49 0.0 10.82 8.49 4.24 15.95 10.82 4.24 6.36 4.24 4.24 15.95 0.0 15.95 8.08 22.3 6.18 7.65 6.18 7.65 6.18 3.0 7.5 8.08 8.08 7.5 3.0 3.0 7.5 6.36 10.82 7.5 3.0 6.18 3.0 7.65 3.0 22.3
3.35 15.44 16.77 18.25 5.41 12.09 22.3 15.44 12.09 16.77 3.35 7.65 18.06 16.77 18.25 4.74 6.18 22.3 15.44 18.12 10.82 18.25 18.12 3.0 10.82 0.0 3.0 15.0 16.77 0.0 15.0 4.74 15.0 15.0 16.77 10.82 16.77 18.06 22.3 7.5 15.44 7.5 7.65 5.41 13.42 6.18 18.06 3.35 6.18 8.49 8.49 6.18 4.74 0.0 6.18 8.49 7.5 8.49 7.65 13.42 22.3
3.35 14.23 15.66 18.97 4.5 12.09 23.48 14.23 12.09 15.66 3.35 7.65 16.22 17.56 18.97 2.12 6.18 23.48 14.23 17.1 8.49 18.97 17.1 0.0 8.49 3.0 0.0 12.73 17.56 3.0 12.73 2.12 12.73 12.73 17.56 8.49 17.56 16.22 23.48 4.5 14.23 4.5 7.65 4.5 10.82 6.18 16.22 3.35 6.18 6.71 6.71 6.18 2.12 3.0 6.18 6.71 4.5 6.71 7.65 10.82 23.48
12.09 6.36 7.5 17.49 10.06 10.92 22.9 6.36 10.92 7.5 12.09 10.61 4.5 16.77 17.49 10.61 10.92 22.9 6.36 8.75 4.24 17.49 8.75 12.73 4.24 15.0 12.73 0.0 16.77 15.0 0.0 10.61 0.0 0.0 16.77 4.24 16.77 4.5 22.9 10.06 6.36 10.06 10.61 10.06 3.0 10.92 4.5 12.09 10.92 6.71 6.71 10.92 10.61 15.0 10.92 6.71 10.06 6.71 10.61 3.0 22.9
14.23 10.92 10.61 1.5 13.42 6.36 6.36 10.92 6.36 10.61 14.23 10.06 15.3 0.0 1.5 16.77 11.42 6.36 10.92 10.5 15.95 1.5 10.5 17.56 15.95 16.77 17.56 16.77 0.0 16.77 16.77 16.77 16.77 16.77 0.0 15.95 0.0 15.3 6.36 19.56 10.92 19.56 10.06 13.42 18.31 11.42 15.3 14.23 11.42 13.83 13.83 11.42 16.77 16.77 11.42 13.83 19.56 13.83 10.06 18.31 6.36
3.35 15.44 16.77 18.25 5.41 12.09 22.3 15.44 12.09 16.77 3.35 7.65 18.06 16.77 18.25 4.74 6.18 22.3 15.44 18.12 10.82 18.25 18.12 3.0 10.82 0.0 3.0 15.0 16.77 0.0 15.0 4.74 15.0 15.0 16.77 10.82 16.77 18.06 22.3 7.5 15.44 7.5 7.65 5.41 13.42 6.18 18.06 3.35 6.18 8.49 8.49 6.18 4.74 0.0 6.18 8.49 7.5 8.49 7.65 13.42 22.3
12.09 6.36 7.5 17.49 10.06 10.92 22.9 6.36 10.92 7.5 12.09 10.61 4.5 16.77 17.49 10.61 10.92 22.9 6.36 8.75 4.24 17.49 8.75 12.73 4.24 15.0 12.73 0.0 16.77 15.0 0.0 10.61 0.0 0.0 16.77 4.24 16.77 4.5 22.9 10.06 6.36 10.06 10.61 10.06 3.0 10.92 4.5 12.09 10.92 6.71 6.71 10.92 10.61 15.0 10.92 6.71 10.06 6.71 10.61 3.0 22.9
3.35 12.37 13.83 18.12 3.35 10.92 22.9 12.37 10.92 13.83 3.35 6.71 14.15 16.77 18.12 0.0 5.41 22.9 12.37 15.3 6.36 18.12 15.3 2.12 6.36 4.74 2.12 10.61 16.77 4.74 10.61 0.0 10.61 10.61 16.77 6.36 16.77 14.15 22.9 3.35 12.37 3.35 6.71 3.35 8.75 5.41 14.15 3.35 5.41 4.74 4.74 5.41 0.0 4.74 5.41 4.74 3.35 4.74 6.71 8.75 22.9
12.09 6.36 7.5 17.49 10.06 10.92 22.9 6.36 10.92 7.5 12.09 10.61 4.5 16.77 17.49 10.61 10.92 22.9 6.36 8.75 4.24 17.49 8.75 12.73 4.24 15.0 12.73 0.0 16.77 15.0 0.0 10.61 0.0 0.0 16.77 4.24 16.77 4.5 22.9 10.06 6.36 10.06 10.61 10.06 3.0 10.92 4.5 12.09 10.92 6.71 6.71 10.92 10.61 15.0 10.92 6.71 10.06 6.71 10.61 3.0 22.9
12.09 6.36 7.5 17.49 10.06 10.92 22.9 6.36 10.92 7.5 12.09 10.61 4.5 16.77 17.49 10.61 10.92 22.9 6.36 8.75 4.24 17.49 8.75 12.73 4.24 15.0 12.73 0.0 16.77 15.0 0.0 10.61 0.0 0.0 16.77 4.24 16.77 4.5 22.9 10.06 6.36 10.06 10.61 10.06 3.0 10.92 4.5 12.09 10.92 6.71 6.71 10.92 10.61 15.0 10.92 6.71 10.06 6.71 10.61 3.0 22.9
14.23 10.92 10.61 1.5 13.42 6.36 6.36 10.92 6.36 10.61 14.23 10.06 15.3 0.0 1.5 16.77 11.42 6.36 10.92 10.5 15.95 1.5 10.5 17.56 15.95 16.77 17.56 16.77 0.0 16.77 16.77 16.77 16.77 16.77 0.0 15.95 0.0 15.3 6.36 19.56 10.92 19.56 10.06 13.42 18.31 11.42 15.3 14.23 11.42 13.83 13.83 11.42 16.77 16.77 11.42 13.83 19.56 13.83 10.06 18.31 6.36
8.08 7.65 9.12 16.97 6.18 9.6 22.3 7.65 9.6 9.12 8.08 7.65 8.08 15.95 16.97 6.36 7.5 22.3 7.65 10.61 0.0 16.97 10.61 8.49 0.0 10.82 8.49 4.24 15.95 10.82 4.24 6.36 4.24 4.24 15.95 0.0 15.95 8.08 22.3 6.18 7.65 6.18 7.65 6.18 3.0 7.5 8.08 8.08 7.5 3.0 3.0 7.5 6.36 10.82 7.5 3.0 6.18 3.0 7.65 3.0 22.3
14.23 10.92 10.61 1.5 13.42 6.36 6.36 10.92 6.36 10.61 14.23 10.06 15.3 0.0 1.5 16.77 11.42 6.36 10.92 10.5 15.95 1.5 10.5 17.56 15.95 16.77 17.56 16.77 0.0 16.77 16.77 16.77 16.77 16.77 0.0 15.95 0.0 15.3 6.36 19.56 10.92 19.56 10.06 13.42 18.31 11.42 15.3 14.23 11.42 13.83 13.83 11.42 16.77 16.77 11.42 13.83 19.56 13.83 10.06 18.31 6.36
14.85 4.5 4.74 15.66 12.73 10.61 20.89 4.5 10.61 4.74 14.85 12.09 0.0 15.3 15.66 14.15 12.9 20.89 4.5 5.41 8.08 15.66 5.41 16.22 8.08 18.06 16.22 4.5 15.3 18.06 4.5 14.15 4.5 4.5 15.3 8.08 15.3 0.0 20.89 14.23 4.5 14.23 12.09 12.73 7.5 12.9 0.0 14.85 12.9 9.6 9.6 12.9 14.15 18.06 12.9 9.6 14.23 9.6 12.09 7.5 20.89
20.12 16.77 16.16 5.41 19.56 12.73 0.0 16.77 12.73 16.16 20.12 16.22 20.89 6.36 5.41 22.9 17.49 0.0 16.77 15.66 22.3 5.41 15.66 23.48 22.3 22.3 23.48 22.9 6.36 22.3 22.9 22.9 22.9 22.9 6.36 22.3 6.36 20.89 0.0 25.81 16.77 25.81 16.22 19.56 24.6 17.49 20.89 20.12 17.49 20.18 20.18 17.49 22.9 22.3 17.49 20.18 25.81 20.18 16.22 24.6 0.0
6.71 13.5 15.0 20.84 6.36 13.42 25.81 13.5 13.42 15.0 6.71 9.6 14.23 19.56 20.84 3.35 8.49 25.81 13.5 16.5 6.18 20.84 16.5 4.5 6.18 7.5 4.5 10.06 19.56 7.5 10.06 3.35 10.06 10.06 19.56 6.18 19.56 14.23 25.81 0.0 13.5 0.0 9.6 6.36 7.5 8.49 14.23 6.71 8.49 6.18 6.18 8.49 3.35 7.5 8.49 6.18 0.0 6.18 9.6 7.5 25.81
12.09 0.0 1.5 11.42 10.06 6.18 16.77 0.0 6.18 1.5 12.09 8.49 4.5 10.92 11.42 12.37 9.6 16.77 0.0 3.0 7.65 11.42 3.0 14.23 7.65 15.44 14.23 6.36 10.92 15.44 6.36 12.37 6.36 6.36 10.92 7.65 10.92 4.5 16.77 13.5 0.0 13.5 8.49 10.06 8.75 9.6 4.5 12.09 9.6 7.65 7.65 9.6 12.37 15.44 9.6 7.65 13.5 7.65 8.49 8.75 16.77
6.71 13.5 15.0 20.84 6.36 13.42 25.81 13.5 13.42 15.0 6.71 9.6 14.23 19.56 20.84 3.35 8.49 25.81 13.5 16.5 6.18 20.84 16.5 4.5 6.18 7.5 4.5 10.06 19.56 7.5 10.06 3.35 10.06 10.06 19.56 6.18 19.56 14.23 25.81 0.0 13.5 0.0 9.6 6.36 7.5 8.49 14.23 6.71 8.49 6.18 6.18 8.49 3.35 7.5 8.49 6.18 0.0 6.18 9.6 7.5 25.81
4.5 8.49 9.6 11.42 3.35 4.5 16.22 8.49 4.5 9.6 4.5 0.0 12.09 10.06 11.42 6.71 1.5 16.22 8.49 10.82 7.65 11.42 10.82 7.65 7.65 7.65 7.65 10.61 10.06 7.65 10.61 6.71 10.61 10.61 10.06 7.65 10.06 12.09 16.22 9.6 8.49 9.6 0.0 3.35 10.61 1.5 12.09 4.5 1.5 4.74 4.74 1.5 6.71 7.65 1.5 4.74 9.6 4.74 0.0 10.61 16.22
2.12 10.06 11.42 14.77 0.0 7.65 19.56 10.06 7.65 11.42 2.12 3.35 12.73 13.42 14.77 3.35 2.12 19.56 10.06 12.82 6.18 14.77 12.82 4.5 6.18 5.41 4.5 10.06 13.42 5.41 10.06 3.35 10.06 10.06 13.42 6.18 13.42 12.73 19.56 6.36 10.06 6.36 3.35 0.0 9.12 2.12 12.73 2.12 2.12 3.35 3.35 2.12 3.35 5.41 2.12 3.35 6.36 3.35 3.35 9.12 19.56
10.92 8.75 10.06 19.21 9.12 12.09 24.6 8.75 12.09 10.06 10.92 10.61 7.5 18.31 19.21 8.75 10.5 24.6 8.75 11.42 3.0 19.21 11.42 10.82 3.0 13.42 10.82 3.0 18.31 13.42 3.0 8.75 3.0 3.0 18.31 3.0 18.31 7.5 24.6 7.5 8.75 7.5 10.61 9.12 0.0 10.5 7.5 10.92 10.5 6.0 6.0 10.5 8.75 13.42 10.5 6.0 7.5 6.0 10.61 0.0 24.6
3.0 9.6 10.82 12.82 2.12 6.0 17.49 9.6 6.0 10.82 3.0 1.5 12.9 11.42 12.82 5.41 0.0 17.49 9.6 12.09 7.5 12.82 12.09 6.18 7.5 6.18 6.18 10.92 11.42 6.18 10.92 5.41 10.92 10.92 11.42 7.5 11.42 12.9 17.49 8.49 9.6 8.49 1.5 2.12 10.5 0.0 12.9 3.0 0.0 4.5 4.5 0.0 5.41 6.18 0.0 4.5 8.49 4.5 1.5 10.5 17.49
14.85 4.5 4.74 15.66 12.73 10.61 20.89 4.5 10.61 4.74 14.85 12.09 0.0 15.3 15.66 14.15 12.9 20.89 4.5 5.41 8.08 15.66 5.41 16.22 8.08 18.06 16.22 4.5 15.3 18.06 4.5 14.15 4.5 4.5 15.3 8.08 15.3 0.0 20.89 14.23 4.5 14.23 12.09 12.73 7.5 12.9 0.0 14.85 12.9 9.6 9.6 12.9 14.15 18.06 12.9 9.6 14.23 9.6 12.09 7.5 20.89
0.0 12.09 13.42 15.66 2.12 9.0 20.12 12.09 9.0 13.42 0.0 4.5 14.85 14.23 15.66 3.35 3.0 20.12 12.09 14.77 8.08 15.66 14.77 3.35 8.08 3.35 3.35 12.09 14.23 3.35 12.09 3.35 12.09 12.09 14.23 8.08 14.23 14.85 20.12 6.71 12.09 6.71 4.5 2.12 10.92 3.0 14.85 0.0 3.0 5.41 5.41 3.0 3.35 3.35 3.0 5.41 6.71 5.41 4.5 10.92 20.12
3.0 9.6 10.82 12.82 2.12 6.0 17.49 9.6 6.0 10.82 3.0 1.5 12.9 11.42 12.82 5.41 0.0 17.49 9.6 12.09 7.5 12.82 12.09 6.18 7.5 6.18 6.18 10.92 11.42 6.18 10.92 5.41 10.92 10.92 11.42 7.5 11.42 12.9 17.49 8.49 9.6 8.49 1.5 2.12 10.5 0.0 12.9 3.0 0.0 4.5 4.5 0.0 5.41 6.18 0.0 4.5 8.49 4.5 1.5 10.5 17.49
5.41 7.65 9.12 15.0 3.35 7.5 20.18 7.65 7.5 9.12 5.41 4.74 9.6 13.83 15.0 4.74 4.5 20.18 7.65 10.61 3.0 15.0 10.61 6.71 3.0 8.49 6.71 6.71 13.83 8.49 6.71 4.74 6.71 6.71 13.83 3.0 13.83 9.6 20.18 6.18 7.65 6.18 4.74 3.35 6.0 4.5 9.6 5.41 4.5 0.0 0.0 4.5 4.74 8.49 4.5 0.0 6.18 0.0 4.74 6.0 20.18
5.41 7.65 9.12 15.0 3.35 7.5 20.18 7.65 7.5 9.12 5.41 4.74 9.6 13.83 15.0 4.74 4.5 20.18 7.65 10.61 3.0 15.0 10.61 6.71 3.0 8.49 6.71 6.71 13.83 8.49 6.71 4.74 6.71 6.71 13.83 3.0 13.83 9.6 20.18 6.18 7.65 6.18 4.74 3.35 6.0 4.5 9.6 5.41 4.5 0.0 0.0 4.5 4.74 8.49 4.5 0.0 6.18 0.0 4.74 6.0 20.18
3.0 9.6 10.82 12.82 2.12 6.0 17.49 9.6 6.0 10.82 3.0 1.5 12.9 11.42 12.82 5.41 0.0 17.49 9.6 12.09 7.5 12.82 12.09 6.18 7.5 6.18 6.18 10.92 11.42 6.18 10.92 5.41 10.92 10.92 11.42 7.5 11.42 12.9 17.49 8.49 9.6 8.49 1.5 2.12 10.5 0.0 12.9 3.0 0.0 4.5 4.5 0.0 5.41 6.18 0.0 4.5 8.49 4.5 1.5 10.5 17.49
3.35 12.37 13.83 18.12 3.35 10.92 22.9 12.37 10.92 13.83 3.35 6.71 14.15 16.77 18.12 0.0 5.41 22.9 12.37 15.3 6.36 18.12 15.3 2.12 6.36 4.74 2.12 10.61 16.77 4.74 10.61 0.0 10.61 10.61 16.77 6.36 16.77 14.15 22.9 3.35 12.37 3.35 6.71 3.35 8.75 5.41 14.15 3.35 5.41 4.74 4.74 5.41 0.0 4.74 5.41 4.74 3.35 4.74 6.71 8.75 22.9
3.35 15.44 16.77 18.25 5.41 12.09 22.3 15.44 12.09 16.77 3.35 7.65 18.06 16.77 18.25 4.74 6.18 22.3 15.44 18.12 10.82 18.25 18.12 3.0 10.82 0.0 3.0 15.0 16.77 0.0 15.0 4.74 15.0 15.0 16.77 10.82 16.77 18.06 22.3 7.5 15.44 7.5 7.65 5.41 13.42 6.18 18.06 3.35 6.18 8.49 8.49 6.18 4.74 0.0 6.18 8.49 7.5 8.49 7.65 13.42 22.3
3.0 9.6 10.82 12.82 2.12 6.0 17.49 9.6 6.0 10.82 3.0 1.5 12.9 11.42 12.82 5.41 0.0 17.49 9.6 12.09 7.5 12.82 12.09 6.18 7.5 6.18 6.18 10.92 11.42 6.18 10.92 5.41 10.92 10.92 11.42 7.5 11.42 12.9 17.49 8.49 9.6 8.49 1.5 2.12 10.5 0.0 12.9 3.0 0.0 4.5 4.5 0.0 5.41 6.18 0.0 4.5 8.49 4.5 1.5 10.5 17.49
5.41 7.65 9.12 15.0 3.35 7.5 20.18 7.65 7.5 9.12 5.41 4.74 9.6 13.83 15.0 4.74 4.5 20.18 7.65 10.61 3.0 15.0 10.61 6.71 3.0 8.49 6.71 6.71 13.83 8.49 6.71 4.74 6.71 6.71 13.83 3.0 13.83 9.6 20.18 6.18 7.65 6.18 4.74 3.35 6.0 4.5 9.6 5.41 4.5 0.0 0.0 4.5 4.74 8.49 4.5 0.0 6.18 0.0 4.74 6.0 20.18
6.71 13.5 15.0 20.84 6.36 13.42 25.81 13.5 13.42 15.0 6.71 9.6 14.23 19.56 20.84 3.35 8.49 25.81 13.5 16.5 6.18 20.84 16.5 4.5 6.18 7.5 4.5 10.06 19.56 7.5 10.06 3.35 10.06 10.06 19.56 6.18 19.56 14.23 25.81 0.0 13.5 0.0 9.6 6.36 7.5 8.49 14.23 6.71 8.49 6.18 6.18 8.49 3.35 7.5 8.49 6.18 0.0 6.18 9.6 7.5 25.81
5.41 7.65 9.12 15.0 3.35 7.5 20.18 7.65 7.5 9.12 5.41 4.74 9.6 13.83 15.0 4.74 4.5 20.18 7.65 10.61 3.0 15.0 10.61 6.71 3.0 8.49 6.71 6.71 13.83 8.49 6.71 4.74 6.71 6.71 13.83 3.0 13.83 9.6 20.18 6.18 7.65 6.18 4.74 3.35 6.0 4.5 9.6 5.41 4.5 0.0 0.0 4.5 4.74 8.49 4.5 0.0 6.18 0.0 4.74 6.0 20.18
4.5 8.49 9.6 11.42 3.35 4.5 16.22 8.49 4.5 9.6 4.5 0.0 12.09 10.06 11.42 6.71 1.5 16.22 8.49 10.82 7.65 11.42 10.82 7.65 7.65 7.65 7.65 10.61 10.06 7.65 10.61 6.71 10.61 10.61 10.06 7.65 10.06 12.09 16.22 9.6 8.49 9.6 0.0 3.35 10.61 1.5 12.09 4.5 1.5 4.74 4.74 1.5 6.71 7.65 1.5 4.74 9.6 4.74 0.0 10.61 16.22
10.92 8.75 10.06 19.21 9.12 12.09 24.6 8.75 12.09 10.06 10.92 10.61 7.5 18.31 19.21 8.75 10.5 24.6 8.75 11.42 3.0 19.21 11.42 10.82 3.0 13.42 10.82 3.0 18.31 13.42 3.0 8.75 3.0 3.0 18.31 3.0 18.31 7.5 24.6 7.5 8.75 7.5 10.61 9.12 0.0 10.5 7.5 10.92 10.5 6.0 6.0 10.5 8.75 13.42 10.5 6.0 7.5 6.0 10.61 0.0 24.6
20.12 16.77 16.16 5.41 19.56 12.73 0.0 16.77 12.73 16.16 20.12 16.22 20.89 6.36 5.41 22.9 17.49 0.0 16.77 15.66 22.3 5.41 15.66 23.48 22.3 22.3 23.48 22.9 6.36 22.3 22.9 22.9 22.9 22.9 6.36 22.3 6.36 20.89 0.0 25.81 16.77 25.81 16.22 19.56 24.6 17.49 20.89 20.12 17.49 20.18 20.18 17.49 22.9 22.3 17.49 20.18 25.81 20.18 16.22 24.6 0.0
