0.0 3.35 5.41 4.5 12.09 5.41 12.09 3.35 14.23 10.92 14.23 2.12 12.09 2.12 5.41 10.92 10.92 15.66 8.08 14.85 6.71
3.35 0.0 6.71 7.65 14.23 6.71 12.73 0.0 17.56 10.82 17.56 4.5 14.23 4.5 6.71 10.82 10.82 18.97 8.49 16.22 4.5
5.41 6.71 0.0 4.74 7.65 0.0 6.71 6.71 13.83 6.0 13.83 3.35 7.65 3.35 0.0 6.0 6.0 15.0 3.0 9.6 6.18
4.5 7.65 4.74 0.0 8.49 4.74 10.61 7.65 10.06 10.61 10.06 3.35 8.49 3.35 4.74 10.61 10.61 11.42 7.65 12.09 9.6
12.09 14.23 7.65 8.49 0.0 7.65 6.36 14.23 10.92 8.75 10.92 10.06 0.0 10.06 7.65 8.75 8.75 11.42 7.65 4.5 13.5
5.41 6.71 0.0 4.74 7.65 0.0 6.71 6.71 13.83 6.0 13.83 3.35 7.65 3.35 0.0 6.0 6.0 15.0 3.0 9.6 6.18
12.09 12.73 6.71 10.61 6.36 6.71 0.0 12.73 16.77 3.0 16.77 10.06 6.36 10.06 6.71 3.0 3.0 17.49 4.24 4.5 10.06
3.35 0.0 6.71 7.65 14.23 6.71 12.73 0.0 17.56 10.82 17.56 4.5 14.23 4.5 6.71 10.82 10.82 18.97 8.49 16.22 4.5
14.23 17.56 13.83 10.06 10.92 13.83 16.77 17.56 0.0 18.31 0.0 13.42 10.92 13.42 13.83 18.31 18.31 1.5 15.95 15.3 19.56
10.92 10.82 6.0 10.61 8.75 6.0 3.0 10.82 18.31 0.0 18.31 9.12 8.75 9.12 6.0 0.0 0.0 19.21 3.0 7.5 7.5
14.23 17.56 13.83 10.06 10.92 13.83 16.77 17.56 0.0 18.31 0.0 13.42 10.92 13.42 13.83 18.31 18.31 1.5 15.95 15.3 19.56
2.12 4.5 3.35 3.35 10.06 3.35 10.06 4.5 13.42 9.12 13.42 0.0 10.06 0.0 3.35 9.12 9.12 14.77 6.18 12.73 6.36
12.09 14.23 7.65 8.49 0.0 7.65 6.36 14.23 10.92 8.75 10.92 10.06 0.0 10.06 7.65 8.75 8.75 11.42 7.65 4.5 13.5
2.12 4.5 3.35 3.35 10.06 3.35 10.06 4.5 13.42 9.12 13.42 0.0 10.06 0.0 3.35 9.12 9.12 14.77 6.18 12.73 6.36
5.41 6.71 0.0 4.74 7.65 0.0 6.71 6.71 13.83 6.0 13.83 3.35 7.65 3.35 0.0 6.0 6.0 15.0 3.0 9.6 6.18
10.92 10.82 6.0 10.61 8.75 6.0 3.0 10.82 18.31 0.0 18.31 9.12 8.75 9.12 6.0 0.0 0.0 19.21 3.0 7.5 7.5
10.92 10.82 6.0 10.61 8.75 6.0 3.0 10.82 18.31 0.0 18.31 9.12 8.75 9.12 6.0 0.0 0.0 19.21 3.0 7.5 7.5
15.66 18.97 15.0 11.42 11.42 15.0 17.49 18.97 1.5 19.21 1.5 14.77 11.42 14.77 15.0 19.21 19.21 0.0 16.97 15.66 20.84
8.08 8.49 3.0 7.65 7.65 3.0 4.24 8.49 15.95 3.0 15.95 6.18 7.65 6.18 3.0 3.0 3.0 16.97 0.0 8.08 6.18
14.85 16.22 9.6 12.09 4.5 9.6 4.5 16.22 15.3 7.5 15.3 12.73 4.5 12.73 9.6 7.5 7.5 15.66 8.08 0.0 14.23
6.71 4.5 6.18 9.6 13.5 6.18 10.06 4.5 19.56 7.5 19.56 6.36 13.5 6.36 6.18 7.5 7.5 20.84 6.18 14.23 0.0
