0.0 14.23 8.08 13.58 4.5 10.92 2.12 8.08 5.41 3.35 3.35 3.35 4.5 0.0 13.58 3.35 5.41 15.66 3.35 4.5 13.42 14.23 8.08 2.12 8.08 15.66 3.0 2.12 14.85 15.66 14.85 5.41 5.41 14.77 3.35 14.85 3.0 5.41 6.71 3.35 3.35 20.12 3.35 13.42 6.71 3.0 3.35 15.66 4.5 14.85 12.09 4.5 6.71 5.41 10.92 14.85 14.85 10.92 3.0 12.09 6.71 14.77 14.23 10.92 12.09 9.0 4.5 20.12 14.77 14.23 5.41 8.08 0.0 12.09 15.66 8.08 14.85 5.41 9.0 6.71 3.35 3.35 15.66 0.0 3.35 6.71 12.09 3.35 3.0 6.71 3.35 3.35 12.09 3.35 5.41 14.85 13.42 3.35 20.12 3.35 6.71
14.23 0.0 15.95 6.0 10.06 18.31 13.42 15.95 13.83 16.77 16.77 16.77 10.06 14.23 6.0 17.56 13.83 1.5 16.77 10.06 10.61 0.0 15.95 13.42 15.95 1.5 11.42 13.42 15.3 1.5 15.3 13.83 13.83 10.5 16.77 15.3 11.42 13.83 19.56 17.56 17.56 6.36 16.77 10.61 19.56 11.42 16.77 1.5 10.06 15.3 16.77 10.06 19.56 13.83 18.31 15.3 15.3 18.31 11.42 16.77 19.56 10.5 0.0 18.31 16.77 6.36 10.06 6.36 10.5 0.0 13.83 15.95 14.23 16.77 1.5 15.95 15.3 13.83 6.36 19.56 16.77 16.77 1.5 14.23 17.56 19.56 16.77 17.56 11.42 19.56 16.77 17.56 10.92 16.77 13.83 15.3 10.61 17.56 6.36 17.56 19.56
8.08 15.95 0.0 12.09 7.65 3.0 6.18 0.0 3.0 10.82 6.36 6.36 7.65 8.08 12.09 8.49 3.0 16.97 10.82 7.65 9.12 15.95 0.0 6.18 0.0 16.97 7.5 6.18 8.08 16.97 8.08 3.0 3.0 10.61 10.82 8.08 7.5 3.0 6.18 8.49 8.49 22.3 6.36 9.12 6.18 7.5 10.82 16.97 7.65 8.08 4.24 7.65 6.18 3.0 3.0 8.08 8.08 3.0 7.5 4.24 6.18 10.61 15.95 3.0 4.24 9.6 7.65 22.3 10.61 15.95 3.0 0.0 8.08 4.24 16.97 0.0 8.08 3.0 9.6 6.18 10.82 10.82 16.97 8.08 8.49 6.18 4.24 8.49 7.5 6.18 6.36 8.49 7.65 6.36 3.0 8.08 9.12 8.49 22.3 8.49 6.18
13.58 6.0 12.09 0.0 9.12 13.83 12.0 12.09 10.92 16.77 15.07 15.07 9.12 13.58 0.0 16.5 10.92 6.18 16.77 9.12 4.74 6.0 12.09 12.0 12.09 6.18 10.61 12.0 9.49 6.18 9.49 10.92 10.92 4.5 16.77 9.49 10.61 10.92 17.1 16.5 16.5 11.42 15.07 4.74 17.1 10.61 16.77 6.18 9.12 9.49 11.72 9.12 17.1 10.92 13.83 9.49 9.49 13.83 10.61 11.72 17.1 4.5 6.0 13.83 11.72 4.74 9.12 11.42 4.5 6.0 10.92 12.09 13.58 11.72 6.18 12.09 9.49 10.92 4.74 17.1 16.77 16.77 6.18 13.58 16.5 17.1 11.72 16.5 10.61 17.1 15.07 16.5 5.41 15.07 10.92 9.49 4.74 16.5 11.42 16.5 17.1
4.5 10.06 7.65 9.12 0.0 10.61 3.35 7.65 4.74 7.65 6.71 6.71 0.0 4.5 9.12 7.65 4.74 11.42 7.65 0.0 9.6 10.06 7.65 3.35 7.65 11.42 1.5 3.35 12.09 11.42 12.09 4.74 4.74 10.82 7.65 12.09 1.5 4.74 9.6 7.65 7.65 16.22 6.71 9.6 9.6 1.5 7.65 11.42 0.0 12.09 10.61 0.0 9.6 4.74 10.61 12.09 12.09 10.61 1.5 10.61 9.6 10.82 10.06 10.61 10.61 4.5 0.0 16.22 10.82 10.06 4.74 7.65 4.5 10.61 11.42 7.65 12.09 4.74 4.5 9.6 7.65 7.65 11.42 4.5 7.65 9.6 10.61 7.65 1.5 9.6 6.71 7.65 8.49 6.71 4.74 12.09 9.6 7.65 16.22 7.65 9.6
10.92 18.31 3.0 13.83 10.61 0.0 9.12 3.0 6.0 13.42 8.75 8.75 10.61 10.92 13.83 10.82 6.0 19.21 13.42 10.61 10.06 18.31 3.0 9.12 3.0 19.21 10.5 9.12 7.5 19.21 7.5 6.0 6.0 11.42 13.42 7.5 10.5 6.0 7.5 10.82 10.82 24.6 8.75 10.06 7.5 10.5 13.42 19.21 10.61 7.5 3.0 10.61 7.5 6.0 0.0 7.5 7.5 0.0 10.5 3.0 7.5 11.42 18.31 0.0 3.0 12.09 10.61 24.6 11.42 18.31 6.0 3.0 10.92 3.0 19.21 3.0 7.5 6.0 12.09 7.5 13.42 13.42 19.21 10.92 10.82 7.5 3.0 10.82 10.5 7.5 8.75 10.82 8.75 8.75 6.0 7.5 10.06 10.82 24.6 10.82 7.5
2.12 13.42 6.18 12.0 3.35 9.12 0.0 6.18 3.35 5.41 3.35 3.35 3.35 2.12 12.0 4.5 3.35 14.77 5.41 3.35 11.42 13.42 6.18 0.0 6.18 14.77 2.12 0.0 12.73 14.77 12.73 3.35 3.35 12.82 5.41 12.73 2.12 3.35 6.36 4.5 4.5 19.56 3.35 11.42 6.36 2.12 5.41 14.77 3.35 12.73 10.06 3.35 6.36 3.35 9.12 12.73 12.73 9.12 2.12 10.06 6.36 12.82 13.42 9.12 10.06 7.65 3.35 19.56 12.82 13.42 3.35 6.18 2.12 10.06 14.77 6.18 12.73 3.35 7.65 6.36 5.41 5.41 14.77 2.12 4.5 6.36 10.06 4.5 2.12 6.36 3.35 4.5 10.06 3.35 3.35 12.73 11.42 4.5 19.56 4.5 6.36
8.08 15.95 0.0 12.09 7.65 3.0 6.18 0.0 3.0 10.82 6.36 6.36 7.65 8.08 12.09 8.49 3.0 16.97 10.82 7.65 9.12 15.95 0.0 6.18 0.0 16.97 7.5 6.18 8.08 16.97 8.08 3.0 3.0 10.61 10.82 8.08 7.5 3.0 6.18 8.49 8.49 22.3 6.36 9.12 6.18 7.5 10.82 16.97 7.65 8.08 4.24 7.65 6.18 3.0 3.0 8.08 8.08 3.0 7.5 4.24 6.18 10.61 15.95 3.0 4.24 9.6 7.65 22.3 10.61 15.95 3.0 0.0 8.08 4.24 16.97 0.0 8.08 3.0 9.6 6.18 10.82 10.82 16.97 8.08 8.49 6.18 4.24 8.49 7.5 6.18 6.36 8.49 7.65 6.36 3.0 8.08 9.12 8.49 22.3 8.49 6.18
5.41 13.83 3.0 10.92 4.74 6.0 3.35 3.0 0.0 8.49 4.74 4.74 4.74 5.41 10.92 6.71 0.0 15.0 8.49 4.74 9.12 13.83 3.0 3.35 3.0 15.0 4.5 3.35 9.6 15.0 9.6 0.0 0.0 10.61 8.49 9.6 4.5 0.0 6.18 6.71 6.71 20.18 4.74 9.12 6.18 4.5 8.49 15.0 4.74 9.6 6.71 4.74 6.18 0.0 6.0 9.6 9.6 6.0 4.5 6.71 6.18 10.61 13.83 6.0 6.71 7.5 4.74 20.18 10.61 13.83 0.0 3.0 5.41 6.71 15.0 3.0 9.6 0.0 7.5 6.18 8.49 8.49 15.0 5.41 6.71 6.18 6.71 6.71 4.5 6.18 4.74 6.71 7.65 4.74 0.0 9.6 9.12 6.71 20.18 6.71 6.18
3.35 16.77 10.82 16.77 7.65 13.42 5.41 10.82 8.49 0.0 4.74 4.74 7.65 3.35 16.77 3.0 8.49 18.25 0.0 7.65 16.77 16.77 10.82 5.41 10.82 18.25 6.18 5.41 18.06 18.25 18.06 8.49 8.49 18.12 0.0 18.06 6.18 8.49 7.5 3.0 3.0 22.3 4.74 16.77 7.5 6.18 0.0 18.25 7.65 18.06 15.0 7.65 7.5 8.49 13.42 18.06 18.06 13.42 6.18 15.0 7.5 18.12 16.77 13.42 15.0 12.09 7.65 22.3 18.12 16.77 8.49 10.82 3.35 15.0 18.25 10.82 18.06 8.49 12.09 7.5 0.0 0.0 18.25 3.35 3.0 7.5 15.0 3.0 6.18 7.5 4.74 3.0 15.44 4.74 8.49 18.06 16.77 3.0 22.3 3.0 7.5
3.35 16.77 6.36 15.07 6.71 8.75 3.35 6.36 4.74 4.74 0.0 0.0 6.71 3.35 15.07 2.12 4.74 18.12 4.74 6.71 13.83 16.77 6.36 3.35 6.36 18.12 5.41 3.35 14.15 18.12 14.15 4.74 4.74 15.3 4.74 14.15 5.41 4.74 3.35 2.12 2.12 22.9 0.0 13.83 3.35 5.41 4.74 18.12 6.71 14.15 10.61 6.71 3.35 4.74 8.75 14.15 14.15 8.75 5.41 10.61 3.35 15.3 16.77 8.75 10.61 10.92 6.71 22.9 15.3 16.77 4.74 6.36 3.35 10.61 18.12 6.36 14.15 4.74 10.92 3.35 4.74 4.74 18.12 3.35 2.12 3.35 10.61 2.12 5.41 3.35 0.0 2.12 12.37 0.0 4.74 14.15 13.83 2.12 22.9 2.12 3.35
3.35 16.77 6.36 15.07 6.71 8.75 3.35 6.36 4.74 4.74 0.0 0.0 6.71 3.35 15.07 2.12 4.74 18.12 4.74 6.71 13.83 16.77 6.36 3.35 6.36 18.12 5.41 3.35 14.15 18.12 14.15 4.74 4.74 15.3 4.74 14.15 5.41 4.74 3.35 2.12 2.12 22.9 0.0 13.83 3.35 5.41 4.74 18.12 6.71 14.15 10.61 6.71 3.35 4.74 8.75 14.15 14.15 8.75 5.41 10.61 3.35 15.3 16.77 8.75 10.61 10.92 6.71 22.9 15.3 16.77 4.74 6.36 3.35 10.61 18.12 6.36 14.15 4.74 10.92 3.35 4.74 4.74 18.12 3.35 2.12 3.35 10.61 2.12 5.41 3.35 0.0 2.12 12.37 0.0 4.74 14.15 13.83 2.12 22.9 2.12 3.35
4.5 10.06 7.65 9.12 0.0 10.61 3.35 7.65 4.74 7.65 6.71 6.71 0.0 4.5 9.12 7.65 4.74 11.42 7.65 0.0 9.6 10.06 7.65 3.35 7.65 11.42 1.5 3.35 12.09 11.42 12.09 4.74 4.74 10.82 7.65 12.09 1.5 4.74 9.6 7.65 7.65 16.22 6.71 9.6 9.6 1.5 7.65 11.42 0.0 12.09 10.61 0.0 9.6 4.74 10.61 12.09 12.09 10.61 1.5 10.61 9.6 10.82 10.06 10.61 10.61 4.5 0.0 16.22 10.82 10.06 4.74 7.65 4.5 10.61 11.42 7.65 12.09 4.74 4.5 9.6 7.65 7.65 11.42 4.5 7.65 9.6 10.61 7.65 1.5 9.6 6.71 7.65 8.49 6.71 4.74 12.09 9.6 7.65 16.22 7.65 9.6
0.0 14.23 8.08 13.58 4.5 10.92 2.12 8.08 5.41 3.35 3.35 3.35 4.5 0.0 13.58 3.35 5.41 15.66 3.35 4.5 13.42 14.23 8.08 2.12 8.08 15.66 3.0 2.12 14.85 15.66 14.85 5.41 5.41 14.77 3.35 14.85 3.0 5.41 6.71 3.35 3.35 20.12 3.35 13.42 6.71 3.0 3.35 15.66 4.5 14.85 12.09 4.5 6.71 5.41 10.92 14.85 14.85 10.92 3.0 12.09 6.71 14.77 14.23 10.92 12.09 9.0 4.5 20.12 14.77 14.23 5.41 8.08 0.0 12.09 15.66 8.08 14.85 5.41 9.0 6.71 3.35 3.35 15.66 0.0 3.35 6.71 12.09 3.35 3.0 6.71 3.35 3.35 12.09 3.35 5.41 14.85 13.42 3.35 20.12 3.35 6.71
13.58 6.0 12.09 0.0 9.12 13.83 12.0 12.09 10.92 16.77 15.07 15.07 9.12 13.58 0.0 16.5 10.92 6.18 16.77 9.12 4.74 6.0 12.09 12.0 12.09 6.18 10.61 12.0 9.49 6.18 9.49 10.92 10.92 4.5 16.77 9.49 10.61 10.92 17.1 16.5 16.5 11.42 15.07 4.74 17.1 10.61 16.77 6.18 9.12 9.49 11.72 9.12 17.1 10.92 13.83 9.49 9.49 13.83 10.61 11.72 17.1 4.5 6.0 13.83 11.72 4.74 9.12 11.42 4.5 6.0 10.92 12.09 13.58 11.72 6.18 12.09 9.49 10.92 4.74 17.1 16.77 16.77 6.18 13.58 16.5 17.1 11.72 16.5 10.61 17.1 15.07 16.5 5.41 15.07 10.92 9.49 4.74 16.5 11.42 16.5 17.1
3.35 17.56 8.49 16.5 7.65 10.82 4.5 8.49 6.71 3.0 2.12 2.12 7.65 3.35 16.5 0.0 6.71 18.97 3.0 7.65 15.66 17.56 8.49 4.5 8.49 18.97 6.18 4.5 16.22 18.97 16.22 6.71 6.71 17.1 3.0 16.22 6.18 6.71 4.5 0.0 0.0 23.48 2.12 15.66 4.5 6.18 3.0 18.97 7.65 16.22 12.73 7.65 4.5 6.71 10.82 16.22 16.22 10.82 6.18 12.73 4.5 17.1 17.56 10.82 12.73 12.09 7.65 23.48 17.1 17.56 6.71 8.49 3.35 12.73 18.97 8.49 16.22 6.71 12.09 4.5 3.0 3.0 18.97 3.35 0.0 4.5 12.73 0.0 6.18 4.5 2.12 0.0 14.23 2.12 6.71 16.22 15.66 0.0 23.48 0.0 4.5
5.41 13.83 3.0 10.92 4.74 6.0 3.35 3.0 0.0 8.49 4.74 4.74 4.74 5.41 10.92 6.71 0.0 15.0 8.49 4.74 9.12 13.83 3.0 3.35 3.0 15.0 4.5 3.35 9.6 15.0 9.6 0.0 0.0 10.61 8.49 9.6 4.5 0.0 6.18 6.71 6.71 20.18 4.74 9.12 6.18 4.5 8.49 15.0 4.74 9.6 6.71 4.74 6.18 0.0 6.0 9.6 9.6 6.0 4.5 6.71 6.18 10.61 13.83 6.0 6.71 7.5 4.74 20.18 10.61 13.83 0.0 3.0 5.41 6.71 15.0 3.0 9.6 0.0 7.5 6.18 8.49 8.49 15.0 5.41 6.71 6.18 6.71 6.71 4.5 6.18 4.74 6.71 7.65 4.74 0.0 9.6 9.12 6.71 20.18 6.71 6.18
15.66 1.5 16.97 6.18 11.42 19.21 14.77 16.97 15.0 18.25 18.12 18.12 11.42 15.66 6.18 18.97 15.0 0.0 18.25 11.42 10.92 1.5 16.97 14.77 16.97 0.0 12.82 14.77 15.66 0.0 15.66 15.0 15.0 10.61 18.25 15.66 12.82 15.0 20.84 18.97 18.97 5.41 18.12 10.92 20.84 12.82 18.25 0.0 11.42 15.66 17.49 11.42 20.84 15.0 19.21 15.66 15.66 19.21 12.82 17.49 20.84 10.61 1.5 19.21 17.49 7.5 11.42 5.41 10.61 1.5 15.0 16.97 15.66 17.49 0.0 16.97 15.66 15.0 7.5 20.84 18.25 18.25 0.0 15.66 18.97 20.84 17.49 18.97 12.82 20.84 18.12 18.97 11.42 18.12 15.0 15.66 10.92 18.97 5.41 18.97 20.84
3.35 16.77 10.82 16.77 7.65 13.42 5.41 10.82 8.49 0.0 4.74 4.74 7.65 3.35 16.77 3.0 8.49 18.25 0.0 7.65 16.77 16.77 10.82 5.41 10.82 18.25 6.18 5.41 18.06 18.25 18.06 8.49 8.49 18.12 0.0 18.06 6.18 8.49 7.5 3.0 3.0 22.3 4.74 16.77 7.5 6.18 0.0 18.25 7.65 18.06 15.0 7.65 7.5 8.49 13.42 18.06 18.06 13.42 6.18 15.0 7.5 18.12 16.77 13.42 15.0 12.09 7.65 22.3 18.12 16.77 8.49 10.82 3.35 15.0 18.25 10.82 18.06 8.49 12.09 7.5 0.0 0.0 18.25 3.35 3.0 7.5 15.0 3.0 6.18 7.5 4.74 3.0 15.44 4.74 8.49 18.06 16.77 3.0 22.3 3.0 7.5
4.5 10.06 7.65 9.12 0.0 10.61 3.35 7.65 4.74 7.65 6.71 6.71 0.0 4.5 9.12 7.65 4.74 11.42 7.65 0.0 9.6 10.06 7.65 3.35 7.65 11.42 1.5 3.35 12.09 11.42 12.09 4.74 4.74 10.82 7.65 12.09 1.5 4.74 9.6 7.65 7.65 16.22 6.71 9.6 9.6 1.5 7.65 11.42 0.0 12.09 10.61 0.0 9.6 4.74 10.61 12.09 12.09 10.61 1.5 10.61 9.6 10.82 10.06 10.61 10.61 4.5 0.0 16.22 10.82 10.06 4.74 7.65 4.5 10.61 11.42 7.65 12.09 4.74 4.5 9.6 7.65 7.65 11.42 4.5 7.65 9.6 10.61 7.65 1.5 9.6 6.71 7.65 8.49 6.71 4.74 12.09 9.6 7.65 16.22 7.65 9.6
13.42 10.61 9.12 4.74 9.6 10.06 11.42 9.12 9.12 16.77 13.83 13.83 9.6 13.42 4.74 15.66 9.12 10.92 16.77 9.6 0.0 10.61 9.12 11.42 9.12 10.92 10.82 11.42 4.74 10.92 4.74 9.12 9.12 1.5 16.77 4.74 10.82 9.12 15.0 15.66 15.66 16.16 13.83 0.0 15.0 10.82 16.77 10.92 9.6 4.74 7.5 9.6 15.0 9.12 10.06 4.74 4.74 10.06 10.82 7.5 15.0 1.5 10.61 10.06 7.5 6.71 9.6 16.16 1.5 10.61 9.12 9.12 13.42 7.5 10.92 9.12 4.74 9.12 6.71 15.0 16.77 16.77 10.92 13.42 15.66 15.0 7.5 15.66 10.82 15.0 13.83 15.66 1.5 13.83 9.12 4.74 0.0 15.66 16.16 15.66 15.0
14.23 0.0 15.95 6.0 10.06 18.31 13.42 15.95 13.83 16.77 16.77 16.77 10.06 14.23 6.0 17.56 13.83 1.5 16.77 10.06 10.61 0.0 15.95 13.42 15.95 1.5 11.42 13.42 15.3 1.5 15.3 13.83 13.83 10.5 16.77 15.3 11.42 13.83 19.56 17.56 17.56 6.36 16.77 10.61 19.56 11.42 16.77 1.5 10.06 15.3 16.77 10.06 19.56 13.83 18.31 15.3 15.3 18.31 11.42 16.77 19.56 10.5 0.0 18.31 16.77 6.36 10.06 6.36 10.5 0.0 13.83 15.95 14.23 16.77 1.5 15.95 15.3 13.83 6.36 19.56 16.77 16.77 1.5 14.23 17.56 19.56 16.77 17.56 11.42 19.56 16.77 17.56 10.92 16.77 13.83 15.3 10.61 17.56 6.36 17.56 19.56
8.08 15.95 0.0 12.09 7.65 3.0 6.18 0.0 3.0 10.82 6.36 6.36 7.65 8.08 12.09 8.49 3.0 16.97 10.82 7.65 9.12 15.95 0.0 6.18 0.0 16.97 7.5 6.18 8.08 16.97 8.08 3.0 3.0 10.61 10.82 8.08 7.5 3.0 6.18 8.49 8.49 22.3 6.36 9.12 6.18 7.5 10.82 16.97 7.65 8.08 4.24 7.65 6.18 3.0 3.0 8.08 8.08 3.0 7.5 4.24 6.18 10.61 15.95 3.0 4.24 9.6 7.65 22.3 10.61 15.95 3.0 0.0 8.08 4.24 16.97 0.0 8.08 3.0 9.6 6.18 10.82 10.82 16.97 8.08 8.49 6.18 4.24 8.49 7.5 6.18 6.36 8.49 7.65 6.36 3.0 8.08 9.12 8.49 22.3 8.49 6.18
2.12 13.42 6.18 12.0 3.35 9.12 0.0 6.18 3.35 5.41 3.35 3.35 3.35 2.12 12.0 4.5 3.35 14.77 5.41 3.35 11.42 13.42 6.18 0.0 6.18 14.77 2.12 0.0 12.73 14.77 12.73 3.35 3.35 12.82 5.41 12.73 2.12 3.35 6.36 4.5 4.5 19.56 3.35 11.42 6.36 2.12 5.41 14.77 3.35 12.73 10.06 3.35 6.36 3.35 9.12 12.73 12.73 9.12 2.12 10.06 6.36 12.82 13.42 9.12 10.06 7.65 3.35 19.56 12.82 13.42 3.35 6.18 2.12 10.06 14.77 6.18 12.73 3.35 7.65 6.36 5.41 5.41 14.77 2.12 4.5 6.36 10.06 4.5 2.12 6.36 3.35 4.5 10.06 3.35 3.35 12.73 11.42 4.5 19.56 4.5 6.36
8.08 15.95 0.0 12.09 7.65 3.0 6.18 0.0 3.0 10.82 6.36 6.36 7.65 8.08 12.09 8.49 3.0 16.97 10.82 7.65 9.12 15.95 0.0 6.18 0.0 16.97 7.5 6.18 8.08 16.97 8.08 3.0 3.0 10.61 10.82 8.08 7.5 3.0 6.18 8.49 8.49 22.3 6.36 9.12 6.18 7.5 10.82 16.97 7.65 8.08 4.24 7.65 6.18 3.0 3.0 8.08 8.08 3.0 7.5 4.24 6.18 10.61 15.95 3.0 4.24 9.6 7.65 22.3 10.61 15.95 3.0 0.0 8.08 4.24 16.97 0.0 8.08 3.0 9.6 6.18 10.82 10.82 16.97 8.08 8.49 6.18 4.24 8.49 7.5 6.18 6.36 8.49 7.65 6.36 3.0 8.08 9.12 8.49 22.3 8.49 6.18
15.66 1.5 16.97 6.18 11.42 19.21 14.77 16.97 15.0 18.25 18.12 18.12 11.42 15.66 6.18 18.97 15.0 0.0 18.25 11.42 10.92 1.5 16.97 14.77 16.97 0.0 12.82 14.77 15.66 0.0 15.66 15.0 15.0 10.61 18.25 15.66 12.82 15.0 20.84 18.97 18.97 5.41 18.12 10.92 20.84 12.82 18.25 0.0 11.42 15.66 17.49 11.42 20.84 15.0 19.21 15.66 15.66 19.21 12.82 17.49 20.84 10.61 1.5 19.21 17.49 7.5 11.42 5.41 10.61 1.5 15.0 16.97 15.66 17.49 0.0 16.97 15.66 15.0 7.5 20.84 18.25 18.25 0.0 15.66 18.97 20.84 17.49 18.97 12.82 20.84 18.12 18.97 11.42 18.12 15.0 15.66 10.92 18.97 5.41 18.97 20.84
3.0 11.42 7.5 10.61 1.5 10.5 2.12 7.5 4.5 6.18 5.41 5.41 1.5 3.0 10.61 6.18 4.5 12.82 6.18 1.5 10.82 11.42 7.5 2.12 7.5 12.82 0.0 2.12 12.9 12.82 12.9 4.5 4.5 12.09 6.18 12.9 0.0 4.5 8.49 6.18 6.18 17.49 5.41 10.82 8.49 0.0 6.18 12.82 1.5 12.9 10.92 1.5 8.49 4.5 10.5 12.9 12.9 10.5 0.0 10.92 8.49 12.09 11.42 10.5 10.92 6.0 1.5 17.49 12.09 11.42 4.5 7.5 3.0 10.92 12.82 7.5 12.9 4.5 6.0 8.49 6.18 6.18 12.82 3.0 6.18 8.49 10.92 6.18 0.0 8.49 5.41 6.18 9.6 5.41 4.5 12.9 10.82 6.18 17.49 6.18 8.49
2.12 13.42 6.18 12.0 3.35 9.12 0.0 6.18 3.35 5.41 3.35 3.35 3.35 2.12 12.0 4.5 3.35 14.77 5.41 3.35 11.42 13.42 6.18 0.0 6.18 14.77 2.12 0.0 12.73 14.77 12.73 3.35 3.35 12.82 5.41 12.73 2.12 3.35 6.36 4.5 4.5 19.56 3.35 11.42 6.36 2.12 5.41 14.77 3.35 12.73 10.06 3.35 6.36 3.35 9.12 12.73 12.73 9.12 2.12 10.06 6.36 12.82 13.42 9.12 10.06 7.65 3.35 19.56 12.82 13.42 3.35 6.18 2.12 10.06 14.77 6.18 12.73 3.35 7.65 6.36 5.41 5.41 14.77 2.12 4.5 6.36 10.06 4.5 2.12 6.36 3.35 4.5 10.06 3.35 3.35 12.73 11.42 4.5 19.56 4.5 6.36
14.85 15.3 8.08 9.49 12.09 7.5 12.73 8.08 9.6 18.06 14.15 14.15 12.09 14.85 9.49 16.22 9.6 15.66 18.06 12.09 4.74 15.3 8.08 12.73 8.08 15.66 12.9 12.73 0.0 15.66 0.0 9.6 9.6 5.41 18.06 0.0 12.9 9.6 14.23 16.22 16.22 20.89 14.15 4.74 14.23 12.9 18.06 15.66 12.09 0.0 4.5 12.09 14.23 9.6 7.5 0.0 0.0 7.5 12.9 4.5 14.23 5.41 15.3 7.5 4.5 10.61 12.09 20.89 5.41 15.3 9.6 8.08 14.85 4.5 15.66 8.08 0.0 9.6 10.61 14.23 18.06 18.06 15.66 14.85 16.22 14.23 4.5 16.22 12.9 14.23 14.15 16.22 4.5 14.15 9.6 0.0 4.74 16.22 20.89 16.22 14.23
15.66 1.5 16.97 6.18 11.42 19.21 14.77 16.97 15.0 18.25 18.12 18.12 11.42 15.66 6.18 18.97 15.0 0.0 18.25 11.42 10.92 1.5 16.97 14.77 16.97 0.0 12.82 14.77 15.66 0.0 15.66 15.0 15.0 10.61 18.25 15.66 12.82 15.0 20.84 18.97 18.97 5.41 18.12 10.92 20.84 12.82 18.25 0.0 11.42 15.66 17.49 11.42 20.84 15.0 19.21 15.66 15.66 19.21 12.82 17.49 20.84 10.61 1.5 19.21 17.49 7.5 11.42 5.41 10.61 1.5 15.0 16.97 15.66 17.49 0.0 16.97 15.66 15.0 7.5 20.84 18.25 18.25 0.0 15.66 18.97 20.84 17.49 18.97 12.82 20.84 18.12 18.97 11.42 18.12 15.0 15.66 10.92 18.97 5.41 18.97 20.84
14.85 15.3 8.08 9.49 12.09 7.5 12.73 8.08 9.6 18.06 14.15 14.15 12.09 14.85 9.49 16.22 9.6 15.66 18.06 12.09 4.74 15.3 8.08 12.73 8.08 15.66 12.9 12.73 0.0 15.66 0.0 9.6 9.6 5.41 18.06 0.0 12.9 9.6 14.23 16.22 16.22 20.89 14.15 4.74 14.23 12.9 18.06 15.66 12.09 0.0 4.5 12.09 14.23 9.6 7.5 0.0 0.0 7.5 12.9 4.5 14.23 5.41 15.3 7.5 4.5 10.61 12.09 20.89 5.41 15.3 9.6 8.08 14.85 4.5 15.66 8.08 0.0 9.6 10.61 14.23 18.06 18.06 15.66 14.85 16.22 14.23 4.5 16.22 12.9 14.23 14.15 16.22 4.5 14.15 9.6 0.0 4.74 16.22 20.89 16.22 14.23
5.41 13.83 3.0 10.92 4.74 6.0 3.35 3.0 0.0 8.49 4.74 4.74 4.74 5.41 10.92 6.71 0.0 15.0 8.49 4.74 9.12 13.83 3.0 3.35 3.0 15.0 4.5 3.35 9.6 15.0 9.6 0.0 0.0 10.61 8.49 9.6 4.5 0.0 6.18 6.71 6.71 20.18 4.74 9.12 6.18 4.5 8.49 15.0 4.74 9.6 6.71 4.74 6.18 0.0 6.0 9.6 9.6 6.0 4.5 6.71 6.18 10.61 13.83 6.0 6.71 7.5 4.74 20.18 10.61 13.83 0.0 3.0 5.41 6.71 15.0 3.0 9.6 0.0 7.5 6.18 8.49 8.49 15.0 5.41 6.71 6.18 6.71 6.71 4.5 6.18 4.74 6.71 7.65 4.74 0.0 9.6 9.12 6.71 20.18 6.71 6.18
5.41 13.83 3.0 10.92 4.74 6.0 3.35 3.0 0.0 8.49 4.74 4.74 4.74 5.41 10.92 6.71 0.0 15.0 8.49 4.74 9.12 13.83 3.0 3.35 3.0 15.0 4.5 3.35 9.6 15.0 9.6 0.0 0.0 10.61 8.49 9.6 4.5 0.0 6.18 6.71 6.71 20.18 4.74 9.12 6.18 4.5 8.49 15.0 4.74 9.6 6.71 4.74 6.18 0.0 6.0 9.6 9.6 6.0 4.5 6.71 6.18 10.61 13.83 6.0 6.71 7.5 4.74 20.18 10.61 13.83 0.0 3.0 5.41 6.71 15.0 3.0 9.6 0.0 7.5 6.18 8.49 8.49 15.0 5.41 6.71 6.18 6.71 6.71 4.5 6.18 4.74 6.71 7.65 4.74 0.0 9.6 9.12 6.71 20.18 6.71 6.18
14.77 10.5 10.61 4.5 10.82 11.42 12.82 10.61 10.61 18.12 15.3 15.3 10.82 14.77 4.5 17.1 10.61 10.61 18.12 10.82 1.5 10.5 10.61 12.82 10.61 10.61 12.09 12.82 5.41 10.61 5.41 10.61 10.61 0.0 18.12 5.41 12.09 10.61 16.5 17.1 17.1 15.66 15.3 1.5 16.5 12.09 18.12 10.61 10.82 5.41 8.75 10.82 16.5 10.61 11.42 5.41 5.41 11.42 12.09 8.75 16.5 0.0 10.5 11.42 8.75 7.5 10.82 15.66 0.0 10.5 10.61 10.61 14.77 8.75 10.61 10.61 5.41 10.61 7.5 16.5 18.12 18.12 10.61 14.77 17.1 16.5 8.75 17.1 12.09 16.5 15.3 17.1 3.0 15.3 10.61 5.41 1.5 17.1 15.66 17.1 16.5
3.35 16.77 10.82 16.77 7.65 13.42 5.41 10.82 8.49 0.0 4.74 4.74 7.65 3.35 16.77 3.0 8.49 18.25 0.0 7.65 16.77 16.77 10.82 5.41 10.82 18.25 6.18 5.41 18.06 18.25 18.06 8.49 8.49 18.12 0.0 18.06 6.18 8.49 7.5 3.0 3.0 22.3 4.74 16.77 7.5 6.18 0.0 18.25 7.65 18.06 15.0 7.65 7.5 8.49 13.42 18.06 18.06 13.42 6.18 15.0 7.5 18.12 16.77 13.42 15.0 12.09 7.65 22.3 18.12 16.77 8.49 10.82 3.35 15.0 18.25 10.82 18.06 8.49 12.09 7.5 0.0 0.0 18.25 3.35 3.0 7.5 15.0 3.0 6.18 7.5 4.74 3.0 15.44 4.74 8.49 18.06 16.77 3.0 22.3 3.0 7.5
14.85 15.3 8.08 9.49 12.09 7.5 12.73 8.08 9.6 18.06 14.15 14.15 12.09 14.85 9.49 16.22 9.6 15.66 18.06 12.09 4.74 15.3 8.08 12.73 8.08 15.66 12.9 12.73 0.0 15.66 0.0 9.6 9.6 5.41 18.06 0.0 12.9 9.6 14.23 16.22 16.22 20.89 14.15 4.74 14.23 12.9 18.06 15.66 12.09 0.0 4.5 12.09 14.23 9.6 7.5 0.0 0.0 7.5 12.9 4.5 14.23 5.41 15.3 7.5 4.5 10.61 12.09 20.89 5.41 15.3 9.6 8.08 14.85 4.5 15.66 8.08 0.0 9.6 10.61 14.23 18.06 18.06 15.66 14.85 16.22 14.23 4.5 16.22 12.9 14.23 14.15 16.22 4.5 14.15 9.6 0.0 4.74 16.22 20.89 16.22 14.23
3.0 11.42 7.5 10.61 1.5 10.5 2.12 7.5 4.5 6.18 5.41 5.41 1.5 3.0 10.61 6.18 4.5 12.82 6.18 1.5 10.82 11.42 7.5 2.12 7.5 12.82 0.0 2.12 12.9 12.82 12.9 4.5 4.5 12.09 6.18 12.9 0.0 4.5 8.49 6.18 6.18 17.49 5.41 10.82 8.49 0.0 6.18 12.82 1.5 12.9 10.92 1.5 8.49 4.5 10.5 12.9 12.9 10.5 0.0 10.92 8.49 12.09 11.42 10.5 10.92 6.0 1.5 17.49 12.09 11.42 4.5 7.5 3.0 10.92 12.82 7.5 12.9 4.5 6.0 8.49 6.18 6.18 12.82 3.0 6.18 8.49 10.92 6.18 0.0 8.49 5.41 6.18 9.6 5.41 4.5 12.9 10.82 6.18 17.49 6.18 8.49
5.41 13.83 3.0 10.92 4.74 6.0 3.35 3.0 0.0 8.49 4.74 4.74 4.74 5.41 10.92 6.71 0.0 15.0 8.49 4.74 9.12 13.83 3.0 3.35 3.0 15.0 4.5 3.35 9.6 15.0 9.6 0.0 0.0 10.61 8.49 9.6 4.5 0.0 6.18 6.71 6.71 20.18 4.74 9.12 6.18 4.5 8.49 15.0 4.74 9.6 6.71 4.74 6.18 0.0 6.0 9.6 9.6 6.0 4.5 6.71 6.18 10.61 13.83 6.0 6.71 7.5 4.74 20.18 10.61 13.83 0.0 3.0 5.41 6.71 15.0 3.0 9.6 0.0 7.5 6.18 8.49 8.49 15.0 5.41 6.71 6.18 6.71 6.71 4.5 6.18 4.74 6.71 7.65 4.74 0.0 9.6 9.12 6.71 20.18 6.71 6.18
6.71 19.56 6.18 17.1 9.6 7.5 6.36 6.18 6.18 7.5 3.35 3.35 9.6 6.71 17.1 4.5 6.18 20.84 7.5 9.6 15.0 19.56 6.18 6.36 6.18 20.84 8.49 6.36 14.23 20.84 14.23 6.18 6.18 16.5 7.5 14.23 8.49 6.18 0.0 4.5 4.5 25.81 3.35 15.0 0.0 8.49 7.5 20.84 9.6 14.23 10.06 9.6 0.0 6.18 7.5 14.23 14.23 7.5 8.49 10.06 0.0 16.5 19.56 7.5 10.06 13.42 9.6 25.81 16.5 19.56 6.18 6.18 6.71 10.06 20.84 6.18 14.23 6.18 13.42 0.0 7.5 7.5 20.84 6.71 4.5 0.0 10.06 4.5 8.49 0.0 3.35 4.5 13.5 3.35 6.18 14.23 15.0 4.5 25.81 4.5 0.0
3.35 17.56 8.49 16.5 7.65 10.82 4.5 8.49 6.71 3.0 2.12 2.12 7.65 3.35 16.5 0.0 6.71 18.97 3.0 7.65 15.66 17.56 8.49 4.5 8.49 18.97 6.18 4.5 16.22 18.97 16.22 6.71 6.71 17.1 3.0 16.22 6.18 6.71 4.5 0.0 0.0 23.48 2.12 15.66 4.5 6.18 3.0 18.97 7.65 16.22 12.73 7.65 4.5 6.71 10.82 16.22 16.22 10.82 6.18 12.73 4.5 17.1 17.56 10.82 12.73 12.09 7.65 23.48 17.1 17.56 6.71 8.49 3.35 12.73 18.97 8.49 16.22 6.71 12.09 4.5 3.0 3.0 18.97 3.35 0.0 4.5 12.73 0.0 6.18 4.5 2.12 0.0 14.23 2.12 6.71 16.22 15.66 0.0 23.48 0.0 4.5
3.35 17.56 8.49 16.5 7.65 10.82 4.5 8.49 6.71 3.0 2.12 2.12 7.65 3.35 16.5 0.0 6.71 18.97 3.0 7.65 15.66 17.56 8.49 4.5 8.49 18.97 6.18 4.5 16.22 18.97 16.22 6.71 6.71 17.1 3.0 16.22 6.18 6.71 4.5 0.0 0.0 23.48 2.12 15.66 4.5 6.18 3.0 18.97 7.65 16.22 12.73 7.65 4.5 6.71 10.82 16.22 16.22 10.82 6.18 12.73 4.5 17.1 17.56 10.82 12.73 12.09 7.65 23.48 17.1 17.56 6.71 8.49 3.35 12.73 18.97 8.49 16.22 6.71 12.09 4.5 3.0 3.0 18.97 3.35 0.0 4.5 12.73 0.0 6.18 4.5 2.12 0.0 14.23 2.12 6.71 16.22 15.66 0.0 23.48 0.0 4.5
20.12 6.36 22.3 11.42 16.22 24.6 19.56 22.3 20.18 22.3 22.9 22.9 16.22 20.12 11.42 23.48 20.18 5.41 22.3 16.22 16.16 6.36 22.3 19.56 22.3 5.41 17.49 19.56 20.89 5.41 20.89 20.18 20.18 15.66 22.3 20.89 17.49 20.18 25.81 23.48 23.48 0.0 22.9 16.16 25.81 17.49 22.3 5.41 16.22 20.89 22.9 16.22 25.81 20.18 24.6 20.89 20.89 24.6 17.49 22.9 25.81 15.66 6.36 24.6 22.9 12.73 16.22 0.0 15.66 6.36 20.18 22.3 20.12 22.9 5.41 22.3 20.89 20.18 12.73 25.81 22.3 22.3 5.41 20.12 23.48 25.81 22.9 23.48 17.49 25.81 22.9 23.48 16.77 22.9 20.18 20.89 16.16 23.48 0.0 23.48 25.81
3.35 16.77 6.36 15.07 6.71 8.75 3.35 6.36 4.74 4.74 0.0 0.0 6.71 3.35 15.07 2.12 4.74 18.12 4.74 6.71 13.83 16.77 6.36 3.35 6.36 18.12 5.41 3.35 14.15 18.12 14.15 4.74 4.74 15.3 4.74 14.15 5.41 4.74 3.35 2.12 2.12 22.9 0.0 13.83 3.35 5.41 4.74 18.12 6.71 14.15 10.61 6.71 3.35 4.74 8.75 14.15 14.15 8.75 5.41 10.61 3.35 15.3 16.77 8.75 10.61 10.92 6.71 22.9 15.3 16.77 4.74 6.36 3.35 10.61 18.12 6.36 14.15 4.74 10.92 3.35 4.74 4.74 18.12 3.35 2.12 3.35 10.61 2.12 5.41 3.35 0.0 2.12 12.37 0.0 4.74 14.15 13.83 2.12 22.9 2.12 3.35
13.42 10.61 9.12 4.74 9.6 10.06 11.42 9.12 9.12 16.77 13.83 13.83 9.6 13.42 4.74 15.66 9.12 10.92 16.77 9.6 0.0 10.61 9.12 11.42 9.12 10.92 10.82 11.42 4.74 10.92 4.74 9.12 9.12 1.5 16.77 4.74 10.82 9.12 15.0 15.66 15.66 16.16 13.83 0.0 15.0 10.82 16.77 10.92 9.6 4.74 7.5 9.6 15.0 9.12 10.06 4.74 4.74 10.06 10.82 7.5 15.0 1.5 10.61 10.06 7.5 6.71 9.6 16.16 1.5 10.61 9.12 9.12 13.42 7.5 10.92 9.12 4.74 9.12 6.71 15.0 16.77 16.77 10.92 13.42 15.66 15.0 7.5 15.66 10.82 15.0 13.83 15.66 1.5 13.83 9.12 4.74 0.0 15.66 16.16 15.66 15.0
6.71 19.56 6.18 17.1 9.6 7.5 6.36 6.18 6.18 7.5 3.35 3.35 9.6 6.71 17.1 4.5 6.18 20.84 7.5 9.6 15.0 19.56 6.18 6.36 6.18 20.84 8.49 6.36 14.23 20.84 14.23 6.18 6.18 16.5 7.5 14.23 8.49 6.18 0.0 4.5 4.5 25.81 3.35 15.0 0.0 8.49 7.5 20.84 9.6 14.23 10.06 9.6 0.0 6.18 7.5 14.23 14.23 7.5 8.49 10.06 0.0 16.5 19.56 7.5 10.06 13.42 9.6 25.81 16.5 19.56 6.18 6.18 6.71 10.06 20.84 6.18 14.23 6.18 13.42 0.0 7.5 7.5 20.84 6.71 4.5 0.0 10.06 4.5 8.49 0.0 3.35 4.5 13.5 3.35 6.18 14.23 15.0 4.5 25.81 4.5 0.0
3.0 11.42 7.5 10.61 1.5 10.5 2.12 7.5 4.5 6.18 5.41 5.41 1.5 3.0 10.61 6.18 4.5 12.82 6.18 1.5 10.82 11.42 7.5 2.12 7.5 12.82 0.0 2.12 12.9 12.82 12.9 4.5 4.5 12.09 6.18 12.9 0.0 4.5 8.49 6.18 6.18 17.49 5.41 10.82 8.49 0.0 6.18 12.82 1.5 12.9 10.92 1.5 8.49 4.5 10.5 12.9 12.9 10.5 0.0 10.92 8.49 12.09 11.42 10.5 10.92 6.0 1.5 17.49 12.09 11.42 4.5 7.5 3.0 10.92 12.82 7.5 12.9 4.5 6.0 8.49 6.18 6.18 12.82 3.0 6.18 8.49 10.92 6.18 0.0 8.49 5.41 6.18 9.6 5.41 4.5 12.9 10.82 6.18 17.49 6.18 8.49
3.35 16.77 10.82 16.77 7.65 13.42 5.41 10.82 8.49 0.0 4.74 4.74 7.65 3.35 16.77 3.0 8.49 18.25 0.0 7.65 16.77 16.77 10.82 5.41 10.82 18.25 6.18 5.41 18.06 18.25 18.06 8.49 8.49 18.12 0.0 18.06 6.18 8.49 7.5 3.0 3.0 22.3 4.74 16.77 7.5 6.18 0.0 18.25 7.65 18.06 15.0 7.65 7.5 8.49 13.42 18.06 18.06 13.42 6.18 15.0 7.5 18.12 16.77 13.42 15.0 12.09 7.65 22.3 18.12 16.77 8.49 10.82 3.35 15.0 18.25 10.82 18.06 8.49 12.09 7.5 0.0 0.0 18.25 3.35 3.0 7.5 15.0 3.0 6.18 7.5 4.74 3.0 15.44 4.74 8.49 18.06 16.77 3.0 22.3 3.0 7.5
15.66 1.5 16.97 6.18 11.42 19.21 14.77 16.97 15.0 18.25 18.12 18.12 11.42 15.66 6.18 18.97 15.0 0.0 18.25 11.42 10.92 1.5 16.97 14.77 16.97 0.0 12.82 14.77 15.66 0.0 15.66 15.0 15.0 10.61 18.25 15.66 12.82 15.0 20.84 18.97 18.97 5.41 18.12 10.92 20.84 12.82 18.25 0.0 11.42 15.66 17.49 11.42 20.84 15.0 19.21 15.66 15.66 19.21 12.82 17.49 20.84 10.61 1.5 19.21 17.49 7.5 11.42 5.41 10.61 1.5 15.0 16.97 15.66 17.49 0.0 16.97 15.66 15.0 7.5 20.84 18.25 18.25 0.0 15.66 18.97 20.84 17.49 18.97 12.82 20.84 18.12 18.97 11.42 18.12 15.0 15.66 10.92 18.97 5.41 18.97 20.84
4.5 10.06 7.65 9.12 0.0 10.61 3.35 7.65 4.74 7.65 6.71 6.71 0.0 4.5 9.12 7.65 4.74 11.42 7.65 0.0 9.6 10.06 7.65 3.35 7.65 11.42 1.5 3.35 12.09 11.42 12.09 4.74 4.74 10.82 7.65 12.09 1.5 4.74 9.6 7.65 7.65 16.22 6.71 9.6 9.6 1.5 7.65 11.42 0.0 12.09 10.61 0.0 9.6 4.74 10.61 12.09 12.09 10.61 1.5 10.61 9.6 10.82 10.06 10.61 10.61 4.5 0.0 16.22 10.82 10.06 4.74 7.65 4.5 10.61 11.42 7.65 12.09 4.74 4.5 9.6 7.65 7.65 11.42 4.5 7.65 9.6 10.61 7.65 1.5 9.6 6.71 7.65 8.49 6.71 4.74 12.09 9.6 7.65 16.22 7.65 9.6
14.85 15.3 8.08 9.49 12.09 7.5 12.73 8.08 9.6 18.06 14.15 14.15 12.09 14.85 9.49 16.22 9.6 15.66 18.06 12.09 4.74 15.3 8.08 12.73 8.08 15.66 12.9 12.73 0.0 15.66 0.0 9.6 9.6 5.41 18.06 0.0 12.9 9.6 14.23 16.22 16.22 20.89 14.15 4.74 14.23 12.9 18.06 15.66 12.09 0.0 4.5 12.09 14.23 9.6 7.5 0.0 0.0 7.5 12.9 4.5 14.23 5.41 15.3 7.5 4.5 10.61 12.09 20.89 5.41 15.3 9.6 8.08 14.85 4.5 15.66 8.08 0.0 9.6 10.61 14.23 18.06 18.06 15.66 14.85 16.22 14.23 4.5 16.22 12.9 14.23 14.15 16.22 4.5 14.15 9.6 0.0 4.74 16.22 20.89 16.22 14.23
12.09 16.77 4.24 11.72 10.61 3.0 10.06 4.24 6.71 15.0 10.61 10.61 10.61 12.09 11.72 12.73 6.71 17.49 15.0 10.61 7.5 16.77 4.24 10.06 4.24 17.49 10.92 10.06 4.5 17.49 4.5 6.71 6.71 8.75 15.0 4.5 10.92 6.71 10.06 12.73 12.73 22.9 10.61 7.5 10.06 10.92 15.0 17.49 10.61 4.5 0.0 10.61 10.06 6.71 3.0 4.5 4.5 3.0 10.92 0.0 10.06 8.75 16.77 3.0 0.0 10.92 10.61 22.9 8.75 16.77 6.71 4.24 12.09 0.0 17.49 4.24 4.5 6.71 10.92 10.06 15.0 15.0 17.49 12.09 12.73 10.06 0.0 12.73 10.92 10.06 10.61 12.73 6.36 10.61 6.71 4.5 7.5 12.73 22.9 12.73 10.06
4.5 10.06 7.65 9.12 0.0 10.61 3.35 7.65 4.74 7.65 6.71 6.71 0.0 4.5 9.12 7.65 4.74 11.42 7.65 0.0 9.6 10.06 7.65 3.35 7.65 11.42 1.5 3.35 12.09 11.42 12.09 4.74 4.74 10.82 7.65 12.09 1.5 4.74 9.6 7.65 7.65 16.22 6.71 9.6 9.6 1.5 7.65 11.42 0.0 12.09 10.61 0.0 9.6 4.74 10.61 12.09 12.09 10.61 1.5 10.61 9.6 10.82 10.06 10.61 10.61 4.5 0.0 16.22 10.82 10.06 4.74 7.65 4.5 10.61 11.42 7.65 12.09 4.74 4.5 9.6 7.65 7.65 11.42 4.5 7.65 9.6 10.61 7.65 1.5 9.6 6.71 7.65 8.49 6.71 4.74 12.09 9.6 7.65 16.22 7.65 9.6
6.71 19.56 6.18 17.1 9.6 7.5 6.36 6.18 6.18 7.5 3.35 3.35 9.6 6.71 17.1 4.5 6.18 20.84 7.5 9.6 15.0 19.56 6.18 6.36 6.18 20.84 8.49 6.36 14.23 20.84 14.23 6.18 6.18 16.5 7.5 14.23 8.49 6.18 0.0 4.5 4.5 25.81 3.35 15.0 0.0 8.49 7.5 20.84 9.6 14.23 10.06 9.6 0.0 6.18 7.5 14.23 14.23 7.5 8.49 10.06 0.0 16.5 19.56 7.5 10.06 13.42 9.6 25.81 16.5 19.56 6.18 6.18 6.71 10.06 20.84 6.18 14.23 6.18 13.42 0.0 7.5 7.5 20.84 6.71 4.5 0.0 10.06 4.5 8.49 0.0 3.35 4.5 13.5 3.35 6.18 14.23 15.0 4.5 25.81 4.5 0.0
5.41 13.83 3.0 10.92 4.74 6.0 3.35 3.0 0.0 8.49 4.74 4.74 4.74 5.41 10.92 6.71 0.0 15.0 8.49 4.74 9.12 13.83 3.0 3.35 3.0 15.0 4.5 3.35 9.6 15.0 9.6 0.0 0.0 10.61 8.49 9.6 4.5 0.0 6.18 6.71 6.71 20.18 4.74 9.12 6.18 4.5 8.49 15.0 4.74 9.6 6.71 4.74 6.18 0.0 6.0 9.6 9.6 6.0 4.5 6.71 6.18 10.61 13.83 6.0 6.71 7.5 4.74 20.18 10.61 13.83 0.0 3.0 5.41 6.71 15.0 3.0 9.6 0.0 7.5 6.18 8.49 8.49 15.0 5.41 6.71 6.18 6.71 6.71 4.5 6.18 4.74 6.71 7.65 4.74 0.0 9.6 9.12 6.71 20.18 6.71 6.18
10.92 18.31 3.0 13.83 10.61 0.0 9.12 3.0 6.0 13.42 8.75 8.75 10.61 10.92 13.83 10.82 6.0 19.21 13.42 10.61 10.06 18.31 3.0 9.12 3.0 19.21 10.5 9.12 7.5 19.21 7.5 6.0 6.0 11.42 13.42 7.5 10.5 6.0 7.5 10.82 10.82 24.6 8.75 10.06 7.5 10.5 13.42 19.21 10.61 7.5 3.0 10.61 7.5 6.0 0.0 7.5 7.5 0.0 10.5 3.0 7.5 11.42 18.31 0.0 3.0 12.09 10.61 24.6 11.42 18.31 6.0 3.0 10.92 3.0 19.21 3.0 7.5 6.0 12.09 7.5 13.42 13.42 19.21 10.92 10.82 7.5 3.0 10.82 10.5 7.5 8.75 10.82 8.75 8.75 6.0 7.5 10.06 10.82 24.6 10.82 7.5
14.85 15.3 8.08 9.49 12.09 7.5 12.73 8.08 9.6 18.06 14.15 14.15 12.09 14.85 9.49 16.22 9.6 15.66 18.06 12.09 4.74 15.3 8.08 12.73 8.08 15.66 12.9 12.73 0.0 15.66 0.0 9.6 9.6 5.41 18.06 0.0 12.9 9.6 14.23 16.22 16.22 20.89 14.15 4.74 14.23 12.9 18.06 15.66 12.09 0.0 4.5 12.09 14.23 9.6 7.5 0.0 0.0 7.5 12.9 4.5 14.23 5.41 15.3 7.5 4.5 10.61 12.09 20.89 5.41 15.3 9.6 8.08 14.85 4.5 15.66 8.08 0.0 9.6 10.61 14.23 18.06 18.06 15.66 14.85 16.22 14.23 4.5 16.22 12.9 14.23 14.15 16.22 4.5 14.15 9.6 0.0 4.74 16.22 20.89 16.22 14.23
14.85 15.3 8.08 9.49 12.09 7.5 12.73 8.08 9.6 18.06 14.15 14.15 12.09 14.85 9.49 16.22 9.6 15.66 18.06 12.09 4.74 15.3 8.08 12.73 8.08 15.66 12.9 12.73 0.0 15.66 0.0 9.6 9.6 5.41 18.06 0.0 12.9 9.6 14.23 16.22 16.22 20.89 14.15 4.74 14.23 12.9 18.06 15.66 12.09 0.0 4.5 12.09 14.23 9.6 7.5 0.0 0.0 7.5 12.9 4.5 14.23 5.41 15.3 7.5 4.5 10.61 12.09 20.89 5.41 15.3 9.6 8.08 14.85 4.5 15.66 8.08 0.0 9.6 10.61 14.23 18.06 18.06 15.66 14.85 16.22 14.23 4.5 16.22 12.9 14.23 14.15 16.22 4.5 14.15 9.6 0.0 4.74 16.22 20.89 16.22 14.23
10.92 18.31 3.0 13.83 10.61 0.0 9.12 3.0 6.0 13.42 8.75 8.75 10.61 10.92 13.83 10.82 6.0 19.21 13.42 10.61 10.06 18.31 3.0 9.12 3.0 19.21 10.5 9.12 7.5 19.21 7.5 6.0 6.0 11.42 13.42 7.5 10.5 6.0 7.5 10.82 10.82 24.6 8.75 10.06 7.5 10.5 13.42 19.21 10.61 7.5 3.0 10.61 7.5 6.0 0.0 7.5 7.5 0.0 10.5 3.0 7.5 11.42 18.31 0.0 3.0 12.09 10.61 24.6 11.42 18.31 6.0 3.0 10.92 3.0 19.21 3.0 7.5 6.0 12.09 7.5 13.42 13.42 19.21 10.92 10.82 7.5 3.0 10.82 10.5 7.5 8.75 10.82 8.75 8.75 6.0 7.5 10.06 10.82 24.6 10.82 7.5
3.0 11.42 7.5 10.61 1.5 10.5 2.12 7.5 4.5 6.18 5.41 5.41 1.5 3.0 10.61 6.18 4.5 12.82 6.18 1.5 10.82 11.42 7.5 2.12 7.5 12.82 0.0 2.12 12.9 12.82 12.9 4.5 4.5 12.09 6.18 12.9 0.0 4.5 8.49 6.18 6.18 17.49 5.41 10.82 8.49 0.0 6.18 12.82 1.5 12.9 10.92 1.5 8.49 4.5 10.5 12.9 12.9 10.5 0.0 10.92 8.49 12.09 11.42 10.5 10.92 6.0 1.5 17.49 12.09 11.42 4.5 7.5 3.0 10.92 12.82 7.5 12.9 4.5 6.0 8.49 6.18 6.18 12.82 3.0 6.18 8.49 10.92 6.18 0.0 8.49 5.41 6.18 9.6 5.41 4.5 12.9 10.82 6.18 17.49 6.18 8.49
12.09 16.77 4.24 11.72 10.61 3.0 10.06 4.24 6.71 15.0 10.61 10.61 10.61 12.09 11.72 12.73 6.71 17.49 15.0 10.61 7.5 16.77 4.24 10.06 4.24 17.49 10.92 10.06 4.5 17.49 4.5 6.71 6.71 8.75 15.0 4.5 10.92 6.71 10.06 12.73 12.73 22.9 10.61 7.5 10.06 10.92 15.0 17.49 10.61 4.5 0.0 10.61 10.06 6.71 3.0 4.5 4.5 3.0 10.92 0.0 10.06 8.75 16.77 3.0 0.0 10.92 10.61 22.9 8.75 16.77 6.71 4.24 12.09 0.0 17.49 4.24 4.5 6.71 10.92 10.06 15.0 15.0 17.49 12.09 12.73 10.06 0.0 12.73 10.92 10.06 10.61 12.73 6.36 10.61 6.71 4.5 7.5 12.73 22.9 12.73 10.06
6.71 19.56 6.18 17.1 9.6 7.5 6.36 6.18 6.18 7.5 3.35 3.35 9.6 6.71 17.1 4.5 6.18 20.84 7.5 9.6 15.0 19.56 6.18 6.36 6.18 20.84 8.49 6.36 14.23 20.84 14.23 6.18 6.18 16.5 7.5 14.23 8.49 6.18 0.0 4.5 4.5 25.81 3.35 15.0 0.0 8.49 7.5 20.84 9.6 14.23 10.06 9.6 0.0 6.18 7.5 14.23 14.23 7.5 8.49 10.06 0.0 16.5 19.56 7.5 10.06 13.42 9.6 25.81 16.5 19.56 6.18 6.18 6.71 10.06 20.84 6.18 14.23 6.18 13.42 0.0 7.5 7.5 20.84 6.71 4.5 0.0 10.06 4.5 8.49 0.0 3.35 4.5 13.5 3.35 6.18 14.23 15.0 4.5 25.81 4.5 0.0
14.77 10.5 10.61 4.5 10.82 11.42 12.82 10.61 10.61 18.12 15.3 15.3 10.82 14.77 4.5 17.1 10.61 10.61 18.12 10.82 1.5 10.5 10.61 12.82 10.61 10.61 12.09 12.82 5.41 10.61 5.41 10.61 10.61 0.0 18.12 5.41 12.09 10.61 16.5 17.1 17.1 15.66 15.3 1.5 16.5 12.09 18.12 10.61 10.82 5.41 8.75 10.82 16.5 10.61 11.42 5.41 5.41 11.42 12.09 8.75 16.5 0.0 10.5 11.42 8.75 7.5 10.82 15.66 0.0 10.5 10.61 10.61 14.77 8.75 10.61 10.61 5.41 10.61 7.5 16.5 18.12 18.12 10.61 14.77 17.1 16.5 8.75 17.1 12.09 16.5 15.3 17.1 3.0 15.3 10.61 5.41 1.5 17.1 15.66 17.1 16.5
14.23 0.0 15.95 6.0 10.06 18.31 13.42 15.95 13.83 16.77 16.77 16.77 10.06 14.23 6.0 17.56 13.83 1.5 16.77 10.06 10.61 0.0 15.95 13.42 15.95 1.5 11.42 13.42 15.3 1.5 15.3 13.83 13.83 10.5 16.77 15.3 11.42 13.83 19.56 17.56 17.56 6.36 16.77 10.61 19.56 11.42 16.77 1.5 10.06 15.3 16.77 10.06 19.56 13.83 18.31 15.3 15.3 18.31 11.42 16.77 19.56 10.5 0.0 18.31 16.77 6.36 10.06 6.36 10.5 0.0 13.83 15.95 14.23 16.77 1.5 15.95 15.3 13.83 6.36 19.56 16.77 16.77 1.5 14.23 17.56 19.56 16.77 17.56 11.42 19.56 16.77 17.56 10.92 16.77 13.83 15.3 10.61 17.56 6.36 17.56 19.56
10.92 18.31 3.0 13.83 10.61 0.0 9.12 3.0 6.0 13.42 8.75 8.75 10.61 10.92 13.83 10.82 6.0 19.21 13.42 10.61 10.06 18.31 3.0 9.12 3.0 19.21 10.5 9.12 7.5 19.21 7.5 6.0 6.0 11.42 13.42 7.5 10.5 6.0 7.5 10.82 10.82 24.6 8.75 10.06 7.5 10.5 13.42 19.21 10.61 7.5 3.0 10.61 7.5 6.0 0.0 7.5 7.5 0.0 10.5 3.0 7.5 11.42 18.31 0.0 3.0 12.09 10.61 24.6 11.42 18.31 6.0 3.0 10.92 3.0 19.21 3.0 7.5 6.0 12.09 7.5 13.42 13.42 19.21 10.92 10.82 7.5 3.0 10.82 10.5 7.5 8.75 10.82 8.75 8.75 6.0 7.5 10.06 10.82 24.6 10.82 7.5
12.09 16.77 4.24 11.72 10.61 3.0 10.06 4.24 6.71 15.0 10.61 10.61 10.61 12.09 11.72 12.73 6.71 17.49 15.0 10.61 7.5 16.77 4.24 10.06 4.24 17.49 10.92 10.06 4.5 17.49 4.5 6.71 6.71 8.75 15.0 4.5 10.92 6.71 10.06 12.73 12.73 22.9 10.61 7.5 10.06 10.92 15.0 17.49 10.61 4.5 0.0 10.61 10.06 6.71 3.0 4.5 4.5 3.0 10.92 0.0 10.06 8.75 16.77 3.0 0.0 10.92 10.61 22.9 8.75 16.77 6.71 4.24 12.09 0.0 17.49 4.24 4.5 6.71 10.92 10.06 15.0 15.0 17.49 12.09 12.73 10.06 0.0 12.73 10.92 10.06 10.61 12.73 6.36 10.61 6.71 4.5 7.5 12.73 22.9 12.73 10.06
9.0 6.36 9.6 4.74 4.5 12.09 7.65 9.6 7.5 12.09 10.92 10.92 4.5 9.0 4.74 12.09 7.5 7.5 12.09 4.5 6.71 6.36 9.6 7.65 9.6 7.5 6.0 7.65 10.61 7.5 10.61 7.5 7.5 7.5 12.09 10.61 6.0 7.5 13.42 12.09 12.09 12.73 10.92 6.71 13.42 6.0 12.09 7.5 4.5 10.61 10.92 4.5 13.42 7.5 12.09 10.61 10.61 12.09 6.0 10.92 13.42 7.5 6.36 12.09 10.92 0.0 4.5 12.73 7.5 6.36 7.5 9.6 9.0 10.92 7.5 9.6 10.61 7.5 0.0 13.42 12.09 12.09 7.5 9.0 12.09 13.42 10.92 12.09 6.0 13.42 10.92 12.09 6.18 10.92 7.5 10.61 6.71 12.09 12.73 12.09 13.42
4.5 10.06 7.65 9.12 0.0 10.61 3.35 7.65 4.74 7.65 6.71 6.71 0.0 4.5 9.12 7.65 4.74 11.42 7.65 0.0 9.6 10.06 7.65 3.35 7.65 11.42 1.5 3.35 12.09 11.42 12.09 4.74 4.74 10.82 7.65 12.09 1.5 4.74 9.6 7.65 7.65 16.22 6.71 9.6 9.6 1.5 7.65 11.42 0.0 12.09 10.61 0.0 9.6 4.74 10.61 12.09 12.09 10.61 1.5 10.61 9.6 10.82 10.06 10.61 10.61 4.5 0.0 16.22 10.82 10.06 4.74 7.65 4.5 10.61 11.42 7.65 12.09 4.74 4.5 9.6 7.65 7.65 11.42 4.5 7.65 9.6 10.61 7.65 1.5 9.6 6.71 7.65 8.49 6.71 4.74 12.09 9.6 7.65 16.22 7.65 9.6
20.12 6.36 22.3 11.42 16.22 24.6 19.56 22.3 20.18 22.3 22.9 22.9 16.22 20.12 11.42 23.48 20.18 5.41 22.3 16.22 16.16 6.36 22.3 19.56 22.3 5.41 17.49 19.56 20.89 5.41 20.89 20.18 20.18 15.66 22.3 20.89 17.49 20.18 25.81 23.48 23.48 0.0 22.9 16.16 25.81 17.49 22.3 5.41 16.22 20.89 22.9 16.22 25.81 20.18 24.6 20.89 20.89 24.6 17.49 22.9 25.81 15.66 6.36 24.6 22.9 12.73 16.22 0.0 15.66 6.36 20.18 22.3 20.12 22.9 5.41 22.3 20.89 20.18 12.73 25.81 22.3 22.3 5.41 20.12 23.48 25.81 22.9 23.48 17.49 25.81 22.9 23.48 16.77 22.9 20.18 20.89 16.16 23.48 0.0 23.48 25.81
14.77 10.5 10.61 4.5 10.82 11.42 12.82 10.61 10.61 18.12 15.3 15.3 10.82 14.77 4.5 17.1 10.61 10.61 18.12 10.82 1.5 10.5 10.61 12.82 10.61 10.61 12.09 12.82 5.41 10.61 5.41 10.61 10.61 0.0 18.12 5.41 12.09 10.61 16.5 17.1 17.1 15.66 15.3 1.5 16.5 12.09 18.12 10.61 10.82 5.41 8.75 10.82 16.5 10.61 11.42 5.41 5.41 11.42 12.09 8.75 16.5 0.0 10.5 11.42 8.75 7.5 10.82 15.66 0.0 10.5 10.61 10.61 14.77 8.75 10.61 10.61 5.41 10.61 7.5 16.5 18.12 18.12 10.61 14.77 17.1 16.5 8.75 17.1 12.09 16.5 15.3 17.1 3.0 15.3 10.61 5.41 1.5 17.1 15.66 17.1 16.5
14.23 0.0 15.95 6.0 10.06 18.31 13.42 15.95 13.83 16.77 16.77 16.77 10.06 14.23 6.0 17.56 13.83 1.5 16.77 10.06 10.61 0.0 15.95 13.42 15.95 1.5 11.42 13.42 15.3 1.5 15.3 13.83 13.83 10.5 16.77 15.3 11.42 13.83 19.56 17.56 17.56 6.36 16.77 10.61 19.56 11.42 16.77 1.5 10.06 15.3 16.77 10.06 19.56 13.83 18.31 15.3 15.3 18.31 11.42 16.77 19.56 10.5 0.0 18.31 16.77 6.36 10.06 6.36 10.5 0.0 13.83 15.95 14.23 16.77 1.5 15.95 15.3 13.83 6.36 19.56 16.77 16.77 1.5 14.23 17.56 19.56 16.77 17.56 11.42 19.56 16.77 17.56 10.92 16.77 13.83 15.3 10.61 17.56 6.36 17.56 19.56
5.41 13.83 3.0 10.92 4.74 6.0 3.35 3.0 0.0 8.49 4.74 4.74 4.74 5.41 10.92 6.71 0.0 15.0 8.49 4.74 9.12 13.83 3.0 3.35 3.0 15.0 4.5 3.35 9.6 15.0 9.6 0.0 0.0 10.61 8.49 9.6 4.5 0.0 6.18 6.71 6.71 20.18 4.74 9.12 6.18 4.5 8.49 15.0 4.74 9.6 6.71 4.74 6.18 0.0 6.0 9.6 9.6 6.0 4.5 6.71 6.18 10.61 13.83 6.0 6.71 7.5 4.74 20.18 10.61 13.83 0.0 3.0 5.41 6.71 15.0 3.0 9.6 0.0 7.5 6.18 8.49 8.49 15.0 5.41 6.71 6.18 6.71 6.71 4.5 6.18 4.74 6.71 7.65 4.74 0.0 9.6 9.12 6.71 20.18 6.71 6.18
8.08 15.95 0.0 12.09 7.65 3.0 6.18 0.0 3.0 10.82 6.36 6.36 7.65 8.08 12.09 8.49 3.0 16.97 10.82 7.65 9.12 15.95 0.0 6.18 0.0 16.97 7.5 6.18 8.08 16.97 8.08 3.0 3.0 10.61 10.82 8.08 7.5 3.0 6.18 8.49 8.49 22.3 6.36 9.12 6.18 7.5 10.82 16.97 7.65 8.08 4.24 7.65 6.18 3.0 3.0 8.08 8.08 3.0 7.5 4.24 6.18 10.61 15.95 3.0 4.24 9.6 7.65 22.3 10.61 15.95 3.0 0.0 8.08 4.24 16.97 0.0 8.08 3.0 9.6 6.18 10.82 10.82 16.97 8.08 8.49 6.18 4.24 8.49 7.5 6.18 6.36 8.49 7.65 6.36 3.0 8.08 9.12 8.49 22.3 8.49 6.18
0.0 14.23 8.08 13.58 4.5 10.92 2.12 8.08 5.41 3.35 3.35 3.35 4.5 0.0 13.58 3.35 5.41 15.66 3.35 4.5 13.42 14.23 8.08 2.12 8.08 15.66 3.0 2.12 14.85 15.66 14.85 5.41 5.41 14.77 3.35 14.85 3.0 5.41 6.71 3.35 3.35 20.12 3.35 13.42 6.71 3.0 3.35 15.66 4.5 14.85 12.09 4.5 6.71 5.41 10.92 14.85 14.85 10.92 3.0 12.09 6.71 14.77 14.23 10.92 12.09 9.0 4.5 20.12 14.77 14.23 5.41 8.08 0.0 12.09 15.66 8.08 14.85 5.41 9.0 6.71 3.35 3.35 15.66 0.0 3.35 6.71 12.09 3.35 3.0 6.71 3.35 3.35 12.09 3.35 5.41 14.85 13.42 3.35 20.12 3.35 6.71
12.09 16.77 4.24 11.72 10.61 3.0 10.06 4.24 6.71 15.0 10.61 10.61 10.61 12.09 11.72 12.73 6.71 17.49 15.0 10.61 7.5 16.77 4.24 10.06 4.24 17.49 10.92 10.06 4.5 17.49 4.5 6.71 6.71 8.75 15.0 4.5 10.92 6.71 10.06 12.73 12.73 22.9 10.61 7.5 10.06 10.92 15.0 17.49 10.61 4.5 0.0 10.61 10.06 6.71 3.0 4.5 4.5 3.0 10.92 0.0 10.06 8.75 16.77 3.0 0.0 10.92 10.61 22.9 8.75 16.77 6.71 4.24 12.09 0.0 17.49 4.24 4.5 6.71 10.92 10.06 15.0 15.0 17.49 12.09 12.73 10.06 0.0 12.73 10.92 10.06 10.61 12.73 6.36 10.61 6.71 4.5 7.5 12.73 22.9 12.73 10.06
15.66 1.5 16.97 6.18 11.42 19.21 14.77 16.97 15.0 18.25 18.12 18.12 11.42 15.66 6.18 18.97 15.0 0.0 18.25 11.42 10.92 1.5 16.97 14.77 16.97 0.0 12.82 14.77 15.66 0.0 15.66 15.0 15.0 10.61 18.25 15.66 12.82 15.0 20.84 18.97 18.97 5.41 18.12 10.92 20.84 12.82 18.25 0.0 11.42 15.66 17.49 11.42 20.84 15.0 19.21 15.66 15.66 19.21 12.82 17.49 20.84 10.61 1.5 19.21 17.49 7.5 11.42 5.41 10.61 1.5 15.0 16.97 15.66 17.49 0.0 16.97 15.66 15.0 7.5 20.84 18.25 18.25 0.0 15.66 18.97 20.84 17.49 18.97 12.82 20.84 18.12 18.97 11.42 18.12 15.0 15.66 10.92 18.97 5.41 18.97 20.84
8.08 15.95 0.0 12.09 7.65 3.0 6.18 0.0 3.0 10.82 6.36 6.36 7.65 8.08 12.09 8.49 3.0 16.97 10.82 7.65 9.12 15.95 0.0 6.18 0.0 16.97 7.5 6.18 8.08 16.97 8.08 3.0 3.0 10.61 10.82 8.08 7.5 3.0 6.18 8.49 8.49 22.3 6.36 9.12 6.18 7.5 10.82 16.97 7.65 8.08 4.24 7.65 6.18 3.0 3.0 8.08 8.08 3.0 7.5 4.24 6.18 10.61 15.95 3.0 4.24 9.6 7.65 22.3 10.61 15.95 3.0 0.0 8.08 4.24 16.97 0.0 8.08 3.0 9.6 6.18 10.82 10.82 16.97 8.08 8.49 6.18 4.24 8.49 7.5 6.18 6.36 8.49 7.65 6.36 3.0 8.08 9.12 8.49 22.3 8.49 6.18
14.85 15.3 8.08 9.49 12.09 7.5 12.73 8.08 9.6 18.06 14.15 14.15 12.09 14.85 9.49 16.22 9.6 15.66 18.06 12.09 4.74 15.3 8.08 12.73 8.08 15.66 12.9 12.73 0.0 15.66 0.0 9.6 9.6 5.41 18.06 0.0 12.9 9.6 14.23 16.22 16.22 20.89 14.15 4.74 14.23 12.9 18.06 15.66 12.09 0.0 4.5 12.09 14.23 9.6 7.5 0.0 0.0 7.5 12.9 4.5 14.23 5.41 15.3 7.5 4.5 10.61 12.09 20.89 5.41 15.3 9.6 8.08 14.85 4.5 15.66 8.08 0.0 9.6 10.61 14.23 18.06 18.06 15.66 14.85 16.22 14.23 4.5 16.22 12.9 14.23 14.15 16.22 4.5 14.15 9.6 0.0 4.74 16.22 20.89 16.22 14.23
5.41 13.83 3.0 10.92 4.74 6.0 3.35 3.0 0.0 8.49 4.74 4.74 4.74 5.41 10.92 6.71 0.0 15.0 8.49 4.74 9.12 13.83 3.0 3.35 3.0 15.0 4.5 3.35 9.6 15.0 9.6 0.0 0.0 10.61 8.49 9.6 4.5 0.0 6.18 6.71 6.71 20.18 4.74 9.12 6.18 4.5 8.49 15.0 4.74 9.6 6.71 4.74 6.18 0.0 6.0 9.6 9.6 6.0 4.5 6.71 6.18 10.61 13.83 6.0 6.71 7.5 4.74 20.18 10.61 13.83 0.0 3.0 5.41 6.71 15.0 3.0 9.6 0.0 7.5 6.18 8.49 8.49 15.0 5.41 6.71 6.18 6.71 6.71 4.5 6.18 4.74 6.71 7.65 4.74 0.0 9.6 9.12 6.71 20.18 6.71 6.18
9.0 6.36 9.6 4.74 4.5 12.09 7.65 9.6 7.5 12.09 10.92 10.92 4.5 9.0 4.74 12.09 7.5 7.5 12.09 4.5 6.71 6.36 9.6 7.65 9.6 7.5 6.0 7.65 10.61 7.5 10.61 7.5 7.5 7.5 12.09 10.61 6.0 7.5 13.42 12.09 12.09 12.73 10.92 6.71 13.42 6.0 12.09 7.5 4.5 10.61 10.92 4.5 13.42 7.5 12.09 10.61 10.61 12.09 6.0 10.92 13.42 7.5 6.36 12.09 10.92 0.0 4.5 12.73 7.5 6.36 7.5 9.6 9.0 10.92 7.5 9.6 10.61 7.5 0.0 13.42 12.09 12.09 7.5 9.0 12.09 13.42 10.92 12.09 6.0 13.42 10.92 12.09 6.18 10.92 7.5 10.61 6.71 12.09 12.73 12.09 13.42
6.71 19.56 6.18 17.1 9.6 7.5 6.36 6.18 6.18 7.5 3.35 3.35 9.6 6.71 17.1 4.5 6.18 20.84 7.5 9.6 15.0 19.56 6.18 6.36 6.18 20.84 8.49 6.36 14.23 20.84 14.23 6.18 6.18 16.5 7.5 14.23 8.49 6.18 0.0 4.5 4.5 25.81 3.35 15.0 0.0 8.49 7.5 20.84 9.6 14.23 10.06 9.6 0.0 6.18 7.5 14.23 14.23 7.5 8.49 10.06 0.0 16.5 19.56 7.5 10.06 13.42 9.6 25.81 16.5 19.56 6.18 6.18 6.71 10.06 20.84 6.18 14.23 6.18 13.42 0.0 7.5 7.5 20.84 6.71 4.5 0.0 10.06 4.5 8.49 0.0 3.35 4.5 13.5 3.35 6.18 14.23 15.0 4.5 25.81 4.5 0.0
3.35 16.77 10.82 16.77 7.65 13.42 5.41 10.82 8.49 0.0 4.74 4.74 7.65 3.35 16.77 3.0 8.49 18.25 0.0 7.65 16.77 16.77 10.82 5.41 10.82 18.25 6.18 5.41 18.06 18.25 18.06 8.49 8.49 18.12 0.0 18.06 6.18 8.49 7.5 3.0 3.0 22.3 4.74 16.77 7.5 6.18 0.0 18.25 7.65 18.06 15.0 7.65 7.5 8.49 13.42 18.06 18.06 13.42 6.18 15.0 7.5 18.12 16.77 13.42 15.0 12.09 7.65 22.3 18.12 16.77 8.49 10.82 3.35 15.0 18.25 10.82 18.06 8.49 12.09 7.5 0.0 0.0 18.25 3.35 3.0 7.5 15.0 3.0 6.18 7.5 4.74 3.0 15.44 4.74 8.49 18.06 16.77 3.0 22.3 3.0 7.5
3.35 16.77 10.82 16.77 7.65 13.42 5.41 10.82 8.49 0.0 4.74 4.74 7.65 3.35 16.77 3.0 8.49 18.25 0.0 7.65 16.77 16.77 10.82 5.41 10.82 18.25 6.18 5.41 18.06 18.25 18.06 8.49 8.49 18.12 0.0 18.06 6.18 8.49 7.5 3.0 3.0 22.3 4.74 16.77 7.5 6.18 0.0 18.25 7.65 18.06 15.0 7.65 7.5 8.49 13.42 18.06 18.06 13.42 6.18 15.0 7.5 18.12 16.77 13.42 15.0 12.09 7.65 22.3 18.12 16.77 8.49 10.82 3.35 15.0 18.25 10.82 18.06 8.49 12.09 7.5 0.0 0.0 18.25 3.35 3.0 7.5 15.0 3.0 6.18 7.5 4.74 3.0 15.44 4.74 8.49 18.06 16.77 3.0 22.3 3.0 7.5
15.66 1.5 16.97 6.18 11.42 19.21 14.77 16.97 15.0 18.25 18.12 18.12 11.42 15.66 6.18 18.97 15.0 0.0 18.25 11.42 10.92 1.5 16.97 14.77 16.97 0.0 12.82 14.77 15.66 0.0 15.66 15.0 15.0 10.61 18.25 15.66 12.82 15.0 20.84 18.97 18.97 5.41 18.12 10.92 20.84 12.82 18.25 0.0 11.42 15.66 17.49 11.42 20.84 15.0 19.21 15.66 15.66 19.21 12.82 17.49 20.84 10.61 1.5 19.21 17.49 7.5 11.42 5.41 10.61 1.5 15.0 16.97 15.66 17.49 0.0 16.97 15.66 15.0 7.5 20.84 18.25 18.25 0.0 15.66 18.97 20.84 17.49 18.97 12.82 20.84 18.12 18.97 11.42 18.12 15.0 15.66 10.92 18.97 5.41 18.97 20.84
0.0 14.23 8.08 13.58 4.5 10.92 2.12 8.08 5.41 3.35 3.35 3.35 4.5 0.0 13.58 3.35 5.41 15.66 3.35 4.5 13.42 14.23 8.08 2.12 8.08 15.66 3.0 2.12 14.85 15.66 14.85 5.41 5.41 14.77 3.35 14.85 3.0 5.41 6.71 3.35 3.35 20.12 3.35 13.42 6.71 3.0 3.35 15.66 4.5 14.85 12.09 4.5 6.71 5.41 10.92 14.85 14.85 10.92 3.0 12.09 6.71 14.77 14.23 10.92 12.09 9.0 4.5 20.12 14.77 14.23 5.41 8.08 0.0 12.09 15.66 8.08 14.85 5.41 9.0 6.71 3.35 3.35 15.66 0.0 3.35 6.71 12.09 3.35 3.0 6.71 3.35 3.35 12.09 3.35 5.41 14.85 13.42 3.35 20.12 3.35 6.71
3.35 17.56 8.49 16.5 7.65 10.82 4.5 8.49 6.71 3.0 2.12 2.12 7.65 3.35 16.5 0.0 6.71 18.97 3.0 7.65 15.66 17.56 8.49 4.5 8.49 18.97 6.18 4.5 16.22 18.97 16.22 6.71 6.71 17.1 3.0 16.22 6.18 6.71 4.5 0.0 0.0 23.48 2.12 15.66 4.5 6.18 3.0 18.97 7.65 16.22 12.73 7.65 4.5 6.71 10.82 16.22 16.22 10.82 6.18 12.73 4.5 17.1 17.56 10.82 12.73 12.09 7.65 23.48 17.1 17.56 6.71 8.49 3.35 12.73 18.97 8.49 16.22 6.71 12.09 4.5 3.0 3.0 18.97 3.35 0.0 4.5 12.73 0.0 6.18 4.5 2.12 0.0 14.23 2.12 6.71 16.22 15.66 0.0 23.48 0.0 4.5
6.71 19.56 6.18 17.1 9.6 7.5 6.36 6.18 6.18 7.5 3.35 3.35 9.6 6.71 17.1 4.5 6.18 20.84 7.5 9.6 15.0 19.56 6.18 6.36 6.18 20.84 8.49 6.36 14.23 20.84 14.23 6.18 6.18 16.5 7.5 14.23 8.49 6.18 0.0 4.5 4.5 25.81 3.35 15.0 0.0 8.49 7.5 20.84 9.6 14.23 10.06 9.6 0.0 6.18 7.5 14.23 14.23 7.5 8.49 10.06 0.0 16.5 19.56 7.5 10.06 13.42 9.6 25.81 16.5 19.56 6.18 6.18 6.71 10.06 20.84 6.18 14.23 6.18 13.42 0.0 7.5 7.5 20.84 6.71 4.5 0.0 10.06 4.5 8.49 0.0 3.35 4.5 13.5 3.35 6.18 14.23 15.0 4.5 25.81 4.5 0.0
12.09 16.77 4.24 11.72 10.61 3.0 10.06 4.24 6.71 15.0 10.61 10.61 10.61 12.09 11.72 12.73 6.71 17.49 15.0 10.61 7.5 16.77 4.24 10.06 4.24 17.49 10.92 10.06 4.5 17.49 4.5 6.71 6.71 8.75 15.0 4.5 10.92 6.71 10.06 12.73 12.73 22.9 10.61 7.5 10.06 10.92 15.0 17.49 10.61 4.5 0.0 10.61 10.06 6.71 3.0 4.5 4.5 3.0 10.92 0.0 10.06 8.75 16.77 3.0 0.0 10.92 10.61 22.9 8.75 16.77 6.71 4.24 12.09 0.0 17.49 4.24 4.5 6.71 10.92 10.06 15.0 15.0 17.49 12.09 12.73 10.06 0.0 12.73 10.92 10.06 10.61 12.73 6.36 10.61 6.71 4.5 7.5 12.73 22.9 12.73 10.06
3.35 17.56 8.49 16.5 7.65 10.82 4.5 8.49 6.71 3.0 2.12 2.12 7.65 3.35 16.5 0.0 6.71 18.97 3.0 7.65 15.66 17.56 8.49 4.5 8.49 18.97 6.18 4.5 16.22 18.97 16.22 6.71 6.71 17.1 3.0 16.22 6.18 6.71 4.5 0.0 0.0 23.48 2.12 15.66 4.5 6.18 3.0 18.97 7.65 16.22 12.73 7.65 4.5 6.71 10.82 16.22 16.22 10.82 6.18 12.73 4.5 17.1 17.56 10.82 12.73 12.09 7.65 23.48 17.1 17.56 6.71 8.49 3.35 12.73 18.97 8.49 16.22 6.71 12.09 4.5 3.0 3.0 18.97 3.35 0.0 4.5 12.73 0.0 6.18 4.5 2.12 0.0 14.23 2.12 6.71 16.22 15.66 0.0 23.48 0.0 4.5
3.0 11.42 7.5 10.61 1.5 10.5 2.12 7.5 4.5 6.18 5.41 5.41 1.5 3.0 10.61 6.18 4.5 12.82 6.18 1.5 10.82 11.42 7.5 2.12 7.5 12.82 0.0 2.12 12.9 12.82 12.9 4.5 4.5 12.09 6.18 12.9 0.0 4.5 8.49 6.18 6.18 17.49 5.41 10.82 8.49 0.0 6.18 12.82 1.5 12.9 10.92 1.5 8.49 4.5 10.5 12.9 12.9 10.5 0.0 10.92 8.49 12.09 11.42 10.5 10.92 6.0 1.5 17.49 12.09 11.42 4.5 7.5 3.0 10.92 12.82 7.5 12.9 4.5 6.0 8.49 6.18 6.18 12.82 3.0 6.18 8.49 10.92 6.18 0.0 8.49 5.41 6.18 9.6 5.41 4.5 12.9 10.82 6.18 17.49 6.18 8.49
6.71 19.56 6.18 17.1 9.6 7.5 6.36 6.18 6.18 7.5 3.35 3.35 9.6 6.71 17.1 4.5 6.18 20.84 7.5 9.6 15.0 19.56 6.18 6.36 6.18 20.84 8.49 6.36 14.23 20.84 14.23 6.18 6.18 16.5 7.5 14.23 8.49 6.18 0.0 4.5 4.5 25.81 3.35 15.0 0.0 8.49 7.5 20.84 9.6 14.23 10.06 9.6 0.0 6.18 7.5 14.23 14.23 7.5 8.49 10.06 0.0 16.5 19.56 7.5 10.06 13.42 9.6 25.81 16.5 19.56 6.18 6.18 6.71 10.06 20.84 6.18 14.23 6.18 13.42 0.0 7.5 7.5 20.84 6.71 4.5 0.0 10.06 4.5 8.49 0.0 3.35 4.5 13.5 3.35 6.18 14.23 15.0 4.5 25.81 4.5 0.0
3.35 16.77 6.36 15.07 6.71 8.75 3.35 6.36 4.74 4.74 0.0 0.0 6.71 3.35 15.07 2.12 4.74 18.12 4.74 6.71 13.83 16.77 6.36 3.35 6.36 18.12 5.41 3.35 14.15 18.12 14.15 4.74 4.74 15.3 4.74 14.15 5.41 4.74 3.35 2.12 2.12 22.9 0.0 13.83 3.35 5.41 4.74 18.12 6.71 14.15 10.61 6.71 3.35 4.74 8.75 14.15 14.15 8.75 5.41 10.61 3.35 15.3 16.77 8.75 10.61 10.92 6.71 22.9 15.3 16.77 4.74 6.36 3.35 10.61 18.12 6.36 14.15 4.74 10.92 3.35 4.74 4.74 18.12 3.35 2.12 3.35 10.61 2.12 5.41 3.35 0.0 2.12 12.37 0.0 4.74 14.15 13.83 2.12 22.9 2.12 3.35
3.35 17.56 8.49 16.5 7.65 10.82 4.5 8.49 6.71 3.0 2.12 2.12 7.65 3.35 16.5 0.0 6.71 18.97 3.0 7.65 15.66 17.56 8.49 4.5 8.49 18.97 6.18 4.5 16.22 18.97 16.22 6.71 6.71 17.1 3.0 16.22 6.18 6.71 4.5 0.0 0.0 23.48 2.12 15.66 4.5 6.18 3.0 18.97 7.65 16.22 12.73 7.65 4.5 6.71 10.82 16.22 16.22 10.82 6.18 12.73 4.5 17.1 17.56 10.82 12.73 12.09 7.65 23.48 17.1 17.56 6.71 8.49 3.35 12.73 18.97 8.49 16.22 6.71 12.09 4.5 3.0 3.0 18.97 3.35 0.0 4.5 12.73 0.0 6.18 4.5 2.12 0.0 14.23 2.12 6.71 16.22 15.66 0.0 23.48 0.0 4.5
12.09 10.92 7.65 5.41 8.49 8.75 10.06 7.65 7.65 15.44 12.37 12.37 8.49 12.09 5.41 14.23 7.65 11.42 15.44 8.49 1.5 10.92 7.65 10.06 7.65 11.42 9.6 10.06 4.5 11.42 4.5 7.65 7.65 3.0 15.44 4.5 9.6 7.65 13.5 14.23 14.23 16.77 12.37 1.5 13.5 9.6 15.44 11.42 8.49 4.5 6.36 8.49 13.5 7.65 8.75 4.5 4.5 8.75 9.6 6.36 13.5 3.0 10.92 8.75 6.36 6.18 8.49 16.77 3.0 10.92 7.65 7.65 12.09 6.36 11.42 7.65 4.5 7.65 6.18 13.5 15.44 15.44 11.42 12.09 14.23 13.5 6.36 14.23 9.6 13.5 12.37 14.23 0.0 12.37 7.65 4.5 1.5 14.23 16.77 14.23 13.5
3.35 16.77 6.36 15.07 6.71 8.75 3.35 6.36 4.74 4.74 0.0 0.0 6.71 3.35 15.07 2.12 4.74 18.12 4.74 6.71 13.83 16.77 6.36 3.35 6.36 18.12 5.41 3.35 14.15 18.12 14.15 4.74 4.74 15.3 4.74 14.15 5.41 4.74 3.35 2.12 2.12 22.9 0.0 13.83 3.35 5.41 4.74 18.12 6.71 14.15 10.61 6.71 3.35 4.74 8.75 14.15 14.15 8.75 5.41 10.61 3.35 15.3 16.77 8.75 10.61 10.92 6.71 22.9 15.3 16.77 4.74 6.36 3.35 10.61 18.12 6.36 14.15 4.74 10.92 3.35 4.74 4.74 18.12 3.35 2.12 3.35 10.61 2.12 5.41 3.35 0.0 2.12 12.37 0.0 4.74 14.15 13.83 2.12 22.9 2.12 3.35
5.41 13.83 3.0 10.92 4.74 6.0 3.35 3.0 0.0 8.49 4.74 4.74 4.74 5.41 10.92 6.71 0.0 15.0 8.49 4.74 9.12 13.83 3.0 3.35 3.0 15.0 4.5 3.35 9.6 15.0 9.6 0.0 0.0 10.61 8.49 9.6 4.5 0.0 6.18 6.71 6.71 20.18 4.74 9.12 6.18 4.5 8.49 15.0 4.74 9.6 6.71 4.74 6.18 0.0 6.0 9.6 9.6 6.0 4.5 6.71 6.18 10.61 13.83 6.0 6.71 7.5 4.74 20.18 10.61 13.83 0.0 3.0 5.41 6.71 15.0 3.0 9.6 0.0 7.5 6.18 8.49 8.49 15.0 5.41 6.71 6.18 6.71 6.71 4.5 6.18 4.74 6.71 7.65 4.74 0.0 9.6 9.12 6.71 20.18 6.71 6.18
14.85 15.3 8.08 9.49 12.09 7.5 12.73 8.08 9.6 18.06 14.15 14.15 12.09 14.85 9.49 16.22 9.6 15.66 18.06 12.09 4.74 15.3 8.08 12.73 8.08 15.66 12.9 12.73 0.0 15.66 0.0 9.6 9.6 5.41 18.06 0.0 12.9 9.6 14.23 16.22 16.22 20.89 14.15 4.74 14.23 12.9 18.06 15.66 12.09 0.0 4.5 12.09 14.23 9.6 7.5 0.0 0.0 7.5 12.9 4.5 14.23 5.41 15.3 7.5 4.5 10.61 12.09 20.89 5.41 15.3 9.6 8.08 14.85 4.5 15.66 8.08 0.0 9.6 10.61 14.23 18.06 18.06 15.66 14.85 16.22 14.23 4.5 16.22 12.9 14.23 14.15 16.22 4.5 14.15 9.6 0.0 4.74 16.22 20.89 16.22 14.23
13.42 10.61 9.12 4.74 9.6 10.06 11.42 9.12 9.12 16.77 13.83 13.83 9.6 13.42 4.74 15.66 9.12 10.92 16.77 9.6 0.0 10.61 9.12 11.42 9.12 10.92 10.82 11.42 4.74 10.92 4.74 9.12 9.12 1.5 16.77 4.74 10.82 9.12 15.0 15.66 15.66 16.16 13.83 0.0 15.0 10.82 16.77 10.92 9.6 4.74 7.5 9.6 15.0 9.12 10.06 4.74 4.74 10.06 10.82 7.5 15.0 1.5 10.61 10.06 7.5 6.71 9.6 16.16 1.5 10.61 9.12 9.12 13.42 7.5 10.92 9.12 4.74 9.12 6.71 15.0 16.77 16.77 10.92 13.42 15.66 15.0 7.5 15.66 10.82 15.0 13.83 15.66 1.5 13.83 9.12 4.74 0.0 15.66 16.16 15.66 15.0
3.35 17.56 8.49 16.5 7.65 10.82 4.5 8.49 6.71 3.0 2.12 2.12 7.65 3.35 16.5 0.0 6.71 18.97 3.0 7.65 15.66 17.56 8.49 4.5 8.49 18.97 6.18 4.5 16.22 18.97 16.22 6.71 6.71 17.1 3.0 16.22 6.18 6.71 4.5 0.0 0.0 23.48 2.12 15.66 4.5 6.18 3.0 18.97 7.65 16.22 12.73 7.65 4.5 6.71 10.82 16.22 16.22 10.82 6.18 12.73 4.5 17.1 17.56 10.82 12.73 12.09 7.65 23.48 17.1 17.56 6.71 8.49 3.35 12.73 18.97 8.49 16.22 6.71 12.09 4.5 3.0 3.0 18.97 3.35 0.0 4.5 12.73 0.0 6.18 4.5 2.12 0.0 14.23 2.12 6.71 16.22 15.66 0.0 23.48 0.0 4.5
20.12 6.36 22.3 11.42 16.22 24.6 19.56 22.3 20.18 22.3 22.9 22.9 16.22 20.12 11.42 23.48 20.18 5.41 22.3 16.22 16.16 6.36 22.3 19.56 22.3 5.41 17.49 19.56 20.89 5.41 20.89 20.18 20.18 15.66 22.3 20.89 17.49 20.18 25.81 23.48 23.48 0.0 22.9 16.16 25.81 17.49 22.3 5.41 16.22 20.89 22.9 16.22 25.81 20.18 24.6 20.89 20.89 24.6 17.49 22.9 25.81 15.66 6.36 24.6 22.9 12.73 16.22 0.0 15.66 6.36 20.18 22.3 20.12 22.9 5.41 22.3 20.89 20.18 12.73 25.81 22.3 22.3 5.41 20.12 23.48 25.81 22.9 23.48 17.49 25.81 22.9 23.48 16.77 22.9 20.18 20.89 16.16 23.48 0.0 23.48 25.81
3.35 17.56 8.49 16.5 7.65 10.82 4.5 8.49 6.71 3.0 2.12 2.12 7.65 3.35 16.5 0.0 6.71 18.97 3.0 7.65 15.66 17.56 8.49 4.5 8.49 18.97 6.18 4.5 16.22 18.97 16.22 6.71 6.71 17.1 3.0 16.22 6.18 6.71 4.5 0.0 0.0 23.48 2.12 15.66 4.5 6.18 3.0 18.97 7.65 16.22 12.73 7.65 4.5 6.71 10.82 16.22 16.22 10.82 6.18 12.73 4.5 17.1 17.56 10.82 12.73 12.09 7.65 23.48 17.1 17.56 6.71 8.49 3.35 12.73 18.97 8.49 16.22 6.71 12.09 4.5 3.0 3.0 18.97 3.35 0.0 4.5 12.73 0.0 6.18 4.5 2.12 0.0 14.23 2.12 6.71 16.22 15.66 0.0 23.48 0.0 4.5
6.71 19.56 6.18 17.1 9.6 7.5 6.36 6.18 6.18 7.5 3.35 3.35 9.6 6.71 17.1 4.5 6.18 20.84 7.5 9.6 15.0 19.56 6.18 6.36 6.18 20.84 8.49 6.36 14.23 20.84 14.23 6.18 6.18 16.5 7.5 14.23 8.49 6.18 0.0 4.5 4.5 25.81 3.35 15.0 0.0 8.49 7.5 20.84 9.6 14.23 10.06 9.6 0.0 6.18 7.5 14.23 14.23 7.5 8.49 10.06 0.0 16.5 19.56 7.5 10.06 13.42 9.6 25.81 16.5 19.56 6.18 6.18 6.71 10.06 20.84 6.18 14.23 6.18 13.42 0.0 7.5 7.5 20.84 6.71 4.5 0.0 10.06 4.5 8.49 0.0 3.35 4.5 13.5 3.35 6.18 14.23 15.0 4.5 25.81 4.5 0.0
