0.0 13.42 10.92 12.09 13.58 12.09 9.0 5.41 10.92 3.0 15.66 12.09 12.09 3.0 14.23 0.0 4.5 10.92 15.66 3.35 9.0 14.77 15.66 9.0 0.0 4.5 10.92 14.77 9.0 14.77 8.08 9.0 4.5 3.35 6.71 3.0 6.71 2.12 3.35 12.09 12.09
13.42 0.0 10.06 1.5 4.74 7.5 6.71 9.12 10.06 10.82 10.92 7.5 1.5 10.82 10.61 13.42 9.6 10.06 10.92 15.66 6.71 1.5 10.92 6.71 13.42 9.6 10.06 1.5 6.71 1.5 9.12 6.71 9.6 16.77 15.0 10.82 15.0 11.42 15.66 1.5 7.5
10.92 10.06 0.0 8.75 13.83 3.0 12.09 6.0 0.0 10.5 19.21 3.0 8.75 10.5 18.31 10.92 10.61 0.0 19.21 10.82 12.09 11.42 19.21 12.09 10.92 10.61 0.0 11.42 12.09 11.42 3.0 12.09 10.61 13.42 7.5 10.5 7.5 9.12 10.82 8.75 3.0
12.09 1.5 8.75 0.0 5.41 6.36 6.18 7.65 8.75 9.6 11.42 6.36 0.0 9.6 10.92 12.09 8.49 8.75 11.42 14.23 6.18 3.0 11.42 6.18 12.09 8.49 8.75 3.0 6.18 3.0 7.65 6.18 8.49 15.44 13.5 9.6 13.5 10.06 14.23 0.0 6.36
13.58 4.74 13.83 5.41 0.0 11.72 4.74 10.92 13.83 10.61 6.18 11.72 5.41 10.61 6.0 13.58 9.12 13.83 6.18 16.5 4.74 4.5 6.18 4.74 13.58 9.12 13.83 4.5 4.74 4.5 12.09 4.74 9.12 16.77 17.1 10.61 17.1 12.0 16.5 5.41 11.72
12.09 7.5 3.0 6.36 11.72 0.0 10.92 6.71 3.0 10.92 17.49 0.0 6.36 10.92 16.77 12.09 10.61 3.0 17.49 12.73 10.92 8.75 17.49 10.92 12.09 10.61 3.0 8.75 10.92 8.75 4.24 10.92 10.61 15.0 10.06 10.92 10.06 10.06 12.73 6.36 0.0
9.0 6.71 12.09 6.18 4.74 10.92 0.0 7.5 12.09 6.0 7.5 10.92 6.18 6.0 6.36 9.0 4.5 12.09 7.5 12.09 0.0 7.5 7.5 0.0 9.0 4.5 12.09 7.5 0.0 7.5 9.6 0.0 4.5 12.09 13.42 6.0 13.42 7.65 12.09 6.18 10.92
5.41 9.12 6.0 7.65 10.92 6.71 7.5 0.0 6.0 4.5 15.0 6.71 7.65 4.5 13.83 5.41 4.74 6.0 15.0 6.71 7.5 10.61 15.0 7.5 5.41 4.74 6.0 10.61 7.5 10.61 3.0 7.5 4.74 8.49 6.18 4.5 6.18 3.35 6.71 7.65 6.71
10.92 10.06 0.0 8.75 13.83 3.0 12.09 6.0 0.0 10.5 19.21 3.0 8.75 10.5 18.31 10.92 10.61 0.0 19.21 10.82 12.09 11.42 19.21 12.09 10.92 10.61 0.0 11.42 12.09 11.42 3.0 12.09 10.61 13.42 7.5 10.5 7.5 9.12 10.82 8.75 3.0
3.0 10.82 10.5 9.6 10.61 10.92 6.0 4.5 10.5 0.0 12.82 10.92 9.6 0.0 11.42 3.0 1.5 10.5 12.82 6.18 6.0 12.09 12.82 6.0 3.0 1.5 10.5 12.09 6.0 12.09 7.5 6.0 1.5 6.18 8.49 0.0 8.49 2.12 6.18 9.6 10.92
15.66 10.92 19.21 11.42 6.18 17.49 7.5 15.0 19.21 12.82 0.0 17.49 11.42 12.82 1.5 15.66 11.42 19.21 0.0 18.97 7.5 10.61 0.0 7.5 15.66 11.42 19.21 10.61 7.5 10.61 16.97 7.5 11.42 18.25 20.84 12.82 20.84 14.77 18.97 11.42 17.49
12.09 7.5 3.0 6.36 11.72 0.0 10.92 6.71 3.0 10.92 17.49 0.0 6.36 10.92 16.77 12.09 10.61 3.0 17.49 12.73 10.92 8.75 17.49 10.92 12.09 10.61 3.0 8.75 10.92 8.75 4.24 10.92 10.61 15.0 10.06 10.92 10.06 10.06 12.73 6.36 0.0
12.09 1.5 8.75 0.0 5.41 6.36 6.18 7.65 8.75 9.6 11.42 6.36 0.0 9.6 10.92 12.09 8.49 8.75 11.42 14.23 6.18 3.0 11.42 6.18 12.09 8.49 8.75 3.0 6.18 3.0 7.65 6.18 8.49 15.44 13.5 9.6 13.5 10.06 14.23 0.0 6.36
3.0 10.82 10.5 9.6 10.61 10.92 6.0 4.5 10.5 0.0 12.82 10.92 9.6 0.0 11.42 3.0 1.5 10.5 12.82 6.18 6.0 12.09 12.82 6.0 3.0 1.5 10.5 12.09 6.0 12.09 7.5 6.0 1.5 6.18 8.49 0.0 8.49 2.12 6.18 9.6 10.92
14.23 10.61 18.31 10.92 6.0 16.77 6.36 13.83 18.31 11.42 1.5 16.77 10.92 11.42 0.0 14.23 10.06 18.31 1.5 17.56 6.36 10.5 1.5 6.36 14.23 10.06 18.31 10.5 6.36 10.5 15.95 6.36 10.06 16.77 19.56 11.42 19.56 13.42 17.56 10.92 16.77
0.0 13.42 10.92 12.09 13.58 12.09 9.0 5.41 10.92 3.0 15.66 12.09 12.09 3.0 14.23 0.0 4.5 10.92 15.66 3.35 9.0 14.77 15.66 9.0 0.0 4.5 10.92 14.77 9.0 14.77 8.08 9.0 4.5 3.35 6.71 3.0 6.71 2.12 3.35 12.09 12.09
4.5 9.6 10.61 8.49 9.12 10.61 4.5 4.74 10.61 1.5 11.42 10.61 8.49 1.5 10.06 4.5 0.0 10.61 11.42 7.65 4.5 10.82 11.42 4.5 4.5 0.0 10.61 10.82 4.5 10.82 7.65 4.5 0.0 7.65 9.6 1.5 9.6 3.35 7.65 8.49 10.61
10.92 10.06 0.0 8.75 13.83 3.0 12.09 6.0 0.0 10.5 19.21 3.0 8.75 10.5 18.31 10.92 10.61 0.0 19.21 10.82 12.09 11.42 19.21 12.09 10.92 10.61 0.0 11.42 12.09 11.42 3.0 12.09 10.61 13.42 7.5 10.5 7.5 9.12 10.82 8.75 3.0
15.66 10.92 19.21 11.42 6.18 17.49 7.5 15.0 19.21 12.82 0.0 17.49 11.42 12.82 1.5 15.66 11.42 19.21 0.0 18.97 7.5 10.61 0.0 7.5 15.66 11.42 19.21 10.61 7.5 10.61 16.97 7.5 11.42 18.25 20.84 12.82 20.84 14.77 18.97 11.42 17.49
3.35 15.66 10.82 14.23 16.5 12.73 12.09 6.71 10.82 6.18 18.97 12.73 14.23 6.18 17.56 3.35 7.65 10.82 18.97 0.0 12.09 17.1 18.97 12.09 3.35 7.65 10.82 17.1 12.09 17.1 8.49 12.09 7.65 3.0 4.5 6.18 4.5 4.5 0.0 14.23 12.73
9.0 6.71 12.09 6.18 4.74 10.92 0.0 7.5 12.09 6.0 7.5 10.92 6.18 6.0 6.36 9.0 4.5 12.09 7.5 12.09 0.0 7.5 7.5 0.0 9.0 4.5 12.09 7.5 0.0 7.5 9.6 0.0 4.5 12.09 13.42 6.0 13.42 7.65 12.09 6.18 10.92
14.77 1.5 11.42 3.0 4.5 8.75 7.5 10.61 11.42 12.09 10.61 8.75 3.0 12.09 10.5 14.77 10.82 11.42 10.61 17.1 7.5 0.0 10.61 7.5 14.77 10.82 11.42 0.0 7.5 0.0 10.61 7.5 10.82 18.12 16.5 12.09 16.5 12.82 17.1 3.0 8.75
15.66 10.92 19.21 11.42 6.18 17.49 7.5 15.0 19.21 12.82 0.0 17.49 11.42 12.82 1.5 15.66 11.42 19.21 0.0 18.97 7.5 10.61 0.0 7.5 15.66 11.42 19.21 10.61 7.5 10.61 16.97 7.5 11.42 18.25 20.84 12.82 20.84 14.77 18.97 11.42 17.49
9.0 6.71 12.09 6.18 4.74 10.92 0.0 7.5 12.09 6.0 7.5 10.92 6.18 6.0 6.36 9.0 4.5 12.09 7.5 12.09 0.0 7.5 7.5 0.0 9.0 4.5 12.09 7.5 0.0 7.5 9.6 0.0 4.5 12.09 13.42 6.0 13.42 7.65 12.09 6.18 10.92
0.0 13.42 10.92 12.09 13.58 12.09 9.0 5.41 10.92 3.0 15.66 12.09 12.09 3.0 14.23 0.0 4.5 10.92 15.66 3.35 9.0 14.77 15.66 9.0 0.0 4.5 10.92 14.77 9.0 14.77 8.08 9.0 4.5 3.35 6.71 3.0 6.71 2.12 3.35 12.09 12.09
4.5 9.6 10.61 8.49 9.12 10.61 4.5 4.74 10.61 1.5 11.42 10.61 8.49 1.5 10.06 4.5 0.0 10.61 11.42 7.65 4.5 10.82 11.42 4.5 4.5 0.0 10.61 10.82 4.5 10.82 7.65 4.5 0.0 7.65 9.6 1.5 9.6 3.35 7.65 8.49 10.61
10.92 10.06 0.0 8.75 13.83 3.0 12.09 6.0 0.0 10.5 19.21 3.0 8.75 10.5 18.31 10.92 10.61 0.0 19.21 10.82 12.09 11.42 19.21 12.09 10.92 10.61 0.0 11.42 12.09 11.42 3.0 12.09 10.61 13.42 7.5 10.5 7.5 9.12 10.82 8.75 3.0
14.77 1.5 11.42 3.0 4.5 8.75 7.5 10.61 11.42 12.09 10.61 8.75 3.0 12.09 10.5 14.77 10.82 11.42 10.61 17.1 7.5 0.0 10.61 7.5 14.77 10.82 11.42 0.0 7.5 0.0 10.61 7.5 10.82 18.12 16.5 12.09 16.5 12.82 17.1 3.0 8.75
9.0 6.71 12.09 6.18 4.74 10.92 0.0 7.5 12.09 6.0 7.5 10.92 6.18 6.0 6.36 9.0 4.5 12.09 7.5 12.09 0.0 7.5 7.5 0.0 9.0 4.5 12.09 7.5 0.0 7.5 9.6 0.0 4.5 12.09 13.42 6.0 13.42 7.65 12.09 6.18 10.92
14.77 1.5 11.42 3.0 4.5 8.75 7.5 10.61 11.42 12.09 10.61 8.75 3.0 12.09 10.5 14.77 10.82 11.42 10.61 17.1 7.5 0.0 10.61 7.5 14.77 10.82 11.42 0.0 7.5 0.0 10.61 7.5 10.82 18.12 16.5 12.09 16.5 12.82 17.1 3.0 8.75
8.08 9.12 3.0 7.65 12.09 4.24 9.6 3.0 3.0 7.5 16.97 4.24 7.65 7.5 15.95 8.08 7.65 3.0 16.97 8.49 9.6 10.61 16.97 9.6 8.08 7.65 3.0 10.61 9.6 10.61 0.0 9.6 7.65 10.82 6.18 7.5 6.18 6.18 8.49 7.65 4.24
9.0 6.71 12.09 6.18 4.74 10.92 0.0 7.5 12.09 6.0 7.5 10.92 6.18 6.0 6.36 9.0 4.5 12.09 7.5 12.09 0.0 7.5 7.5 0.0 9.0 4.5 12.09 7.5 0.0 7.5 9.6 0.0 4.5 12.09 13.42 6.0 13.42 7.65 12.09 6.18 10.92
4.5 9.6 10.61 8.49 9.12 10.61 4.5 4.74 10.61 1.5 11.42 10.61 8.49 1.5 10.06 4.5 0.0 10.61 11.42 7.65 4.5 10.82 11.42 4.5 4.5 0.0 10.61 10.82 4.5 10.82 7.65 4.5 0.0 7.65 9.6 1.5 9.6 3.35 7.65 8.49 10.61
3.35 16.77 13.42 15.44 16.77 15.0 12.09 8.49 13.42 6.18 18.25 15.0 15.44 6.18 16.77 3.35 7.65 13.42 18.25 3.0 12.09 18.12 18.25 12.09 3.35 7.65 13.42 18.12 12.09 18.12 10.82 12.09 7.65 0.0 7.5 6.18 7.5 5.41 3.0 15.44 15.0
6.71 15.0 7.5 13.5 17.1 10.06 13.42 6.18 7.5 8.49 20.84 10.06 13.5 8.49 19.56 6.71 9.6 7.5 20.84 4.5 13.42 16.5 20.84 13.42 6.71 9.6 7.5 16.5 13.42 16.5 6.18 13.42 9.6 7.5 0.0 8.49 0.0 6.36 4.5 13.5 10.06
3.0 10.82 10.5 9.6 10.61 10.92 6.0 4.5 10.5 0.0 12.82 10.92 9.6 0.0 11.42 3.0 1.5 10.5 12.82 6.18 6.0 12.09 12.82 6.0 3.0 1.5 10.5 12.09 6.0 12.09 7.5 6.0 1.5 6.18 8.49 0.0 8.49 2.12 6.18 9.6 10.92
6.71 15.0 7.5 13.5 17.1 10.06 13.42 6.18 7.5 8.49 20.84 10.06 13.5 8.49 19.56 6.71 9.6 7.5 20.84 4.5 13.42 16.5 20.84 13.42 6.71 9.6 7.5 16.5 13.42 16.5 6.18 13.42 9.6 7.5 0.0 8.49 0.0 6.36 4.5 13.5 10.06
2.12 11.42 9.12 10.06 12.0 10.06 7.65 3.35 9.12 2.12 14.77 10.06 10.06 2.12 13.42 2.12 3.35 9.12 14.77 4.5 7.65 12.82 14.77 7.65 2.12 3.35 9.12 12.82 7.65 12.82 6.18 7.65 3.35 5.41 6.36 2.12 6.36 0.0 4.5 10.06 10.06
3.35 15.66 10.82 14.23 16.5 12.73 12.09 6.71 10.82 6.18 18.97 12.73 14.23 6.18 17.56 3.35 7.65 10.82 18.97 0.0 12.09 17.1 18.97 12.09 3.35 7.65 10.82 17.1 12.09 17.1 8.49 12.09 7.65 3.0 4.5 6.18 4.5 4.5 0.0 14.23 12.73
12.09 1.5 8.75 0.0 5.41 6.36 6.18 7.65 8.75 9.6 11.42 6.36 0.0 9.6 10.92 12.09 8.49 8.75 11.42 14.23 6.18 3.0 11.42 6.18 12.09 8.49 8.75 3.0 6.18 3.0 7.65 6.18 8.49 15.44 13.5 9.6 13.5 10.06 14.23 0.0 6.36
12.09 7.5 3.0 6.36 11.72 0.0 10.92 6.71 3.0 10.92 17.49 0.0 6.36 10.92 16.77 12.09 10.61 3.0 17.49 12.73 10.92 8.75 17.49 10.92 12.09 10.61 3.0 8.75 10.92 8.75 4.24 10.92 10.61 15.0 10.06 10.92 10.06 10.06 12.73 6.36 0.0
