0.0 4.5 14.27 18.0 18.0 22.16 20.92 0.0 4.37 12.48 9.78 17.89 9.15 10.5 16.6 13.83 16.1 7.83 14.27 12.48 7.12 9.78 13.1 27.04 9.78 13.1 18.0 4.37 9.78 9.15 16.1 15.77 4.5 28.02 7.12 15.77 13.83 16.1 16.1 9.78 16.1 10.45 4.37 28.02 4.37 28.02 7.12 15.77 16.1 13.83 27.09 10.5 10.45 14.27 0.0 4.5 13.1 20.37 10.5 13.1 27.26 20.92 4.5 22.16 12.48 20.31 22.16 0.0 16.1 10.45 15.77 4.37 14.27 0.0 16.6 13.83 10.45 7.83 4.5 27.09 22.16
4.5 0.0 9.78 13.5 13.5 18.14 16.6 4.5 4.37 9.03 6.45 14.33 7.54 6.0 12.41 10.82 12.3 3.75 9.78 9.03 7.12 6.45 9.15 22.55 6.45 9.15 13.5 4.37 6.45 7.54 12.3 11.86 0.0 23.72 7.12 11.86 10.82 12.3 12.3 6.45 12.3 6.45 4.37 23.72 4.37 23.72 7.12 11.86 12.3 10.82 22.61 6.0 6.45 9.78 4.5 0.0 9.15 15.91 6.0 9.15 22.81 16.6 0.0 18.14 9.03 15.82 18.14 4.5 12.3 6.45 11.86 2.37 9.78 4.5 12.41 10.82 6.45 3.75 0.0 22.61 18.14
14.27 9.78 0.0 3.82 3.82 11.45 8.49 14.27 12.82 8.39 8.49 10.53 12.21 3.82 6.18 10.45 8.25 7.39 0.0 8.39 14.15 8.49 6.41 12.95 8.49 6.41 3.82 12.82 8.49 12.21 8.25 7.5 9.78 15.19 14.15 7.5 10.45 8.25 8.25 8.49 8.25 6.36 12.82 15.19 12.82 15.19 14.15 7.5 8.25 10.45 12.84 3.82 6.36 0.0 14.27 9.78 6.41 6.18 3.82 6.41 13.52 8.49 9.78 11.45 8.39 6.41 11.45 14.27 8.25 6.36 7.5 10.92 0.0 14.27 6.18 10.45 6.36 7.39 9.78 12.84 11.45
18.0 13.5 3.82 0.0 0.0 9.28 5.71 18.0 16.19 10.09 11.07 10.2 14.79 7.5 5.71 11.72 8.39 10.74 3.82 10.09 17.14 11.07 7.97 9.12 11.07 7.97 0.0 16.19 11.07 14.79 8.39 7.72 13.5 11.72 17.14 7.72 11.72 8.39 8.39 11.07 8.39 9.06 16.19 11.72 16.19 11.72 17.14 7.72 8.39 11.72 9.28 7.5 9.06 3.82 18.0 13.5 7.97 3.18 7.5 7.97 9.75 5.71 13.5 9.28 10.09 2.7 9.28 18.0 8.39 9.06 7.72 14.43 3.82 18.0 5.71 11.72 9.06 10.74 13.5 9.28 9.28
18.0 13.5 3.82 0.0 0.0 9.28 5.71 18.0 16.19 10.09 11.07 10.2 14.79 7.5 5.71 11.72 8.39 10.74 3.82 10.09 17.14 11.07 7.97 9.12 11.07 7.97 0.0 16.19 11.07 14.79 8.39 7.72 13.5 11.72 17.14 7.72 11.72 8.39 8.39 11.07 8.39 9.06 16.19 11.72 16.19 11.72 17.14 7.72 8.39 11.72 9.28 7.5 9.06 3.82 18.0 13.5 7.97 3.18 7.5 7.97 9.75 5.71 13.5 9.28 10.09 2.7 9.28 18.0 8.39 9.06 7.72 14.43 3.82 18.0 5.71 11.72 9.06 10.74 13.5 9.28 9.28
22.16 18.14 11.45 9.28 9.28 0.0 3.75 22.16 18.75 10.01 12.57 5.3 15.07 13.27 5.86 9.75 6.18 14.43 11.45 10.01 18.14 12.57 9.06 10.09 12.57 9.06 9.28 18.75 12.57 15.07 6.18 6.41 18.14 6.91 18.14 6.41 9.75 6.18 6.18 12.57 6.18 11.74 18.75 6.91 18.75 6.91 18.14 6.41 6.18 9.75 13.12 13.27 11.74 11.45 22.16 18.14 9.06 11.25 13.27 9.06 8.55 3.75 18.14 0.0 10.01 7.5 0.0 22.16 6.18 11.74 6.41 17.83 11.45 22.16 5.86 9.75 11.74 14.43 18.14 13.12 0.0
20.92 16.6 8.49 5.71 5.71 3.75 0.0 20.92 18.06 9.86 12.0 6.91 15.17 11.07 4.5 10.45 6.41 13.1 8.49 9.86 18.06 12.0 8.25 7.72 12.0 8.25 5.71 18.06 12.0 15.17 6.41 6.18 16.6 7.12 18.06 6.18 10.45 6.41 6.41 12.0 6.41 10.61 18.06 7.12 18.06 7.12 18.06 6.18 6.41 10.45 10.09 11.07 10.61 8.49 20.92 16.6 8.25 7.5 11.07 8.25 6.91 0.0 16.6 3.75 9.86 3.75 3.75 20.92 6.41 10.61 6.18 16.77 8.49 20.92 4.5 10.45 10.61 13.1 16.6 10.09 3.75
0.0 4.5 14.27 18.0 18.0 22.16 20.92 0.0 4.37 12.48 9.78 17.89 9.15 10.5 16.6 13.83 16.1 7.83 14.27 12.48 7.12 9.78 13.1 27.04 9.78 13.1 18.0 4.37 9.78 9.15 16.1 15.77 4.5 28.02 7.12 15.77 13.83 16.1 16.1 9.78 16.1 10.45 4.37 28.02 4.37 28.02 7.12 15.77 16.1 13.83 27.09 10.5 10.45 14.27 0.0 4.5 13.1 20.37 10.5 13.1 27.26 20.92 4.5 22.16 12.48 20.31 22.16 0.0 16.1 10.45 15.77 4.37 14.27 0.0 16.6 13.83 10.45 7.83 4.5 27.09 22.16
4.37 4.37 12.82 16.19 16.19 18.75 18.06 4.37 0.0 8.78 6.18 14.09 4.8 9.06 13.58 9.78 12.57 5.46 12.82 8.78 3.0 6.18 9.86 24.85 6.18 9.86 16.19 0.0 6.18 4.8 12.57 12.37 4.37 25.03 3.0 12.37 9.78 12.57 12.57 6.18 12.57 7.5 0.0 25.03 0.0 25.03 3.0 12.37 12.57 9.78 25.47 9.06 7.5 12.82 4.37 4.37 9.86 18.97 9.06 9.86 24.75 18.06 4.37 18.75 8.78 18.14 18.75 4.37 12.57 7.5 12.37 2.12 12.82 4.37 13.58 9.78 7.5 5.46 4.37 25.47 18.75
12.48 9.03 8.39 10.09 10.09 10.01 9.86 12.48 8.78 0.0 2.7 5.41 5.3 6.75 5.46 2.25 3.82 5.41 8.39 0.0 8.25 2.7 2.12 17.32 2.7 2.12 10.09 8.78 2.7 5.3 3.82 3.75 9.03 16.52 8.25 3.75 2.25 3.82 3.82 2.7 3.82 3.09 8.78 16.52 8.78 16.52 8.25 3.75 3.82 2.25 18.79 6.75 3.09 8.39 12.48 9.03 2.12 13.27 6.75 2.12 16.77 9.86 9.03 10.01 0.0 11.07 10.01 12.48 3.82 3.09 3.75 8.11 8.39 12.48 5.46 2.25 3.09 5.41 9.03 18.79 10.01
9.78 6.45 8.49 11.07 11.07 12.57 12.0 9.78 6.18 2.7 0.0 8.11 3.75 5.71 7.5 4.37 6.41 3.09 8.49 2.7 6.18 0.0 3.75 19.12 0.0 3.75 11.07 6.18 0.0 3.75 6.41 6.18 6.45 18.88 6.18 6.18 4.37 6.41 6.41 0.0 6.41 2.12 6.18 18.88 6.18 18.88 6.18 6.18 6.41 4.37 20.19 5.71 2.12 8.49 9.78 6.45 3.75 14.15 5.71 3.75 18.81 12.0 6.45 12.57 2.7 12.57 12.57 9.78 6.41 2.12 6.18 5.41 8.49 9.78 7.5 4.37 2.12 3.09 6.45 20.19 12.57
17.89 14.33 10.53 10.2 10.2 5.3 6.91 17.89 14.09 5.41 8.11 0.0 10.01 10.74 4.56 4.56 2.37 10.61 10.53 5.41 13.1 8.11 5.41 14.56 8.11 5.41 10.2 14.09 8.11 10.01 2.37 3.09 14.33 12.21 13.1 3.09 4.56 2.37 2.37 8.11 2.37 7.97 14.09 12.21 14.09 12.21 13.1 3.09 2.37 4.56 16.97 10.74 7.97 10.53 17.89 14.33 5.41 13.1 10.74 5.41 13.42 6.91 14.33 5.3 5.41 9.78 5.3 17.89 2.37 7.97 3.09 13.52 10.53 17.89 4.56 4.56 7.97 10.61 14.33 16.97 5.3
9.15 7.54 12.21 14.79 14.79 15.07 15.17 9.15 4.8 5.3 3.75 10.01 0.0 9.15 10.74 5.46 9.0 5.71 12.21 5.3 3.09 3.75 7.12 22.56 3.75 7.12 14.79 4.8 3.75 0.0 9.0 9.03 7.54 21.75 3.09 9.03 5.46 9.0 9.0 3.75 9.0 5.86 4.8 21.75 4.8 21.75 3.09 9.03 9.0 5.46 23.84 9.15 5.86 12.21 9.15 7.54 7.12 17.89 9.15 7.12 22.07 15.17 7.54 15.07 5.3 16.16 15.07 9.15 9.0 5.86 9.03 5.46 12.21 9.15 10.74 5.46 5.86 5.71 7.54 23.84 15.07
10.5 6.0 3.82 7.5 7.5 13.27 11.07 10.5 9.06 6.75 5.71 10.74 9.15 0.0 7.42 9.0 8.39 3.75 3.82 6.75 10.66 5.71 5.46 16.57 5.71 5.46 7.5 9.06 5.71 9.15 8.39 7.72 6.0 18.12 10.66 7.72 9.0 8.39 8.39 5.71 8.39 3.82 9.06 18.12 9.06 18.12 10.66 7.72 8.39 9.0 16.65 0.0 3.82 3.82 10.5 6.0 5.46 10.01 0.0 5.46 16.92 11.07 6.0 13.27 6.75 9.86 13.27 10.5 8.39 3.82 7.72 7.12 3.82 10.5 7.42 9.0 3.82 3.75 6.0 16.65 13.27
16.6 12.41 6.18 5.71 5.71 5.86 4.5 16.6 13.58 5.46 7.5 4.56 10.74 7.42 0.0 6.45 2.7 8.78 6.18 5.46 13.58 7.5 3.75 11.86 7.5 3.75 5.71 13.58 7.5 10.74 2.7 2.12 12.41 11.47 13.58 2.12 6.45 2.7 2.7 7.5 2.7 6.18 13.58 11.47 13.58 11.47 13.58 2.12 2.7 6.45 13.52 7.42 6.18 6.18 16.6 12.41 3.75 8.75 7.42 3.75 11.35 4.5 12.41 5.86 5.46 5.86 5.86 16.6 2.7 6.18 2.12 12.37 6.18 16.6 0.0 6.45 6.18 8.78 12.41 13.52 5.86
13.83 10.82 10.45 11.72 11.72 9.75 10.45 13.83 9.78 2.25 4.37 4.56 5.46 9.0 6.45 0.0 4.04 7.39 10.45 2.25 8.55 4.37 4.04 18.12 4.37 4.04 11.72 9.78 4.37 5.46 4.04 4.37 10.82 16.57 8.55 4.37 0.0 4.04 4.04 4.37 4.04 5.3 9.78 16.57 9.78 16.57 8.55 4.37 4.04 0.0 19.97 9.0 5.3 10.45 13.83 10.82 4.04 14.89 9.0 4.04 17.32 10.45 10.82 9.75 2.25 12.3 9.75 13.83 4.04 5.3 4.37 9.55 10.45 13.83 6.45 0.0 5.3 7.39 10.82 19.97 9.75
16.1 12.3 8.25 8.39 8.39 6.18 6.41 16.1 12.57 3.82 6.41 2.37 9.0 8.39 2.7 4.04 0.0 8.55 8.25 3.82 12.02 6.41 3.18 14.09 6.41 3.18 8.39 12.57 6.41 9.0 0.0 0.75 12.3 12.75 12.02 0.75 4.04 0.0 0.0 6.41 0.0 5.86 12.57 12.75 12.57 12.75 12.02 0.75 0.0 4.04 16.05 8.39 5.86 8.25 16.1 12.3 3.18 11.45 8.39 3.18 13.29 6.41 12.3 6.18 3.82 8.49 6.18 16.1 0.0 5.86 0.75 11.74 8.25 16.1 2.7 4.04 5.86 8.55 12.3 16.05 6.18
7.83 3.75 7.39 10.74 10.74 14.43 13.1 7.83 5.46 5.41 3.09 10.61 5.71 3.75 8.78 7.39 8.55 0.0 7.39 5.41 6.91 3.09 5.41 19.51 3.09 5.41 10.74 5.46 3.09 5.71 8.55 8.11 3.75 20.19 6.91 8.11 7.39 8.55 8.55 3.09 8.55 2.7 5.46 20.19 5.46 20.19 6.91 8.11 8.55 7.39 20.01 3.75 2.7 7.39 7.83 3.75 5.41 13.52 3.75 5.41 19.56 13.1 3.75 14.43 5.41 12.77 14.43 7.83 8.55 2.7 8.11 3.75 7.39 7.83 8.78 7.39 2.7 0.0 3.75 20.01 14.43
14.27 9.78 0.0 3.82 3.82 11.45 8.49 14.27 12.82 8.39 8.49 10.53 12.21 3.82 6.18 10.45 8.25 7.39 0.0 8.39 14.15 8.49 6.41 12.95 8.49 6.41 3.82 12.82 8.49 12.21 8.25 7.5 9.78 15.19 14.15 7.5 10.45 8.25 8.25 8.49 8.25 6.36 12.82 15.19 12.82 15.19 14.15 7.5 8.25 10.45 12.84 3.82 6.36 0.0 14.27 9.78 6.41 6.18 3.82 6.41 13.52 8.49 9.78 11.45 8.39 6.41 11.45 14.27 8.25 6.36 7.5 10.92 0.0 14.27 6.18 10.45 6.36 7.39 9.78 12.84 11.45
12.48 9.03 8.39 10.09 10.09 10.01 9.86 12.48 8.78 0.0 2.7 5.41 5.3 6.75 5.46 2.25 3.82 5.41 8.39 0.0 8.25 2.7 2.12 17.32 2.7 2.12 10.09 8.78 2.7 5.3 3.82 3.75 9.03 16.52 8.25 3.75 2.25 3.82 3.82 2.7 3.82 3.09 8.78 16.52 8.78 16.52 8.25 3.75 3.82 2.25 18.79 6.75 3.09 8.39 12.48 9.03 2.12 13.27 6.75 2.12 16.77 9.86 9.03 10.01 0.0 11.07 10.01 12.48 3.82 3.09 3.75 8.11 8.39 12.48 5.46 2.25 3.09 5.41 9.03 18.79 10.01
7.12 7.12 14.15 17.14 17.14 18.14 18.06 7.12 3.0 8.25 6.18 13.1 3.09 10.66 13.58 8.55 12.02 6.91 14.15 8.25 0.0 6.18 9.86 25.3 6.18 9.86 17.14 3.0 6.18 3.09 12.02 12.0 7.12 24.76 0.0 12.0 8.55 12.02 12.02 6.18 12.02 8.08 3.0 24.76 3.0 24.76 0.0 12.0 12.02 8.55 26.34 10.66 8.08 14.15 7.12 7.12 9.86 20.12 10.66 9.86 24.93 18.06 7.12 18.14 8.25 18.75 18.14 7.12 12.02 8.08 12.0 4.74 14.15 7.12 13.58 8.55 8.08 6.91 7.12 26.34 18.14
9.78 6.45 8.49 11.07 11.07 12.57 12.0 9.78 6.18 2.7 0.0 8.11 3.75 5.71 7.5 4.37 6.41 3.09 8.49 2.7 6.18 0.0 3.75 19.12 0.0 3.75 11.07 6.18 0.0 3.75 6.41 6.18 6.45 18.88 6.18 6.18 4.37 6.41 6.41 0.0 6.41 2.12 6.18 18.88 6.18 18.88 6.18 6.18 6.41 4.37 20.19 5.71 2.12 8.49 9.78 6.45 3.75 14.15 5.71 3.75 18.81 12.0 6.45 12.57 2.7 12.57 12.57 9.78 6.41 2.12 6.18 5.41 8.49 9.78 7.5 4.37 2.12 3.09 6.45 20.19 12.57
13.1 9.15 6.41 7.97 7.97 9.06 8.25 13.1 9.86 2.12 3.75 5.41 7.12 5.46 3.75 4.04 3.18 5.41 6.41 2.12 9.86 3.75 0.0 15.46 3.75 0.0 7.97 9.86 3.75 7.12 3.18 2.7 9.15 15.17 9.86 2.7 4.04 3.18 3.18 3.75 3.18 2.7 9.86 15.17 9.86 15.17 9.86 2.7 3.18 4.04 16.77 5.46 2.7 6.41 13.1 9.15 0.0 11.15 5.46 0.0 15.07 8.25 9.15 9.06 2.12 9.06 9.06 13.1 3.18 2.7 2.7 8.78 6.41 13.1 3.75 4.04 2.7 5.41 9.15 16.77 9.06
27.04 22.55 12.95 9.12 9.12 10.09 7.72 27.04 24.85 17.32 19.12 14.56 22.56 16.57 11.86 18.12 14.09 19.51 12.95 17.32 25.3 19.12 15.46 0.0 19.12 15.46 9.12 24.85 19.12 22.56 14.09 13.79 22.55 6.0 25.3 13.79 18.12 14.09 14.09 19.12 14.09 17.4 24.85 6.0 24.85 6.0 25.3 13.79 14.09 18.12 3.75 16.57 17.4 12.95 27.04 22.55 15.46 7.72 16.57 15.46 2.25 7.72 22.55 10.09 17.32 6.75 10.09 27.04 14.09 17.4 13.79 23.26 12.95 27.04 11.86 18.12 17.4 19.51 22.55 3.75 10.09
9.78 6.45 8.49 11.07 11.07 12.57 12.0 9.78 6.18 2.7 0.0 8.11 3.75 5.71 7.5 4.37 6.41 3.09 8.49 2.7 6.18 0.0 3.75 19.12 0.0 3.75 11.07 6.18 0.0 3.75 6.41 6.18 6.45 18.88 6.18 6.18 4.37 6.41 6.41 0.0 6.41 2.12 6.18 18.88 6.18 18.88 6.18 6.18 6.41 4.37 20.19 5.71 2.12 8.49 9.78 6.45 3.75 14.15 5.71 3.75 18.81 12.0 6.45 12.57 2.7 12.57 12.57 9.78 6.41 2.12 6.18 5.41 8.49 9.78 7.5 4.37 2.12 3.09 6.45 20.19 12.57
13.1 9.15 6.41 7.97 7.97 9.06 8.25 13.1 9.86 2.12 3.75 5.41 7.12 5.46 3.75 4.04 3.18 5.41 6.41 2.12 9.86 3.75 0.0 15.46 3.75 0.0 7.97 9.86 3.75 7.12 3.18 2.7 9.15 15.17 9.86 2.7 4.04 3.18 3.18 3.75 3.18 2.7 9.86 15.17 9.86 15.17 9.86 2.7 3.18 4.04 16.77 5.46 2.7 6.41 13.1 9.15 0.0 11.15 5.46 0.0 15.07 8.25 9.15 9.06 2.12 9.06 9.06 13.1 3.18 2.7 2.7 8.78 6.41 13.1 3.75 4.04 2.7 5.41 9.15 16.77 9.06
18.0 13.5 3.82 0.0 0.0 9.28 5.71 18.0 16.19 10.09 11.07 10.2 14.79 7.5 5.71 11.72 8.39 10.74 3.82 10.09 17.14 11.07 7.97 9.12 11.07 7.97 0.0 16.19 11.07 14.79 8.39 7.72 13.5 11.72 17.14 7.72 11.72 8.39 8.39 11.07 8.39 9.06 16.19 11.72 16.19 11.72 17.14 7.72 8.39 11.72 9.28 7.5 9.06 3.82 18.0 13.5 7.97 3.18 7.5 7.97 9.75 5.71 13.5 9.28 10.09 2.7 9.28 18.0 8.39 9.06 7.72 14.43 3.82 18.0 5.71 11.72 9.06 10.74 13.5 9.28 9.28
4.37 4.37 12.82 16.19 16.19 18.75 18.06 4.37 0.0 8.78 6.18 14.09 4.8 9.06 13.58 9.78 12.57 5.46 12.82 8.78 3.0 6.18 9.86 24.85 6.18 9.86 16.19 0.0 6.18 4.8 12.57 12.37 4.37 25.03 3.0 12.37 9.78 12.57 12.57 6.18 12.57 7.5 0.0 25.03 0.0 25.03 3.0 12.37 12.57 9.78 25.47 9.06 7.5 12.82 4.37 4.37 9.86 18.97 9.06 9.86 24.75 18.06 4.37 18.75 8.78 18.14 18.75 4.37 12.57 7.5 12.37 2.12 12.82 4.37 13.58 9.78 7.5 5.46 4.37 25.47 18.75
9.78 6.45 8.49 11.07 11.07 12.57 12.0 9.78 6.18 2.7 0.0 8.11 3.75 5.71 7.5 4.37 6.41 3.09 8.49 2.7 6.18 0.0 3.75 19.12 0.0 3.75 11.07 6.18 0.0 3.75 6.41 6.18 6.45 18.88 6.18 6.18 4.37 6.41 6.41 0.0 6.41 2.12 6.18 18.88 6.18 18.88 6.18 6.18 6.41 4.37 20.19 5.71 2.12 8.49 9.78 6.45 3.75 14.15 5.71 3.75 18.81 12.0 6.45 12.57 2.7 12.57 12.57 9.78 6.41 2.12 6.18 5.41 8.49 9.78 7.5 4.37 2.12 3.09 6.45 20.19 12.57
9.15 7.54 12.21 14.79 14.79 15.07 15.17 9.15 4.8 5.3 3.75 10.01 0.0 9.15 10.74 5.46 9.0 5.71 12.21 5.3 3.09 3.75 7.12 22.56 3.75 7.12 14.79 4.8 3.75 0.0 9.0 9.03 7.54 21.75 3.09 9.03 5.46 9.0 9.0 3.75 9.0 5.86 4.8 21.75 4.8 21.75 3.09 9.03 9.0 5.46 23.84 9.15 5.86 12.21 9.15 7.54 7.12 17.89 9.15 7.12 22.07 15.17 7.54 15.07 5.3 16.16 15.07 9.15 9.0 5.86 9.03 5.46 12.21 9.15 10.74 5.46 5.86 5.71 7.54 23.84 15.07
16.1 12.3 8.25 8.39 8.39 6.18 6.41 16.1 12.57 3.82 6.41 2.37 9.0 8.39 2.7 4.04 0.0 8.55 8.25 3.82 12.02 6.41 3.18 14.09 6.41 3.18 8.39 12.57 6.41 9.0 0.0 0.75 12.3 12.75 12.02 0.75 4.04 0.0 0.0 6.41 0.0 5.86 12.57 12.75 12.57 12.75 12.02 0.75 0.0 4.04 16.05 8.39 5.86 8.25 16.1 12.3 3.18 11.45 8.39 3.18 13.29 6.41 12.3 6.18 3.82 8.49 6.18 16.1 0.0 5.86 0.75 11.74 8.25 16.1 2.7 4.04 5.86 8.55 12.3 16.05 6.18
15.77 11.86 7.5 7.72 7.72 6.41 6.18 15.77 12.37 3.75 6.18 3.09 9.03 7.72 2.12 4.37 0.75 8.11 7.5 3.75 12.0 6.18 2.7 13.79 6.18 2.7 7.72 12.37 6.18 9.03 0.75 0.0 11.86 12.77 12.0 0.0 4.37 0.75 0.75 6.18 0.75 5.41 12.37 12.77 12.37 12.77 12.0 0.0 0.75 4.37 15.61 7.72 5.41 7.5 15.77 11.86 2.7 10.82 7.72 2.7 13.1 6.18 11.86 6.41 3.75 7.97 6.41 15.77 0.75 5.41 0.0 11.42 7.5 15.77 2.12 4.37 5.41 8.11 11.86 15.61 6.41
4.5 0.0 9.78 13.5 13.5 18.14 16.6 4.5 4.37 9.03 6.45 14.33 7.54 6.0 12.41 10.82 12.3 3.75 9.78 9.03 7.12 6.45 9.15 22.55 6.45 9.15 13.5 4.37 6.45 7.54 12.3 11.86 0.0 23.72 7.12 11.86 10.82 12.3 12.3 6.45 12.3 6.45 4.37 23.72 4.37 23.72 7.12 11.86 12.3 10.82 22.61 6.0 6.45 9.78 4.5 0.0 9.15 15.91 6.0 9.15 22.81 16.6 0.0 18.14 9.03 15.82 18.14 4.5 12.3 6.45 11.86 2.37 9.78 4.5 12.41 10.82 6.45 3.75 0.0 22.61 18.14
28.02 23.72 15.19 11.72 11.72 6.91 7.12 28.02 25.03 16.52 18.88 12.21 21.75 18.12 11.47 16.57 12.75 20.19 15.19 16.52 24.76 18.88 15.17 6.0 18.88 15.17 11.72 25.03 18.88 21.75 12.75 12.77 23.72 0.0 24.76 12.77 16.57 12.75 12.75 18.88 12.75 17.65 25.03 0.0 25.03 0.0 24.76 12.77 12.75 16.57 9.75 18.12 17.65 15.19 28.02 23.72 15.17 11.86 18.12 15.17 3.75 7.12 23.72 6.91 16.52 9.03 6.91 28.02 12.75 17.65 12.77 23.84 15.19 28.02 11.47 16.57 17.65 20.19 23.72 9.75 6.91
7.12 7.12 14.15 17.14 17.14 18.14 18.06 7.12 3.0 8.25 6.18 13.1 3.09 10.66 13.58 8.55 12.02 6.91 14.15 8.25 0.0 6.18 9.86 25.3 6.18 9.86 17.14 3.0 6.18 3.09 12.02 12.0 7.12 24.76 0.0 12.0 8.55 12.02 12.02 6.18 12.02 8.08 3.0 24.76 3.0 24.76 0.0 12.0 12.02 8.55 26.34 10.66 8.08 14.15 7.12 7.12 9.86 20.12 10.66 9.86 24.93 18.06 7.12 18.14 8.25 18.75 18.14 7.12 12.02 8.08 12.0 4.74 14.15 7.12 13.58 8.55 8.08 6.91 7.12 26.34 18.14
15.77 11.86 7.5 7.72 7.72 6.41 6.18 15.77 12.37 3.75 6.18 3.09 9.03 7.72 2.12 4.37 0.75 8.11 7.5 3.75 12.0 6.18 2.7 13.79 6.18 2.7 7.72 12.37 6.18 9.03 0.75 0.0 11.86 12.77 12.0 0.0 4.37 0.75 0.75 6.18 0.75 5.41 12.37 12.77 12.37 12.77 12.0 0.0 0.75 4.37 15.61 7.72 5.41 7.5 15.77 11.86 2.7 10.82 7.72 2.7 13.1 6.18 11.86 6.41 3.75 7.97 6.41 15.77 0.75 5.41 0.0 11.42 7.5 15.77 2.12 4.37 5.41 8.11 11.86 15.61 6.41
13.83 10.82 10.45 11.72 11.72 9.75 10.45 13.83 9.78 2.25 4.37 4.56 5.46 9.0 6.45 0.0 4.04 7.39 10.45 2.25 8.55 4.37 4.04 18.12 4.37 4.04 11.72 9.78 4.37 5.46 4.04 4.37 10.82 16.57 8.55 4.37 0.0 4.04 4.04 4.37 4.04 5.3 9.78 16.57 9.78 16.57 8.55 4.37 4.04 0.0 19.97 9.0 5.3 10.45 13.83 10.82 4.04 14.89 9.0 4.04 17.32 10.45 10.82 9.75 2.25 12.3 9.75 13.83 4.04 5.3 4.37 9.55 10.45 13.83 6.45 0.0 5.3 7.39 10.82 19.97 9.75
16.1 12.3 8.25 8.39 8.39 6.18 6.41 16.1 12.57 3.82 6.41 2.37 9.0 8.39 2.7 4.04 0.0 8.55 8.25 3.82 12.02 6.41 3.18 14.09 6.41 3.18 8.39 12.57 6.41 9.0 0.0 0.75 12.3 12.75 12.02 0.75 4.04 0.0 0.0 6.41 0.0 5.86 12.57 12.75 12.57 12.75 12.02 0.75 0.0 4.04 16.05 8.39 5.86 8.25 16.1 12.3 3.18 11.45 8.39 3.18 13.29 6.41 12.3 6.18 3.82 8.49 6.18 16.1 0.0 5.86 0.75 11.74 8.25 16.1 2.7 4.04 5.86 8.55 12.3 16.05 6.18
16.1 12.3 8.25 8.39 8.39 6.18 6.41 16.1 12.57 3.82 6.41 2.37 9.0 8.39 2.7 4.04 0.0 8.55 8.25 3.82 12.02 6.41 3.18 14.09 6.41 3.18 8.39 12.57 6.41 9.0 0.0 0.75 12.3 12.75 12.02 0.75 4.04 0.0 0.0 6.41 0.0 5.86 12.57 12.75 12.57 12.75 12.02 0.75 0.0 4.04 16.05 8.39 5.86 8.25 16.1 12.3 3.18 11.45 8.39 3.18 13.29 6.41 12.3 6.18 3.82 8.49 6.18 16.1 0.0 5.86 0.75 11.74 8.25 16.1 2.7 4.04 5.86 8.55 12.3 16.05 6.18
9.78 6.45 8.49 11.07 11.07 12.57 12.0 9.78 6.18 2.7 0.0 8.11 3.75 5.71 7.5 4.37 6.41 3.09 8.49 2.7 6.18 0.0 3.75 19.12 0.0 3.75 11.07 6.18 0.0 3.75 6.41 6.18 6.45 18.88 6.18 6.18 4.37 6.41 6.41 0.0 6.41 2.12 6.18 18.88 6.18 18.88 6.18 6.18 6.41 4.37 20.19 5.71 2.12 8.49 9.78 6.45 3.75 14.15 5.71 3.75 18.81 12.0 6.45 12.57 2.7 12.57 12.57 9.78 6.41 2.12 6.18 5.41 8.49 9.78 7.5 4.37 2.12 3.09 6.45 20.19 12.57
16.1 12.3 8.25 8.39 8.39 6.18 6.41 16.1 12.57 3.82 6.41 2.37 9.0 8.39 2.7 4.04 0.0 8.55 8.25 3.82 12.02 6.41 3.18 14.09 6.41 3.18 8.39 12.57 6.41 9.0 0.0 0.75 12.3 12.75 12.02 0.75 4.04 0.0 0.0 6.41 0.0 5.86 12.57 12.75 12.57 12.75 12.02 0.75 0.0 4.04 16.05 8.39 5.86 8.25 16.1 12.3 3.18 11.45 8.39 3.18 13.29 6.41 12.3 6.18 3.82 8.49 6.18 16.1 0.0 5.86 0.75 11.74 8.25 16.1 2.7 4.04 5.86 8.55 12.3 16.05 6.18
10.45 6.45 6.36 9.06 9.06 11.74 10.61 10.45 7.5 3.09 2.12 7.97 5.86 3.82 6.18 5.3 5.86 2.7 6.36 3.09 8.08 2.12 2.7 17.4 2.12 2.7 9.06 7.5 2.12 5.86 5.86 5.41 6.45 17.65 8.08 5.41 5.3 5.86 5.86 2.12 5.86 0.0 7.5 17.65 7.5 17.65 8.08 5.41 5.86 5.3 18.26 3.82 0.0 6.36 10.45 6.45 2.7 12.09 3.82 2.7 17.25 10.61 6.45 11.74 3.09 10.74 11.74 10.45 5.86 0.0 5.41 6.18 6.36 10.45 6.18 5.3 0.0 2.7 6.45 18.26 11.74
4.37 4.37 12.82 16.19 16.19 18.75 18.06 4.37 0.0 8.78 6.18 14.09 4.8 9.06 13.58 9.78 12.57 5.46 12.82 8.78 3.0 6.18 9.86 24.85 6.18 9.86 16.19 0.0 6.18 4.8 12.57 12.37 4.37 25.03 3.0 12.37 9.78 12.57 12.57 6.18 12.57 7.5 0.0 25.03 0.0 25.03 3.0 12.37 12.57 9.78 25.47 9.06 7.5 12.82 4.37 4.37 9.86 18.97 9.06 9.86 24.75 18.06 4.37 18.75 8.78 18.14 18.75 4.37 12.57 7.5 12.37 2.12 12.82 4.37 13.58 9.78 7.5 5.46 4.37 25.47 18.75
28.02 23.72 15.19 11.72 11.72 6.91 7.12 28.02 25.03 16.52 18.88 12.21 21.75 18.12 11.47 16.57 12.75 20.19 15.19 16.52 24.76 18.88 15.17 6.0 18.88 15.17 11.72 25.03 18.88 21.75 12.75 12.77 23.72 0.0 24.76 12.77 16.57 12.75 12.75 18.88 12.75 17.65 25.03 0.0 25.03 0.0 24.76 12.77 12.75 16.57 9.75 18.12 17.65 15.19 28.02 23.72 15.17 11.86 18.12 15.17 3.75 7.12 23.72 6.91 16.52 9.03 6.91 28.02 12.75 17.65 12.77 23.84 15.19 28.02 11.47 16.57 17.65 20.19 23.72 9.75 6.91
4.37 4.37 12.82 16.19 16.19 18.75 18.06 4.37 0.0 8.78 6.18 14.09 4.8 9.06 13.58 9.78 12.57 5.46 12.82 8.78 3.0 6.18 9.86 24.85 6.18 9.86 16.19 0.0 6.18 4.8 12.57 12.37 4.37 25.03 3.0 12.37 9.78 12.57 12.57 6.18 12.57 7.5 0.0 25.03 0.0 25.03 3.0 12.37 12.57 9.78 25.47 9.06 7.5 12.82 4.37 4.37 9.86 18.97 9.06 9.86 24.75 18.06 4.37 18.75 8.78 18.14 18.75 4.37 12.57 7.5 12.37 2.12 12.82 4.37 13.58 9.78 7.5 5.46 4.37 25.47 18.75
28.02 23.72 15.19 11.72 11.72 6.91 7.12 28.02 25.03 16.52 18.88 12.21 21.75 18.12 11.47 16.57 12.75 20.19 15.19 16.52 24.76 18.88 15.17 6.0 18.88 15.17 11.72 25.03 18.88 21.75 12.75 12.77 23.72 0.0 24.76 12.77 16.57 12.75 12.75 18.88 12.75 17.65 25.03 0.0 25.03 0.0 24.76 12.77 12.75 16.57 9.75 18.12 17.65 15.19 28.02 23.72 15.17 11.86 18.12 15.17 3.75 7.12 23.72 6.91 16.52 9.03 6.91 28.02 12.75 17.65 12.77 23.84 15.19 28.02 11.47 16.57 17.65 20.19 23.72 9.75 6.91
7.12 7.12 14.15 17.14 17.14 18.14 18.06 7.12 3.0 8.25 6.18 13.1 3.09 10.66 13.58 8.55 12.02 6.91 14.15 8.25 0.0 6.18 9.86 25.3 6.18 9.86 17.14 3.0 6.18 3.09 12.02 12.0 7.12 24.76 0.0 12.0 8.55 12.02 12.02 6.18 12.02 8.08 3.0 24.76 3.0 24.76 0.0 12.0 12.02 8.55 26.34 10.66 8.08 14.15 7.12 7.12 9.86 20.12 10.66 9.86 24.93 18.06 7.12 18.14 8.25 18.75 18.14 7.12 12.02 8.08 12.0 4.74 14.15 7.12 13.58 8.55 8.08 6.91 7.12 26.34 18.14
15.77 11.86 7.5 7.72 7.72 6.41 6.18 15.77 12.37 3.75 6.18 3.09 9.03 7.72 2.12 4.37 0.75 8.11 7.5 3.75 12.0 6.18 2.7 13.79 6.18 2.7 7.72 12.37 6.18 9.03 0.75 0.0 11.86 12.77 12.0 0.0 4.37 0.75 0.75 6.18 0.75 5.41 12.37 12.77 12.37 12.77 12.0 0.0 0.75 4.37 15.61 7.72 5.41 7.5 15.77 11.86 2.7 10.82 7.72 2.7 13.1 6.18 11.86 6.41 3.75 7.97 6.41 15.77 0.75 5.41 0.0 11.42 7.5 15.77 2.12 4.37 5.41 8.11 11.86 15.61 6.41
16.1 12.3 8.25 8.39 8.39 6.18 6.41 16.1 12.57 3.82 6.41 2.37 9.0 8.39 2.7 4.04 0.0 8.55 8.25 3.82 12.02 6.41 3.18 14.09 6.41 3.18 8.39 12.57 6.41 9.0 0.0 0.75 12.3 12.75 12.02 0.75 4.04 0.0 0.0 6.41 0.0 5.86 12.57 12.75 12.57 12.75 12.02 0.75 0.0 4.04 16.05 8.39 5.86 8.25 16.1 12.3 3.18 11.45 8.39 3.18 13.29 6.41 12.3 6.18 3.82 8.49 6.18 16.1 0.0 5.86 0.75 11.74 8.25 16.1 2.7 4.04 5.86 8.55 12.3 16.05 6.18
13.83 10.82 10.45 11.72 11.72 9.75 10.45 13.83 9.78 2.25 4.37 4.56 5.46 9.0 6.45 0.0 4.04 7.39 10.45 2.25 8.55 4.37 4.04 18.12 4.37 4.04 11.72 9.78 4.37 5.46 4.04 4.37 10.82 16.57 8.55 4.37 0.0 4.04 4.04 4.37 4.04 5.3 9.78 16.57 9.78 16.57 8.55 4.37 4.04 0.0 19.97 9.0 5.3 10.45 13.83 10.82 4.04 14.89 9.0 4.04 17.32 10.45 10.82 9.75 2.25 12.3 9.75 13.83 4.04 5.3 4.37 9.55 10.45 13.83 6.45 0.0 5.3 7.39 10.82 19.97 9.75
27.09 22.61 12.84 9.28 9.28 13.12 10.09 27.09 25.47 18.79 20.19 16.97 23.84 16.65 13.52 19.97 16.05 20.01 12.84 18.79 26.34 20.19 16.77 3.75 20.19 16.77 9.28 25.47 20.19 23.84 16.05 15.61 22.61 9.75 26.34 15.61 19.97 16.05 16.05 20.19 16.05 18.26 25.47 9.75 25.47 9.75 26.34 15.61 16.05 19.97 0.0 16.65 18.26 12.84 27.09 22.61 16.77 6.75 16.65 16.77 6.0 10.09 22.61 13.12 18.79 7.72 13.12 27.09 16.05 18.26 15.61 23.68 12.84 27.09 13.52 19.97 18.26 20.01 22.61 0.0 13.12
10.5 6.0 3.82 7.5 7.5 13.27 11.07 10.5 9.06 6.75 5.71 10.74 9.15 0.0 7.42 9.0 8.39 3.75 3.82 6.75 10.66 5.71 5.46 16.57 5.71 5.46 7.5 9.06 5.71 9.15 8.39 7.72 6.0 18.12 10.66 7.72 9.0 8.39 8.39 5.71 8.39 3.82 9.06 18.12 9.06 18.12 10.66 7.72 8.39 9.0 16.65 0.0 3.82 3.82 10.5 6.0 5.46 10.01 0.0 5.46 16.92 11.07 6.0 13.27 6.75 9.86 13.27 10.5 8.39 3.82 7.72 7.12 3.82 10.5 7.42 9.0 3.82 3.75 6.0 16.65 13.27
10.45 6.45 6.36 9.06 9.06 11.74 10.61 10.45 7.5 3.09 2.12 7.97 5.86 3.82 6.18 5.3 5.86 2.7 6.36 3.09 8.08 2.12 2.7 17.4 2.12 2.7 9.06 7.5 2.12 5.86 5.86 5.41 6.45 17.65 8.08 5.41 5.3 5.86 5.86 2.12 5.86 0.0 7.5 17.65 7.5 17.65 8.08 5.41 5.86 5.3 18.26 3.82 0.0 6.36 10.45 6.45 2.7 12.09 3.82 2.7 17.25 10.61 6.45 11.74 3.09 10.74 11.74 10.45 5.86 0.0 5.41 6.18 6.36 10.45 6.18 5.3 0.0 2.7 6.45 18.26 11.74
14.27 9.78 0.0 3.82 3.82 11.45 8.49 14.27 12.82 8.39 8.49 10.53 12.21 3.82 6.18 10.45 8.25 7.39 0.0 8.39 14.15 8.49 6.41 12.95 8.49 6.41 3.82 12.82 8.49 12.21 8.25 7.5 9.78 15.19 14.15 7.5 10.45 8.25 8.25 8.49 8.25 6.36 12.82 15.19 12.82 15.19 14.15 7.5 8.25 10.45 12.84 3.82 6.36 0.0 14.27 9.78 6.41 6.18 3.82 6.41 13.52 8.49 9.78 11.45 8.39 6.41 11.45 14.27 8.25 6.36 7.5 10.92 0.0 14.27 6.18 10.45 6.36 7.39 9.78 12.84 11.45
0.0 4.5 14.27 18.0 18.0 22.16 20.92 0.0 4.37 12.48 9.78 17.89 9.15 10.5 16.6 13.83 16.1 7.83 14.27 12.48 7.12 9.78 13.1 27.04 9.78 13.1 18.0 4.37 9.78 9.15 16.1 15.77 4.5 28.02 7.12 15.77 13.83 16.1 16.1 9.78 16.1 10.45 4.37 28.02 4.37 28.02 7.12 15.77 16.1 13.83 27.09 10.5 10.45 14.27 0.0 4.5 13.1 20.37 10.5 13.1 27.26 20.92 4.5 22.16 12.48 20.31 22.16 0.0 16.1 10.45 15.77 4.37 14.27 0.0 16.6 13.83 10.45 7.83 4.5 27.09 22.16
4.5 0.0 9.78 13.5 13.5 18.14 16.6 4.5 4.37 9.03 6.45 14.33 7.54 6.0 12.41 10.82 12.3 3.75 9.78 9.03 7.12 6.45 9.15 22.55 6.45 9.15 13.5 4.37 6.45 7.54 12.3 11.86 0.0 23.72 7.12 11.86 10.82 12.3 12.3 6.45 12.3 6.45 4.37 23.72 4.37 23.72 7.12 11.86 12.3 10.82 22.61 6.0 6.45 9.78 4.5 0.0 9.15 15.91 6.0 9.15 22.81 16.6 0.0 18.14 9.03 15.82 18.14 4.5 12.3 6.45 11.86 2.37 9.78 4.5 12.41 10.82 6.45 3.75 0.0 22.61 18.14
13.1 9.15 6.41 7.97 7.97 9.06 8.25 13.1 9.86 2.12 3.75 5.41 7.12 5.46 3.75 4.04 3.18 5.41 6.41 2.12 9.86 3.75 0.0 15.46 3.75 0.0 7.97 9.86 3.75 7.12 3.18 2.7 9.15 15.17 9.86 2.7 4.04 3.18 3.18 3.75 3.18 2.7 9.86 15.17 9.86 15.17 9.86 2.7 3.18 4.04 16.77 5.46 2.7 6.41 13.1 9.15 0.0 11.15 5.46 0.0 15.07 8.25 9.15 9.06 2.12 9.06 9.06 13.1 3.18 2.7 2.7 8.78 6.41 13.1 3.75 4.04 2.7 5.41 9.15 16.77 9.06
20.37 15.91 6.18 3.18 3.18 11.25 7.5 20.37 18.97 13.27 14.15 13.1 17.89 10.01 8.75 14.89 11.45 13.52 6.18 13.27 20.12 14.15 11.15 7.72 14.15 11.15 3.18 18.97 14.15 17.89 11.45 10.82 15.91 11.86 20.12 10.82 14.89 11.45 11.45 14.15 11.45 12.09 18.97 11.86 18.97 11.86 20.12 10.82 11.45 14.89 6.75 10.01 12.09 6.18 20.37 15.91 11.15 0.0 10.01 11.15 9.03 7.5 15.91 11.25 13.27 3.75 11.25 20.37 11.45 12.09 10.82 17.1 6.18 20.37 8.75 14.89 12.09 13.52 15.91 6.75 11.25
10.5 6.0 3.82 7.5 7.5 13.27 11.07 10.5 9.06 6.75 5.71 10.74 9.15 0.0 7.42 9.0 8.39 3.75 3.82 6.75 10.66 5.71 5.46 16.57 5.71 5.46 7.5 9.06 5.71 9.15 8.39 7.72 6.0 18.12 10.66 7.72 9.0 8.39 8.39 5.71 8.39 3.82 9.06 18.12 9.06 18.12 10.66 7.72 8.39 9.0 16.65 0.0 3.82 3.82 10.5 6.0 5.46 10.01 0.0 5.46 16.92 11.07 6.0 13.27 6.75 9.86 13.27 10.5 8.39 3.82 7.72 7.12 3.82 10.5 7.42 9.0 3.82 3.75 6.0 16.65 13.27
13.1 9.15 6.41 7.97 7.97 9.06 8.25 13.1 9.86 2.12 3.75 5.41 7.12 5.46 3.75 4.04 3.18 5.41 6.41 2.12 9.86 3.75 0.0 15.46 3.75 0.0 7.97 9.86 3.75 7.12 3.18 2.7 9.15 15.17 9.86 2.7 4.04 3.18 3.18 3.75 3.18 2.7 9.86 15.17 9.86 15.17 9.86 2.7 3.18 4.04 16.77 5.46 2.7 6.41 13.1 9.15 0.0 11.15 5.46 0.0 15.07 8.25 9.15 9.06 2.12 9.06 9.06 13.1 3.18 2.7 2.7 8.78 6.41 13.1 3.75 4.04 2.7 5.41 9.15 16.77 9.06
27.26 22.81 13.52 9.75 9.75 8.55 6.91 27.26 24.75 16.77 18.81 13.42 22.07 16.92 11.35 17.32 13.29 19.56 13.52 16.77 24.93 18.81 15.07 2.25 18.81 15.07 9.75 24.75 18.81 22.07 13.29 13.1 22.81 3.75 24.93 13.1 17.32 13.29 13.29 18.81 13.29 17.25 24.75 3.75 24.75 3.75 24.93 13.1 13.29 17.32 6.0 16.92 17.25 13.52 27.26 22.81 15.07 9.03 16.92 15.07 0.0 6.91 22.81 8.55 16.77 7.12 8.55 27.26 13.29 17.25 13.1 23.3 13.52 27.26 11.35 17.32 17.25 19.56 22.81 6.0 8.55
20.92 16.6 8.49 5.71 5.71 3.75 0.0 20.92 18.06 9.86 12.0 6.91 15.17 11.07 4.5 10.45 6.41 13.1 8.49 9.86 18.06 12.0 8.25 7.72 12.0 8.25 5.71 18.06 12.0 15.17 6.41 6.18 16.6 7.12 18.06 6.18 10.45 6.41 6.41 12.0 6.41 10.61 18.06 7.12 18.06 7.12 18.06 6.18 6.41 10.45 10.09 11.07 10.61 8.49 20.92 16.6 8.25 7.5 11.07 8.25 6.91 0.0 16.6 3.75 9.86 3.75 3.75 20.92 6.41 10.61 6.18 16.77 8.49 20.92 4.5 10.45 10.61 13.1 16.6 10.09 3.75
4.5 0.0 9.78 13.5 13.5 18.14 16.6 4.5 4.37 9.03 6.45 14.33 7.54 6.0 12.41 10.82 12.3 3.75 9.78 9.03 7.12 6.45 9.15 22.55 6.45 9.15 13.5 4.37 6.45 7.54 12.3 11.86 0.0 23.72 7.12 11.86 10.82 12.3 12.3 6.45 12.3 6.45 4.37 23.72 4.37 23.72 7.12 11.86 12.3 10.82 22.61 6.0 6.45 9.78 4.5 0.0 9.15 15.91 6.0 9.15 22.81 16.6 0.0 18.14 9.03 15.82 18.14 4.5 12.3 6.45 11.86 2.37 9.78 4.5 12.41 10.82 6.45 3.75 0.0 22.61 18.14
22.16 18.14 11.45 9.28 9.28 0.0 3.75 22.16 18.75 10.01 12.57 5.3 15.07 13.27 5.86 9.75 6.18 14.43 11.45 10.01 18.14 12.57 9.06 10.09 12.57 9.06 9.28 18.75 12.57 15.07 6.18 6.41 18.14 6.91 18.14 6.41 9.75 6.18 6.18 12.57 6.18 11.74 18.75 6.91 18.75 6.91 18.14 6.41 6.18 9.75 13.12 13.27 11.74 11.45 22.16 18.14 9.06 11.25 13.27 9.06 8.55 3.75 18.14 0.0 10.01 7.5 0.0 22.16 6.18 11.74 6.41 17.83 11.45 22.16 5.86 9.75 11.74 14.43 18.14 13.12 0.0
12.48 9.03 8.39 10.09 10.09 10.01 9.86 12.48 8.78 0.0 2.7 5.41 5.3 6.75 5.46 2.25 3.82 5.41 8.39 0.0 8.25 2.7 2.12 17.32 2.7 2.12 10.09 8.78 2.7 5.3 3.82 3.75 9.03 16.52 8.25 3.75 2.25 3.82 3.82 2.7 3.82 3.09 8.78 16.52 8.78 16.52 8.25 3.75 3.82 2.25 18.79 6.75 3.09 8.39 12.48 9.03 2.12 13.27 6.75 2.12 16.77 9.86 9.03 10.01 0.0 11.07 10.01 12.48 3.82 3.09 3.75 8.11 8.39 12.48 5.46 2.25 3.09 5.41 9.03 18.79 10.01
20.31 15.82 6.41 2.7 2.7 7.5 3.75 20.31 18.14 11.07 12.57 9.78 16.16 9.86 5.86 12.3 8.49 12.77 6.41 11.07 18.75 12.57 9.06 6.75 12.57 9.06 2.7 18.14 12.57 16.16 8.49 7.97 15.82 9.03 18.75 7.97 12.3 8.49 8.49 12.57 8.49 10.74 18.14 9.03 18.14 9.03 18.75 7.97 8.49 12.3 7.72 9.86 10.74 6.41 20.31 15.82 9.06 3.75 9.86 9.06 7.12 3.75 15.82 7.5 11.07 0.0 7.5 20.31 8.49 10.74 7.97 16.52 6.41 20.31 5.86 12.3 10.74 12.77 15.82 7.72 7.5
22.16 18.14 11.45 9.28 9.28 0.0 3.75 22.16 18.75 10.01 12.57 5.3 15.07 13.27 5.86 9.75 6.18 14.43 11.45 10.01 18.14 12.57 9.06 10.09 12.57 9.06 9.28 18.75 12.57 15.07 6.18 6.41 18.14 6.91 18.14 6.41 9.75 6.18 6.18 12.57 6.18 11.74 18.75 6.91 18.75 6.91 18.14 6.41 6.18 9.75 13.12 13.27 11.74 11.45 22.16 18.14 9.06 11.25 13.27 9.06 8.55 3.75 18.14 0.0 10.01 7.5 0.0 22.16 6.18 11.74 6.41 17.83 11.45 22.16 5.86 9.75 11.74 14.43 18.14 13.12 0.0
0.0 4.5 14.27 18.0 18.0 22.16 20.92 0.0 4.37 12.48 9.78 17.89 9.15 10.5 16.6 13.83 16.1 7.83 14.27 12.48 7.12 9.78 13.1 27.04 9.78 13.1 18.0 4.37 9.78 9.15 16.1 15.77 4.5 28.02 7.12 15.77 13.83 16.1 16.1 9.78 16.1 10.45 4.37 28.02 4.37 28.02 7.12 15.77 16.1 13.83 27.09 10.5 10.45 14.27 0.0 4.5 13.1 20.37 10.5 13.1 27.26 20.92 4.5 22.16 12.48 20.31 22.16 0.0 16.1 10.45 15.77 4.37 14.27 0.0 16.6 13.83 10.45 7.83 4.5 27.09 22.16
16.1 12.3 8.25 8.39 8.39 6.18 6.41 16.1 12.57 3.82 6.41 2.37 9.0 8.39 2.7 4.04 0.0 8.55 8.25 3.82 12.02 6.41 3.18 14.09 6.41 3.18 8.39 12.57 6.41 9.0 0.0 0.75 12.3 12.75 12.02 0.75 4.04 0.0 0.0 6.41 0.0 5.86 12.57 12.75 12.57 12.75 12.02 0.75 0.0 4.04 16.05 8.39 5.86 8.25 16.1 12.3 3.18 11.45 8.39 3.18 13.29 6.41 12.3 6.18 3.82 8.49 6.18 16.1 0.0 5.86 0.75 11.74 8.25 16.1 2.7 4.04 5.86 8.55 12.3 16.05 6.18
10.45 6.45 6.36 9.06 9.06 11.74 10.61 10.45 7.5 3.09 2.12 7.97 5.86 3.82 6.18 5.3 5.86 2.7 6.36 3.09 8.08 2.12 2.7 17.4 2.12 2.7 9.06 7.5 2.12 5.86 5.86 5.41 6.45 17.65 8.08 5.41 5.3 5.86 5.86 2.12 5.86 0.0 7.5 17.65 7.5 17.65 8.08 5.41 5.86 5.3 18.26 3.82 0.0 6.36 10.45 6.45 2.7 12.09 3.82 2.7 17.25 10.61 6.45 11.74 3.09 10.74 11.74 10.45 5.86 0.0 5.41 6.18 6.36 10.45 6.18 5.3 0.0 2.7 6.45 18.26 11.74
15.77 11.86 7.5 7.72 7.72 6.41 6.18 15.77 12.37 3.75 6.18 3.09 9.03 7.72 2.12 4.37 0.75 8.11 7.5 3.75 12.0 6.18 2.7 13.79 6.18 2.7 7.72 12.37 6.18 9.03 0.75 0.0 11.86 12.77 12.0 0.0 4.37 0.75 0.75 6.18 0.75 5.41 12.37 12.77 12.37 12.77 12.0 0.0 0.75 4.37 15.61 7.72 5.41 7.5 15.77 11.86 2.7 10.82 7.72 2.7 13.1 6.18 11.86 6.41 3.75 7.97 6.41 15.77 0.75 5.41 0.0 11.42 7.5 15.77 2.12 4.37 5.41 8.11 11.86 15.61 6.41
4.37 2.37 10.92 14.43 14.43 17.83 16.77 4.37 2.12 8.11 5.41 13.52 5.46 7.12 12.37 9.55 11.74 3.75 10.92 8.11 4.74 5.41 8.78 23.26 5.41 8.78 14.43 2.12 5.41 5.46 11.74 11.42 2.37 23.84 4.74 11.42 9.55 11.74 11.74 5.41 11.74 6.18 2.12 23.84 2.12 23.84 4.74 11.42 11.74 9.55 23.68 7.12 6.18 10.92 4.37 2.37 8.78 17.1 7.12 8.78 23.3 16.77 2.37 17.83 8.11 16.52 17.83 4.37 11.74 6.18 11.42 0.0 10.92 4.37 12.37 9.55 6.18 3.75 2.37 23.68 17.83
14.27 9.78 0.0 3.82 3.82 11.45 8.49 14.27 12.82 8.39 8.49 10.53 12.21 3.82 6.18 10.45 8.25 7.39 0.0 8.39 14.15 8.49 6.41 12.95 8.49 6.41 3.82 12.82 8.49 12.21 8.25 7.5 9.78 15.19 14.15 7.5 10.45 8.25 8.25 8.49 8.25 6.36 12.82 15.19 12.82 15.19 14.15 7.5 8.25 10.45 12.84 3.82 6.36 0.0 14.27 9.78 6.41 6.18 3.82 6.41 13.52 8.49 9.78 11.45 8.39 6.41 11.45 14.27 8.25 6.36 7.5 10.92 0.0 14.27 6.18 10.45 6.36 7.39 9.78 12.84 11.45
0.0 4.5 14.27 18.0 18.0 22.16 20.92 0.0 4.37 12.48 9.78 17.89 9.15 10.5 16.6 13.83 16.1 7.83 14.27 12.48 7.12 9.78 13.1 27.04 9.78 13.1 18.0 4.37 9.78 9.15 16.1 15.77 4.5 28.02 7.12 15.77 13.83 16.1 16.1 9.78 16.1 10.45 4.37 28.02 4.37 28.02 7.12 15.77 16.1 13.83 27.09 10.5 10.45 14.27 0.0 4.5 13.1 20.37 10.5 13.1 27.26 20.92 4.5 22.16 12.48 20.31 22.16 0.0 16.1 10.45 15.77 4.37 14.27 0.0 16.6 13.83 10.45 7.83 4.5 27.09 22.16
16.6 12.41 6.18 5.71 5.71 5.86 4.5 16.6 13.58 5.46 7.5 4.56 10.74 7.42 0.0 6.45 2.7 8.78 6.18 5.46 13.58 7.5 3.75 11.86 7.5 3.75 5.71 13.58 7.5 10.74 2.7 2.12 12.41 11.47 13.58 2.12 6.45 2.7 2.7 7.5 2.7 6.18 13.58 11.47 13.58 11.47 13.58 2.12 2.7 6.45 13.52 7.42 6.18 6.18 16.6 12.41 3.75 8.75 7.42 3.75 11.35 4.5 12.41 5.86 5.46 5.86 5.86 16.6 2.7 6.18 2.12 12.37 6.18 16.6 0.0 6.45 6.18 8.78 12.41 13.52 5.86
13.83 10.82 10.45 11.72 11.72 9.75 10.45 13.83 9.78 2.25 4.37 4.56 5.46 9.0 6.45 0.0 4.04 7.39 10.45 2.25 8.55 4.37 4.04 18.12 4.37 4.04 11.72 9.78 4.37 5.46 4.04 4.37 10.82 16.57 8.55 4.37 0.0 4.04 4.04 4.37 4.04 5.3 9.78 16.57 9.78 16.57 8.55 4.37 4.04 0.0 19.97 9.0 5.3 10.45 13.83 10.82 4.04 14.89 9.0 4.04 17.32 10.45 10.82 9.75 2.25 12.3 9.75 13.83 4.04 5.3 4.37 9.55 10.45 13.83 6.45 0.0 5.3 7.39 10.82 19.97 9.75
10.45 6.45 6.36 9.06 9.06 11.74 10.61 10.45 7.5 3.09 2.12 7.97 5.86 3.82 6.18 5.3 5.86 2.7 6.36 3.09 8.08 2.12 2.7 17.4 2.12 2.7 9.06 7.5 2.12 5.86 5.86 5.41 6.45 17.65 8.08 5.41 5.3 5.86 5.86 2.12 5.86 0.0 7.5 17.65 7.5 17.65 8.08 5.41 5.86 5.3 18.26 3.82 0.0 6.36 10.45 6.45 2.7 12.09 3.82 2.7 17.25 10.61 6.45 11.74 3.09 10.74 11.74 10.45 5.86 0.0 5.41 6.18 6.36 10.45 6.18 5.3 0.0 2.7 6.45 18.26 11.74
7.83 3.75 7.39 10.74 10.74 14.43 13.1 7.83 5.46 5.41 3.09 10.61 5.71 3.75 8.78 7.39 8.55 0.0 7.39 5.41 6.91 3.09 5.41 19.51 3.09 5.41 10.74 5.46 3.09 5.71 8.55 8.11 3.75 20.19 6.91 8.11 7.39 8.55 8.55 3.09 8.55 2.7 5.46 20.19 5.46 20.19 6.91 8.11 8.55 7.39 20.01 3.75 2.7 7.39 7.83 3.75 5.41 13.52 3.75 5.41 19.56 13.1 3.75 14.43 5.41 12.77 14.43 7.83 8.55 2.7 8.11 3.75 7.39 7.83 8.78 7.39 2.7 0.0 3.75 20.01 14.43
4.5 0.0 9.78 13.5 13.5 18.14 16.6 4.5 4.37 9.03 6.45 14.33 7.54 6.0 12.41 10.82 12.3 3.75 9.78 9.03 7.12 6.45 9.15 22.55 6.45 9.15 13.5 4.37 6.45 7.54 12.3 11.86 0.0 23.72 7.12 11.86 10.82 12.3 12.3 6.45 12.3 6.45 4.37 23.72 4.37 23.72 7.12 11.86 12.3 10.82 22.61 6.0 6.45 9.78 4.5 0.0 9.15 15.91 6.0 9.15 22.81 16.6 0.0 18.14 9.03 15.82 18.14 4.5 12.3 6.45 11.86 2.37 9.78 4.5 12.41 10.82 6.45 3.75 0.0 22.61 18.14
27.09 22.61 12.84 9.28 9.28 13.12 10.09 27.09 25.47 18.79 20.19 16.97 23.84 16.65 13.52 19.97 16.05 20.01 12.84 18.79 26.34 20.19 16.77 3.75 20.19 16.77 9.28 25.47 20.19 23.84 16.05 15.61 22.61 9.75 26.34 15.61 19.97 16.05 16.05 20.19 16.05 18.26 25.47 9.75 25.47 9.75 26.34 15.61 16.05 19.97 0.0 16.65 18.26 12.84 27.09 22.61 16.77 6.75 16.65 16.77 6.0 10.09 22.61 13.12 18.79 7.72 13.12 27.09 16.05 18.26 15.61 23.68 12.84 27.09 13.52 19.97 18.26 20.01 22.61 0.0 13.12
22.16 18.14 11.45 9.28 9.28 0.0 3.75 22.16 18.75 10.01 12.57 5.3 15.07 13.27 5.86 9.75 6.18 14.43 11.45 10.01 18.14 12.57 9.06 10.09 12.57 9.06 9.28 18.75 12.57 15.07 6.18 6.41 18.14 6.91 18.14 6.41 9.75 6.18 6.18 12.57 6.18 11.74 18.75 6.91 18.75 6.91 18.14 6.41 6.18 9.75 13.12 13.27 11.74 11.45 22.16 18.14 9.06 11.25 13.27 9.06 8.55 3.75 18.14 0.0 10.01 7.5 0.0 22.16 6.18 11.74 6.41 17.83 11.45 22.16 5.86 9.75 11.74 14.43 18.14 13.12 0.0
