0.0 14.27 13.83 14.27 13.83 10.5 16.1 4.37 7.83 16.1 7.83 20.37 27.04 9.78 13.83 14.27 10.45 16.6 25.14 4.37 10.5 20.37 27.04 4.37 13.1 9.78 10.5 22.16 12.48 9.15 20.92 0.0 28.02 9.15 16.1 15.77 13.83 16.1 9.15 20.31 20.31
14.27 0.0 10.45 0.0 10.45 3.82 8.25 12.82 7.39 8.25 7.39 6.18 12.95 8.49 10.45 0.0 6.36 6.18 12.77 10.92 3.82 6.18 12.95 10.92 6.41 8.49 3.82 11.45 8.39 12.21 8.49 14.27 15.19 12.21 8.25 7.5 10.45 8.25 12.21 6.41 6.41
13.83 10.45 0.0 10.45 0.0 9.0 4.04 9.78 7.39 4.04 7.39 14.89 18.12 4.37 0.0 10.45 5.3 6.45 13.58 9.55 9.0 14.89 18.12 9.55 4.04 4.37 9.0 9.75 2.25 5.46 10.45 13.83 16.57 5.46 4.04 4.37 0.0 4.04 5.46 12.3 12.3
14.27 0.0 10.45 0.0 10.45 3.82 8.25 12.82 7.39 8.25 7.39 6.18 12.95 8.49 10.45 0.0 6.36 6.18 12.77 10.92 3.82 6.18 12.95 10.92 6.41 8.49 3.82 11.45 8.39 12.21 8.49 14.27 15.19 12.21 8.25 7.5 10.45 8.25 12.21 6.41 6.41
13.83 10.45 0.0 10.45 0.0 9.0 4.04 9.78 7.39 4.04 7.39 14.89 18.12 4.37 0.0 10.45 5.3 6.45 13.58 9.55 9.0 14.89 18.12 9.55 4.04 4.37 9.0 9.75 2.25 5.46 10.45 13.83 16.57 5.46 4.04 4.37 0.0 4.04 5.46 12.3 12.3
10.5 3.82 9.0 3.82 9.0 0.0 8.39 9.06 3.75 8.39 3.75 10.01 16.57 5.71 9.0 3.82 3.82 7.42 15.44 7.12 0.0 10.01 16.57 7.12 5.46 5.71 0.0 13.27 6.75 9.15 11.07 10.5 18.12 9.15 8.39 7.72 9.0 8.39 9.15 9.86 9.86
16.1 8.25 4.04 8.25 4.04 8.39 0.0 12.57 8.55 0.0 8.55 11.45 14.09 6.41 4.04 8.25 5.86 2.7 9.75 11.74 8.39 11.45 14.09 11.74 3.18 6.41 8.39 6.18 3.82 9.0 6.41 16.1 12.75 9.0 0.0 0.75 4.04 0.0 9.0 8.49 8.49
4.37 12.82 9.78 12.82 9.78 9.06 12.57 0.0 5.46 12.57 5.46 18.97 24.85 6.18 9.78 12.82 7.5 13.58 22.07 2.12 9.06 18.97 24.85 2.12 9.86 6.18 9.06 18.75 8.78 4.8 18.06 4.37 25.03 4.8 12.57 12.37 9.78 12.57 4.8 18.14 18.14
7.83 7.39 7.39 7.39 7.39 3.75 8.55 5.46 0.0 8.55 0.0 13.52 19.51 3.09 7.39 7.39 2.7 8.78 17.32 3.75 3.75 13.52 19.51 3.75 5.41 3.09 3.75 14.43 5.41 5.71 13.1 7.83 20.19 5.71 8.55 8.11 7.39 8.55 5.71 12.77 12.77
16.1 8.25 4.04 8.25 4.04 8.39 0.0 12.57 8.55 0.0 8.55 11.45 14.09 6.41 4.04 8.25 5.86 2.7 9.75 11.74 8.39 11.45 14.09 11.74 3.18 6.41 8.39 6.18 3.82 9.0 6.41 16.1 12.75 9.0 0.0 0.75 4.04 0.0 9.0 8.49 8.49
7.83 7.39 7.39 7.39 7.39 3.75 8.55 5.46 0.0 8.55 0.0 13.52 19.51 3.09 7.39 7.39 2.7 8.78 17.32 3.75 3.75 13.52 19.51 3.75 5.41 3.09 3.75 14.43 5.41 5.71 13.1 7.83 20.19 5.71 8.55 8.11 7.39 8.55 5.71 12.77 12.77
20.37 6.18 14.89 6.18 14.89 10.01 11.45 18.97 13.52 11.45 13.52 0.0 7.72 14.15 14.89 6.18 12.09 8.75 10.45 17.1 10.01 0.0 7.72 17.1 11.15 14.15 10.01 11.25 13.27 17.89 7.5 20.37 11.86 17.89 11.45 10.82 14.89 11.45 17.89 3.75 3.75
27.04 12.95 18.12 12.95 18.12 16.57 14.09 24.85 19.51 14.09 19.51 7.72 0.0 19.12 18.12 12.95 17.4 11.86 6.71 23.26 16.57 7.72 0.0 23.26 15.46 19.12 16.57 10.09 17.32 22.56 7.72 27.04 6.0 22.56 14.09 13.79 18.12 14.09 22.56 6.75 6.75
9.78 8.49 4.37 8.49 4.37 5.71 6.41 6.18 3.09 6.41 3.09 14.15 19.12 0.0 4.37 8.49 2.12 7.5 15.91 5.41 5.71 14.15 19.12 5.41 3.75 0.0 5.71 12.57 2.7 3.75 12.0 9.78 18.88 3.75 6.41 6.18 4.37 6.41 3.75 12.57 12.57
13.83 10.45 0.0 10.45 0.0 9.0 4.04 9.78 7.39 4.04 7.39 14.89 18.12 4.37 0.0 10.45 5.3 6.45 13.58 9.55 9.0 14.89 18.12 9.55 4.04 4.37 9.0 9.75 2.25 5.46 10.45 13.83 16.57 5.46 4.04 4.37 0.0 4.04 5.46 12.3 12.3
14.27 0.0 10.45 0.0 10.45 3.82 8.25 12.82 7.39 8.25 7.39 6.18 12.95 8.49 10.45 0.0 6.36 6.18 12.77 10.92 3.82 6.18 12.95 10.92 6.41 8.49 3.82 11.45 8.39 12.21 8.49 14.27 15.19 12.21 8.25 7.5 10.45 8.25 12.21 6.41 6.41
10.45 6.36 5.3 6.36 5.3 3.82 5.86 7.5 2.7 5.86 2.7 12.09 17.4 2.12 5.3 6.36 0.0 6.18 14.74 6.18 3.82 12.09 17.4 6.18 2.7 2.12 3.82 11.74 3.09 5.86 10.61 10.45 17.65 5.86 5.86 5.41 5.3 5.86 5.86 10.74 10.74
16.6 6.18 6.45 6.18 6.45 7.42 2.7 13.58 8.78 2.7 8.78 8.75 11.86 7.5 6.45 6.18 6.18 0.0 8.55 12.37 7.42 8.75 11.86 12.37 3.75 7.5 7.42 5.86 5.46 10.74 4.5 16.6 11.47 10.74 2.7 2.12 6.45 2.7 10.74 5.86 5.86
25.14 12.77 13.58 12.77 13.58 15.44 9.75 22.07 17.32 9.75 17.32 10.45 6.71 15.91 13.58 12.77 14.74 8.55 0.0 20.92 15.44 10.45 6.71 20.92 12.21 15.91 15.44 4.04 13.52 18.75 4.37 25.14 3.0 18.75 9.75 9.78 13.58 9.75 18.75 7.08 7.08
4.37 10.92 9.55 10.92 9.55 7.12 11.74 2.12 3.75 11.74 3.75 17.1 23.26 5.41 9.55 10.92 6.18 12.37 20.92 0.0 7.12 17.1 23.26 0.0 8.78 5.41 7.12 17.83 8.11 5.46 16.77 4.37 23.84 5.46 11.74 11.42 9.55 11.74 5.46 16.52 16.52
10.5 3.82 9.0 3.82 9.0 0.0 8.39 9.06 3.75 8.39 3.75 10.01 16.57 5.71 9.0 3.82 3.82 7.42 15.44 7.12 0.0 10.01 16.57 7.12 5.46 5.71 0.0 13.27 6.75 9.15 11.07 10.5 18.12 9.15 8.39 7.72 9.0 8.39 9.15 9.86 9.86
20.37 6.18 14.89 6.18 14.89 10.01 11.45 18.97 13.52 11.45 13.52 0.0 7.72 14.15 14.89 6.18 12.09 8.75 10.45 17.1 10.01 0.0 7.72 17.1 11.15 14.15 10.01 11.25 13.27 17.89 7.5 20.37 11.86 17.89 11.45 10.82 14.89 11.45 17.89 3.75 3.75
27.04 12.95 18.12 12.95 18.12 16.57 14.09 24.85 19.51 14.09 19.51 7.72 0.0 19.12 18.12 12.95 17.4 11.86 6.71 23.26 16.57 7.72 0.0 23.26 15.46 19.12 16.57 10.09 17.32 22.56 7.72 27.04 6.0 22.56 14.09 13.79 18.12 14.09 22.56 6.75 6.75
4.37 10.92 9.55 10.92 9.55 7.12 11.74 2.12 3.75 11.74 3.75 17.1 23.26 5.41 9.55 10.92 6.18 12.37 20.92 0.0 7.12 17.1 23.26 0.0 8.78 5.41 7.12 17.83 8.11 5.46 16.77 4.37 23.84 5.46 11.74 11.42 9.55 11.74 5.46 16.52 16.52
13.1 6.41 4.04 6.41 4.04 5.46 3.18 9.86 5.41 3.18 5.41 11.15 15.46 3.75 4.04 6.41 2.7 3.75 12.21 8.78 5.46 11.15 15.46 8.78 0.0 3.75 5.46 9.06 2.12 7.12 8.25 13.1 15.17 7.12 3.18 2.7 4.04 3.18 7.12 9.06 9.06
9.78 8.49 4.37 8.49 4.37 5.71 6.41 6.18 3.09 6.41 3.09 14.15 19.12 0.0 4.37 8.49 2.12 7.5 15.91 5.41 5.71 14.15 19.12 5.41 3.75 0.0 5.71 12.57 2.7 3.75 12.0 9.78 18.88 3.75 6.41 6.18 4.37 6.41 3.75 12.57 12.57
10.5 3.82 9.0 3.82 9.0 0.0 8.39 9.06 3.75 8.39 3.75 10.01 16.57 5.71 9.0 3.82 3.82 7.42 15.44 7.12 0.0 10.01 16.57 7.12 5.46 5.71 0.0 13.27 6.75 9.15 11.07 10.5 18.12 9.15 8.39 7.72 9.0 8.39 9.15 9.86 9.86
22.16 11.45 9.75 11.45 9.75 13.27 6.18 18.75 14.43 6.18 14.43 11.25 10.09 12.57 9.75 11.45 11.74 5.86 4.04 17.83 13.27 11.25 10.09 17.83 9.06 12.57 13.27 0.0 10.01 15.07 3.75 22.16 6.91 15.07 6.18 6.41 9.75 6.18 15.07 7.5 7.5
12.48 8.39 2.25 8.39 2.25 6.75 3.82 8.78 5.41 3.82 5.41 13.27 17.32 2.7 2.25 8.39 3.09 5.46 13.52 8.11 6.75 13.27 17.32 8.11 2.12 2.7 6.75 10.01 0.0 5.3 9.86 12.48 16.52 5.3 3.82 3.75 2.25 3.82 5.3 11.07 11.07
9.15 12.21 5.46 12.21 5.46 9.15 9.0 4.8 5.71 9.0 5.71 17.89 22.56 3.75 5.46 12.21 5.86 10.74 18.75 5.46 9.15 17.89 22.56 5.46 7.12 3.75 9.15 15.07 5.3 0.0 15.17 9.15 21.75 0.0 9.0 9.03 5.46 9.0 0.0 16.16 16.16
20.92 8.49 10.45 8.49 10.45 11.07 6.41 18.06 13.1 6.41 13.1 7.5 7.72 12.0 10.45 8.49 10.61 4.5 4.37 16.77 11.07 7.5 7.72 16.77 8.25 12.0 11.07 3.75 9.86 15.17 0.0 20.92 7.12 15.17 6.41 6.18 10.45 6.41 15.17 3.75 3.75
0.0 14.27 13.83 14.27 13.83 10.5 16.1 4.37 7.83 16.1 7.83 20.37 27.04 9.78 13.83 14.27 10.45 16.6 25.14 4.37 10.5 20.37 27.04 4.37 13.1 9.78 10.5 22.16 12.48 9.15 20.92 0.0 28.02 9.15 16.1 15.77 13.83 16.1 9.15 20.31 20.31
28.02 15.19 16.57 15.19 16.57 18.12 12.75 25.03 20.19 12.75 20.19 11.86 6.0 18.88 16.57 15.19 17.65 11.47 3.0 23.84 18.12 11.86 6.0 23.84 15.17 18.88 18.12 6.91 16.52 21.75 7.12 28.02 0.0 21.75 12.75 12.77 16.57 12.75 21.75 9.03 9.03
9.15 12.21 5.46 12.21 5.46 9.15 9.0 4.8 5.71 9.0 5.71 17.89 22.56 3.75 5.46 12.21 5.86 10.74 18.75 5.46 9.15 17.89 22.56 5.46 7.12 3.75 9.15 15.07 5.3 0.0 15.17 9.15 21.75 0.0 9.0 9.03 5.46 9.0 0.0 16.16 16.16
16.1 8.25 4.04 8.25 4.04 8.39 0.0 12.57 8.55 0.0 8.55 11.45 14.09 6.41 4.04 8.25 5.86 2.7 9.75 11.74 8.39 11.45 14.09 11.74 3.18 6.41 8.39 6.18 3.82 9.0 6.41 16.1 12.75 9.0 0.0 0.75 4.04 0.0 9.0 8.49 8.49
15.77 7.5 4.37 7.5 4.37 7.72 0.75 12.37 8.11 0.75 8.11 10.82 13.79 6.18 4.37 7.5 5.41 2.12 9.78 11.42 7.72 10.82 13.79 11.42 2.7 6.18 7.72 6.41 3.75 9.03 6.18 15.77 12.77 9.03 0.75 0.0 4.37 0.75 9.03 7.97 7.97
13.83 10.45 0.0 10.45 0.0 9.0 4.04 9.78 7.39 4.04 7.39 14.89 18.12 4.37 0.0 10.45 5.3 6.45 13.58 9.55 9.0 14.89 18.12 9.55 4.04 4.37 9.0 9.75 2.25 5.46 10.45 13.83 16.57 5.46 4.04 4.37 0.0 4.04 5.46 12.3 12.3
16.1 8.25 4.04 8.25 4.04 8.39 0.0 12.57 8.55 0.0 8.55 11.45 14.09 6.41 4.04 8.25 5.86 2.7 9.75 11.74 8.39 11.45 14.09 11.74 3.18 6.41 8.39 6.18 3.82 9.0 6.41 16.1 12.75 9.0 0.0 0.75 4.04 0.0 9.0 8.49 8.49
9.15 12.21 5.46 12.21 5.46 9.15 9.0 4.8 5.71 9.0 5.71 17.89 22.56 3.75 5.46 12.21 5.86 10.74 18.75 5.46 9.15 17.89 22.56 5.46 7.12 3.75 9.15 15.07 5.3 0.0 15.17 9.15 21.75 0.0 9.0 9.03 5.46 9.0 0.0 16.16 16.16
20.31 6.41 12.3 6.41 12.3 9.86 8.49 18.14 12.77 8.49 12.77 3.75 6.75 12.57 12.3 6.41 10.74 5.86 7.08 16.52 9.86 3.75 6.75 16.52 9.06 12.57 9.86 7.5 11.07 16.16 3.75 20.31 9.03 16.16 8.49 7.97 12.3 8.49 16.16 0.0 0.0
20.31 6.41 12.3 6.41 12.3 9.86 8.49 18.14 12.77 8.49 12.77 3.75 6.75 12.57 12.3 6.41 10.74 5.86 7.08 16.52 9.86 3.75 6.75 16.52 9.06 12.57 9.86 7.5 11.07 16.16 3.75 20.31 9.03 16.16 8.49 7.97 12.3 8.49 16.16 0.0 0.0
