0.0 4.37 27.04 4.5 28.02 9.78 4.37 22.16 20.92 10.5 16.6 7.12 16.1 20.92 10.5 15.77 17.89 12.48 12.48 4.37 20.37 27.26 7.83 13.83 7.12 9.15 10.45 4.37 25.14 18.0 4.37 0.0 25.14 27.04 10.5 13.83 20.37 13.1 17.89 12.48 15.77 14.27 16.6 10.45 17.89 4.37 9.15 9.78 18.0 7.12 17.89 13.1 16.1 16.1 9.15 16.1 4.5 16.1 4.5 27.09 13.83 0.0 10.5 4.37 0.0 9.78 27.26 16.6 15.77 10.45 20.31 27.04 17.89 16.6 7.83 14.27 7.83 27.09 17.89 17.89 20.92 27.09 16.1 10.45 27.04 27.09 27.04 18.0 10.45 0.0 7.12 12.48 4.37 4.5 0.0 9.15 20.31 22.16 10.45 20.92 28.02
4.37 0.0 24.85 4.37 25.03 6.18 0.0 18.75 18.06 9.06 13.58 3.0 12.57 18.06 9.06 12.37 14.09 8.78 8.78 2.12 18.97 24.75 5.46 9.78 3.0 4.8 7.5 0.0 22.07 16.19 2.12 4.37 22.07 24.85 9.06 9.78 18.97 9.86 14.09 8.78 12.37 12.82 13.58 7.5 14.09 0.0 4.8 6.18 16.19 3.0 14.09 9.86 12.57 12.57 4.8 12.57 4.37 12.57 4.37 25.47 9.78 4.37 9.06 2.12 4.37 6.18 24.75 13.58 12.37 7.5 18.14 24.85 14.09 13.58 5.46 12.82 5.46 25.47 14.09 14.09 18.06 25.47 12.57 7.5 24.85 25.47 24.85 16.19 7.5 4.37 3.0 8.78 0.0 4.37 4.37 4.8 18.14 18.75 7.5 18.06 25.03
27.04 24.85 0.0 22.55 6.0 19.12 24.85 10.09 7.72 16.57 11.86 25.3 14.09 7.72 16.57 13.79 14.56 17.32 17.32 23.26 7.72 2.25 19.51 18.12 25.3 22.56 17.4 24.85 6.71 9.12 23.26 27.04 6.71 0.0 16.57 18.12 7.72 15.46 14.56 17.32 13.79 12.95 11.86 17.4 14.56 24.85 22.56 19.12 9.12 25.3 14.56 15.46 14.09 14.09 22.56 14.09 22.55 14.09 22.55 3.75 18.12 27.04 16.57 23.26 27.04 19.12 2.25 11.86 13.79 17.4 6.75 0.0 14.56 11.86 19.51 12.95 19.51 3.75 14.56 14.56 7.72 3.75 14.09 17.4 0.0 3.75 0.0 9.12 17.4 27.04 25.3 17.32 24.85 22.55 27.04 22.56 6.75 10.09 17.4 7.72 6.0
4.5 4.37 22.55 0.0 23.72 6.45 4.37 18.14 16.6 6.0 12.41 7.12 12.3 16.6 6.0 11.86 14.33 9.03 9.03 2.37 15.91 22.81 3.75 10.82 7.12 7.54 6.45 4.37 20.89 13.5 2.37 4.5 20.89 22.55 6.0 10.82 15.91 9.15 14.33 9.03 11.86 9.78 12.41 6.45 14.33 4.37 7.54 6.45 13.5 7.12 14.33 9.15 12.3 12.3 7.54 12.3 0.0 12.3 0.0 22.61 10.82 4.5 6.0 2.37 4.5 6.45 22.81 12.41 11.86 6.45 15.82 22.55 14.33 12.41 3.75 9.78 3.75 22.61 14.33 14.33 16.6 22.61 12.3 6.45 22.55 22.61 22.55 13.5 6.45 4.5 7.12 9.03 4.37 0.0 4.5 7.54 15.82 18.14 6.45 16.6 23.72
28.02 25.03 6.0 23.72 0.0 18.88 25.03 6.91 7.12 18.12 11.47 24.76 12.75 7.12 18.12 12.77 12.21 16.52 16.52 23.84 11.86 3.75 20.19 16.57 24.76 21.75 17.65 25.03 3.0 11.72 23.84 28.02 3.0 6.0 18.12 16.57 11.86 15.17 12.21 16.52 12.77 15.19 11.47 17.65 12.21 25.03 21.75 18.88 11.72 24.76 12.21 15.17 12.75 12.75 21.75 12.75 23.72 12.75 23.72 9.75 16.57 28.02 18.12 23.84 28.02 18.88 3.75 11.47 12.77 17.65 9.03 6.0 12.21 11.47 20.19 15.19 20.19 9.75 12.21 12.21 7.12 9.75 12.75 17.65 6.0 9.75 6.0 11.72 17.65 28.02 24.76 16.52 25.03 23.72 28.02 21.75 9.03 6.91 17.65 7.12 0.0
9.78 6.18 19.12 6.45 18.88 0.0 6.18 12.57 12.0 5.71 7.5 6.18 6.41 12.0 5.71 6.18 8.11 2.7 2.7 5.41 14.15 18.81 3.09 4.37 6.18 3.75 2.12 6.18 15.91 11.07 5.41 9.78 15.91 19.12 5.71 4.37 14.15 3.75 8.11 2.7 6.18 8.49 7.5 2.12 8.11 6.18 3.75 0.0 11.07 6.18 8.11 3.75 6.41 6.41 3.75 6.41 6.45 6.41 6.45 20.19 4.37 9.78 5.71 5.41 9.78 0.0 18.81 7.5 6.18 2.12 12.57 19.12 8.11 7.5 3.09 8.49 3.09 20.19 8.11 8.11 12.0 20.19 6.41 2.12 19.12 20.19 19.12 11.07 2.12 9.78 6.18 2.7 6.18 6.45 9.78 3.75 12.57 12.57 2.12 12.0 18.88
4.37 0.0 24.85 4.37 25.03 6.18 0.0 18.75 18.06 9.06 13.58 3.0 12.57 18.06 9.06 12.37 14.09 8.78 8.78 2.12 18.97 24.75 5.46 9.78 3.0 4.8 7.5 0.0 22.07 16.19 2.12 4.37 22.07 24.85 9.06 9.78 18.97 9.86 14.09 8.78 12.37 12.82 13.58 7.5 14.09 0.0 4.8 6.18 16.19 3.0 14.09 9.86 12.57 12.57 4.8 12.57 4.37 12.57 4.37 25.47 9.78 4.37 9.06 2.12 4.37 6.18 24.75 13.58 12.37 7.5 18.14 24.85 14.09 13.58 5.46 12.82 5.46 25.47 14.09 14.09 18.06 25.47 12.57 7.5 24.85 25.47 24.85 16.19 7.5 4.37 3.0 8.78 0.0 4.37 4.37 4.8 18.14 18.75 7.5 18.06 25.03
22.16 18.75 10.09 18.14 6.91 12.57 18.75 0.0 3.75 13.27 5.86 18.14 6.18 3.75 13.27 6.41 5.3 10.01 10.01 17.83 11.25 8.55 14.43 9.75 18.14 15.07 11.74 18.75 4.04 9.28 17.83 22.16 4.04 10.09 13.27 9.75 11.25 9.06 5.3 10.01 6.41 11.45 5.86 11.74 5.3 18.75 15.07 12.57 9.28 18.14 5.3 9.06 6.18 6.18 15.07 6.18 18.14 6.18 18.14 13.12 9.75 22.16 13.27 17.83 22.16 12.57 8.55 5.86 6.41 11.74 7.5 10.09 5.3 5.86 14.43 11.45 14.43 13.12 5.3 5.3 3.75 13.12 6.18 11.74 10.09 13.12 10.09 9.28 11.74 22.16 18.14 10.01 18.75 18.14 22.16 15.07 7.5 0.0 11.74 3.75 6.91
20.92 18.06 7.72 16.6 7.12 12.0 18.06 3.75 0.0 11.07 4.5 18.06 6.41 0.0 11.07 6.18 6.91 9.86 9.86 16.77 7.5 6.91 13.1 10.45 18.06 15.17 10.61 18.06 4.37 5.71 16.77 20.92 4.37 7.72 11.07 10.45 7.5 8.25 6.91 9.86 6.18 8.49 4.5 10.61 6.91 18.06 15.17 12.0 5.71 18.06 6.91 8.25 6.41 6.41 15.17 6.41 16.6 6.41 16.6 10.09 10.45 20.92 11.07 16.77 20.92 12.0 6.91 4.5 6.18 10.61 3.75 7.72 6.91 4.5 13.1 8.49 13.1 10.09 6.91 6.91 0.0 10.09 6.41 10.61 7.72 10.09 7.72 5.71 10.61 20.92 18.06 9.86 18.06 16.6 20.92 15.17 3.75 3.75 10.61 0.0 7.12
10.5 9.06 16.57 6.0 18.12 5.71 9.06 13.27 11.07 0.0 7.42 10.66 8.39 11.07 0.0 7.72 10.74 6.75 6.75 7.12 10.01 16.92 3.75 9.0 10.66 9.15 3.82 9.06 15.44 7.5 7.12 10.5 15.44 16.57 0.0 9.0 10.01 5.46 10.74 6.75 7.72 3.82 7.42 3.82 10.74 9.06 9.15 5.71 7.5 10.66 10.74 5.46 8.39 8.39 9.15 8.39 6.0 8.39 6.0 16.65 9.0 10.5 0.0 7.12 10.5 5.71 16.92 7.42 7.72 3.82 9.86 16.57 10.74 7.42 3.75 3.82 3.75 16.65 10.74 10.74 11.07 16.65 8.39 3.82 16.57 16.65 16.57 7.5 3.82 10.5 10.66 6.75 9.06 6.0 10.5 9.15 9.86 13.27 3.82 11.07 18.12
16.6 13.58 11.86 12.41 11.47 7.5 13.58 5.86 4.5 7.42 0.0 13.58 2.7 4.5 7.42 2.12 4.56 5.46 5.46 12.37 8.75 11.35 8.78 6.45 13.58 10.74 6.18 13.58 8.55 5.71 12.37 16.6 8.55 11.86 7.42 6.45 8.75 3.75 4.56 5.46 2.12 6.18 0.0 6.18 4.56 13.58 10.74 7.5 5.71 13.58 4.56 3.75 2.7 2.7 10.74 2.7 12.41 2.7 12.41 13.52 6.45 16.6 7.42 12.37 16.6 7.5 11.35 0.0 2.12 6.18 5.86 11.86 4.56 0.0 8.78 6.18 8.78 13.52 4.56 4.56 4.5 13.52 2.7 6.18 11.86 13.52 11.86 5.71 6.18 16.6 13.58 5.46 13.58 12.41 16.6 10.74 5.86 5.86 6.18 4.5 11.47
7.12 3.0 25.3 7.12 24.76 6.18 3.0 18.14 18.06 10.66 13.58 0.0 12.02 18.06 10.66 12.0 13.1 8.25 8.25 4.74 20.12 24.93 6.91 8.55 0.0 3.09 8.08 3.0 21.76 17.14 4.74 7.12 21.76 25.3 10.66 8.55 20.12 9.86 13.1 8.25 12.0 14.15 13.58 8.08 13.1 3.0 3.09 6.18 17.14 0.0 13.1 9.86 12.02 12.02 3.09 12.02 7.12 12.02 7.12 26.34 8.55 7.12 10.66 4.74 7.12 6.18 24.93 13.58 12.0 8.08 18.75 25.3 13.1 13.58 6.91 14.15 6.91 26.34 13.1 13.1 18.06 26.34 12.02 8.08 25.3 26.34 25.3 17.14 8.08 7.12 0.0 8.25 3.0 7.12 7.12 3.09 18.75 18.14 8.08 18.06 24.76
16.1 12.57 14.09 12.3 12.75 6.41 12.57 6.18 6.41 8.39 2.7 12.02 0.0 6.41 8.39 0.75 2.37 3.82 3.82 11.74 11.45 13.29 8.55 4.04 12.02 9.0 5.86 12.57 9.75 8.39 11.74 16.1 9.75 14.09 8.39 4.04 11.45 3.18 2.37 3.82 0.75 8.25 2.7 5.86 2.37 12.57 9.0 6.41 8.39 12.02 2.37 3.18 0.0 0.0 9.0 0.0 12.3 0.0 12.3 16.05 4.04 16.1 8.39 11.74 16.1 6.41 13.29 2.7 0.75 5.86 8.49 14.09 2.37 2.7 8.55 8.25 8.55 16.05 2.37 2.37 6.41 16.05 0.0 5.86 14.09 16.05 14.09 8.39 5.86 16.1 12.02 3.82 12.57 12.3 16.1 9.0 8.49 6.18 5.86 6.41 12.75
20.92 18.06 7.72 16.6 7.12 12.0 18.06 3.75 0.0 11.07 4.5 18.06 6.41 0.0 11.07 6.18 6.91 9.86 9.86 16.77 7.5 6.91 13.1 10.45 18.06 15.17 10.61 18.06 4.37 5.71 16.77 20.92 4.37 7.72 11.07 10.45 7.5 8.25 6.91 9.86 6.18 8.49 4.5 10.61 6.91 18.06 15.17 12.0 5.71 18.06 6.91 8.25 6.41 6.41 15.17 6.41 16.6 6.41 16.6 10.09 10.45 20.92 11.07 16.77 20.92 12.0 6.91 4.5 6.18 10.61 3.75 7.72 6.91 4.5 13.1 8.49 13.1 10.09 6.91 6.91 0.0 10.09 6.41 10.61 7.72 10.09 7.72 5.71 10.61 20.92 18.06 9.86 18.06 16.6 20.92 15.17 3.75 3.75 10.61 0.0 7.12
10.5 9.06 16.57 6.0 18.12 5.71 9.06 13.27 11.07 0.0 7.42 10.66 8.39 11.07 0.0 7.72 10.74 6.75 6.75 7.12 10.01 16.92 3.75 9.0 10.66 9.15 3.82 9.06 15.44 7.5 7.12 10.5 15.44 16.57 0.0 9.0 10.01 5.46 10.74 6.75 7.72 3.82 7.42 3.82 10.74 9.06 9.15 5.71 7.5 10.66 10.74 5.46 8.39 8.39 9.15 8.39 6.0 8.39 6.0 16.65 9.0 10.5 0.0 7.12 10.5 5.71 16.92 7.42 7.72 3.82 9.86 16.57 10.74 7.42 3.75 3.82 3.75 16.65 10.74 10.74 11.07 16.65 8.39 3.82 16.57 16.65 16.57 7.5 3.82 10.5 10.66 6.75 9.06 6.0 10.5 9.15 9.86 13.27 3.82 11.07 18.12
15.77 12.37 13.79 11.86 12.77 6.18 12.37 6.41 6.18 7.72 2.12 12.0 0.75 6.18 7.72 0.0 3.09 3.75 3.75 11.42 10.82 13.1 8.11 4.37 12.0 9.03 5.41 12.37 9.78 7.72 11.42 15.77 9.78 13.79 7.72 4.37 10.82 2.7 3.09 3.75 0.0 7.5 2.12 5.41 3.09 12.37 9.03 6.18 7.72 12.0 3.09 2.7 0.75 0.75 9.03 0.75 11.86 0.75 11.86 15.61 4.37 15.77 7.72 11.42 15.77 6.18 13.1 2.12 0.0 5.41 7.97 13.79 3.09 2.12 8.11 7.5 8.11 15.61 3.09 3.09 6.18 15.61 0.75 5.41 13.79 15.61 13.79 7.72 5.41 15.77 12.0 3.75 12.37 11.86 15.77 9.03 7.97 6.41 5.41 6.18 12.77
17.89 14.09 14.56 14.33 12.21 8.11 14.09 5.3 6.91 10.74 4.56 13.1 2.37 6.91 10.74 3.09 0.0 5.41 5.41 13.52 13.1 13.42 10.61 4.56 13.1 10.01 7.97 14.09 9.28 10.2 13.52 17.89 9.28 14.56 10.74 4.56 13.1 5.41 0.0 5.41 3.09 10.53 4.56 7.97 0.0 14.09 10.01 8.11 10.2 13.1 0.0 5.41 2.37 2.37 10.01 2.37 14.33 2.37 14.33 16.97 4.56 17.89 10.74 13.52 17.89 8.11 13.42 4.56 3.09 7.97 9.78 14.56 0.0 4.56 10.61 10.53 10.61 16.97 0.0 0.0 6.91 16.97 2.37 7.97 14.56 16.97 14.56 10.2 7.97 17.89 13.1 5.41 14.09 14.33 17.89 10.01 9.78 5.3 7.97 6.91 12.21
12.48 8.78 17.32 9.03 16.52 2.7 8.78 10.01 9.86 6.75 5.46 8.25 3.82 9.86 6.75 3.75 5.41 0.0 0.0 8.11 13.27 16.77 5.41 2.25 8.25 5.3 3.09 8.78 13.52 10.09 8.11 12.48 13.52 17.32 6.75 2.25 13.27 2.12 5.41 0.0 3.75 8.39 5.46 3.09 5.41 8.78 5.3 2.7 10.09 8.25 5.41 2.12 3.82 3.82 5.3 3.82 9.03 3.82 9.03 18.79 2.25 12.48 6.75 8.11 12.48 2.7 16.77 5.46 3.75 3.09 11.07 17.32 5.41 5.46 5.41 8.39 5.41 18.79 5.41 5.41 9.86 18.79 3.82 3.09 17.32 18.79 17.32 10.09 3.09 12.48 8.25 0.0 8.78 9.03 12.48 5.3 11.07 10.01 3.09 9.86 16.52
12.48 8.78 17.32 9.03 16.52 2.7 8.78 10.01 9.86 6.75 5.46 8.25 3.82 9.86 6.75 3.75 5.41 0.0 0.0 8.11 13.27 16.77 5.41 2.25 8.25 5.3 3.09 8.78 13.52 10.09 8.11 12.48 13.52 17.32 6.75 2.25 13.27 2.12 5.41 0.0 3.75 8.39 5.46 3.09 5.41 8.78 5.3 2.7 10.09 8.25 5.41 2.12 3.82 3.82 5.3 3.82 9.03 3.82 9.03 18.79 2.25 12.48 6.75 8.11 12.48 2.7 16.77 5.46 3.75 3.09 11.07 17.32 5.41 5.46 5.41 8.39 5.41 18.79 5.41 5.41 9.86 18.79 3.82 3.09 17.32 18.79 17.32 10.09 3.09 12.48 8.25 0.0 8.78 9.03 12.48 5.3 11.07 10.01 3.09 9.86 16.52
4.37 2.12 23.26 2.37 23.84 5.41 2.12 17.83 16.77 7.12 12.37 4.74 11.74 16.77 7.12 11.42 13.52 8.11 8.11 0.0 17.1 23.3 3.75 9.55 4.74 5.46 6.18 2.12 20.92 14.43 0.0 4.37 20.92 23.26 7.12 9.55 17.1 8.78 13.52 8.11 11.42 10.92 12.37 6.18 13.52 2.12 5.46 5.41 14.43 4.74 13.52 8.78 11.74 11.74 5.46 11.74 2.37 11.74 2.37 23.68 9.55 4.37 7.12 0.0 4.37 5.41 23.3 12.37 11.42 6.18 16.52 23.26 13.52 12.37 3.75 10.92 3.75 23.68 13.52 13.52 16.77 23.68 11.74 6.18 23.26 23.68 23.26 14.43 6.18 4.37 4.74 8.11 2.12 2.37 4.37 5.46 16.52 17.83 6.18 16.77 23.84
20.37 18.97 7.72 15.91 11.86 14.15 18.97 11.25 7.5 10.01 8.75 20.12 11.45 7.5 10.01 10.82 13.1 13.27 13.27 17.1 0.0 9.03 13.52 14.89 20.12 17.89 12.09 18.97 10.45 3.18 17.1 20.37 10.45 7.72 10.01 14.89 0.0 11.15 13.1 13.27 10.82 6.18 8.75 12.09 13.1 18.97 17.89 14.15 3.18 20.12 13.1 11.15 11.45 11.45 17.89 11.45 15.91 11.45 15.91 6.75 14.89 20.37 10.01 17.1 20.37 14.15 9.03 8.75 10.82 12.09 3.75 7.72 13.1 8.75 13.52 6.18 13.52 6.75 13.1 13.1 7.5 6.75 11.45 12.09 7.72 6.75 7.72 3.18 12.09 20.37 20.12 13.27 18.97 15.91 20.37 17.89 3.75 11.25 12.09 7.5 11.86
27.26 24.75 2.25 22.81 3.75 18.81 24.75 8.55 6.91 16.92 11.35 24.93 13.29 6.91 16.92 13.1 13.42 16.77 16.77 23.3 9.03 0.0 19.56 17.32 24.93 22.07 17.25 24.75 4.8 9.75 23.3 27.26 4.8 2.25 16.92 17.32 9.03 15.07 13.42 16.77 13.1 13.52 11.35 17.25 13.42 24.75 22.07 18.81 9.75 24.93 13.42 15.07 13.29 13.29 22.07 13.29 22.81 13.29 22.81 6.0 17.32 27.26 16.92 23.3 27.26 18.81 0.0 11.35 13.1 17.25 7.12 2.25 13.42 11.35 19.56 13.52 19.56 6.0 13.42 13.42 6.91 6.0 13.29 17.25 2.25 6.0 2.25 9.75 17.25 27.26 24.93 16.77 24.75 22.81 27.26 22.07 7.12 8.55 17.25 6.91 3.75
7.83 5.46 19.51 3.75 20.19 3.09 5.46 14.43 13.1 3.75 8.78 6.91 8.55 13.1 3.75 8.11 10.61 5.41 5.41 3.75 13.52 19.56 0.0 7.39 6.91 5.71 2.7 5.46 17.32 10.74 3.75 7.83 17.32 19.51 3.75 7.39 13.52 5.41 10.61 5.41 8.11 7.39 8.78 2.7 10.61 5.46 5.71 3.09 10.74 6.91 10.61 5.41 8.55 8.55 5.71 8.55 3.75 8.55 3.75 20.01 7.39 7.83 3.75 3.75 7.83 3.09 19.56 8.78 8.11 2.7 12.77 19.51 10.61 8.78 0.0 7.39 0.0 20.01 10.61 10.61 13.1 20.01 8.55 2.7 19.51 20.01 19.51 10.74 2.7 7.83 6.91 5.41 5.46 3.75 7.83 5.71 12.77 14.43 2.7 13.1 20.19
13.83 9.78 18.12 10.82 16.57 4.37 9.78 9.75 10.45 9.0 6.45 8.55 4.04 10.45 9.0 4.37 4.56 2.25 2.25 9.55 14.89 17.32 7.39 0.0 8.55 5.46 5.3 9.78 13.58 11.72 9.55 13.83 13.58 18.12 9.0 0.0 14.89 4.04 4.56 2.25 4.37 10.45 6.45 5.3 4.56 9.78 5.46 4.37 11.72 8.55 4.56 4.04 4.04 4.04 5.46 4.04 10.82 4.04 10.82 19.97 0.0 13.83 9.0 9.55 13.83 4.37 17.32 6.45 4.37 5.3 12.3 18.12 4.56 6.45 7.39 10.45 7.39 19.97 4.56 4.56 10.45 19.97 4.04 5.3 18.12 19.97 18.12 11.72 5.3 13.83 8.55 2.25 9.78 10.82 13.83 5.46 12.3 9.75 5.3 10.45 16.57
7.12 3.0 25.3 7.12 24.76 6.18 3.0 18.14 18.06 10.66 13.58 0.0 12.02 18.06 10.66 12.0 13.1 8.25 8.25 4.74 20.12 24.93 6.91 8.55 0.0 3.09 8.08 3.0 21.76 17.14 4.74 7.12 21.76 25.3 10.66 8.55 20.12 9.86 13.1 8.25 12.0 14.15 13.58 8.08 13.1 3.0 3.09 6.18 17.14 0.0 13.1 9.86 12.02 12.02 3.09 12.02 7.12 12.02 7.12 26.34 8.55 7.12 10.66 4.74 7.12 6.18 24.93 13.58 12.0 8.08 18.75 25.3 13.1 13.58 6.91 14.15 6.91 26.34 13.1 13.1 18.06 26.34 12.02 8.08 25.3 26.34 25.3 17.14 8.08 7.12 0.0 8.25 3.0 7.12 7.12 3.09 18.75 18.14 8.08 18.06 24.76
9.15 4.8 22.56 7.54 21.75 3.75 4.8 15.07 15.17 9.15 10.74 3.09 9.0 15.17 9.15 9.03 10.01 5.3 5.3 5.46 17.89 22.07 5.71 5.46 3.09 0.0 5.86 4.8 18.75 14.79 5.46 9.15 18.75 22.56 9.15 5.46 17.89 7.12 10.01 5.3 9.03 12.21 10.74 5.86 10.01 4.8 0.0 3.75 14.79 3.09 10.01 7.12 9.0 9.0 0.0 9.0 7.54 9.0 7.54 23.84 5.46 9.15 9.15 5.46 9.15 3.75 22.07 10.74 9.03 5.86 16.16 22.56 10.01 10.74 5.71 12.21 5.71 23.84 10.01 10.01 15.17 23.84 9.0 5.86 22.56 23.84 22.56 14.79 5.86 9.15 3.09 5.3 4.8 7.54 9.15 0.0 16.16 15.07 5.86 15.17 21.75
10.45 7.5 17.4 6.45 17.65 2.12 7.5 11.74 10.61 3.82 6.18 8.08 5.86 10.61 3.82 5.41 7.97 3.09 3.09 6.18 12.09 17.25 2.7 5.3 8.08 5.86 0.0 7.5 14.74 9.06 6.18 10.45 14.74 17.4 3.82 5.3 12.09 2.7 7.97 3.09 5.41 6.36 6.18 0.0 7.97 7.5 5.86 2.12 9.06 8.08 7.97 2.7 5.86 5.86 5.86 5.86 6.45 5.86 6.45 18.26 5.3 10.45 3.82 6.18 10.45 2.12 17.25 6.18 5.41 0.0 10.74 17.4 7.97 6.18 2.7 6.36 2.7 18.26 7.97 7.97 10.61 18.26 5.86 0.0 17.4 18.26 17.4 9.06 0.0 10.45 8.08 3.09 7.5 6.45 10.45 5.86 10.74 11.74 0.0 10.61 17.65
4.37 0.0 24.85 4.37 25.03 6.18 0.0 18.75 18.06 9.06 13.58 3.0 12.57 18.06 9.06 12.37 14.09 8.78 8.78 2.12 18.97 24.75 5.46 9.78 3.0 4.8 7.5 0.0 22.07 16.19 2.12 4.37 22.07 24.85 9.06 9.78 18.97 9.86 14.09 8.78 12.37 12.82 13.58 7.5 14.09 0.0 4.8 6.18 16.19 3.0 14.09 9.86 12.57 12.57 4.8 12.57 4.37 12.57 4.37 25.47 9.78 4.37 9.06 2.12 4.37 6.18 24.75 13.58 12.37 7.5 18.14 24.85 14.09 13.58 5.46 12.82 5.46 25.47 14.09 14.09 18.06 25.47 12.57 7.5 24.85 25.47 24.85 16.19 7.5 4.37 3.0 8.78 0.0 4.37 4.37 4.8 18.14 18.75 7.5 18.06 25.03
25.14 22.07 6.71 20.89 3.0 15.91 22.07 4.04 4.37 15.44 8.55 21.76 9.75 4.37 15.44 9.78 9.28 13.52 13.52 20.92 10.45 4.8 17.32 13.58 21.76 18.75 14.74 22.07 0.0 9.6 20.92 25.14 0.0 6.71 15.44 13.58 10.45 12.21 9.28 13.52 9.78 12.77 8.55 14.74 9.28 22.07 18.75 15.91 9.6 21.76 9.28 12.21 9.75 9.75 18.75 9.75 20.89 9.75 20.89 10.2 13.58 25.14 15.44 20.92 25.14 15.91 4.8 8.55 9.78 14.74 7.08 6.71 9.28 8.55 17.32 12.77 17.32 10.2 9.28 9.28 4.37 10.2 9.75 14.74 6.71 10.2 6.71 9.6 14.74 25.14 21.76 13.52 22.07 20.89 25.14 18.75 7.08 4.04 14.74 4.37 3.0
18.0 16.19 9.12 13.5 11.72 11.07 16.19 9.28 5.71 7.5 5.71 17.14 8.39 5.71 7.5 7.72 10.2 10.09 10.09 14.43 3.18 9.75 10.74 11.72 17.14 14.79 9.06 16.19 9.6 0.0 14.43 18.0 9.6 9.12 7.5 11.72 3.18 7.97 10.2 10.09 7.72 3.82 5.71 9.06 10.2 16.19 14.79 11.07 0.0 17.14 10.2 7.97 8.39 8.39 14.79 8.39 13.5 8.39 13.5 9.28 11.72 18.0 7.5 14.43 18.0 11.07 9.75 5.71 7.72 9.06 2.7 9.12 10.2 5.71 10.74 3.82 10.74 9.28 10.2 10.2 5.71 9.28 8.39 9.06 9.12 9.28 9.12 0.0 9.06 18.0 17.14 10.09 16.19 13.5 18.0 14.79 2.7 9.28 9.06 5.71 11.72
4.37 2.12 23.26 2.37 23.84 5.41 2.12 17.83 16.77 7.12 12.37 4.74 11.74 16.77 7.12 11.42 13.52 8.11 8.11 0.0 17.1 23.3 3.75 9.55 4.74 5.46 6.18 2.12 20.92 14.43 0.0 4.37 20.92 23.26 7.12 9.55 17.1 8.78 13.52 8.11 11.42 10.92 12.37 6.18 13.52 2.12 5.46 5.41 14.43 4.74 13.52 8.78 11.74 11.74 5.46 11.74 2.37 11.74 2.37 23.68 9.55 4.37 7.12 0.0 4.37 5.41 23.3 12.37 11.42 6.18 16.52 23.26 13.52 12.37 3.75 10.92 3.75 23.68 13.52 13.52 16.77 23.68 11.74 6.18 23.26 23.68 23.26 14.43 6.18 4.37 4.74 8.11 2.12 2.37 4.37 5.46 16.52 17.83 6.18 16.77 23.84
0.0 4.37 27.04 4.5 28.02 9.78 4.37 22.16 20.92 10.5 16.6 7.12 16.1 20.92 10.5 15.77 17.89 12.48 12.48 4.37 20.37 27.26 7.83 13.83 7.12 9.15 10.45 4.37 25.14 18.0 4.37 0.0 25.14 27.04 10.5 13.83 20.37 13.1 17.89 12.48 15.77 14.27 16.6 10.45 17.89 4.37 9.15 9.78 18.0 7.12 17.89 13.1 16.1 16.1 9.15 16.1 4.5 16.1 4.5 27.09 13.83 0.0 10.5 4.37 0.0 9.78 27.26 16.6 15.77 10.45 20.31 27.04 17.89 16.6 7.83 14.27 7.83 27.09 17.89 17.89 20.92 27.09 16.1 10.45 27.04 27.09 27.04 18.0 10.45 0.0 7.12 12.48 4.37 4.5 0.0 9.15 20.31 22.16 10.45 20.92 28.02
25.14 22.07 6.71 20.89 3.0 15.91 22.07 4.04 4.37 15.44 8.55 21.76 9.75 4.37 15.44 9.78 9.28 13.52 13.52 20.92 10.45 4.8 17.32 13.58 21.76 18.75 14.74 22.07 0.0 9.6 20.92 25.14 0.0 6.71 15.44 13.58 10.45 12.21 9.28 13.52 9.78 12.77 8.55 14.74 9.28 22.07 18.75 15.91 9.6 21.76 9.28 12.21 9.75 9.75 18.75 9.75 20.89 9.75 20.89 10.2 13.58 25.14 15.44 20.92 25.14 15.91 4.8 8.55 9.78 14.74 7.08 6.71 9.28 8.55 17.32 12.77 17.32 10.2 9.28 9.28 4.37 10.2 9.75 14.74 6.71 10.2 6.71 9.6 14.74 25.14 21.76 13.52 22.07 20.89 25.14 18.75 7.08 4.04 14.74 4.37 3.0
27.04 24.85 0.0 22.55 6.0 19.12 24.85 10.09 7.72 16.57 11.86 25.3 14.09 7.72 16.57 13.79 14.56 17.32 17.32 23.26 7.72 2.25 19.51 18.12 25.3 22.56 17.4 24.85 6.71 9.12 23.26 27.04 6.71 0.0 16.57 18.12 7.72 15.46 14.56 17.32 13.79 12.95 11.86 17.4 14.56 24.85 22.56 19.12 9.12 25.3 14.56 15.46 14.09 14.09 22.56 14.09 22.55 14.09 22.55 3.75 18.12 27.04 16.57 23.26 27.04 19.12 2.25 11.86 13.79 17.4 6.75 0.0 14.56 11.86 19.51 12.95 19.51 3.75 14.56 14.56 7.72 3.75 14.09 17.4 0.0 3.75 0.0 9.12 17.4 27.04 25.3 17.32 24.85 22.55 27.04 22.56 6.75 10.09 17.4 7.72 6.0
10.5 9.06 16.57 6.0 18.12 5.71 9.06 13.27 11.07 0.0 7.42 10.66 8.39 11.07 0.0 7.72 10.74 6.75 6.75 7.12 10.01 16.92 3.75 9.0 10.66 9.15 3.82 9.06 15.44 7.5 7.12 10.5 15.44 16.57 0.0 9.0 10.01 5.46 10.74 6.75 7.72 3.82 7.42 3.82 10.74 9.06 9.15 5.71 7.5 10.66 10.74 5.46 8.39 8.39 9.15 8.39 6.0 8.39 6.0 16.65 9.0 10.5 0.0 7.12 10.5 5.71 16.92 7.42 7.72 3.82 9.86 16.57 10.74 7.42 3.75 3.82 3.75 16.65 10.74 10.74 11.07 16.65 8.39 3.82 16.57 16.65 16.57 7.5 3.82 10.5 10.66 6.75 9.06 6.0 10.5 9.15 9.86 13.27 3.82 11.07 18.12
13.83 9.78 18.12 10.82 16.57 4.37 9.78 9.75 10.45 9.0 6.45 8.55 4.04 10.45 9.0 4.37 4.56 2.25 2.25 9.55 14.89 17.32 7.39 0.0 8.55 5.46 5.3 9.78 13.58 11.72 9.55 13.83 13.58 18.12 9.0 0.0 14.89 4.04 4.56 2.25 4.37 10.45 6.45 5.3 4.56 9.78 5.46 4.37 11.72 8.55 4.56 4.04 4.04 4.04 5.46 4.04 10.82 4.04 10.82 19.97 0.0 13.83 9.0 9.55 13.83 4.37 17.32 6.45 4.37 5.3 12.3 18.12 4.56 6.45 7.39 10.45 7.39 19.97 4.56 4.56 10.45 19.97 4.04 5.3 18.12 19.97 18.12 11.72 5.3 13.83 8.55 2.25 9.78 10.82 13.83 5.46 12.3 9.75 5.3 10.45 16.57
20.37 18.97 7.72 15.91 11.86 14.15 18.97 11.25 7.5 10.01 8.75 20.12 11.45 7.5 10.01 10.82 13.1 13.27 13.27 17.1 0.0 9.03 13.52 14.89 20.12 17.89 12.09 18.97 10.45 3.18 17.1 20.37 10.45 7.72 10.01 14.89 0.0 11.15 13.1 13.27 10.82 6.18 8.75 12.09 13.1 18.97 17.89 14.15 3.18 20.12 13.1 11.15 11.45 11.45 17.89 11.45 15.91 11.45 15.91 6.75 14.89 20.37 10.01 17.1 20.37 14.15 9.03 8.75 10.82 12.09 3.75 7.72 13.1 8.75 13.52 6.18 13.52 6.75 13.1 13.1 7.5 6.75 11.45 12.09 7.72 6.75 7.72 3.18 12.09 20.37 20.12 13.27 18.97 15.91 20.37 17.89 3.75 11.25 12.09 7.5 11.86
13.1 9.86 15.46 9.15 15.17 3.75 9.86 9.06 8.25 5.46 3.75 9.86 3.18 8.25 5.46 2.7 5.41 2.12 2.12 8.78 11.15 15.07 5.41 4.04 9.86 7.12 2.7 9.86 12.21 7.97 8.78 13.1 12.21 15.46 5.46 4.04 11.15 0.0 5.41 2.12 2.7 6.41 3.75 2.7 5.41 9.86 7.12 3.75 7.97 9.86 5.41 0.0 3.18 3.18 7.12 3.18 9.15 3.18 9.15 16.77 4.04 13.1 5.46 8.78 13.1 3.75 15.07 3.75 2.7 2.7 9.06 15.46 5.41 3.75 5.41 6.41 5.41 16.77 5.41 5.41 8.25 16.77 3.18 2.7 15.46 16.77 15.46 7.97 2.7 13.1 9.86 2.12 9.86 9.15 13.1 7.12 9.06 9.06 2.7 8.25 15.17
17.89 14.09 14.56 14.33 12.21 8.11 14.09 5.3 6.91 10.74 4.56 13.1 2.37 6.91 10.74 3.09 0.0 5.41 5.41 13.52 13.1 13.42 10.61 4.56 13.1 10.01 7.97 14.09 9.28 10.2 13.52 17.89 9.28 14.56 10.74 4.56 13.1 5.41 0.0 5.41 3.09 10.53 4.56 7.97 0.0 14.09 10.01 8.11 10.2 13.1 0.0 5.41 2.37 2.37 10.01 2.37 14.33 2.37 14.33 16.97 4.56 17.89 10.74 13.52 17.89 8.11 13.42 4.56 3.09 7.97 9.78 14.56 0.0 4.56 10.61 10.53 10.61 16.97 0.0 0.0 6.91 16.97 2.37 7.97 14.56 16.97 14.56 10.2 7.97 17.89 13.1 5.41 14.09 14.33 17.89 10.01 9.78 5.3 7.97 6.91 12.21
12.48 8.78 17.32 9.03 16.52 2.7 8.78 10.01 9.86 6.75 5.46 8.25 3.82 9.86 6.75 3.75 5.41 0.0 0.0 8.11 13.27 16.77 5.41 2.25 8.25 5.3 3.09 8.78 13.52 10.09 8.11 12.48 13.52 17.32 6.75 2.25 13.27 2.12 5.41 0.0 3.75 8.39 5.46 3.09 5.41 8.78 5.3 2.7 10.09 8.25 5.41 2.12 3.82 3.82 5.3 3.82 9.03 3.82 9.03 18.79 2.25 12.48 6.75 8.11 12.48 2.7 16.77 5.46 3.75 3.09 11.07 17.32 5.41 5.46 5.41 8.39 5.41 18.79 5.41 5.41 9.86 18.79 3.82 3.09 17.32 18.79 17.32 10.09 3.09 12.48 8.25 0.0 8.78 9.03 12.48 5.3 11.07 10.01 3.09 9.86 16.52
15.77 12.37 13.79 11.86 12.77 6.18 12.37 6.41 6.18 7.72 2.12 12.0 0.75 6.18 7.72 0.0 3.09 3.75 3.75 11.42 10.82 13.1 8.11 4.37 12.0 9.03 5.41 12.37 9.78 7.72 11.42 15.77 9.78 13.79 7.72 4.37 10.82 2.7 3.09 3.75 0.0 7.5 2.12 5.41 3.09 12.37 9.03 6.18 7.72 12.0 3.09 2.7 0.75 0.75 9.03 0.75 11.86 0.75 11.86 15.61 4.37 15.77 7.72 11.42 15.77 6.18 13.1 2.12 0.0 5.41 7.97 13.79 3.09 2.12 8.11 7.5 8.11 15.61 3.09 3.09 6.18 15.61 0.75 5.41 13.79 15.61 13.79 7.72 5.41 15.77 12.0 3.75 12.37 11.86 15.77 9.03 7.97 6.41 5.41 6.18 12.77
14.27 12.82 12.95 9.78 15.19 8.49 12.82 11.45 8.49 3.82 6.18 14.15 8.25 8.49 3.82 7.5 10.53 8.39 8.39 10.92 6.18 13.52 7.39 10.45 14.15 12.21 6.36 12.82 12.77 3.82 10.92 14.27 12.77 12.95 3.82 10.45 6.18 6.41 10.53 8.39 7.5 0.0 6.18 6.36 10.53 12.82 12.21 8.49 3.82 14.15 10.53 6.41 8.25 8.25 12.21 8.25 9.78 8.25 9.78 12.84 10.45 14.27 3.82 10.92 14.27 8.49 13.52 6.18 7.5 6.36 6.41 12.95 10.53 6.18 7.39 0.0 7.39 12.84 10.53 10.53 8.49 12.84 8.25 6.36 12.95 12.84 12.95 3.82 6.36 14.27 14.15 8.39 12.82 9.78 14.27 12.21 6.41 11.45 6.36 8.49 15.19
16.6 13.58 11.86 12.41 11.47 7.5 13.58 5.86 4.5 7.42 0.0 13.58 2.7 4.5 7.42 2.12 4.56 5.46 5.46 12.37 8.75 11.35 8.78 6.45 13.58 10.74 6.18 13.58 8.55 5.71 12.37 16.6 8.55 11.86 7.42 6.45 8.75 3.75 4.56 5.46 2.12 6.18 0.0 6.18 4.56 13.58 10.74 7.5 5.71 13.58 4.56 3.75 2.7 2.7 10.74 2.7 12.41 2.7 12.41 13.52 6.45 16.6 7.42 12.37 16.6 7.5 11.35 0.0 2.12 6.18 5.86 11.86 4.56 0.0 8.78 6.18 8.78 13.52 4.56 4.56 4.5 13.52 2.7 6.18 11.86 13.52 11.86 5.71 6.18 16.6 13.58 5.46 13.58 12.41 16.6 10.74 5.86 5.86 6.18 4.5 11.47
10.45 7.5 17.4 6.45 17.65 2.12 7.5 11.74 10.61 3.82 6.18 8.08 5.86 10.61 3.82 5.41 7.97 3.09 3.09 6.18 12.09 17.25 2.7 5.3 8.08 5.86 0.0 7.5 14.74 9.06 6.18 10.45 14.74 17.4 3.82 5.3 12.09 2.7 7.97 3.09 5.41 6.36 6.18 0.0 7.97 7.5 5.86 2.12 9.06 8.08 7.97 2.7 5.86 5.86 5.86 5.86 6.45 5.86 6.45 18.26 5.3 10.45 3.82 6.18 10.45 2.12 17.25 6.18 5.41 0.0 10.74 17.4 7.97 6.18 2.7 6.36 2.7 18.26 7.97 7.97 10.61 18.26 5.86 0.0 17.4 18.26 17.4 9.06 0.0 10.45 8.08 3.09 7.5 6.45 10.45 5.86 10.74 11.74 0.0 10.61 17.65
17.89 14.09 14.56 14.33 12.21 8.11 14.09 5.3 6.91 10.74 4.56 13.1 2.37 6.91 10.74 3.09 0.0 5.41 5.41 13.52 13.1 13.42 10.61 4.56 13.1 10.01 7.97 14.09 9.28 10.2 13.52 17.89 9.28 14.56 10.74 4.56 13.1 5.41 0.0 5.41 3.09 10.53 4.56 7.97 0.0 14.09 10.01 8.11 10.2 13.1 0.0 5.41 2.37 2.37 10.01 2.37 14.33 2.37 14.33 16.97 4.56 17.89 10.74 13.52 17.89 8.11 13.42 4.56 3.09 7.97 9.78 14.56 0.0 4.56 10.61 10.53 10.61 16.97 0.0 0.0 6.91 16.97 2.37 7.97 14.56 16.97 14.56 10.2 7.97 17.89 13.1 5.41 14.09 14.33 17.89 10.01 9.78 5.3 7.97 6.91 12.21
4.37 0.0 24.85 4.37 25.03 6.18 0.0 18.75 18.06 9.06 13.58 3.0 12.57 18.06 9.06 12.37 14.09 8.78 8.78 2.12 18.97 24.75 5.46 9.78 3.0 4.8 7.5 0.0 22.07 16.19 2.12 4.37 22.07 24.85 9.06 9.78 18.97 9.86 14.09 8.78 12.37 12.82 13.58 7.5 14.09 0.0 4.8 6.18 16.19 3.0 14.09 9.86 12.57 12.57 4.8 12.57 4.37 12.57 4.37 25.47 9.78 4.37 9.06 2.12 4.37 6.18 24.75 13.58 12.37 7.5 18.14 24.85 14.09 13.58 5.46 12.82 5.46 25.47 14.09 14.09 18.06 25.47 12.57 7.5 24.85 25.47 24.85 16.19 7.5 4.37 3.0 8.78 0.0 4.37 4.37 4.8 18.14 18.75 7.5 18.06 25.03
9.15 4.8 22.56 7.54 21.75 3.75 4.8 15.07 15.17 9.15 10.74 3.09 9.0 15.17 9.15 9.03 10.01 5.3 5.3 5.46 17.89 22.07 5.71 5.46 3.09 0.0 5.86 4.8 18.75 14.79 5.46 9.15 18.75 22.56 9.15 5.46 17.89 7.12 10.01 5.3 9.03 12.21 10.74 5.86 10.01 4.8 0.0 3.75 14.79 3.09 10.01 7.12 9.0 9.0 0.0 9.0 7.54 9.0 7.54 23.84 5.46 9.15 9.15 5.46 9.15 3.75 22.07 10.74 9.03 5.86 16.16 22.56 10.01 10.74 5.71 12.21 5.71 23.84 10.01 10.01 15.17 23.84 9.0 5.86 22.56 23.84 22.56 14.79 5.86 9.15 3.09 5.3 4.8 7.54 9.15 0.0 16.16 15.07 5.86 15.17 21.75
9.78 6.18 19.12 6.45 18.88 0.0 6.18 12.57 12.0 5.71 7.5 6.18 6.41 12.0 5.71 6.18 8.11 2.7 2.7 5.41 14.15 18.81 3.09 4.37 6.18 3.75 2.12 6.18 15.91 11.07 5.41 9.78 15.91 19.12 5.71 4.37 14.15 3.75 8.11 2.7 6.18 8.49 7.5 2.12 8.11 6.18 3.75 0.0 11.07 6.18 8.11 3.75 6.41 6.41 3.75 6.41 6.45 6.41 6.45 20.19 4.37 9.78 5.71 5.41 9.78 0.0 18.81 7.5 6.18 2.12 12.57 19.12 8.11 7.5 3.09 8.49 3.09 20.19 8.11 8.11 12.0 20.19 6.41 2.12 19.12 20.19 19.12 11.07 2.12 9.78 6.18 2.7 6.18 6.45 9.78 3.75 12.57 12.57 2.12 12.0 18.88
18.0 16.19 9.12 13.5 11.72 11.07 16.19 9.28 5.71 7.5 5.71 17.14 8.39 5.71 7.5 7.72 10.2 10.09 10.09 14.43 3.18 9.75 10.74 11.72 17.14 14.79 9.06 16.19 9.6 0.0 14.43 18.0 9.6 9.12 7.5 11.72 3.18 7.97 10.2 10.09 7.72 3.82 5.71 9.06 10.2 16.19 14.79 11.07 0.0 17.14 10.2 7.97 8.39 8.39 14.79 8.39 13.5 8.39 13.5 9.28 11.72 18.0 7.5 14.43 18.0 11.07 9.75 5.71 7.72 9.06 2.7 9.12 10.2 5.71 10.74 3.82 10.74 9.28 10.2 10.2 5.71 9.28 8.39 9.06 9.12 9.28 9.12 0.0 9.06 18.0 17.14 10.09 16.19 13.5 18.0 14.79 2.7 9.28 9.06 5.71 11.72
7.12 3.0 25.3 7.12 24.76 6.18 3.0 18.14 18.06 10.66 13.58 0.0 12.02 18.06 10.66 12.0 13.1 8.25 8.25 4.74 20.12 24.93 6.91 8.55 0.0 3.09 8.08 3.0 21.76 17.14 4.74 7.12 21.76 25.3 10.66 8.55 20.12 9.86 13.1 8.25 12.0 14.15 13.58 8.08 13.1 3.0 3.09 6.18 17.14 0.0 13.1 9.86 12.02 12.02 3.09 12.02 7.12 12.02 7.12 26.34 8.55 7.12 10.66 4.74 7.12 6.18 24.93 13.58 12.0 8.08 18.75 25.3 13.1 13.58 6.91 14.15 6.91 26.34 13.1 13.1 18.06 26.34 12.02 8.08 25.3 26.34 25.3 17.14 8.08 7.12 0.0 8.25 3.0 7.12 7.12 3.09 18.75 18.14 8.08 18.06 24.76
17.89 14.09 14.56 14.33 12.21 8.11 14.09 5.3 6.91 10.74 4.56 13.1 2.37 6.91 10.74 3.09 0.0 5.41 5.41 13.52 13.1 13.42 10.61 4.56 13.1 10.01 7.97 14.09 9.28 10.2 13.52 17.89 9.28 14.56 10.74 4.56 13.1 5.41 0.0 5.41 3.09 10.53 4.56 7.97 0.0 14.09 10.01 8.11 10.2 13.1 0.0 5.41 2.37 2.37 10.01 2.37 14.33 2.37 14.33 16.97 4.56 17.89 10.74 13.52 17.89 8.11 13.42 4.56 3.09 7.97 9.78 14.56 0.0 4.56 10.61 10.53 10.61 16.97 0.0 0.0 6.91 16.97 2.37 7.97 14.56 16.97 14.56 10.2 7.97 17.89 13.1 5.41 14.09 14.33 17.89 10.01 9.78 5.3 7.97 6.91 12.21
13.1 9.86 15.46 9.15 15.17 3.75 9.86 9.06 8.25 5.46 3.75 9.86 3.18 8.25 5.46 2.7 5.41 2.12 2.12 8.78 11.15 15.07 5.41 4.04 9.86 7.12 2.7 9.86 12.21 7.97 8.78 13.1 12.21 15.46 5.46 4.04 11.15 0.0 5.41 2.12 2.7 6.41 3.75 2.7 5.41 9.86 7.12 3.75 7.97 9.86 5.41 0.0 3.18 3.18 7.12 3.18 9.15 3.18 9.15 16.77 4.04 13.1 5.46 8.78 13.1 3.75 15.07 3.75 2.7 2.7 9.06 15.46 5.41 3.75 5.41 6.41 5.41 16.77 5.41 5.41 8.25 16.77 3.18 2.7 15.46 16.77 15.46 7.97 2.7 13.1 9.86 2.12 9.86 9.15 13.1 7.12 9.06 9.06 2.7 8.25 15.17
16.1 12.57 14.09 12.3 12.75 6.41 12.57 6.18 6.41 8.39 2.7 12.02 0.0 6.41 8.39 0.75 2.37 3.82 3.82 11.74 11.45 13.29 8.55 4.04 12.02 9.0 5.86 12.57 9.75 8.39 11.74 16.1 9.75 14.09 8.39 4.04 11.45 3.18 2.37 3.82 0.75 8.25 2.7 5.86 2.37 12.57 9.0 6.41 8.39 12.02 2.37 3.18 0.0 0.0 9.0 0.0 12.3 0.0 12.3 16.05 4.04 16.1 8.39 11.74 16.1 6.41 13.29 2.7 0.75 5.86 8.49 14.09 2.37 2.7 8.55 8.25 8.55 16.05 2.37 2.37 6.41 16.05 0.0 5.86 14.09 16.05 14.09 8.39 5.86 16.1 12.02 3.82 12.57 12.3 16.1 9.0 8.49 6.18 5.86 6.41 12.75
16.1 12.57 14.09 12.3 12.75 6.41 12.57 6.18 6.41 8.39 2.7 12.02 0.0 6.41 8.39 0.75 2.37 3.82 3.82 11.74 11.45 13.29 8.55 4.04 12.02 9.0 5.86 12.57 9.75 8.39 11.74 16.1 9.75 14.09 8.39 4.04 11.45 3.18 2.37 3.82 0.75 8.25 2.7 5.86 2.37 12.57 9.0 6.41 8.39 12.02 2.37 3.18 0.0 0.0 9.0 0.0 12.3 0.0 12.3 16.05 4.04 16.1 8.39 11.74 16.1 6.41 13.29 2.7 0.75 5.86 8.49 14.09 2.37 2.7 8.55 8.25 8.55 16.05 2.37 2.37 6.41 16.05 0.0 5.86 14.09 16.05 14.09 8.39 5.86 16.1 12.02 3.82 12.57 12.3 16.1 9.0 8.49 6.18 5.86 6.41 12.75
9.15 4.8 22.56 7.54 21.75 3.75 4.8 15.07 15.17 9.15 10.74 3.09 9.0 15.17 9.15 9.03 10.01 5.3 5.3 5.46 17.89 22.07 5.71 5.46 3.09 0.0 5.86 4.8 18.75 14.79 5.46 9.15 18.75 22.56 9.15 5.46 17.89 7.12 10.01 5.3 9.03 12.21 10.74 5.86 10.01 4.8 0.0 3.75 14.79 3.09 10.01 7.12 9.0 9.0 0.0 9.0 7.54 9.0 7.54 23.84 5.46 9.15 9.15 5.46 9.15 3.75 22.07 10.74 9.03 5.86 16.16 22.56 10.01 10.74 5.71 12.21 5.71 23.84 10.01 10.01 15.17 23.84 9.0 5.86 22.56 23.84 22.56 14.79 5.86 9.15 3.09 5.3 4.8 7.54 9.15 0.0 16.16 15.07 5.86 15.17 21.75
16.1 12.57 14.09 12.3 12.75 6.41 12.57 6.18 6.41 8.39 2.7 12.02 0.0 6.41 8.39 0.75 2.37 3.82 3.82 11.74 11.45 13.29 8.55 4.04 12.02 9.0 5.86 12.57 9.75 8.39 11.74 16.1 9.75 14.09 8.39 4.04 11.45 3.18 2.37 3.82 0.75 8.25 2.7 5.86 2.37 12.57 9.0 6.41 8.39 12.02 2.37 3.18 0.0 0.0 9.0 0.0 12.3 0.0 12.3 16.05 4.04 16.1 8.39 11.74 16.1 6.41 13.29 2.7 0.75 5.86 8.49 14.09 2.37 2.7 8.55 8.25 8.55 16.05 2.37 2.37 6.41 16.05 0.0 5.86 14.09 16.05 14.09 8.39 5.86 16.1 12.02 3.82 12.57 12.3 16.1 9.0 8.49 6.18 5.86 6.41 12.75
4.5 4.37 22.55 0.0 23.72 6.45 4.37 18.14 16.6 6.0 12.41 7.12 12.3 16.6 6.0 11.86 14.33 9.03 9.03 2.37 15.91 22.81 3.75 10.82 7.12 7.54 6.45 4.37 20.89 13.5 2.37 4.5 20.89 22.55 6.0 10.82 15.91 9.15 14.33 9.03 11.86 9.78 12.41 6.45 14.33 4.37 7.54 6.45 13.5 7.12 14.33 9.15 12.3 12.3 7.54 12.3 0.0 12.3 0.0 22.61 10.82 4.5 6.0 2.37 4.5 6.45 22.81 12.41 11.86 6.45 15.82 22.55 14.33 12.41 3.75 9.78 3.75 22.61 14.33 14.33 16.6 22.61 12.3 6.45 22.55 22.61 22.55 13.5 6.45 4.5 7.12 9.03 4.37 0.0 4.5 7.54 15.82 18.14 6.45 16.6 23.72
16.1 12.57 14.09 12.3 12.75 6.41 12.57 6.18 6.41 8.39 2.7 12.02 0.0 6.41 8.39 0.75 2.37 3.82 3.82 11.74 11.45 13.29 8.55 4.04 12.02 9.0 5.86 12.57 9.75 8.39 11.74 16.1 9.75 14.09 8.39 4.04 11.45 3.18 2.37 3.82 0.75 8.25 2.7 5.86 2.37 12.57 9.0 6.41 8.39 12.02 2.37 3.18 0.0 0.0 9.0 0.0 12.3 0.0 12.3 16.05 4.04 16.1 8.39 11.74 16.1 6.41 13.29 2.7 0.75 5.86 8.49 14.09 2.37 2.7 8.55 8.25 8.55 16.05 2.37 2.37 6.41 16.05 0.0 5.86 14.09 16.05 14.09 8.39 5.86 16.1 12.02 3.82 12.57 12.3 16.1 9.0 8.49 6.18 5.86 6.41 12.75
4.5 4.37 22.55 0.0 23.72 6.45 4.37 18.14 16.6 6.0 12.41 7.12 12.3 16.6 6.0 11.86 14.33 9.03 9.03 2.37 15.91 22.81 3.75 10.82 7.12 7.54 6.45 4.37 20.89 13.5 2.37 4.5 20.89 22.55 6.0 10.82 15.91 9.15 14.33 9.03 11.86 9.78 12.41 6.45 14.33 4.37 7.54 6.45 13.5 7.12 14.33 9.15 12.3 12.3 7.54 12.3 0.0 12.3 0.0 22.61 10.82 4.5 6.0 2.37 4.5 6.45 22.81 12.41 11.86 6.45 15.82 22.55 14.33 12.41 3.75 9.78 3.75 22.61 14.33 14.33 16.6 22.61 12.3 6.45 22.55 22.61 22.55 13.5 6.45 4.5 7.12 9.03 4.37 0.0 4.5 7.54 15.82 18.14 6.45 16.6 23.72
27.09 25.47 3.75 22.61 9.75 20.19 25.47 13.12 10.09 16.65 13.52 26.34 16.05 10.09 16.65 15.61 16.97 18.79 18.79 23.68 6.75 6.0 20.01 19.97 26.34 23.84 18.26 25.47 10.2 9.28 23.68 27.09 10.2 3.75 16.65 19.97 6.75 16.77 16.97 18.79 15.61 12.84 13.52 18.26 16.97 25.47 23.84 20.19 9.28 26.34 16.97 16.77 16.05 16.05 23.84 16.05 22.61 16.05 22.61 0.0 19.97 27.09 16.65 23.68 27.09 20.19 6.0 13.52 15.61 18.26 7.72 3.75 16.97 13.52 20.01 12.84 20.01 0.0 16.97 16.97 10.09 0.0 16.05 18.26 3.75 0.0 3.75 9.28 18.26 27.09 26.34 18.79 25.47 22.61 27.09 23.84 7.72 13.12 18.26 10.09 9.75
13.83 9.78 18.12 10.82 16.57 4.37 9.78 9.75 10.45 9.0 6.45 8.55 4.04 10.45 9.0 4.37 4.56 2.25 2.25 9.55 14.89 17.32 7.39 0.0 8.55 5.46 5.3 9.78 13.58 11.72 9.55 13.83 13.58 18.12 9.0 0.0 14.89 4.04 4.56 2.25 4.37 10.45 6.45 5.3 4.56 9.78 5.46 4.37 11.72 8.55 4.56 4.04 4.04 4.04 5.46 4.04 10.82 4.04 10.82 19.97 0.0 13.83 9.0 9.55 13.83 4.37 17.32 6.45 4.37 5.3 12.3 18.12 4.56 6.45 7.39 10.45 7.39 19.97 4.56 4.56 10.45 19.97 4.04 5.3 18.12 19.97 18.12 11.72 5.3 13.83 8.55 2.25 9.78 10.82 13.83 5.46 12.3 9.75 5.3 10.45 16.57
0.0 4.37 27.04 4.5 28.02 9.78 4.37 22.16 20.92 10.5 16.6 7.12 16.1 20.92 10.5 15.77 17.89 12.48 12.48 4.37 20.37 27.26 7.83 13.83 7.12 9.15 10.45 4.37 25.14 18.0 4.37 0.0 25.14 27.04 10.5 13.83 20.37 13.1 17.89 12.48 15.77 14.27 16.6 10.45 17.89 4.37 9.15 9.78 18.0 7.12 17.89 13.1 16.1 16.1 9.15 16.1 4.5 16.1 4.5 27.09 13.83 0.0 10.5 4.37 0.0 9.78 27.26 16.6 15.77 10.45 20.31 27.04 17.89 16.6 7.83 14.27 7.83 27.09 17.89 17.89 20.92 27.09 16.1 10.45 27.04 27.09 27.04 18.0 10.45 0.0 7.12 12.48 4.37 4.5 0.0 9.15 20.31 22.16 10.45 20.92 28.02
10.5 9.06 16.57 6.0 18.12 5.71 9.06 13.27 11.07 0.0 7.42 10.66 8.39 11.07 0.0 7.72 10.74 6.75 6.75 7.12 10.01 16.92 3.75 9.0 10.66 9.15 3.82 9.06 15.44 7.5 7.12 10.5 15.44 16.57 0.0 9.0 10.01 5.46 10.74 6.75 7.72 3.82 7.42 3.82 10.74 9.06 9.15 5.71 7.5 10.66 10.74 5.46 8.39 8.39 9.15 8.39 6.0 8.39 6.0 16.65 9.0 10.5 0.0 7.12 10.5 5.71 16.92 7.42 7.72 3.82 9.86 16.57 10.74 7.42 3.75 3.82 3.75 16.65 10.74 10.74 11.07 16.65 8.39 3.82 16.57 16.65 16.57 7.5 3.82 10.5 10.66 6.75 9.06 6.0 10.5 9.15 9.86 13.27 3.82 11.07 18.12
4.37 2.12 23.26 2.37 23.84 5.41 2.12 17.83 16.77 7.12 12.37 4.74 11.74 16.77 7.12 11.42 13.52 8.11 8.11 0.0 17.1 23.3 3.75 9.55 4.74 5.46 6.18 2.12 20.92 14.43 0.0 4.37 20.92 23.26 7.12 9.55 17.1 8.78 13.52 8.11 11.42 10.92 12.37 6.18 13.52 2.12 5.46 5.41 14.43 4.74 13.52 8.78 11.74 11.74 5.46 11.74 2.37 11.74 2.37 23.68 9.55 4.37 7.12 0.0 4.37 5.41 23.3 12.37 11.42 6.18 16.52 23.26 13.52 12.37 3.75 10.92 3.75 23.68 13.52 13.52 16.77 23.68 11.74 6.18 23.26 23.68 23.26 14.43 6.18 4.37 4.74 8.11 2.12 2.37 4.37 5.46 16.52 17.83 6.18 16.77 23.84
0.0 4.37 27.04 4.5 28.02 9.78 4.37 22.16 20.92 10.5 16.6 7.12 16.1 20.92 10.5 15.77 17.89 12.48 12.48 4.37 20.37 27.26 7.83 13.83 7.12 9.15 10.45 4.37 25.14 18.0 4.37 0.0 25.14 27.04 10.5 13.83 20.37 13.1 17.89 12.48 15.77 14.27 16.6 10.45 17.89 4.37 9.15 9.78 18.0 7.12 17.89 13.1 16.1 16.1 9.15 16.1 4.5 16.1 4.5 27.09 13.83 0.0 10.5 4.37 0.0 9.78 27.26 16.6 15.77 10.45 20.31 27.04 17.89 16.6 7.83 14.27 7.83 27.09 17.89 17.89 20.92 27.09 16.1 10.45 27.04 27.09 27.04 18.0 10.45 0.0 7.12 12.48 4.37 4.5 0.0 9.15 20.31 22.16 10.45 20.92 28.02
9.78 6.18 19.12 6.45 18.88 0.0 6.18 12.57 12.0 5.71 7.5 6.18 6.41 12.0 5.71 6.18 8.11 2.7 2.7 5.41 14.15 18.81 3.09 4.37 6.18 3.75 2.12 6.18 15.91 11.07 5.41 9.78 15.91 19.12 5.71 4.37 14.15 3.75 8.11 2.7 6.18 8.49 7.5 2.12 8.11 6.18 3.75 0.0 11.07 6.18 8.11 3.75 6.41 6.41 3.75 6.41 6.45 6.41 6.45 20.19 4.37 9.78 5.71 5.41 9.78 0.0 18.81 7.5 6.18 2.12 12.57 19.12 8.11 7.5 3.09 8.49 3.09 20.19 8.11 8.11 12.0 20.19 6.41 2.12 19.12 20.19 19.12 11.07 2.12 9.78 6.18 2.7 6.18 6.45 9.78 3.75 12.57 12.57 2.12 12.0 18.88
27.26 24.75 2.25 22.81 3.75 18.81 24.75 8.55 6.91 16.92 11.35 24.93 13.29 6.91 16.92 13.1 13.42 16.77 16.77 23.3 9.03 0.0 19.56 17.32 24.93 22.07 17.25 24.75 4.8 9.75 23.3 27.26 4.8 2.25 16.92 17.32 9.03 15.07 13.42 16.77 13.1 13.52 11.35 17.25 13.42 24.75 22.07 18.81 9.75 24.93 13.42 15.07 13.29 13.29 22.07 13.29 22.81 13.29 22.81 6.0 17.32 27.26 16.92 23.3 27.26 18.81 0.0 11.35 13.1 17.25 7.12 2.25 13.42 11.35 19.56 13.52 19.56 6.0 13.42 13.42 6.91 6.0 13.29 17.25 2.25 6.0 2.25 9.75 17.25 27.26 24.93 16.77 24.75 22.81 27.26 22.07 7.12 8.55 17.25 6.91 3.75
16.6 13.58 11.86 12.41 11.47 7.5 13.58 5.86 4.5 7.42 0.0 13.58 2.7 4.5 7.42 2.12 4.56 5.46 5.46 12.37 8.75 11.35 8.78 6.45 13.58 10.74 6.18 13.58 8.55 5.71 12.37 16.6 8.55 11.86 7.42 6.45 8.75 3.75 4.56 5.46 2.12 6.18 0.0 6.18 4.56 13.58 10.74 7.5 5.71 13.58 4.56 3.75 2.7 2.7 10.74 2.7 12.41 2.7 12.41 13.52 6.45 16.6 7.42 12.37 16.6 7.5 11.35 0.0 2.12 6.18 5.86 11.86 4.56 0.0 8.78 6.18 8.78 13.52 4.56 4.56 4.5 13.52 2.7 6.18 11.86 13.52 11.86 5.71 6.18 16.6 13.58 5.46 13.58 12.41 16.6 10.74 5.86 5.86 6.18 4.5 11.47
15.77 12.37 13.79 11.86 12.77 6.18 12.37 6.41 6.18 7.72 2.12 12.0 0.75 6.18 7.72 0.0 3.09 3.75 3.75 11.42 10.82 13.1 8.11 4.37 12.0 9.03 5.41 12.37 9.78 7.72 11.42 15.77 9.78 13.79 7.72 4.37 10.82 2.7 3.09 3.75 0.0 7.5 2.12 5.41 3.09 12.37 9.03 6.18 7.72 12.0 3.09 2.7 0.75 0.75 9.03 0.75 11.86 0.75 11.86 15.61 4.37 15.77 7.72 11.42 15.77 6.18 13.1 2.12 0.0 5.41 7.97 13.79 3.09 2.12 8.11 7.5 8.11 15.61 3.09 3.09 6.18 15.61 0.75 5.41 13.79 15.61 13.79 7.72 5.41 15.77 12.0 3.75 12.37 11.86 15.77 9.03 7.97 6.41 5.41 6.18 12.77
10.45 7.5 17.4 6.45 17.65 2.12 7.5 11.74 10.61 3.82 6.18 8.08 5.86 10.61 3.82 5.41 7.97 3.09 3.09 6.18 12.09 17.25 2.7 5.3 8.08 5.86 0.0 7.5 14.74 9.06 6.18 10.45 14.74 17.4 3.82 5.3 12.09 2.7 7.97 3.09 5.41 6.36 6.18 0.0 7.97 7.5 5.86 2.12 9.06 8.08 7.97 2.7 5.86 5.86 5.86 5.86 6.45 5.86 6.45 18.26 5.3 10.45 3.82 6.18 10.45 2.12 17.25 6.18 5.41 0.0 10.74 17.4 7.97 6.18 2.7 6.36 2.7 18.26 7.97 7.97 10.61 18.26 5.86 0.0 17.4 18.26 17.4 9.06 0.0 10.45 8.08 3.09 7.5 6.45 10.45 5.86 10.74 11.74 0.0 10.61 17.65
20.31 18.14 6.75 15.82 9.03 12.57 18.14 7.5 3.75 9.86 5.86 18.75 8.49 3.75 9.86 7.97 9.78 11.07 11.07 16.52 3.75 7.12 12.77 12.3 18.75 16.16 10.74 18.14 7.08 2.7 16.52 20.31 7.08 6.75 9.86 12.3 3.75 9.06 9.78 11.07 7.97 6.41 5.86 10.74 9.78 18.14 16.16 12.57 2.7 18.75 9.78 9.06 8.49 8.49 16.16 8.49 15.82 8.49 15.82 7.72 12.3 20.31 9.86 16.52 20.31 12.57 7.12 5.86 7.97 10.74 0.0 6.75 9.78 5.86 12.77 6.41 12.77 7.72 9.78 9.78 3.75 7.72 8.49 10.74 6.75 7.72 6.75 2.7 10.74 20.31 18.75 11.07 18.14 15.82 20.31 16.16 0.0 7.5 10.74 3.75 9.03
27.04 24.85 0.0 22.55 6.0 19.12 24.85 10.09 7.72 16.57 11.86 25.3 14.09 7.72 16.57 13.79 14.56 17.32 17.32 23.26 7.72 2.25 19.51 18.12 25.3 22.56 17.4 24.85 6.71 9.12 23.26 27.04 6.71 0.0 16.57 18.12 7.72 15.46 14.56 17.32 13.79 12.95 11.86 17.4 14.56 24.85 22.56 19.12 9.12 25.3 14.56 15.46 14.09 14.09 22.56 14.09 22.55 14.09 22.55 3.75 18.12 27.04 16.57 23.26 27.04 19.12 2.25 11.86 13.79 17.4 6.75 0.0 14.56 11.86 19.51 12.95 19.51 3.75 14.56 14.56 7.72 3.75 14.09 17.4 0.0 3.75 0.0 9.12 17.4 27.04 25.3 17.32 24.85 22.55 27.04 22.56 6.75 10.09 17.4 7.72 6.0
17.89 14.09 14.56 14.33 12.21 8.11 14.09 5.3 6.91 10.74 4.56 13.1 2.37 6.91 10.74 3.09 0.0 5.41 5.41 13.52 13.1 13.42 10.61 4.56 13.1 10.01 7.97 14.09 9.28 10.2 13.52 17.89 9.28 14.56 10.74 4.56 13.1 5.41 0.0 5.41 3.09 10.53 4.56 7.97 0.0 14.09 10.01 8.11 10.2 13.1 0.0 5.41 2.37 2.37 10.01 2.37 14.33 2.37 14.33 16.97 4.56 17.89 10.74 13.52 17.89 8.11 13.42 4.56 3.09 7.97 9.78 14.56 0.0 4.56 10.61 10.53 10.61 16.97 0.0 0.0 6.91 16.97 2.37 7.97 14.56 16.97 14.56 10.2 7.97 17.89 13.1 5.41 14.09 14.33 17.89 10.01 9.78 5.3 7.97 6.91 12.21
16.6 13.58 11.86 12.41 11.47 7.5 13.58 5.86 4.5 7.42 0.0 13.58 2.7 4.5 7.42 2.12 4.56 5.46 5.46 12.37 8.75 11.35 8.78 6.45 13.58 10.74 6.18 13.58 8.55 5.71 12.37 16.6 8.55 11.86 7.42 6.45 8.75 3.75 4.56 5.46 2.12 6.18 0.0 6.18 4.56 13.58 10.74 7.5 5.71 13.58 4.56 3.75 2.7 2.7 10.74 2.7 12.41 2.7 12.41 13.52 6.45 16.6 7.42 12.37 16.6 7.5 11.35 0.0 2.12 6.18 5.86 11.86 4.56 0.0 8.78 6.18 8.78 13.52 4.56 4.56 4.5 13.52 2.7 6.18 11.86 13.52 11.86 5.71 6.18 16.6 13.58 5.46 13.58 12.41 16.6 10.74 5.86 5.86 6.18 4.5 11.47
7.83 5.46 19.51 3.75 20.19 3.09 5.46 14.43 13.1 3.75 8.78 6.91 8.55 13.1 3.75 8.11 10.61 5.41 5.41 3.75 13.52 19.56 0.0 7.39 6.91 5.71 2.7 5.46 17.32 10.74 3.75 7.83 17.32 19.51 3.75 7.39 13.52 5.41 10.61 5.41 8.11 7.39 8.78 2.7 10.61 5.46 5.71 3.09 10.74 6.91 10.61 5.41 8.55 8.55 5.71 8.55 3.75 8.55 3.75 20.01 7.39 7.83 3.75 3.75 7.83 3.09 19.56 8.78 8.11 2.7 12.77 19.51 10.61 8.78 0.0 7.39 0.0 20.01 10.61 10.61 13.1 20.01 8.55 2.7 19.51 20.01 19.51 10.74 2.7 7.83 6.91 5.41 5.46 3.75 7.83 5.71 12.77 14.43 2.7 13.1 20.19
14.27 12.82 12.95 9.78 15.19 8.49 12.82 11.45 8.49 3.82 6.18 14.15 8.25 8.49 3.82 7.5 10.53 8.39 8.39 10.92 6.18 13.52 7.39 10.45 14.15 12.21 6.36 12.82 12.77 3.82 10.92 14.27 12.77 12.95 3.82 10.45 6.18 6.41 10.53 8.39 7.5 0.0 6.18 6.36 10.53 12.82 12.21 8.49 3.82 14.15 10.53 6.41 8.25 8.25 12.21 8.25 9.78 8.25 9.78 12.84 10.45 14.27 3.82 10.92 14.27 8.49 13.52 6.18 7.5 6.36 6.41 12.95 10.53 6.18 7.39 0.0 7.39 12.84 10.53 10.53 8.49 12.84 8.25 6.36 12.95 12.84 12.95 3.82 6.36 14.27 14.15 8.39 12.82 9.78 14.27 12.21 6.41 11.45 6.36 8.49 15.19
7.83 5.46 19.51 3.75 20.19 3.09 5.46 14.43 13.1 3.75 8.78 6.91 8.55 13.1 3.75 8.11 10.61 5.41 5.41 3.75 13.52 19.56 0.0 7.39 6.91 5.71 2.7 5.46 17.32 10.74 3.75 7.83 17.32 19.51 3.75 7.39 13.52 5.41 10.61 5.41 8.11 7.39 8.78 2.7 10.61 5.46 5.71 3.09 10.74 6.91 10.61 5.41 8.55 8.55 5.71 8.55 3.75 8.55 3.75 20.01 7.39 7.83 3.75 3.75 7.83 3.09 19.56 8.78 8.11 2.7 12.77 19.51 10.61 8.78 0.0 7.39 0.0 20.01 10.61 10.61 13.1 20.01 8.55 2.7 19.51 20.01 19.51 10.74 2.7 7.83 6.91 5.41 5.46 3.75 7.83 5.71 12.77 14.43 2.7 13.1 20.19
27.09 25.47 3.75 22.61 9.75 20.19 25.47 13.12 10.09 16.65 13.52 26.34 16.05 10.09 16.65 15.61 16.97 18.79 18.79 23.68 6.75 6.0 20.01 19.97 26.34 23.84 18.26 25.47 10.2 9.28 23.68 27.09 10.2 3.75 16.65 19.97 6.75 16.77 16.97 18.79 15.61 12.84 13.52 18.26 16.97 25.47 23.84 20.19 9.28 26.34 16.97 16.77 16.05 16.05 23.84 16.05 22.61 16.05 22.61 0.0 19.97 27.09 16.65 23.68 27.09 20.19 6.0 13.52 15.61 18.26 7.72 3.75 16.97 13.52 20.01 12.84 20.01 0.0 16.97 16.97 10.09 0.0 16.05 18.26 3.75 0.0 3.75 9.28 18.26 27.09 26.34 18.79 25.47 22.61 27.09 23.84 7.72 13.12 18.26 10.09 9.75
17.89 14.09 14.56 14.33 12.21 8.11 14.09 5.3 6.91 10.74 4.56 13.1 2.37 6.91 10.74 3.09 0.0 5.41 5.41 13.52 13.1 13.42 10.61 4.56 13.1 10.01 7.97 14.09 9.28 10.2 13.52 17.89 9.28 14.56 10.74 4.56 13.1 5.41 0.0 5.41 3.09 10.53 4.56 7.97 0.0 14.09 10.01 8.11 10.2 13.1 0.0 5.41 2.37 2.37 10.01 2.37 14.33 2.37 14.33 16.97 4.56 17.89 10.74 13.52 17.89 8.11 13.42 4.56 3.09 7.97 9.78 14.56 0.0 4.56 10.61 10.53 10.61 16.97 0.0 0.0 6.91 16.97 2.37 7.97 14.56 16.97 14.56 10.2 7.97 17.89 13.1 5.41 14.09 14.33 17.89 10.01 9.78 5.3 7.97 6.91 12.21
17.89 14.09 14.56 14.33 12.21 8.11 14.09 5.3 6.91 10.74 4.56 13.1 2.37 6.91 10.74 3.09 0.0 5.41 5.41 13.52 13.1 13.42 10.61 4.56 13.1 10.01 7.97 14.09 9.28 10.2 13.52 17.89 9.28 14.56 10.74 4.56 13.1 5.41 0.0 5.41 3.09 10.53 4.56 7.97 0.0 14.09 10.01 8.11 10.2 13.1 0.0 5.41 2.37 2.37 10.01 2.37 14.33 2.37 14.33 16.97 4.56 17.89 10.74 13.52 17.89 8.11 13.42 4.56 3.09 7.97 9.78 14.56 0.0 4.56 10.61 10.53 10.61 16.97 0.0 0.0 6.91 16.97 2.37 7.97 14.56 16.97 14.56 10.2 7.97 17.89 13.1 5.41 14.09 14.33 17.89 10.01 9.78 5.3 7.97 6.91 12.21
20.92 18.06 7.72 16.6 7.12 12.0 18.06 3.75 0.0 11.07 4.5 18.06 6.41 0.0 11.07 6.18 6.91 9.86 9.86 16.77 7.5 6.91 13.1 10.45 18.06 15.17 10.61 18.06 4.37 5.71 16.77 20.92 4.37 7.72 11.07 10.45 7.5 8.25 6.91 9.86 6.18 8.49 4.5 10.61 6.91 18.06 15.17 12.0 5.71 18.06 6.91 8.25 6.41 6.41 15.17 6.41 16.6 6.41 16.6 10.09 10.45 20.92 11.07 16.77 20.92 12.0 6.91 4.5 6.18 10.61 3.75 7.72 6.91 4.5 13.1 8.49 13.1 10.09 6.91 6.91 0.0 10.09 6.41 10.61 7.72 10.09 7.72 5.71 10.61 20.92 18.06 9.86 18.06 16.6 20.92 15.17 3.75 3.75 10.61 0.0 7.12
27.09 25.47 3.75 22.61 9.75 20.19 25.47 13.12 10.09 16.65 13.52 26.34 16.05 10.09 16.65 15.61 16.97 18.79 18.79 23.68 6.75 6.0 20.01 19.97 26.34 23.84 18.26 25.47 10.2 9.28 23.68 27.09 10.2 3.75 16.65 19.97 6.75 16.77 16.97 18.79 15.61 12.84 13.52 18.26 16.97 25.47 23.84 20.19 9.28 26.34 16.97 16.77 16.05 16.05 23.84 16.05 22.61 16.05 22.61 0.0 19.97 27.09 16.65 23.68 27.09 20.19 6.0 13.52 15.61 18.26 7.72 3.75 16.97 13.52 20.01 12.84 20.01 0.0 16.97 16.97 10.09 0.0 16.05 18.26 3.75 0.0 3.75 9.28 18.26 27.09 26.34 18.79 25.47 22.61 27.09 23.84 7.72 13.12 18.26 10.09 9.75
16.1 12.57 14.09 12.3 12.75 6.41 12.57 6.18 6.41 8.39 2.7 12.02 0.0 6.41 8.39 0.75 2.37 3.82 3.82 11.74 11.45 13.29 8.55 4.04 12.02 9.0 5.86 12.57 9.75 8.39 11.74 16.1 9.75 14.09 8.39 4.04 11.45 3.18 2.37 3.82 0.75 8.25 2.7 5.86 2.37 12.57 9.0 6.41 8.39 12.02 2.37 3.18 0.0 0.0 9.0 0.0 12.3 0.0 12.3 16.05 4.04 16.1 8.39 11.74 16.1 6.41 13.29 2.7 0.75 5.86 8.49 14.09 2.37 2.7 8.55 8.25 8.55 16.05 2.37 2.37 6.41 16.05 0.0 5.86 14.09 16.05 14.09 8.39 5.86 16.1 12.02 3.82 12.57 12.3 16.1 9.0 8.49 6.18 5.86 6.41 12.75
10.45 7.5 17.4 6.45 17.65 2.12 7.5 11.74 10.61 3.82 6.18 8.08 5.86 10.61 3.82 5.41 7.97 3.09 3.09 6.18 12.09 17.25 2.7 5.3 8.08 5.86 0.0 7.5 14.74 9.06 6.18 10.45 14.74 17.4 3.82 5.3 12.09 2.7 7.97 3.09 5.41 6.36 6.18 0.0 7.97 7.5 5.86 2.12 9.06 8.08 7.97 2.7 5.86 5.86 5.86 5.86 6.45 5.86 6.45 18.26 5.3 10.45 3.82 6.18 10.45 2.12 17.25 6.18 5.41 0.0 10.74 17.4 7.97 6.18 2.7 6.36 2.7 18.26 7.97 7.97 10.61 18.26 5.86 0.0 17.4 18.26 17.4 9.06 0.0 10.45 8.08 3.09 7.5 6.45 10.45 5.86 10.74 11.74 0.0 10.61 17.65
27.04 24.85 0.0 22.55 6.0 19.12 24.85 10.09 7.72 16.57 11.86 25.3 14.09 7.72 16.57 13.79 14.56 17.32 17.32 23.26 7.72 2.25 19.51 18.12 25.3 22.56 17.4 24.85 6.71 9.12 23.26 27.04 6.71 0.0 16.57 18.12 7.72 15.46 14.56 17.32 13.79 12.95 11.86 17.4 14.56 24.85 22.56 19.12 9.12 25.3 14.56 15.46 14.09 14.09 22.56 14.09 22.55 14.09 22.55 3.75 18.12 27.04 16.57 23.26 27.04 19.12 2.25 11.86 13.79 17.4 6.75 0.0 14.56 11.86 19.51 12.95 19.51 3.75 14.56 14.56 7.72 3.75 14.09 17.4 0.0 3.75 0.0 9.12 17.4 27.04 25.3 17.32 24.85 22.55 27.04 22.56 6.75 10.09 17.4 7.72 6.0
27.09 25.47 3.75 22.61 9.75 20.19 25.47 13.12 10.09 16.65 13.52 26.34 16.05 10.09 16.65 15.61 16.97 18.79 18.79 23.68 6.75 6.0 20.01 19.97 26.34 23.84 18.26 25.47 10.2 9.28 23.68 27.09 10.2 3.75 16.65 19.97 6.75 16.77 16.97 18.79 15.61 12.84 13.52 18.26 16.97 25.47 23.84 20.19 9.28 26.34 16.97 16.77 16.05 16.05 23.84 16.05 22.61 16.05 22.61 0.0 19.97 27.09 16.65 23.68 27.09 20.19 6.0 13.52 15.61 18.26 7.72 3.75 16.97 13.52 20.01 12.84 20.01 0.0 16.97 16.97 10.09 0.0 16.05 18.26 3.75 0.0 3.75 9.28 18.26 27.09 26.34 18.79 25.47 22.61 27.09 23.84 7.72 13.12 18.26 10.09 9.75
27.04 24.85 0.0 22.55 6.0 19.12 24.85 10.09 7.72 16.57 11.86 25.3 14.09 7.72 16.57 13.79 14.56 17.32 17.32 23.26 7.72 2.25 19.51 18.12 25.3 22.56 17.4 24.85 6.71 9.12 23.26 27.04 6.71 0.0 16.57 18.12 7.72 15.46 14.56 17.32 13.79 12.95 11.86 17.4 14.56 24.85 22.56 19.12 9.12 25.3 14.56 15.46 14.09 14.09 22.56 14.09 22.55 14.09 22.55 3.75 18.12 27.04 16.57 23.26 27.04 19.12 2.25 11.86 13.79 17.4 6.75 0.0 14.56 11.86 19.51 12.95 19.51 3.75 14.56 14.56 7.72 3.75 14.09 17.4 0.0 3.75 0.0 9.12 17.4 27.04 25.3 17.32 24.85 22.55 27.04 22.56 6.75 10.09 17.4 7.72 6.0
18.0 16.19 9.12 13.5 11.72 11.07 16.19 9.28 5.71 7.5 5.71 17.14 8.39 5.71 7.5 7.72 10.2 10.09 10.09 14.43 3.18 9.75 10.74 11.72 17.14 14.79 9.06 16.19 9.6 0.0 14.43 18.0 9.6 9.12 7.5 11.72 3.18 7.97 10.2 10.09 7.72 3.82 5.71 9.06 10.2 16.19 14.79 11.07 0.0 17.14 10.2 7.97 8.39 8.39 14.79 8.39 13.5 8.39 13.5 9.28 11.72 18.0 7.5 14.43 18.0 11.07 9.75 5.71 7.72 9.06 2.7 9.12 10.2 5.71 10.74 3.82 10.74 9.28 10.2 10.2 5.71 9.28 8.39 9.06 9.12 9.28 9.12 0.0 9.06 18.0 17.14 10.09 16.19 13.5 18.0 14.79 2.7 9.28 9.06 5.71 11.72
10.45 7.5 17.4 6.45 17.65 2.12 7.5 11.74 10.61 3.82 6.18 8.08 5.86 10.61 3.82 5.41 7.97 3.09 3.09 6.18 12.09 17.25 2.7 5.3 8.08 5.86 0.0 7.5 14.74 9.06 6.18 10.45 14.74 17.4 3.82 5.3 12.09 2.7 7.97 3.09 5.41 6.36 6.18 0.0 7.97 7.5 5.86 2.12 9.06 8.08 7.97 2.7 5.86 5.86 5.86 5.86 6.45 5.86 6.45 18.26 5.3 10.45 3.82 6.18 10.45 2.12 17.25 6.18 5.41 0.0 10.74 17.4 7.97 6.18 2.7 6.36 2.7 18.26 7.97 7.97 10.61 18.26 5.86 0.0 17.4 18.26 17.4 9.06 0.0 10.45 8.08 3.09 7.5 6.45 10.45 5.86 10.74 11.74 0.0 10.61 17.65
0.0 4.37 27.04 4.5 28.02 9.78 4.37 22.16 20.92 10.5 16.6 7.12 16.1 20.92 10.5 15.77 17.89 12.48 12.48 4.37 20.37 27.26 7.83 13.83 7.12 9.15 10.45 4.37 25.14 18.0 4.37 0.0 25.14 27.04 10.5 13.83 20.37 13.1 17.89 12.48 15.77 14.27 16.6 10.45 17.89 4.37 9.15 9.78 18.0 7.12 17.89 13.1 16.1 16.1 9.15 16.1 4.5 16.1 4.5 27.09 13.83 0.0 10.5 4.37 0.0 9.78 27.26 16.6 15.77 10.45 20.31 27.04 17.89 16.6 7.83 14.27 7.83 27.09 17.89 17.89 20.92 27.09 16.1 10.45 27.04 27.09 27.04 18.0 10.45 0.0 7.12 12.48 4.37 4.5 0.0 9.15 20.31 22.16 10.45 20.92 28.02
7.12 3.0 25.3 7.12 24.76 6.18 3.0 18.14 18.06 10.66 13.58 0.0 12.02 18.06 10.66 12.0 13.1 8.25 8.25 4.74 20.12 24.93 6.91 8.55 0.0 3.09 8.08 3.0 21.76 17.14 4.74 7.12 21.76 25.3 10.66 8.55 20.12 9.86 13.1 8.25 12.0 14.15 13.58 8.08 13.1 3.0 3.09 6.18 17.14 0.0 13.1 9.86 12.02 12.02 3.09 12.02 7.12 12.02 7.12 26.34 8.55 7.12 10.66 4.74 7.12 6.18 24.93 13.58 12.0 8.08 18.75 25.3 13.1 13.58 6.91 14.15 6.91 26.34 13.1 13.1 18.06 26.34 12.02 8.08 25.3 26.34 25.3 17.14 8.08 7.12 0.0 8.25 3.0 7.12 7.12 3.09 18.75 18.14 8.08 18.06 24.76
12.48 8.78 17.32 9.03 16.52 2.7 8.78 10.01 9.86 6.75 5.46 8.25 3.82 9.86 6.75 3.75 5.41 0.0 0.0 8.11 13.27 16.77 5.41 2.25 8.25 5.3 3.09 8.78 13.52 10.09 8.11 12.48 13.52 17.32 6.75 2.25 13.27 2.12 5.41 0.0 3.75 8.39 5.46 3.09 5.41 8.78 5.3 2.7 10.09 8.25 5.41 2.12 3.82 3.82 5.3 3.82 9.03 3.82 9.03 18.79 2.25 12.48 6.75 8.11 12.48 2.7 16.77 5.46 3.75 3.09 11.07 17.32 5.41 5.46 5.41 8.39 5.41 18.79 5.41 5.41 9.86 18.79 3.82 3.09 17.32 18.79 17.32 10.09 3.09 12.48 8.25 0.0 8.78 9.03 12.48 5.3 11.07 10.01 3.09 9.86 16.52
4.37 0.0 24.85 4.37 25.03 6.18 0.0 18.75 18.06 9.06 13.58 3.0 12.57 18.06 9.06 12.37 14.09 8.78 8.78 2.12 18.97 24.75 5.46 9.78 3.0 4.8 7.5 0.0 22.07 16.19 2.12 4.37 22.07 24.85 9.06 9.78 18.97 9.86 14.09 8.78 12.37 12.82 13.58 7.5 14.09 0.0 4.8 6.18 16.19 3.0 14.09 9.86 12.57 12.57 4.8 12.57 4.37 12.57 4.37 25.47 9.78 4.37 9.06 2.12 4.37 6.18 24.75 13.58 12.37 7.5 18.14 24.85 14.09 13.58 5.46 12.82 5.46 25.47 14.09 14.09 18.06 25.47 12.57 7.5 24.85 25.47 24.85 16.19 7.5 4.37 3.0 8.78 0.0 4.37 4.37 4.8 18.14 18.75 7.5 18.06 25.03
4.5 4.37 22.55 0.0 23.72 6.45 4.37 18.14 16.6 6.0 12.41 7.12 12.3 16.6 6.0 11.86 14.33 9.03 9.03 2.37 15.91 22.81 3.75 10.82 7.12 7.54 6.45 4.37 20.89 13.5 2.37 4.5 20.89 22.55 6.0 10.82 15.91 9.15 14.33 9.03 11.86 9.78 12.41 6.45 14.33 4.37 7.54 6.45 13.5 7.12 14.33 9.15 12.3 12.3 7.54 12.3 0.0 12.3 0.0 22.61 10.82 4.5 6.0 2.37 4.5 6.45 22.81 12.41 11.86 6.45 15.82 22.55 14.33 12.41 3.75 9.78 3.75 22.61 14.33 14.33 16.6 22.61 12.3 6.45 22.55 22.61 22.55 13.5 6.45 4.5 7.12 9.03 4.37 0.0 4.5 7.54 15.82 18.14 6.45 16.6 23.72
0.0 4.37 27.04 4.5 28.02 9.78 4.37 22.16 20.92 10.5 16.6 7.12 16.1 20.92 10.5 15.77 17.89 12.48 12.48 4.37 20.37 27.26 7.83 13.83 7.12 9.15 10.45 4.37 25.14 18.0 4.37 0.0 25.14 27.04 10.5 13.83 20.37 13.1 17.89 12.48 15.77 14.27 16.6 10.45 17.89 4.37 9.15 9.78 18.0 7.12 17.89 13.1 16.1 16.1 9.15 16.1 4.5 16.1 4.5 27.09 13.83 0.0 10.5 4.37 0.0 9.78 27.26 16.6 15.77 10.45 20.31 27.04 17.89 16.6 7.83 14.27 7.83 27.09 17.89 17.89 20.92 27.09 16.1 10.45 27.04 27.09 27.04 18.0 10.45 0.0 7.12 12.48 4.37 4.5 0.0 9.15 20.31 22.16 10.45 20.92 28.02
9.15 4.8 22.56 7.54 21.75 3.75 4.8 15.07 15.17 9.15 10.74 3.09 9.0 15.17 9.15 9.03 10.01 5.3 5.3 5.46 17.89 22.07 5.71 5.46 3.09 0.0 5.86 4.8 18.75 14.79 5.46 9.15 18.75 22.56 9.15 5.46 17.89 7.12 10.01 5.3 9.03 12.21 10.74 5.86 10.01 4.8 0.0 3.75 14.79 3.09 10.01 7.12 9.0 9.0 0.0 9.0 7.54 9.0 7.54 23.84 5.46 9.15 9.15 5.46 9.15 3.75 22.07 10.74 9.03 5.86 16.16 22.56 10.01 10.74 5.71 12.21 5.71 23.84 10.01 10.01 15.17 23.84 9.0 5.86 22.56 23.84 22.56 14.79 5.86 9.15 3.09 5.3 4.8 7.54 9.15 0.0 16.16 15.07 5.86 15.17 21.75
20.31 18.14 6.75 15.82 9.03 12.57 18.14 7.5 3.75 9.86 5.86 18.75 8.49 3.75 9.86 7.97 9.78 11.07 11.07 16.52 3.75 7.12 12.77 12.3 18.75 16.16 10.74 18.14 7.08 2.7 16.52 20.31 7.08 6.75 9.86 12.3 3.75 9.06 9.78 11.07 7.97 6.41 5.86 10.74 9.78 18.14 16.16 12.57 2.7 18.75 9.78 9.06 8.49 8.49 16.16 8.49 15.82 8.49 15.82 7.72 12.3 20.31 9.86 16.52 20.31 12.57 7.12 5.86 7.97 10.74 0.0 6.75 9.78 5.86 12.77 6.41 12.77 7.72 9.78 9.78 3.75 7.72 8.49 10.74 6.75 7.72 6.75 2.7 10.74 20.31 18.75 11.07 18.14 15.82 20.31 16.16 0.0 7.5 10.74 3.75 9.03
22.16 18.75 10.09 18.14 6.91 12.57 18.75 0.0 3.75 13.27 5.86 18.14 6.18 3.75 13.27 6.41 5.3 10.01 10.01 17.83 11.25 8.55 14.43 9.75 18.14 15.07 11.74 18.75 4.04 9.28 17.83 22.16 4.04 10.09 13.27 9.75 11.25 9.06 5.3 10.01 6.41 11.45 5.86 11.74 5.3 18.75 15.07 12.57 9.28 18.14 5.3 9.06 6.18 6.18 15.07 6.18 18.14 6.18 18.14 13.12 9.75 22.16 13.27 17.83 22.16 12.57 8.55 5.86 6.41 11.74 7.5 10.09 5.3 5.86 14.43 11.45 14.43 13.12 5.3 5.3 3.75 13.12 6.18 11.74 10.09 13.12 10.09 9.28 11.74 22.16 18.14 10.01 18.75 18.14 22.16 15.07 7.5 0.0 11.74 3.75 6.91
10.45 7.5 17.4 6.45 17.65 2.12 7.5 11.74 10.61 3.82 6.18 8.08 5.86 10.61 3.82 5.41 7.97 3.09 3.09 6.18 12.09 17.25 2.7 5.3 8.08 5.86 0.0 7.5 14.74 9.06 6.18 10.45 14.74 17.4 3.82 5.3 12.09 2.7 7.97 3.09 5.41 6.36 6.18 0.0 7.97 7.5 5.86 2.12 9.06 8.08 7.97 2.7 5.86 5.86 5.86 5.86 6.45 5.86 6.45 18.26 5.3 10.45 3.82 6.18 10.45 2.12 17.25 6.18 5.41 0.0 10.74 17.4 7.97 6.18 2.7 6.36 2.7 18.26 7.97 7.97 10.61 18.26 5.86 0.0 17.4 18.26 17.4 9.06 0.0 10.45 8.08 3.09 7.5 6.45 10.45 5.86 10.74 11.74 0.0 10.61 17.65
20.92 18.06 7.72 16.6 7.12 12.0 18.06 3.75 0.0 11.07 4.5 18.06 6.41 0.0 11.07 6.18 6.91 9.86 9.86 16.77 7.5 6.91 13.1 10.45 18.06 15.17 10.61 18.06 4.37 5.71 16.77 20.92 4.37 7.72 11.07 10.45 7.5 8.25 6.91 9.86 6.18 8.49 4.5 10.61 6.91 18.06 15.17 12.0 5.71 18.06 6.91 8.25 6.41 6.41 15.17 6.41 16.6 6.41 16.6 10.09 10.45 20.92 11.07 16.77 20.92 12.0 6.91 4.5 6.18 10.61 3.75 7.72 6.91 4.5 13.1 8.49 13.1 10.09 6.91 6.91 0.0 10.09 6.41 10.61 7.72 10.09 7.72 5.71 10.61 20.92 18.06 9.86 18.06 16.6 20.92 15.17 3.75 3.75 10.61 0.0 7.12
28.02 25.03 6.0 23.72 0.0 18.88 25.03 6.91 7.12 18.12 11.47 24.76 12.75 7.12 18.12 12.77 12.21 16.52 16.52 23.84 11.86 3.75 20.19 16.57 24.76 21.75 17.65 25.03 3.0 11.72 23.84 28.02 3.0 6.0 18.12 16.57 11.86 15.17 12.21 16.52 12.77 15.19 11.47 17.65 12.21 25.03 21.75 18.88 11.72 24.76 12.21 15.17 12.75 12.75 21.75 12.75 23.72 12.75 23.72 9.75 16.57 28.02 18.12 23.84 28.02 18.88 3.75 11.47 12.77 17.65 9.03 6.0 12.21 11.47 20.19 15.19 20.19 9.75 12.21 12.21 7.12 9.75 12.75 17.65 6.0 9.75 6.0 11.72 17.65 28.02 24.76 16.52 25.03 23.72 28.02 21.75 9.03 6.91 17.65 7.12 0.0
