10 200 480 6 0
0 0.0 0 0.0 480 480
1 2.0 1 60.0 75.0 24.9
2 2.0 1 135.0 150.0 18.03
3 2.0 1 225.0 240.0 68.3
4 2.0 1 150.0 165.0 13.18
5 2.0 1 200.0 215.0 39.7
6 2.0 2 175.0 190.0 44.63
7 2.0 2 125.0 140.0 56.73
8 2.0 1 135.0 150.0 54.73
9 2.0 1 200.0 215.0 36.25
10 2.0 1 100.0 115.0 36.82
11 2.0 1 155.0 170.0 29.48
12 2.0 1 85.0 100.0 20.53
13 2.0 1 230.0 245.0 26.57
14 2.0 1 215.0 230.0 37.8
15 2.0 2 145.0 160.0 57.95
16 2.0 2 130.0 145.0 57.28
17 2.0 1 155.0 170.0 63.6
18 2.0 1 105.0 120.0 30.7
19 2.0 1 170.0 185.0 57.47
20 2.0 1 125.0 140.0 37.95
21 2.0 1 105.0 120.0 32.38
22 2.0 1 120.0 135.0 39.6
23 2.0 1 190.0 205.0 57.47
24 2.0 1 140.0 155.0 55.52
25 2.0 2 125.0 140.0 41.38
26 2.0 1 75.0 90.0 45.83
27 2.0 1 135.0 150.0 50.78
28 2.0 1 150.0 165.0 32.48
29 2.0 1 80.0 95.0 22.38
30 2.0 1 175.0 190.0 33.87
31 2.0 1 120.0 135.0 54.0
32 2.0 1 80.0 95.0 68.75
33 2.0 1 235.0 250.0 26.57
34 2.0 1 120.0 135.0 36.05
35 2.0 1 130.0 145.0 55.7
36 2.0 2 125.0 140.0 55.52
37 2.0 1 125.0 140.0 40.63
38 2.0 2 115.0 130.0 32.38
39 2.0 1 165.0 180.0 34.1
40 2.0 1 180.0 195.0 30.0
41 2.0 1 215.0 230.0 43.83
42 2.0 2 205.0 220.0 50.23
43 2.0 1 115.0 130.0 57.28
44 2.0 1 190.0 205.0 44.63
45 2.0 1 90.0 105.0 40.8
46 2.0 1 195.0 210.0 22.38
47 2.0 2 150.0 165.0 55.7
48 2.0 1 240.0 255.0 41.38
49 2.0 1 230.0 245.0 49.58
50 2.0 1 150.0 165.0 41.0
51 2.0 1 80.0 95.0 62.25
52 2.0 1 170.0 185.0 68.75
53 2.0 1 130.0 145.0 38.3
54 2.0 1 85.0 100.0 36.25
55 2.0 2 90.0 105.0 61.8
56 2.0 1 100.0 115.0 37.12
57 2.0 2 165.0 180.0 24.83
58 2.0 1 205.0 220.0 42.37
59 2.0 1 215.0 230.0 32.48
60 2.0 1 160.0 175.0 39.48
61 2.0 2 70.0 85.0 46.6
62 2.0 2 185.0 200.0 50.9
63 2.0 1 135.0 150.0 36.18
64 2.0 1 80.0 95.0 37.65
65 2.0 1 100.0 115.0 61.42
66 2.0 2 150.0 165.0 34.28
67 2.0 1 65.0 80.0 48.5
68 2.0 1 170.0 185.0 20.72
69 2.0 1 200.0 215.0 24.13
70 2.0 1 65.0 80.0 34.5
71 2.0 1 165.0 180.0 49.53
72 2.0 2 215.0 230.0 34.47
73 2.0 1 240.0 255.0 52.52
74 2.0 1 185.0 200.0 60.55
75 2.0 1 165.0 180.0 50.3
76 2.0 1 175.0 190.0 45.13
77 2.0 1 185.0 200.0 14.77
78 2.0 1 150.0 165.0 48.38
79 2.0 2 125.0 140.0 61.85
80 2.0 1 180.0 195.0 29.57
81 2.0 1 170.0 185.0 61.42
82 2.0 1 200.0 215.0 63.6
83 2.0 2 185.0 200.0 51.78
84 2.0 1 220.0 235.0 14.77
85 2.0 1 200.0 215.0 49.05
86 2.0 1 200.0 215.0 26.57
87 2.0 1 235.0 250.0 43.98
88 2.0 1 120.0 135.0 69.82
89 2.0 1 80.0 95.0 36.37
90 2.0 1 85.0 100.0 30.85
91 2.0 1 145.0 160.0 32.53
92 2.0 1 240.0 255.0 36.48
93 2.0 1 220.0 235.0 48.32
94 2.0 1 90.0 105.0 61.8
95 2.0 1 115.0 130.0 24.13
96 2.0 1 75.0 90.0 26.57
97 2.0 1 70.0 85.0 29.38
98 2.0 2 145.0 160.0 34.1
99 2.0 1 190.0 205.0 57.63
100 2.0 1 120.0 135.0 36.37
101 2.0 -1 69.9 99.9 24.9
102 2.0 -1 141.03 168.03 18.03
103 2.0 -1 268.3 308.3 68.3
104 2.0 -1 154.18 178.18 13.18
105 2.0 -1 219.7 254.7 39.7
106 2.0 -2 198.63 234.63 44.63
107 2.0 -2 158.73 196.73 56.73
108 2.0 -1 166.73 204.73 54.73
109 2.0 -1 217.25 251.25 36.25
110 2.0 -1 117.82 151.82 36.82
111 2.0 -1 167.48 199.48 29.48
112 2.0 -1 92.53 120.53 20.53
113 2.0 -1 240.57 271.57 26.57
114 2.0 -1 233.8 267.8 37.8
115 2.0 -2 179.95 217.95 57.95
116 2.0 -2 164.28 202.28 57.28
117 2.0 -1 194.6 233.6 63.6
118 2.0 -1 118.7 150.7 30.7
119 2.0 -1 204.47 242.47 57.47
120 2.0 -1 143.95 177.95 37.95
121 2.0 -1 119.38 152.38 32.38
122 2.0 -1 139.6 174.6 39.6
123 2.0 -1 224.47 262.47 57.47
124 2.0 -1 172.52 210.52 55.52
125 2.0 -2 146.38 181.38 41.38
126 2.0 -1 99.83 135.83 45.83
127 2.0 -1 163.78 200.78 50.78
128 2.0 -1 164.48 197.48 32.48
129 2.0 -1 88.38 117.38 22.38
130 2.0 -1 190.87 223.87 33.87
131 2.0 -1 151.0 189.0 54.0
132 2.0 -1 123.75 163.75 68.75
133 2.0 -1 245.57 276.57 26.57
134 2.0 -1 137.05 171.05 36.05
135 2.0 -1 162.7 200.7 55.7
136 2.0 -2 157.52 195.52 55.52
137 2.0 -1 145.63 180.63 40.63
138 2.0 -2 129.38 162.38 32.38
139 2.0 -1 181.1 214.1 34.1
140 2.0 -1 193.0 225.0 30.0
141 2.0 -1 237.83 273.83 43.83
142 2.0 -2 233.23 270.23 50.23
143 2.0 -1 149.28 187.28 57.28
144 2.0 -1 213.63 249.63 44.63
145 2.0 -1 110.8 145.8 40.8
146 2.0 -1 203.38 232.38 22.38
147 2.0 -2 182.7 220.7 55.7
148 2.0 -1 261.38 296.38 41.38
149 2.0 -1 257.58 294.58 49.58
150 2.0 -1 171.0 206.0 41.0
151 2.0 -1 118.25 157.25 62.25
152 2.0 -1 213.75 253.75 68.75
153 2.0 -1 149.3 183.3 38.3
154 2.0 -1 102.25 136.25 36.25
155 2.0 -2 127.8 166.8 61.8
156 2.0 -1 118.12 152.12 37.12
157 2.0 -2 174.83 204.83 24.83
158 2.0 -1 227.37 262.37 42.37
159 2.0 -1 229.48 262.48 32.48
160 2.0 -1 179.48 214.48 39.48
161 2.0 -2 95.6 131.6 46.6
162 2.0 -2 213.9 250.9 50.9
163 2.0 -1 152.18 186.18 36.18
164 2.0 -1 98.65 132.65 37.65
165 2.0 -1 137.42 176.42 61.42
166 2.0 -2 166.28 199.28 34.28
167 2.0 -1 91.5 128.5 48.5
168 2.0 -1 177.72 205.72 20.72
169 2.0 -1 209.13 239.13 24.13
170 2.0 -1 81.5 114.5 34.5
171 2.0 -1 192.53 229.53 49.53
172 2.0 -2 231.47 264.47 34.47
173 2.0 -1 270.52 307.52 52.52
174 2.0 -1 221.55 260.55 60.55
175 2.0 -1 193.3 230.3 50.3
176 2.0 -1 199.13 235.13 45.13
177 2.0 -1 189.77 214.77 14.77
178 2.0 -1 176.38 213.38 48.38
179 2.0 -2 162.85 201.85 61.85
180 2.0 -1 192.57 224.57 29.57
181 2.0 -1 207.42 246.42 61.42
182 2.0 -1 239.6 278.6 63.6
183 2.0 -2 214.78 251.78 51.78
184 2.0 -1 224.77 249.77 14.77
185 2.0 -1 227.05 264.05 49.05
186 2.0 -1 210.57 241.57 26.57
187 2.0 -1 257.98 293.98 43.98
188 2.0 -1 164.82 204.82 69.82
189 2.0 -1 97.37 131.37 36.37
190 2.0 -1 98.85 130.85 30.85
191 2.0 -1 159.53 192.53 32.53
192 2.0 -1 257.48 291.48 36.48
193 2.0 -1 246.32 283.32 48.32
194 2.0 -1 127.8 166.8 61.8
195 2.0 -1 124.13 154.13 24.13
196 2.0 -1 85.57 116.57 26.57
197 2.0 -1 82.38 114.38 29.38
198 2.0 -2 161.1 194.1 34.1
199 2.0 -1 224.63 262.63 57.63
200 2.0 -1 137.37 171.37 36.37
201 0.0 0 0.0 480 480
