0.0 27.26 14.27 9.78 4.37 25.14 10.5 27.26 4.5 13.1 22.16 15.77 10.45 10.5 13.83 4.5 14.27 22.16 12.48 22.16 4.5 13.1 9.15 4.37 10.45 4.37 27.09 12.48 20.92 9.78 28.02 13.83 22.16 10.45 22.16 0.0 27.26 0.0 20.37 20.31 28.02 12.48 27.09 20.92 27.09 4.37 9.78 13.1 13.83 27.04 4.37 27.09 22.16 9.15 14.27 20.37 9.78 28.02 7.83 22.16 9.78
27.26 0.0 13.52 18.81 23.3 4.8 16.92 0.0 22.81 15.07 8.55 13.1 17.25 16.92 17.32 22.81 13.52 8.55 16.77 8.55 22.81 15.07 22.07 24.75 17.25 24.75 6.0 16.77 6.91 18.81 3.75 17.32 8.55 17.25 8.55 27.26 0.0 27.26 9.03 7.12 3.75 16.77 6.0 6.91 6.0 24.75 18.81 15.07 17.32 2.25 23.3 6.0 8.55 22.07 13.52 9.03 18.81 3.75 19.56 8.55 18.81
14.27 13.52 0.0 8.49 10.92 12.77 3.82 13.52 9.78 6.41 11.45 7.5 6.36 3.82 10.45 9.78 0.0 11.45 8.39 11.45 9.78 6.41 12.21 12.82 6.36 12.82 12.84 8.39 8.49 8.49 15.19 10.45 11.45 6.36 11.45 14.27 13.52 14.27 6.18 6.41 15.19 8.39 12.84 8.49 12.84 12.82 8.49 6.41 10.45 12.95 10.92 12.84 11.45 12.21 0.0 6.18 8.49 15.19 7.39 11.45 8.49
9.78 18.81 8.49 0.0 5.41 15.91 5.71 18.81 6.45 3.75 12.57 6.18 2.12 5.71 4.37 6.45 8.49 12.57 2.7 12.57 6.45 3.75 3.75 6.18 2.12 6.18 20.19 2.7 12.0 0.0 18.88 4.37 12.57 2.12 12.57 9.78 18.81 9.78 14.15 12.57 18.88 2.7 20.19 12.0 20.19 6.18 0.0 3.75 4.37 19.12 5.41 20.19 12.57 3.75 8.49 14.15 0.0 18.88 3.09 12.57 0.0
4.37 23.3 10.92 5.41 0.0 20.92 7.12 23.3 2.37 8.78 17.83 11.42 6.18 7.12 9.55 2.37 10.92 17.83 8.11 17.83 2.37 8.78 5.46 2.12 6.18 2.12 23.68 8.11 16.77 5.41 23.84 9.55 17.83 6.18 17.83 4.37 23.3 4.37 17.1 16.52 23.84 8.11 23.68 16.77 23.68 2.12 5.41 8.78 9.55 23.26 0.0 23.68 17.83 5.46 10.92 17.1 5.41 23.84 3.75 17.83 5.41
25.14 4.8 12.77 15.91 20.92 0.0 15.44 4.8 20.89 12.21 4.04 9.78 14.74 15.44 13.58 20.89 12.77 4.04 13.52 4.04 20.89 12.21 18.75 22.07 14.74 22.07 10.2 13.52 4.37 15.91 3.0 13.58 4.04 14.74 4.04 25.14 4.8 25.14 10.45 7.08 3.0 13.52 10.2 4.37 10.2 22.07 15.91 12.21 13.58 6.71 20.92 10.2 4.04 18.75 12.77 10.45 15.91 3.0 17.32 4.04 15.91
10.5 16.92 3.82 5.71 7.12 15.44 0.0 16.92 6.0 5.46 13.27 7.72 3.82 0.0 9.0 6.0 3.82 13.27 6.75 13.27 6.0 5.46 9.15 9.06 3.82 9.06 16.65 6.75 11.07 5.71 18.12 9.0 13.27 3.82 13.27 10.5 16.92 10.5 10.01 9.86 18.12 6.75 16.65 11.07 16.65 9.06 5.71 5.46 9.0 16.57 7.12 16.65 13.27 9.15 3.82 10.01 5.71 18.12 3.75 13.27 5.71
27.26 0.0 13.52 18.81 23.3 4.8 16.92 0.0 22.81 15.07 8.55 13.1 17.25 16.92 17.32 22.81 13.52 8.55 16.77 8.55 22.81 15.07 22.07 24.75 17.25 24.75 6.0 16.77 6.91 18.81 3.75 17.32 8.55 17.25 8.55 27.26 0.0 27.26 9.03 7.12 3.75 16.77 6.0 6.91 6.0 24.75 18.81 15.07 17.32 2.25 23.3 6.0 8.55 22.07 13.52 9.03 18.81 3.75 19.56 8.55 18.81
4.5 22.81 9.78 6.45 2.37 20.89 6.0 22.81 0.0 9.15 18.14 11.86 6.45 6.0 10.82 0.0 9.78 18.14 9.03 18.14 0.0 9.15 7.54 4.37 6.45 4.37 22.61 9.03 16.6 6.45 23.72 10.82 18.14 6.45 18.14 4.5 22.81 4.5 15.91 15.82 23.72 9.03 22.61 16.6 22.61 4.37 6.45 9.15 10.82 22.55 2.37 22.61 18.14 7.54 9.78 15.91 6.45 23.72 3.75 18.14 6.45
13.1 15.07 6.41 3.75 8.78 12.21 5.46 15.07 9.15 0.0 9.06 2.7 2.7 5.46 4.04 9.15 6.41 9.06 2.12 9.06 9.15 0.0 7.12 9.86 2.7 9.86 16.77 2.12 8.25 3.75 15.17 4.04 9.06 2.7 9.06 13.1 15.07 13.1 11.15 9.06 15.17 2.12 16.77 8.25 16.77 9.86 3.75 0.0 4.04 15.46 8.78 16.77 9.06 7.12 6.41 11.15 3.75 15.17 5.41 9.06 3.75
22.16 8.55 11.45 12.57 17.83 4.04 13.27 8.55 18.14 9.06 0.0 6.41 11.74 13.27 9.75 18.14 11.45 0.0 10.01 0.0 18.14 9.06 15.07 18.75 11.74 18.75 13.12 10.01 3.75 12.57 6.91 9.75 0.0 11.74 0.0 22.16 8.55 22.16 11.25 7.5 6.91 10.01 13.12 3.75 13.12 18.75 12.57 9.06 9.75 10.09 17.83 13.12 0.0 15.07 11.45 11.25 12.57 6.91 14.43 0.0 12.57
15.77 13.1 7.5 6.18 11.42 9.78 7.72 13.1 11.86 2.7 6.41 0.0 5.41 7.72 4.37 11.86 7.5 6.41 3.75 6.41 11.86 2.7 9.03 12.37 5.41 12.37 15.61 3.75 6.18 6.18 12.77 4.37 6.41 5.41 6.41 15.77 13.1 15.77 10.82 7.97 12.77 3.75 15.61 6.18 15.61 12.37 6.18 2.7 4.37 13.79 11.42 15.61 6.41 9.03 7.5 10.82 6.18 12.77 8.11 6.41 6.18
10.45 17.25 6.36 2.12 6.18 14.74 3.82 17.25 6.45 2.7 11.74 5.41 0.0 3.82 5.3 6.45 6.36 11.74 3.09 11.74 6.45 2.7 5.86 7.5 0.0 7.5 18.26 3.09 10.61 2.12 17.65 5.3 11.74 0.0 11.74 10.45 17.25 10.45 12.09 10.74 17.65 3.09 18.26 10.61 18.26 7.5 2.12 2.7 5.3 17.4 6.18 18.26 11.74 5.86 6.36 12.09 2.12 17.65 2.7 11.74 2.12
10.5 16.92 3.82 5.71 7.12 15.44 0.0 16.92 6.0 5.46 13.27 7.72 3.82 0.0 9.0 6.0 3.82 13.27 6.75 13.27 6.0 5.46 9.15 9.06 3.82 9.06 16.65 6.75 11.07 5.71 18.12 9.0 13.27 3.82 13.27 10.5 16.92 10.5 10.01 9.86 18.12 6.75 16.65 11.07 16.65 9.06 5.71 5.46 9.0 16.57 7.12 16.65 13.27 9.15 3.82 10.01 5.71 18.12 3.75 13.27 5.71
13.83 17.32 10.45 4.37 9.55 13.58 9.0 17.32 10.82 4.04 9.75 4.37 5.3 9.0 0.0 10.82 10.45 9.75 2.25 9.75 10.82 4.04 5.46 9.78 5.3 9.78 19.97 2.25 10.45 4.37 16.57 0.0 9.75 5.3 9.75 13.83 17.32 13.83 14.89 12.3 16.57 2.25 19.97 10.45 19.97 9.78 4.37 4.04 0.0 18.12 9.55 19.97 9.75 5.46 10.45 14.89 4.37 16.57 7.39 9.75 4.37
4.5 22.81 9.78 6.45 2.37 20.89 6.0 22.81 0.0 9.15 18.14 11.86 6.45 6.0 10.82 0.0 9.78 18.14 9.03 18.14 0.0 9.15 7.54 4.37 6.45 4.37 22.61 9.03 16.6 6.45 23.72 10.82 18.14 6.45 18.14 4.5 22.81 4.5 15.91 15.82 23.72 9.03 22.61 16.6 22.61 4.37 6.45 9.15 10.82 22.55 2.37 22.61 18.14 7.54 9.78 15.91 6.45 23.72 3.75 18.14 6.45
14.27 13.52 0.0 8.49 10.92 12.77 3.82 13.52 9.78 6.41 11.45 7.5 6.36 3.82 10.45 9.78 0.0 11.45 8.39 11.45 9.78 6.41 12.21 12.82 6.36 12.82 12.84 8.39 8.49 8.49 15.19 10.45 11.45 6.36 11.45 14.27 13.52 14.27 6.18 6.41 15.19 8.39 12.84 8.49 12.84 12.82 8.49 6.41 10.45 12.95 10.92 12.84 11.45 12.21 0.0 6.18 8.49 15.19 7.39 11.45 8.49
22.16 8.55 11.45 12.57 17.83 4.04 13.27 8.55 18.14 9.06 0.0 6.41 11.74 13.27 9.75 18.14 11.45 0.0 10.01 0.0 18.14 9.06 15.07 18.75 11.74 18.75 13.12 10.01 3.75 12.57 6.91 9.75 0.0 11.74 0.0 22.16 8.55 22.16 11.25 7.5 6.91 10.01 13.12 3.75 13.12 18.75 12.57 9.06 9.75 10.09 17.83 13.12 0.0 15.07 11.45 11.25 12.57 6.91 14.43 0.0 12.57
12.48 16.77 8.39 2.7 8.11 13.52 6.75 16.77 9.03 2.12 10.01 3.75 3.09 6.75 2.25 9.03 8.39 10.01 0.0 10.01 9.03 2.12 5.3 8.78 3.09 8.78 18.79 0.0 9.86 2.7 16.52 2.25 10.01 3.09 10.01 12.48 16.77 12.48 13.27 11.07 16.52 0.0 18.79 9.86 18.79 8.78 2.7 2.12 2.25 17.32 8.11 18.79 10.01 5.3 8.39 13.27 2.7 16.52 5.41 10.01 2.7
22.16 8.55 11.45 12.57 17.83 4.04 13.27 8.55 18.14 9.06 0.0 6.41 11.74 13.27 9.75 18.14 11.45 0.0 10.01 0.0 18.14 9.06 15.07 18.75 11.74 18.75 13.12 10.01 3.75 12.57 6.91 9.75 0.0 11.74 0.0 22.16 8.55 22.16 11.25 7.5 6.91 10.01 13.12 3.75 13.12 18.75 12.57 9.06 9.75 10.09 17.83 13.12 0.0 15.07 11.45 11.25 12.57 6.91 14.43 0.0 12.57
4.5 22.81 9.78 6.45 2.37 20.89 6.0 22.81 0.0 9.15 18.14 11.86 6.45 6.0 10.82 0.0 9.78 18.14 9.03 18.14 0.0 9.15 7.54 4.37 6.45 4.37 22.61 9.03 16.6 6.45 23.72 10.82 18.14 6.45 18.14 4.5 22.81 4.5 15.91 15.82 23.72 9.03 22.61 16.6 22.61 4.37 6.45 9.15 10.82 22.55 2.37 22.61 18.14 7.54 9.78 15.91 6.45 23.72 3.75 18.14 6.45
13.1 15.07 6.41 3.75 8.78 12.21 5.46 15.07 9.15 0.0 9.06 2.7 2.7 5.46 4.04 9.15 6.41 9.06 2.12 9.06 9.15 0.0 7.12 9.86 2.7 9.86 16.77 2.12 8.25 3.75 15.17 4.04 9.06 2.7 9.06 13.1 15.07 13.1 11.15 9.06 15.17 2.12 16.77 8.25 16.77 9.86 3.75 0.0 4.04 15.46 8.78 16.77 9.06 7.12 6.41 11.15 3.75 15.17 5.41 9.06 3.75
9.15 22.07 12.21 3.75 5.46 18.75 9.15 22.07 7.54 7.12 15.07 9.03 5.86 9.15 5.46 7.54 12.21 15.07 5.3 15.07 7.54 7.12 0.0 4.8 5.86 4.8 23.84 5.3 15.17 3.75 21.75 5.46 15.07 5.86 15.07 9.15 22.07 9.15 17.89 16.16 21.75 5.3 23.84 15.17 23.84 4.8 3.75 7.12 5.46 22.56 5.46 23.84 15.07 0.0 12.21 17.89 3.75 21.75 5.71 15.07 3.75
4.37 24.75 12.82 6.18 2.12 22.07 9.06 24.75 4.37 9.86 18.75 12.37 7.5 9.06 9.78 4.37 12.82 18.75 8.78 18.75 4.37 9.86 4.8 0.0 7.5 0.0 25.47 8.78 18.06 6.18 25.03 9.78 18.75 7.5 18.75 4.37 24.75 4.37 18.97 18.14 25.03 8.78 25.47 18.06 25.47 0.0 6.18 9.86 9.78 24.85 2.12 25.47 18.75 4.8 12.82 18.97 6.18 25.03 5.46 18.75 6.18
10.45 17.25 6.36 2.12 6.18 14.74 3.82 17.25 6.45 2.7 11.74 5.41 0.0 3.82 5.3 6.45 6.36 11.74 3.09 11.74 6.45 2.7 5.86 7.5 0.0 7.5 18.26 3.09 10.61 2.12 17.65 5.3 11.74 0.0 11.74 10.45 17.25 10.45 12.09 10.74 17.65 3.09 18.26 10.61 18.26 7.5 2.12 2.7 5.3 17.4 6.18 18.26 11.74 5.86 6.36 12.09 2.12 17.65 2.7 11.74 2.12
4.37 24.75 12.82 6.18 2.12 22.07 9.06 24.75 4.37 9.86 18.75 12.37 7.5 9.06 9.78 4.37 12.82 18.75 8.78 18.75 4.37 9.86 4.8 0.0 7.5 0.0 25.47 8.78 18.06 6.18 25.03 9.78 18.75 7.5 18.75 4.37 24.75 4.37 18.97 18.14 25.03 8.78 25.47 18.06 25.47 0.0 6.18 9.86 9.78 24.85 2.12 25.47 18.75 4.8 12.82 18.97 6.18 25.03 5.46 18.75 6.18
27.09 6.0 12.84 20.19 23.68 10.2 16.65 6.0 22.61 16.77 13.12 15.61 18.26 16.65 19.97 22.61 12.84 13.12 18.79 13.12 22.61 16.77 23.84 25.47 18.26 25.47 0.0 18.79 10.09 20.19 9.75 19.97 13.12 18.26 13.12 27.09 6.0 27.09 6.75 7.72 9.75 18.79 0.0 10.09 0.0 25.47 20.19 16.77 19.97 3.75 23.68 0.0 13.12 23.84 12.84 6.75 20.19 9.75 20.01 13.12 20.19
12.48 16.77 8.39 2.7 8.11 13.52 6.75 16.77 9.03 2.12 10.01 3.75 3.09 6.75 2.25 9.03 8.39 10.01 0.0 10.01 9.03 2.12 5.3 8.78 3.09 8.78 18.79 0.0 9.86 2.7 16.52 2.25 10.01 3.09 10.01 12.48 16.77 12.48 13.27 11.07 16.52 0.0 18.79 9.86 18.79 8.78 2.7 2.12 2.25 17.32 8.11 18.79 10.01 5.3 8.39 13.27 2.7 16.52 5.41 10.01 2.7
20.92 6.91 8.49 12.0 16.77 4.37 11.07 6.91 16.6 8.25 3.75 6.18 10.61 11.07 10.45 16.6 8.49 3.75 9.86 3.75 16.6 8.25 15.17 18.06 10.61 18.06 10.09 9.86 0.0 12.0 7.12 10.45 3.75 10.61 3.75 20.92 6.91 20.92 7.5 3.75 7.12 9.86 10.09 0.0 10.09 18.06 12.0 8.25 10.45 7.72 16.77 10.09 3.75 15.17 8.49 7.5 12.0 7.12 13.1 3.75 12.0
9.78 18.81 8.49 0.0 5.41 15.91 5.71 18.81 6.45 3.75 12.57 6.18 2.12 5.71 4.37 6.45 8.49 12.57 2.7 12.57 6.45 3.75 3.75 6.18 2.12 6.18 20.19 2.7 12.0 0.0 18.88 4.37 12.57 2.12 12.57 9.78 18.81 9.78 14.15 12.57 18.88 2.7 20.19 12.0 20.19 6.18 0.0 3.75 4.37 19.12 5.41 20.19 12.57 3.75 8.49 14.15 0.0 18.88 3.09 12.57 0.0
28.02 3.75 15.19 18.88 23.84 3.0 18.12 3.75 23.72 15.17 6.91 12.77 17.65 18.12 16.57 23.72 15.19 6.91 16.52 6.91 23.72 15.17 21.75 25.03 17.65 25.03 9.75 16.52 7.12 18.88 0.0 16.57 6.91 17.65 6.91 28.02 3.75 28.02 11.86 9.03 0.0 16.52 9.75 7.12 9.75 25.03 18.88 15.17 16.57 6.0 23.84 9.75 6.91 21.75 15.19 11.86 18.88 0.0 20.19 6.91 18.88
13.83 17.32 10.45 4.37 9.55 13.58 9.0 17.32 10.82 4.04 9.75 4.37 5.3 9.0 0.0 10.82 10.45 9.75 2.25 9.75 10.82 4.04 5.46 9.78 5.3 9.78 19.97 2.25 10.45 4.37 16.57 0.0 9.75 5.3 9.75 13.83 17.32 13.83 14.89 12.3 16.57 2.25 19.97 10.45 19.97 9.78 4.37 4.04 0.0 18.12 9.55 19.97 9.75 5.46 10.45 14.89 4.37 16.57 7.39 9.75 4.37
22.16 8.55 11.45 12.57 17.83 4.04 13.27 8.55 18.14 9.06 0.0 6.41 11.74 13.27 9.75 18.14 11.45 0.0 10.01 0.0 18.14 9.06 15.07 18.75 11.74 18.75 13.12 10.01 3.75 12.57 6.91 9.75 0.0 11.74 0.0 22.16 8.55 22.16 11.25 7.5 6.91 10.01 13.12 3.75 13.12 18.75 12.57 9.06 9.75 10.09 17.83 13.12 0.0 15.07 11.45 11.25 12.57 6.91 14.43 0.0 12.57
10.45 17.25 6.36 2.12 6.18 14.74 3.82 17.25 6.45 2.7 11.74 5.41 0.0 3.82 5.3 6.45 6.36 11.74 3.09 11.74 6.45 2.7 5.86 7.5 0.0 7.5 18.26 3.09 10.61 2.12 17.65 5.3 11.74 0.0 11.74 10.45 17.25 10.45 12.09 10.74 17.65 3.09 18.26 10.61 18.26 7.5 2.12 2.7 5.3 17.4 6.18 18.26 11.74 5.86 6.36 12.09 2.12 17.65 2.7 11.74 2.12
22.16 8.55 11.45 12.57 17.83 4.04 13.27 8.55 18.14 9.06 0.0 6.41 11.74 13.27 9.75 18.14 11.45 0.0 10.01 0.0 18.14 9.06 15.07 18.75 11.74 18.75 13.12 10.01 3.75 12.57 6.91 9.75 0.0 11.74 0.0 22.16 8.55 22.16 11.25 7.5 6.91 10.01 13.12 3.75 13.12 18.75 12.57 9.06 9.75 10.09 17.83 13.12 0.0 15.07 11.45 11.25 12.57 6.91 14.43 0.0 12.57
0.0 27.26 14.27 9.78 4.37 25.14 10.5 27.26 4.5 13.1 22.16 15.77 10.45 10.5 13.83 4.5 14.27 22.16 12.48 22.16 4.5 13.1 9.15 4.37 10.45 4.37 27.09 12.48 20.92 9.78 28.02 13.83 22.16 10.45 22.16 0.0 27.26 0.0 20.37 20.31 28.02 12.48 27.09 20.92 27.09 4.37 9.78 13.1 13.83 27.04 4.37 27.09 22.16 9.15 14.27 20.37 9.78 28.02 7.83 22.16 9.78
27.26 0.0 13.52 18.81 23.3 4.8 16.92 0.0 22.81 15.07 8.55 13.1 17.25 16.92 17.32 22.81 13.52 8.55 16.77 8.55 22.81 15.07 22.07 24.75 17.25 24.75 6.0 16.77 6.91 18.81 3.75 17.32 8.55 17.25 8.55 27.26 0.0 27.26 9.03 7.12 3.75 16.77 6.0 6.91 6.0 24.75 18.81 15.07 17.32 2.25 23.3 6.0 8.55 22.07 13.52 9.03 18.81 3.75 19.56 8.55 18.81
0.0 27.26 14.27 9.78 4.37 25.14 10.5 27.26 4.5 13.1 22.16 15.77 10.45 10.5 13.83 4.5 14.27 22.16 12.48 22.16 4.5 13.1 9.15 4.37 10.45 4.37 27.09 12.48 20.92 9.78 28.02 13.83 22.16 10.45 22.16 0.0 27.26 0.0 20.37 20.31 28.02 12.48 27.09 20.92 27.09 4.37 9.78 13.1 13.83 27.04 4.37 27.09 22.16 9.15 14.27 20.37 9.78 28.02 7.83 22.16 9.78
20.37 9.03 6.18 14.15 17.1 10.45 10.01 9.03 15.91 11.15 11.25 10.82 12.09 10.01 14.89 15.91 6.18 11.25 13.27 11.25 15.91 11.15 17.89 18.97 12.09 18.97 6.75 13.27 7.5 14.15 11.86 14.89 11.25 12.09 11.25 20.37 9.03 20.37 0.0 3.75 11.86 13.27 6.75 7.5 6.75 18.97 14.15 11.15 14.89 7.72 17.1 6.75 11.25 17.89 6.18 0.0 14.15 11.86 13.52 11.25 14.15
20.31 7.12 6.41 12.57 16.52 7.08 9.86 7.12 15.82 9.06 7.5 7.97 10.74 9.86 12.3 15.82 6.41 7.5 11.07 7.5 15.82 9.06 16.16 18.14 10.74 18.14 7.72 11.07 3.75 12.57 9.03 12.3 7.5 10.74 7.5 20.31 7.12 20.31 3.75 0.0 9.03 11.07 7.72 3.75 7.72 18.14 12.57 9.06 12.3 6.75 16.52 7.72 7.5 16.16 6.41 3.75 12.57 9.03 12.77 7.5 12.57
28.02 3.75 15.19 18.88 23.84 3.0 18.12 3.75 23.72 15.17 6.91 12.77 17.65 18.12 16.57 23.72 15.19 6.91 16.52 6.91 23.72 15.17 21.75 25.03 17.65 25.03 9.75 16.52 7.12 18.88 0.0 16.57 6.91 17.65 6.91 28.02 3.75 28.02 11.86 9.03 0.0 16.52 9.75 7.12 9.75 25.03 18.88 15.17 16.57 6.0 23.84 9.75 6.91 21.75 15.19 11.86 18.88 0.0 20.19 6.91 18.88
12.48 16.77 8.39 2.7 8.11 13.52 6.75 16.77 9.03 2.12 10.01 3.75 3.09 6.75 2.25 9.03 8.39 10.01 0.0 10.01 9.03 2.12 5.3 8.78 3.09 8.78 18.79 0.0 9.86 2.7 16.52 2.25 10.01 3.09 10.01 12.48 16.77 12.48 13.27 11.07 16.52 0.0 18.79 9.86 18.79 8.78 2.7 2.12 2.25 17.32 8.11 18.79 10.01 5.3 8.39 13.27 2.7 16.52 5.41 10.01 2.7
27.09 6.0 12.84 20.19 23.68 10.2 16.65 6.0 22.61 16.77 13.12 15.61 18.26 16.65 19.97 22.61 12.84 13.12 18.79 13.12 22.61 16.77 23.84 25.47 18.26 25.47 0.0 18.79 10.09 20.19 9.75 19.97 13.12 18.26 13.12 27.09 6.0 27.09 6.75 7.72 9.75 18.79 0.0 10.09 0.0 25.47 20.19 16.77 19.97 3.75 23.68 0.0 13.12 23.84 12.84 6.75 20.19 9.75 20.01 13.12 20.19
20.92 6.91 8.49 12.0 16.77 4.37 11.07 6.91 16.6 8.25 3.75 6.18 10.61 11.07 10.45 16.6 8.49 3.75 9.86 3.75 16.6 8.25 15.17 18.06 10.61 18.06 10.09 9.86 0.0 12.0 7.12 10.45 3.75 10.61 3.75 20.92 6.91 20.92 7.5 3.75 7.12 9.86 10.09 0.0 10.09 18.06 12.0 8.25 10.45 7.72 16.77 10.09 3.75 15.17 8.49 7.5 12.0 7.12 13.1 3.75 12.0
27.09 6.0 12.84 20.19 23.68 10.2 16.65 6.0 22.61 16.77 13.12 15.61 18.26 16.65 19.97 22.61 12.84 13.12 18.79 13.12 22.61 16.77 23.84 25.47 18.26 25.47 0.0 18.79 10.09 20.19 9.75 19.97 13.12 18.26 13.12 27.09 6.0 27.09 6.75 7.72 9.75 18.79 0.0 10.09 0.0 25.47 20.19 16.77 19.97 3.75 23.68 0.0 13.12 23.84 12.84 6.75 20.19 9.75 20.01 13.12 20.19
4.37 24.75 12.82 6.18 2.12 22.07 9.06 24.75 4.37 9.86 18.75 12.37 7.5 9.06 9.78 4.37 12.82 18.75 8.78 18.75 4.37 9.86 4.8 0.0 7.5 0.0 25.47 8.78 18.06 6.18 25.03 9.78 18.75 7.5 18.75 4.37 24.75 4.37 18.97 18.14 25.03 8.78 25.47 18.06 25.47 0.0 6.18 9.86 9.78 24.85 2.12 25.47 18.75 4.8 12.82 18.97 6.18 25.03 5.46 18.75 6.18
9.78 18.81 8.49 0.0 5.41 15.91 5.71 18.81 6.45 3.75 12.57 6.18 2.12 5.71 4.37 6.45 8.49 12.57 2.7 12.57 6.45 3.75 3.75 6.18 2.12 6.18 20.19 2.7 12.0 0.0 18.88 4.37 12.57 2.12 12.57 9.78 18.81 9.78 14.15 12.57 18.88 2.7 20.19 12.0 20.19 6.18 0.0 3.75 4.37 19.12 5.41 20.19 12.57 3.75 8.49 14.15 0.0 18.88 3.09 12.57 0.0
13.1 15.07 6.41 3.75 8.78 12.21 5.46 15.07 9.15 0.0 9.06 2.7 2.7 5.46 4.04 9.15 6.41 9.06 2.12 9.06 9.15 0.0 7.12 9.86 2.7 9.86 16.77 2.12 8.25 3.75 15.17 4.04 9.06 2.7 9.06 13.1 15.07 13.1 11.15 9.06 15.17 2.12 16.77 8.25 16.77 9.86 3.75 0.0 4.04 15.46 8.78 16.77 9.06 7.12 6.41 11.15 3.75 15.17 5.41 9.06 3.75
13.83 17.32 10.45 4.37 9.55 13.58 9.0 17.32 10.82 4.04 9.75 4.37 5.3 9.0 0.0 10.82 10.45 9.75 2.25 9.75 10.82 4.04 5.46 9.78 5.3 9.78 19.97 2.25 10.45 4.37 16.57 0.0 9.75 5.3 9.75 13.83 17.32 13.83 14.89 12.3 16.57 2.25 19.97 10.45 19.97 9.78 4.37 4.04 0.0 18.12 9.55 19.97 9.75 5.46 10.45 14.89 4.37 16.57 7.39 9.75 4.37
27.04 2.25 12.95 19.12 23.26 6.71 16.57 2.25 22.55 15.46 10.09 13.79 17.4 16.57 18.12 22.55 12.95 10.09 17.32 10.09 22.55 15.46 22.56 24.85 17.4 24.85 3.75 17.32 7.72 19.12 6.0 18.12 10.09 17.4 10.09 27.04 2.25 27.04 7.72 6.75 6.0 17.32 3.75 7.72 3.75 24.85 19.12 15.46 18.12 0.0 23.26 3.75 10.09 22.56 12.95 7.72 19.12 6.0 19.51 10.09 19.12
4.37 23.3 10.92 5.41 0.0 20.92 7.12 23.3 2.37 8.78 17.83 11.42 6.18 7.12 9.55 2.37 10.92 17.83 8.11 17.83 2.37 8.78 5.46 2.12 6.18 2.12 23.68 8.11 16.77 5.41 23.84 9.55 17.83 6.18 17.83 4.37 23.3 4.37 17.1 16.52 23.84 8.11 23.68 16.77 23.68 2.12 5.41 8.78 9.55 23.26 0.0 23.68 17.83 5.46 10.92 17.1 5.41 23.84 3.75 17.83 5.41
27.09 6.0 12.84 20.19 23.68 10.2 16.65 6.0 22.61 16.77 13.12 15.61 18.26 16.65 19.97 22.61 12.84 13.12 18.79 13.12 22.61 16.77 23.84 25.47 18.26 25.47 0.0 18.79 10.09 20.19 9.75 19.97 13.12 18.26 13.12 27.09 6.0 27.09 6.75 7.72 9.75 18.79 0.0 10.09 0.0 25.47 20.19 16.77 19.97 3.75 23.68 0.0 13.12 23.84 12.84 6.75 20.19 9.75 20.01 13.12 20.19
22.16 8.55 11.45 12.57 17.83 4.04 13.27 8.55 18.14 9.06 0.0 6.41 11.74 13.27 9.75 18.14 11.45 0.0 10.01 0.0 18.14 9.06 15.07 18.75 11.74 18.75 13.12 10.01 3.75 12.57 6.91 9.75 0.0 11.74 0.0 22.16 8.55 22.16 11.25 7.5 6.91 10.01 13.12 3.75 13.12 18.75 12.57 9.06 9.75 10.09 17.83 13.12 0.0 15.07 11.45 11.25 12.57 6.91 14.43 0.0 12.57
9.15 22.07 12.21 3.75 5.46 18.75 9.15 22.07 7.54 7.12 15.07 9.03 5.86 9.15 5.46 7.54 12.21 15.07 5.3 15.07 7.54 7.12 0.0 4.8 5.86 4.8 23.84 5.3 15.17 3.75 21.75 5.46 15.07 5.86 15.07 9.15 22.07 9.15 17.89 16.16 21.75 5.3 23.84 15.17 23.84 4.8 3.75 7.12 5.46 22.56 5.46 23.84 15.07 0.0 12.21 17.89 3.75 21.75 5.71 15.07 3.75
14.27 13.52 0.0 8.49 10.92 12.77 3.82 13.52 9.78 6.41 11.45 7.5 6.36 3.82 10.45 9.78 0.0 11.45 8.39 11.45 9.78 6.41 12.21 12.82 6.36 12.82 12.84 8.39 8.49 8.49 15.19 10.45 11.45 6.36 11.45 14.27 13.52 14.27 6.18 6.41 15.19 8.39 12.84 8.49 12.84 12.82 8.49 6.41 10.45 12.95 10.92 12.84 11.45 12.21 0.0 6.18 8.49 15.19 7.39 11.45 8.49
20.37 9.03 6.18 14.15 17.1 10.45 10.01 9.03 15.91 11.15 11.25 10.82 12.09 10.01 14.89 15.91 6.18 11.25 13.27 11.25 15.91 11.15 17.89 18.97 12.09 18.97 6.75 13.27 7.5 14.15 11.86 14.89 11.25 12.09 11.25 20.37 9.03 20.37 0.0 3.75 11.86 13.27 6.75 7.5 6.75 18.97 14.15 11.15 14.89 7.72 17.1 6.75 11.25 17.89 6.18 0.0 14.15 11.86 13.52 11.25 14.15
9.78 18.81 8.49 0.0 5.41 15.91 5.71 18.81 6.45 3.75 12.57 6.18 2.12 5.71 4.37 6.45 8.49 12.57 2.7 12.57 6.45 3.75 3.75 6.18 2.12 6.18 20.19 2.7 12.0 0.0 18.88 4.37 12.57 2.12 12.57 9.78 18.81 9.78 14.15 12.57 18.88 2.7 20.19 12.0 20.19 6.18 0.0 3.75 4.37 19.12 5.41 20.19 12.57 3.75 8.49 14.15 0.0 18.88 3.09 12.57 0.0
28.02 3.75 15.19 18.88 23.84 3.0 18.12 3.75 23.72 15.17 6.91 12.77 17.65 18.12 16.57 23.72 15.19 6.91 16.52 6.91 23.72 15.17 21.75 25.03 17.65 25.03 9.75 16.52 7.12 18.88 0.0 16.57 6.91 17.65 6.91 28.02 3.75 28.02 11.86 9.03 0.0 16.52 9.75 7.12 9.75 25.03 18.88 15.17 16.57 6.0 23.84 9.75 6.91 21.75 15.19 11.86 18.88 0.0 20.19 6.91 18.88
7.83 19.56 7.39 3.09 3.75 17.32 3.75 19.56 3.75 5.41 14.43 8.11 2.7 3.75 7.39 3.75 7.39 14.43 5.41 14.43 3.75 5.41 5.71 5.46 2.7 5.46 20.01 5.41 13.1 3.09 20.19 7.39 14.43 2.7 14.43 7.83 19.56 7.83 13.52 12.77 20.19 5.41 20.01 13.1 20.01 5.46 3.09 5.41 7.39 19.51 3.75 20.01 14.43 5.71 7.39 13.52 3.09 20.19 0.0 14.43 3.09
22.16 8.55 11.45 12.57 17.83 4.04 13.27 8.55 18.14 9.06 0.0 6.41 11.74 13.27 9.75 18.14 11.45 0.0 10.01 0.0 18.14 9.06 15.07 18.75 11.74 18.75 13.12 10.01 3.75 12.57 6.91 9.75 0.0 11.74 0.0 22.16 8.55 22.16 11.25 7.5 6.91 10.01 13.12 3.75 13.12 18.75 12.57 9.06 9.75 10.09 17.83 13.12 0.0 15.07 11.45 11.25 12.57 6.91 14.43 0.0 12.57
9.78 18.81 8.49 0.0 5.41 15.91 5.71 18.81 6.45 3.75 12.57 6.18 2.12 5.71 4.37 6.45 8.49 12.57 2.7 12.57 6.45 3.75 3.75 6.18 2.12 6.18 20.19 2.7 12.0 0.0 18.88 4.37 12.57 2.12 12.57 9.78 18.81 9.78 14.15 12.57 18.88 2.7 20.19 12.0 20.19 6.18 0.0 3.75 4.37 19.12 5.41 20.19 12.57 3.75 8.49 14.15 0.0 18.88 3.09 12.57 0.0
