0.0 0.0 18.44 12.08 18.44 26.93 21.84 3.0 26.93 28.86 28.16 18.44 18.38 15.23 15.0 26.93 3.0 21.84 21.0 12.53 32.76 9.22 12.08 7.0 12.08 19.24 12.53 15.23 24.04 12.37 12.53 19.24 3.0 28.86 7.0 15.23 26.93 28.16 9.22 28.16 15.0
0.0 0.0 18.44 12.08 18.44 26.93 21.84 3.0 26.93 28.86 28.16 18.44 18.38 15.23 15.0 26.93 3.0 21.84 21.0 12.53 32.76 9.22 12.08 7.0 12.08 19.24 12.53 15.23 24.04 12.37 12.53 19.24 3.0 28.86 7.0 15.23 26.93 28.16 9.22 28.16 15.0
18.44 18.44 0.0 7.62 0.0 11.0 19.31 16.28 11.0 17.46 19.42 0.0 8.6 6.0 5.0 11.0 16.28 19.31 13.89 18.25 16.28 19.31 7.62 13.89 7.62 4.24 18.25 18.0 13.04 11.0 18.25 4.24 16.28 17.46 13.89 18.0 11.0 19.42 19.31 19.42 5.0
12.08 12.08 7.62 0.0 7.62 18.25 14.87 9.43 18.25 23.35 24.35 7.62 12.65 3.16 7.28 18.25 9.43 14.87 11.18 11.0 23.77 11.7 0.0 6.4 0.0 7.21 11.0 11.4 18.44 10.63 11.0 7.21 9.43 23.35 6.4 11.4 18.25 24.35 11.7 24.35 7.28
18.44 18.44 0.0 7.62 0.0 11.0 19.31 16.28 11.0 17.46 19.42 0.0 8.6 6.0 5.0 11.0 16.28 19.31 13.89 18.25 16.28 19.31 7.62 13.89 7.62 4.24 18.25 18.0 13.04 11.0 18.25 4.24 16.28 17.46 13.89 18.0 11.0 19.42 19.31 19.42 5.0
26.93 26.93 11.0 18.25 11.0 0.0 29.83 25.5 0.0 8.6 12.08 11.0 9.22 17.0 12.08 0.0 25.5 29.83 24.04 29.15 5.83 29.83 18.25 24.04 18.25 14.32 29.15 29.0 7.0 15.56 29.15 14.32 25.5 8.6 24.04 29.0 0.0 12.08 29.83 12.08 12.08
21.84 21.84 19.31 14.87 19.31 29.83 0.0 18.97 29.83 36.77 38.47 19.31 26.93 13.89 21.63 29.83 18.97 0.0 6.0 10.0 34.23 14.0 14.87 15.23 14.87 15.52 10.0 7.0 32.2 25.46 10.0 15.52 18.97 36.77 15.23 7.0 29.83 38.47 14.0 38.47 21.63
3.0 3.0 16.28 9.43 16.28 25.5 18.97 0.0 25.5 28.28 28.0 16.28 17.46 12.53 13.42 25.5 0.0 18.97 18.0 10.0 31.3 7.21 9.43 4.0 9.43 16.64 10.0 12.53 23.35 12.0 10.0 16.64 0.0 28.28 4.0 12.53 25.5 28.0 7.21 28.0 13.42
26.93 26.93 11.0 18.25 11.0 0.0 29.83 25.5 0.0 8.6 12.08 11.0 9.22 17.0 12.08 0.0 25.5 29.83 24.04 29.15 5.83 29.83 18.25 24.04 18.25 14.32 29.15 29.0 7.0 15.56 29.15 14.32 25.5 8.6 24.04 29.0 0.0 12.08 29.83 12.08 12.08
28.86 28.86 17.46 23.35 17.46 8.6 36.77 28.28 8.6 0.0 4.0 17.46 11.0 23.09 16.12 8.6 28.28 36.77 31.3 34.23 10.0 34.0 23.35 28.0 23.35 21.47 34.23 34.71 5.0 16.49 34.23 21.47 28.28 0.0 28.0 34.71 8.6 4.0 34.0 4.0 16.12
28.16 28.16 19.42 24.35 19.42 12.08 38.47 28.0 12.08 4.0 0.0 19.42 11.7 24.6 17.09 12.08 28.0 38.47 33.29 34.93 14.0 34.23 24.35 28.28 24.35 23.6 34.93 35.74 6.4 16.0 34.93 23.6 28.0 4.0 28.28 35.74 12.08 0.0 34.23 0.0 17.09
18.44 18.44 0.0 7.62 0.0 11.0 19.31 16.28 11.0 17.46 19.42 0.0 8.6 6.0 5.0 11.0 16.28 19.31 13.89 18.25 16.28 19.31 7.62 13.89 7.62 4.24 18.25 18.0 13.04 11.0 18.25 4.24 16.28 17.46 13.89 18.0 11.0 19.42 19.31 19.42 5.0
18.38 18.38 8.6 12.65 8.6 9.22 26.93 17.46 9.22 11.0 11.7 8.6 0.0 13.04 5.39 9.22 17.46 26.93 22.02 23.35 14.87 23.0 12.65 17.0 12.65 12.81 23.35 24.04 6.0 6.4 23.35 12.81 17.46 11.0 17.0 24.04 9.22 11.7 23.0 11.7 5.39
15.23 15.23 6.0 3.16 6.0 17.0 13.89 12.53 17.0 23.09 24.6 6.0 13.04 0.0 7.81 17.0 12.53 13.89 9.22 12.37 22.2 13.89 3.16 9.22 3.16 4.24 12.37 12.0 18.38 12.53 12.37 4.24 12.53 23.09 9.22 12.0 17.0 24.6 13.89 24.6 7.81
15.0 15.0 5.0 7.28 5.0 12.08 21.63 13.42 12.08 16.12 17.09 5.0 5.39 7.81 0.0 12.08 13.42 21.63 16.97 18.11 17.89 18.11 7.28 12.17 7.28 8.54 18.11 18.68 11.18 6.0 18.11 8.54 13.42 16.12 12.17 18.68 12.08 17.09 18.11 17.09 0.0
26.93 26.93 11.0 18.25 11.0 0.0 29.83 25.5 0.0 8.6 12.08 11.0 9.22 17.0 12.08 0.0 25.5 29.83 24.04 29.15 5.83 29.83 18.25 24.04 18.25 14.32 29.15 29.0 7.0 15.56 29.15 14.32 25.5 8.6 24.04 29.0 0.0 12.08 29.83 12.08 12.08
3.0 3.0 16.28 9.43 16.28 25.5 18.97 0.0 25.5 28.28 28.0 16.28 17.46 12.53 13.42 25.5 0.0 18.97 18.0 10.0 31.3 7.21 9.43 4.0 9.43 16.64 10.0 12.53 23.35 12.0 10.0 16.64 0.0 28.28 4.0 12.53 25.5 28.0 7.21 28.0 13.42
21.84 21.84 19.31 14.87 19.31 29.83 0.0 18.97 29.83 36.77 38.47 19.31 26.93 13.89 21.63 29.83 18.97 0.0 6.0 10.0 34.23 14.0 14.87 15.23 14.87 15.52 10.0 7.0 32.2 25.46 10.0 15.52 18.97 36.77 15.23 7.0 29.83 38.47 14.0 38.47 21.63
21.0 21.0 13.89 11.18 13.89 24.04 6.0 18.0 24.04 31.3 33.29 13.89 22.02 9.22 16.97 24.04 18.0 6.0 0.0 11.66 28.28 15.23 11.18 14.0 11.18 9.85 11.66 9.22 26.93 21.63 11.66 9.85 18.0 31.3 14.0 9.22 24.04 33.29 15.23 33.29 16.97
12.53 12.53 18.25 11.0 18.25 29.15 10.0 10.0 29.15 34.23 34.93 18.25 23.35 12.37 18.11 29.15 10.0 10.0 11.66 0.0 34.53 4.0 11.0 7.21 11.0 16.16 0.0 3.0 29.27 19.7 0.0 16.16 10.0 34.23 7.21 3.0 29.15 34.93 4.0 34.93 18.11
32.76 32.76 16.28 23.77 16.28 5.83 34.23 31.3 5.83 10.0 14.0 16.28 14.87 22.2 17.89 5.83 31.3 34.23 28.28 34.53 0.0 35.44 23.77 29.73 23.77 19.0 34.53 34.13 11.18 21.26 34.53 19.0 31.3 10.0 29.73 34.13 5.83 14.0 35.44 14.0 17.89
9.22 9.22 19.31 11.7 19.31 29.83 14.0 7.21 29.83 34.0 34.23 19.31 23.0 13.89 18.11 29.83 7.21 14.0 15.23 4.0 35.44 0.0 11.7 6.0 11.7 18.03 4.0 7.0 29.0 18.44 4.0 18.03 7.21 34.0 6.0 7.0 29.83 34.23 0.0 34.23 18.11
12.08 12.08 7.62 0.0 7.62 18.25 14.87 9.43 18.25 23.35 24.35 7.62 12.65 3.16 7.28 18.25 9.43 14.87 11.18 11.0 23.77 11.7 0.0 6.4 0.0 7.21 11.0 11.4 18.44 10.63 11.0 7.21 9.43 23.35 6.4 11.4 18.25 24.35 11.7 24.35 7.28
7.0 7.0 13.89 6.4 13.89 24.04 15.23 4.0 24.04 28.0 28.28 13.89 17.0 9.22 12.17 24.04 4.0 15.23 14.0 7.21 29.73 6.0 6.4 0.0 6.4 13.45 7.21 9.22 23.0 12.65 7.21 13.45 4.0 28.0 0.0 9.22 24.04 28.28 6.0 28.28 12.17
12.08 12.08 7.62 0.0 7.62 18.25 14.87 9.43 18.25 23.35 24.35 7.62 12.65 3.16 7.28 18.25 9.43 14.87 11.18 11.0 23.77 11.7 0.0 6.4 0.0 7.21 11.0 11.4 18.44 10.63 11.0 7.21 9.43 23.35 6.4 11.4 18.25 24.35 11.7 24.35 7.28
19.24 19.24 4.24 7.21 4.24 14.32 15.52 16.64 14.32 21.47 23.6 4.24 12.81 4.24 8.54 14.32 16.64 15.52 9.85 16.16 19.0 18.03 7.21 13.45 7.21 0.0 16.16 15.3 17.2 14.32 16.16 0.0 16.64 21.47 13.45 15.3 14.32 23.6 18.03 23.6 8.54
12.53 12.53 18.25 11.0 18.25 29.15 10.0 10.0 29.15 34.23 34.93 18.25 23.35 12.37 18.11 29.15 10.0 10.0 11.66 0.0 34.53 4.0 11.0 7.21 11.0 16.16 0.0 3.0 29.27 19.7 0.0 16.16 10.0 34.23 7.21 3.0 29.15 34.93 4.0 34.93 18.11
15.23 15.23 18.0 11.4 18.0 29.0 7.0 12.53 29.0 34.71 35.74 18.0 24.04 12.0 18.68 29.0 12.53 7.0 9.22 3.0 34.13 7.0 11.4 9.22 11.4 15.3 3.0 0.0 29.83 21.1 3.0 15.3 12.53 34.71 9.22 0.0 29.0 35.74 7.0 35.74 18.68
24.04 24.04 13.04 18.44 13.04 7.0 32.2 23.35 7.0 5.0 6.4 13.04 6.0 18.38 11.18 7.0 23.35 32.2 26.93 29.27 11.18 29.0 18.44 23.0 18.44 17.2 29.27 29.83 0.0 11.7 29.27 17.2 23.35 5.0 23.0 29.83 7.0 6.4 29.0 6.4 11.18
12.37 12.37 11.0 10.63 11.0 15.56 25.46 12.0 15.56 16.49 16.0 11.0 6.4 12.53 6.0 15.56 12.0 25.46 21.63 19.7 21.26 18.44 10.63 12.65 10.63 14.32 19.7 21.1 11.7 0.0 19.7 14.32 12.0 16.49 12.65 21.1 15.56 16.0 18.44 16.0 6.0
12.53 12.53 18.25 11.0 18.25 29.15 10.0 10.0 29.15 34.23 34.93 18.25 23.35 12.37 18.11 29.15 10.0 10.0 11.66 0.0 34.53 4.0 11.0 7.21 11.0 16.16 0.0 3.0 29.27 19.7 0.0 16.16 10.0 34.23 7.21 3.0 29.15 34.93 4.0 34.93 18.11
19.24 19.24 4.24 7.21 4.24 14.32 15.52 16.64 14.32 21.47 23.6 4.24 12.81 4.24 8.54 14.32 16.64 15.52 9.85 16.16 19.0 18.03 7.21 13.45 7.21 0.0 16.16 15.3 17.2 14.32 16.16 0.0 16.64 21.47 13.45 15.3 14.32 23.6 18.03 23.6 8.54
3.0 3.0 16.28 9.43 16.28 25.5 18.97 0.0 25.5 28.28 28.0 16.28 17.46 12.53 13.42 25.5 0.0 18.97 18.0 10.0 31.3 7.21 9.43 4.0 9.43 16.64 10.0 12.53 23.35 12.0 10.0 16.64 0.0 28.28 4.0 12.53 25.5 28.0 7.21 28.0 13.42
28.86 28.86 17.46 23.35 17.46 8.6 36.77 28.28 8.6 0.0 4.0 17.46 11.0 23.09 16.12 8.6 28.28 36.77 31.3 34.23 10.0 34.0 23.35 28.0 23.35 21.47 34.23 34.71 5.0 16.49 34.23 21.47 28.28 0.0 28.0 34.71 8.6 4.0 34.0 4.0 16.12
7.0 7.0 13.89 6.4 13.89 24.04 15.23 4.0 24.04 28.0 28.28 13.89 17.0 9.22 12.17 24.04 4.0 15.23 14.0 7.21 29.73 6.0 6.4 0.0 6.4 13.45 7.21 9.22 23.0 12.65 7.21 13.45 4.0 28.0 0.0 9.22 24.04 28.28 6.0 28.28 12.17
15.23 15.23 18.0 11.4 18.0 29.0 7.0 12.53 29.0 34.71 35.74 18.0 24.04 12.0 18.68 29.0 12.53 7.0 9.22 3.0 34.13 7.0 11.4 9.22 11.4 15.3 3.0 0.0 29.83 21.1 3.0 15.3 12.53 34.71 9.22 0.0 29.0 35.74 7.0 35.74 18.68
26.93 26.93 11.0 18.25 11.0 0.0 29.83 25.5 0.0 8.6 12.08 11.0 9.22 17.0 12.08 0.0 25.5 29.83 24.04 29.15 5.83 29.83 18.25 24.04 18.25 14.32 29.15 29.0 7.0 15.56 29.15 14.32 25.5 8.6 24.04 29.0 0.0 12.08 29.83 12.08 12.08
28.16 28.16 19.42 24.35 19.42 12.08 38.47 28.0 12.08 4.0 0.0 19.42 11.7 24.6 17.09 12.08 28.0 38.47 33.29 34.93 14.0 34.23 24.35 28.28 24.35 23.6 34.93 35.74 6.4 16.0 34.93 23.6 28.0 4.0 28.28 35.74 12.08 0.0 34.23 0.0 17.09
9.22 9.22 19.31 11.7 19.31 29.83 14.0 7.21 29.83 34.0 34.23 19.31 23.0 13.89 18.11 29.83 7.21 14.0 15.23 4.0 35.44 0.0 11.7 6.0 11.7 18.03 4.0 7.0 29.0 18.44 4.0 18.03 7.21 34.0 6.0 7.0 29.83 34.23 0.0 34.23 18.11
28.16 28.16 19.42 24.35 19.42 12.08 38.47 28.0 12.08 4.0 0.0 19.42 11.7 24.6 17.09 12.08 28.0 38.47 33.29 34.93 14.0 34.23 24.35 28.28 24.35 23.6 34.93 35.74 6.4 16.0 34.93 23.6 28.0 4.0 28.28 35.74 12.08 0.0 34.23 0.0 17.09
15.0 15.0 5.0 7.28 5.0 12.08 21.63 13.42 12.08 16.12 17.09 5.0 5.39 7.81 0.0 12.08 13.42 21.63 16.97 18.11 17.89 18.11 7.28 12.17 7.28 8.54 18.11 18.68 11.18 6.0 18.11 8.54 13.42 16.12 12.17 18.68 12.08 17.09 18.11 17.09 0.0
