0.0 18.03 15.23 21.84 19.24 9.22 12.53 21.0 8.6 6.71 26.93 12.37 26.93 28.86 18.44 26.93 15.0 15.0 26.93 32.76 28.86 7.0 15.0 21.0 21.1 12.37 8.6 12.08 15.23 28.16 32.76 21.84 8.6 0.0 18.44 7.0 9.22 25.5 19.24 3.0 12.53 12.37 18.38 21.0 26.93 28.86 18.25 32.76 25.5 21.0 7.0 21.0 26.93 15.0 0.0 12.37 0.0 3.0 28.16 12.08 7.0 0.0 0.0 15.0 15.23 15.23 8.6 21.0 28.16 12.08 21.1 21.1 18.44 18.44 8.6 0.0 15.23 18.25 7.0 25.5 21.0 32.76 19.24 15.23 15.23 15.0 8.6 18.03 15.23 21.0 12.37 15.0 32.76 32.76 7.0 21.1 12.53 21.1 6.71 0.0 15.0
18.03 0.0 3.0 4.0 15.0 10.0 6.0 7.21 14.87 18.44 29.15 22.8 29.15 35.44 18.25 29.15 19.7 19.7 29.15 34.0 35.44 11.66 19.7 7.21 24.74 22.8 14.87 12.53 12.37 36.77 34.0 4.0 14.87 18.03 18.25 11.66 10.0 29.61 15.0 15.23 6.0 22.8 25.08 7.21 29.15 35.44 27.78 34.0 29.61 7.21 11.66 7.21 29.15 19.7 18.03 22.8 18.03 15.23 36.77 12.53 11.66 18.03 18.03 19.7 12.37 12.37 14.87 7.21 36.77 12.53 24.74 24.74 18.25 18.25 14.87 18.03 12.37 27.78 11.66 29.61 7.21 34.0 15.0 3.0 3.0 19.7 14.87 0.0 3.0 7.21 22.8 19.7 34.0 34.0 11.66 24.74 6.0 24.74 18.44 18.03 19.7
15.23 3.0 0.0 7.0 15.3 7.0 3.0 9.22 13.04 16.28 29.0 21.1 29.0 34.71 18.0 29.0 18.68 18.68 29.0 34.13 34.71 9.22 18.68 9.22 24.19 21.1 13.04 11.4 12.0 35.74 34.13 7.0 13.04 15.23 18.0 9.22 7.0 29.15 15.3 12.53 3.0 21.1 24.04 9.22 29.0 34.71 26.4 34.13 29.15 9.22 9.22 9.22 29.0 18.68 15.23 21.1 15.23 12.53 35.74 11.4 9.22 15.23 15.23 18.68 12.0 12.0 13.04 9.22 35.74 11.4 24.19 24.19 18.0 18.0 13.04 15.23 12.0 26.4 9.22 29.15 9.22 34.13 15.3 0.0 0.0 18.68 13.04 3.0 0.0 9.22 21.1 18.68 34.13 34.13 9.22 24.19 3.0 24.19 16.28 15.23 18.68
21.84 4.0 7.0 0.0 15.52 14.0 10.0 6.0 17.8 21.63 29.83 25.46 29.83 36.77 19.31 29.83 21.63 21.63 29.83 34.23 36.77 15.23 21.63 6.0 26.0 25.46 17.8 14.87 13.89 38.47 34.23 0.0 17.8 21.84 19.31 15.23 14.0 30.68 15.52 18.97 10.0 25.46 26.93 6.0 29.83 36.77 30.0 34.23 30.68 6.0 15.23 6.0 29.83 21.63 21.84 25.46 21.84 18.97 38.47 14.87 15.23 21.84 21.84 21.63 13.89 13.89 17.8 6.0 38.47 14.87 26.0 26.0 19.31 19.31 17.8 21.84 13.89 30.0 15.23 30.68 6.0 34.23 15.52 7.0 7.0 21.63 17.8 4.0 7.0 6.0 25.46 21.63 34.23 34.23 15.23 26.0 10.0 26.0 21.63 21.84 21.63
19.24 15.0 15.3 15.52 0.0 18.03 16.16 9.85 10.77 14.32 14.32 14.32 14.32 21.47 4.24 14.32 8.54 8.54 14.32 19.0 21.47 13.45 8.54 9.85 10.82 14.32 10.77 7.21 4.24 23.6 19.0 15.52 10.77 19.24 4.24 13.45 18.03 15.23 0.0 16.64 16.16 14.32 12.81 9.85 14.32 21.47 16.64 19.0 15.23 9.85 13.45 9.85 14.32 8.54 19.24 14.32 19.24 16.64 23.6 7.21 13.45 19.24 19.24 8.54 4.24 4.24 10.77 9.85 23.6 7.21 10.82 10.82 4.24 4.24 10.77 19.24 4.24 16.64 13.45 15.23 9.85 19.0 0.0 15.3 15.3 8.54 10.77 15.0 15.3 9.85 14.32 8.54 19.0 19.0 13.45 10.82 16.16 10.82 14.32 19.24 8.54
9.22 10.0 7.0 14.0 18.03 0.0 4.0 15.23 11.0 12.65 29.83 18.44 29.83 34.0 19.31 29.83 18.11 18.11 29.83 35.44 34.0 6.0 18.11 15.23 24.33 18.44 11.0 11.7 13.89 34.23 35.44 14.0 11.0 9.22 19.31 6.0 0.0 29.27 18.03 7.21 4.0 18.44 23.0 15.23 29.83 34.0 24.33 35.44 29.27 15.23 6.0 15.23 29.83 18.11 9.22 18.44 9.22 7.21 34.23 11.7 6.0 9.22 9.22 18.11 13.89 13.89 11.0 15.23 34.23 11.7 24.33 24.33 19.31 19.31 11.0 9.22 13.89 24.33 6.0 29.27 15.23 35.44 18.03 7.0 7.0 18.11 11.0 10.0 7.0 15.23 18.44 18.11 35.44 35.44 6.0 24.33 4.0 24.33 12.65 9.22 18.11
12.53 6.0 3.0 10.0 16.16 4.0 0.0 11.66 11.7 14.42 29.15 19.7 29.15 34.23 18.25 29.15 18.11 18.11 29.15 34.53 34.23 7.21 18.11 11.66 24.0 19.7 11.7 11.0 12.37 34.93 34.53 10.0 11.7 12.53 18.25 7.21 4.0 29.0 16.16 10.0 0.0 19.7 23.35 11.66 29.15 34.23 25.3 34.53 29.0 11.66 7.21 11.66 29.15 18.11 12.53 19.7 12.53 10.0 34.93 11.0 7.21 12.53 12.53 18.11 12.37 12.37 11.7 11.66 34.93 11.0 24.0 24.0 18.25 18.25 11.7 12.53 12.37 25.3 7.21 29.0 11.66 34.53 16.16 3.0 3.0 18.11 11.7 6.0 3.0 11.66 19.7 18.11 34.53 34.53 7.21 24.0 0.0 24.0 14.42 12.53 18.11
21.0 7.21 9.22 6.0 9.85 15.23 11.66 0.0 14.87 18.97 24.04 21.63 24.04 31.3 13.89 24.04 16.97 16.97 24.04 28.28 31.3 14.0 16.97 0.0 20.59 21.63 14.87 11.18 9.22 33.29 28.28 6.0 14.87 21.0 13.89 14.0 15.23 25.08 9.85 18.0 11.66 21.63 22.02 0.0 24.04 31.3 25.46 28.28 25.08 0.0 14.0 0.0 24.04 16.97 21.0 21.63 21.0 18.0 33.29 11.18 14.0 21.0 21.0 16.97 9.22 9.22 14.87 0.0 33.29 11.18 20.59 20.59 13.89 13.89 14.87 21.0 9.22 25.46 14.0 25.08 0.0 28.28 9.85 9.22 9.22 16.97 14.87 7.21 9.22 0.0 21.63 16.97 28.28 28.28 14.0 20.59 11.66 20.59 18.97 21.0 16.97
8.6 14.87 13.04 17.8 10.77 11.0 11.7 14.87 0.0 4.12 19.31 8.06 19.31 23.0 9.9 19.31 7.28 7.28 19.31 25.08 23.0 5.0 7.28 14.87 13.6 8.06 0.0 4.0 7.07 23.35 25.08 17.8 0.0 8.6 9.9 5.0 11.0 18.44 10.77 6.4 11.7 8.06 12.0 14.87 19.31 23.0 13.6 25.08 18.44 14.87 5.0 14.87 19.31 7.28 8.6 8.06 8.6 6.4 23.35 4.0 5.0 8.6 8.6 7.28 7.07 7.07 0.0 14.87 23.35 4.0 13.6 13.6 9.9 9.9 0.0 8.6 7.07 13.6 5.0 18.44 14.87 25.08 10.77 13.04 13.04 7.28 0.0 14.87 13.04 14.87 8.06 7.28 25.08 25.08 5.0 13.6 11.7 13.6 4.12 8.6 7.28
6.71 18.44 16.28 21.63 14.32 12.65 14.42 18.97 4.12 0.0 20.25 6.0 20.25 22.36 12.53 20.25 8.49 8.49 20.25 26.08 22.36 7.21 8.49 18.97 14.42 6.0 4.12 8.06 11.0 22.0 26.08 21.63 4.12 6.71 12.53 7.21 12.65 18.79 14.32 6.0 14.42 6.0 11.7 18.97 20.25 22.36 12.0 26.08 18.79 18.97 7.21 18.97 20.25 8.49 6.71 6.0 6.71 6.0 22.0 8.06 7.21 6.71 6.71 8.49 11.0 11.0 4.12 18.97 22.0 8.06 14.42 14.42 12.53 12.53 4.12 6.71 11.0 12.0 7.21 18.79 18.97 26.08 14.32 16.28 16.28 8.49 4.12 18.44 16.28 18.97 6.0 8.49 26.08 26.08 7.21 14.42 14.42 14.42 0.0 6.71 8.49
26.93 29.15 29.0 29.83 14.32 29.83 29.15 24.04 19.31 20.25 0.0 15.56 0.0 8.6 11.0 0.0 12.08 12.08 0.0 5.83 8.6 24.04 12.08 24.04 5.83 15.56 19.31 18.25 17.0 12.08 5.83 29.83 19.31 26.93 11.0 24.04 29.83 3.0 14.32 25.5 29.15 15.56 9.22 24.04 0.0 8.6 12.08 5.83 3.0 24.04 24.04 24.04 0.0 12.08 26.93 15.56 26.93 25.5 12.08 18.25 24.04 26.93 26.93 12.08 17.0 17.0 19.31 24.04 12.08 18.25 5.83 5.83 11.0 11.0 19.31 26.93 17.0 12.08 24.04 3.0 24.04 5.83 14.32 29.0 29.0 12.08 19.31 29.15 29.0 24.04 15.56 12.08 5.83 5.83 24.04 5.83 29.15 5.83 20.25 26.93 12.08
12.37 22.8 21.1 25.46 14.32 18.44 19.7 21.63 8.06 6.0 15.56 0.0 15.56 16.49 11.0 15.56 6.0 6.0 15.56 21.26 16.49 12.65 6.0 21.63 10.0 0.0 8.06 10.63 12.53 16.0 21.26 25.46 8.06 12.37 11.0 12.65 18.44 13.6 14.32 12.0 19.7 0.0 6.4 21.63 15.56 16.49 6.0 21.26 13.6 21.63 12.65 21.63 15.56 6.0 12.37 0.0 12.37 12.0 16.0 10.63 12.65 12.37 12.37 6.0 12.53 12.53 8.06 21.63 16.0 10.63 10.0 10.0 11.0 11.0 8.06 12.37 12.53 6.0 12.65 13.6 21.63 21.26 14.32 21.1 21.1 6.0 8.06 22.8 21.1 21.63 0.0 6.0 21.26 21.26 12.65 10.0 19.7 10.0 6.0 12.37 6.0
26.93 29.15 29.0 29.83 14.32 29.83 29.15 24.04 19.31 20.25 0.0 15.56 0.0 8.6 11.0 0.0 12.08 12.08 0.0 5.83 8.6 24.04 12.08 24.04 5.83 15.56 19.31 18.25 17.0 12.08 5.83 29.83 19.31 26.93 11.0 24.04 29.83 3.0 14.32 25.5 29.15 15.56 9.22 24.04 0.0 8.6 12.08 5.83 3.0 24.04 24.04 24.04 0.0 12.08 26.93 15.56 26.93 25.5 12.08 18.25 24.04 26.93 26.93 12.08 17.0 17.0 19.31 24.04 12.08 18.25 5.83 5.83 11.0 11.0 19.31 26.93 17.0 12.08 24.04 3.0 24.04 5.83 14.32 29.0 29.0 12.08 19.31 29.15 29.0 24.04 15.56 12.08 5.83 5.83 24.04 5.83 29.15 5.83 20.25 26.93 12.08
28.86 35.44 34.71 36.77 21.47 34.0 34.23 31.3 23.0 22.36 8.6 16.49 8.6 0.0 17.46 8.6 16.12 16.12 8.6 10.0 0.0 28.0 16.12 31.3 10.77 16.49 23.0 23.35 23.09 4.0 10.0 36.77 23.0 28.86 17.46 28.0 34.0 6.4 21.47 28.28 34.23 16.49 11.0 31.3 8.6 0.0 10.77 10.0 6.4 31.3 28.0 31.3 8.6 16.12 28.86 16.49 28.86 28.28 4.0 23.35 28.0 28.86 28.86 16.12 23.09 23.09 23.0 31.3 4.0 23.35 10.77 10.77 17.46 17.46 23.0 28.86 23.09 10.77 28.0 6.4 31.3 10.0 21.47 34.71 34.71 16.12 23.0 35.44 34.71 31.3 16.49 16.12 10.0 10.0 28.0 10.77 34.23 10.77 22.36 28.86 16.12
18.44 18.25 18.0 19.31 4.24 19.31 18.25 13.89 9.9 12.53 11.0 11.0 11.0 17.46 0.0 11.0 5.0 5.0 11.0 16.28 17.46 13.89 5.0 13.89 6.71 11.0 9.9 7.62 6.0 19.42 16.28 19.31 9.9 18.44 0.0 13.89 19.31 11.4 4.24 16.28 18.25 11.0 8.6 13.89 11.0 17.46 12.53 16.28 11.4 13.89 13.89 13.89 11.0 5.0 18.44 11.0 18.44 16.28 19.42 7.62 13.89 18.44 18.44 5.0 6.0 6.0 9.9 13.89 19.42 7.62 6.71 6.71 0.0 0.0 9.9 18.44 6.0 12.53 13.89 11.4 13.89 16.28 4.24 18.0 18.0 5.0 9.9 18.25 18.0 13.89 11.0 5.0 16.28 16.28 13.89 6.71 18.25 6.71 12.53 18.44 5.0
26.93 29.15 29.0 29.83 14.32 29.83 29.15 24.04 19.31 20.25 0.0 15.56 0.0 8.6 11.0 0.0 12.08 12.08 0.0 5.83 8.6 24.04 12.08 24.04 5.83 15.56 19.31 18.25 17.0 12.08 5.83 29.83 19.31 26.93 11.0 24.04 29.83 3.0 14.32 25.5 29.15 15.56 9.22 24.04 0.0 8.6 12.08 5.83 3.0 24.04 24.04 24.04 0.0 12.08 26.93 15.56 26.93 25.5 12.08 18.25 24.04 26.93 26.93 12.08 17.0 17.0 19.31 24.04 12.08 18.25 5.83 5.83 11.0 11.0 19.31 26.93 17.0 12.08 24.04 3.0 24.04 5.83 14.32 29.0 29.0 12.08 19.31 29.15 29.0 24.04 15.56 12.08 5.83 5.83 24.04 5.83 29.15 5.83 20.25 26.93 12.08
15.0 19.7 18.68 21.63 8.54 18.11 18.11 16.97 7.28 8.49 12.08 6.0 12.08 16.12 5.0 12.08 0.0 0.0 12.08 17.89 16.12 12.17 0.0 16.97 6.32 6.0 7.28 7.28 7.81 17.09 17.89 21.63 7.28 15.0 5.0 12.17 18.11 11.18 8.54 13.42 18.11 6.0 5.39 16.97 12.08 16.12 8.49 17.89 11.18 16.97 12.17 16.97 12.08 0.0 15.0 6.0 15.0 13.42 17.09 7.28 12.17 15.0 15.0 0.0 7.81 7.81 7.28 16.97 17.09 7.28 6.32 6.32 5.0 5.0 7.28 15.0 7.81 8.49 12.17 11.18 16.97 17.89 8.54 18.68 18.68 0.0 7.28 19.7 18.68 16.97 6.0 0.0 17.89 17.89 12.17 6.32 18.11 6.32 8.49 15.0 0.0
15.0 19.7 18.68 21.63 8.54 18.11 18.11 16.97 7.28 8.49 12.08 6.0 12.08 16.12 5.0 12.08 0.0 0.0 12.08 17.89 16.12 12.17 0.0 16.97 6.32 6.0 7.28 7.28 7.81 17.09 17.89 21.63 7.28 15.0 5.0 12.17 18.11 11.18 8.54 13.42 18.11 6.0 5.39 16.97 12.08 16.12 8.49 17.89 11.18 16.97 12.17 16.97 12.08 0.0 15.0 6.0 15.0 13.42 17.09 7.28 12.17 15.0 15.0 0.0 7.81 7.81 7.28 16.97 17.09 7.28 6.32 6.32 5.0 5.0 7.28 15.0 7.81 8.49 12.17 11.18 16.97 17.89 8.54 18.68 18.68 0.0 7.28 19.7 18.68 16.97 6.0 0.0 17.89 17.89 12.17 6.32 18.11 6.32 8.49 15.0 0.0
26.93 29.15 29.0 29.83 14.32 29.83 29.15 24.04 19.31 20.25 0.0 15.56 0.0 8.6 11.0 0.0 12.08 12.08 0.0 5.83 8.6 24.04 12.08 24.04 5.83 15.56 19.31 18.25 17.0 12.08 5.83 29.83 19.31 26.93 11.0 24.04 29.83 3.0 14.32 25.5 29.15 15.56 9.22 24.04 0.0 8.6 12.08 5.83 3.0 24.04 24.04 24.04 0.0 12.08 26.93 15.56 26.93 25.5 12.08 18.25 24.04 26.93 26.93 12.08 17.0 17.0 19.31 24.04 12.08 18.25 5.83 5.83 11.0 11.0 19.31 26.93 17.0 12.08 24.04 3.0 24.04 5.83 14.32 29.0 29.0 12.08 19.31 29.15 29.0 24.04 15.56 12.08 5.83 5.83 24.04 5.83 29.15 5.83 20.25 26.93 12.08
32.76 34.0 34.13 34.23 19.0 35.44 34.53 28.28 25.08 26.08 5.83 21.26 5.83 10.0 16.28 5.83 17.89 17.89 5.83 0.0 10.0 29.73 17.89 28.28 11.66 21.26 25.08 23.77 22.2 14.0 0.0 34.23 25.08 32.76 16.28 29.73 35.44 7.81 19.0 31.3 34.53 21.26 14.87 28.28 5.83 10.0 17.2 0.0 7.81 28.28 29.73 28.28 5.83 17.89 32.76 21.26 32.76 31.3 14.0 23.77 29.73 32.76 32.76 17.89 22.2 22.2 25.08 28.28 14.0 23.77 11.66 11.66 16.28 16.28 25.08 32.76 22.2 17.2 29.73 7.81 28.28 0.0 19.0 34.13 34.13 17.89 25.08 34.0 34.13 28.28 21.26 17.89 0.0 0.0 29.73 11.66 34.53 11.66 26.08 32.76 17.89
28.86 35.44 34.71 36.77 21.47 34.0 34.23 31.3 23.0 22.36 8.6 16.49 8.6 0.0 17.46 8.6 16.12 16.12 8.6 10.0 0.0 28.0 16.12 31.3 10.77 16.49 23.0 23.35 23.09 4.0 10.0 36.77 23.0 28.86 17.46 28.0 34.0 6.4 21.47 28.28 34.23 16.49 11.0 31.3 8.6 0.0 10.77 10.0 6.4 31.3 28.0 31.3 8.6 16.12 28.86 16.49 28.86 28.28 4.0 23.35 28.0 28.86 28.86 16.12 23.09 23.09 23.0 31.3 4.0 23.35 10.77 10.77 17.46 17.46 23.0 28.86 23.09 10.77 28.0 6.4 31.3 10.0 21.47 34.71 34.71 16.12 23.0 35.44 34.71 31.3 16.49 16.12 10.0 10.0 28.0 10.77 34.23 10.77 22.36 28.86 16.12
7.0 11.66 9.22 15.23 13.45 6.0 7.21 14.0 5.0 7.21 24.04 12.65 24.04 28.0 13.89 24.04 12.17 12.17 24.04 29.73 28.0 0.0 12.17 14.0 18.44 12.65 5.0 6.4 9.22 28.28 29.73 15.23 5.0 7.0 13.89 0.0 6.0 23.35 13.45 4.0 7.21 12.65 17.0 14.0 24.04 28.0 18.44 29.73 23.35 14.0 0.0 14.0 24.04 12.17 7.0 12.65 7.0 4.0 28.28 6.4 0.0 7.0 7.0 12.17 9.22 9.22 5.0 14.0 28.28 6.4 18.44 18.44 13.89 13.89 5.0 7.0 9.22 18.44 0.0 23.35 14.0 29.73 13.45 9.22 9.22 12.17 5.0 11.66 9.22 14.0 12.65 12.17 29.73 29.73 0.0 18.44 7.21 18.44 7.21 7.0 12.17
15.0 19.7 18.68 21.63 8.54 18.11 18.11 16.97 7.28 8.49 12.08 6.0 12.08 16.12 5.0 12.08 0.0 0.0 12.08 17.89 16.12 12.17 0.0 16.97 6.32 6.0 7.28 7.28 7.81 17.09 17.89 21.63 7.28 15.0 5.0 12.17 18.11 11.18 8.54 13.42 18.11 6.0 5.39 16.97 12.08 16.12 8.49 17.89 11.18 16.97 12.17 16.97 12.08 0.0 15.0 6.0 15.0 13.42 17.09 7.28 12.17 15.0 15.0 0.0 7.81 7.81 7.28 16.97 17.09 7.28 6.32 6.32 5.0 5.0 7.28 15.0 7.81 8.49 12.17 11.18 16.97 17.89 8.54 18.68 18.68 0.0 7.28 19.7 18.68 16.97 6.0 0.0 17.89 17.89 12.17 6.32 18.11 6.32 8.49 15.0 0.0
21.0 7.21 9.22 6.0 9.85 15.23 11.66 0.0 14.87 18.97 24.04 21.63 24.04 31.3 13.89 24.04 16.97 16.97 24.04 28.28 31.3 14.0 16.97 0.0 20.59 21.63 14.87 11.18 9.22 33.29 28.28 6.0 14.87 21.0 13.89 14.0 15.23 25.08 9.85 18.0 11.66 21.63 22.02 0.0 24.04 31.3 25.46 28.28 25.08 0.0 14.0 0.0 24.04 16.97 21.0 21.63 21.0 18.0 33.29 11.18 14.0 21.0 21.0 16.97 9.22 9.22 14.87 0.0 33.29 11.18 20.59 20.59 13.89 13.89 14.87 21.0 9.22 25.46 14.0 25.08 0.0 28.28 9.85 9.22 9.22 16.97 14.87 7.21 9.22 0.0 21.63 16.97 28.28 28.28 14.0 20.59 11.66 20.59 18.97 21.0 16.97
21.1 24.74 24.19 26.0 10.82 24.33 24.0 20.59 13.6 14.42 5.83 10.0 5.83 10.77 6.71 5.83 6.32 6.32 5.83 11.66 10.77 18.44 6.32 20.59 0.0 10.0 13.6 13.0 12.37 12.81 11.66 26.0 13.6 21.1 6.71 18.44 24.33 5.0 10.82 19.7 24.0 10.0 4.12 20.59 5.83 10.77 8.0 11.66 5.0 20.59 18.44 20.59 5.83 6.32 21.1 10.0 21.1 19.7 12.81 13.0 18.44 21.1 21.1 6.32 12.37 12.37 13.6 20.59 12.81 13.0 0.0 0.0 6.71 6.71 13.6 21.1 12.37 8.0 18.44 5.0 20.59 11.66 10.82 24.19 24.19 6.32 13.6 24.74 24.19 20.59 10.0 6.32 11.66 11.66 18.44 0.0 24.0 0.0 14.42 21.1 6.32
12.37 22.8 21.1 25.46 14.32 18.44 19.7 21.63 8.06 6.0 15.56 0.0 15.56 16.49 11.0 15.56 6.0 6.0 15.56 21.26 16.49 12.65 6.0 21.63 10.0 0.0 8.06 10.63 12.53 16.0 21.26 25.46 8.06 12.37 11.0 12.65 18.44 13.6 14.32 12.0 19.7 0.0 6.4 21.63 15.56 16.49 6.0 21.26 13.6 21.63 12.65 21.63 15.56 6.0 12.37 0.0 12.37 12.0 16.0 10.63 12.65 12.37 12.37 6.0 12.53 12.53 8.06 21.63 16.0 10.63 10.0 10.0 11.0 11.0 8.06 12.37 12.53 6.0 12.65 13.6 21.63 21.26 14.32 21.1 21.1 6.0 8.06 22.8 21.1 21.63 0.0 6.0 21.26 21.26 12.65 10.0 19.7 10.0 6.0 12.37 6.0
8.6 14.87 13.04 17.8 10.77 11.0 11.7 14.87 0.0 4.12 19.31 8.06 19.31 23.0 9.9 19.31 7.28 7.28 19.31 25.08 23.0 5.0 7.28 14.87 13.6 8.06 0.0 4.0 7.07 23.35 25.08 17.8 0.0 8.6 9.9 5.0 11.0 18.44 10.77 6.4 11.7 8.06 12.0 14.87 19.31 23.0 13.6 25.08 18.44 14.87 5.0 14.87 19.31 7.28 8.6 8.06 8.6 6.4 23.35 4.0 5.0 8.6 8.6 7.28 7.07 7.07 0.0 14.87 23.35 4.0 13.6 13.6 9.9 9.9 0.0 8.6 7.07 13.6 5.0 18.44 14.87 25.08 10.77 13.04 13.04 7.28 0.0 14.87 13.04 14.87 8.06 7.28 25.08 25.08 5.0 13.6 11.7 13.6 4.12 8.6 7.28
12.08 12.53 11.4 14.87 7.21 11.7 11.0 11.18 4.0 8.06 18.25 10.63 18.25 23.35 7.62 18.25 7.28 7.28 18.25 23.77 23.35 6.4 7.28 11.18 13.0 10.63 4.0 0.0 3.16 24.35 23.77 14.87 4.0 12.08 7.62 6.4 11.7 18.0 7.21 9.43 11.0 10.63 12.65 11.18 18.25 23.35 15.26 23.77 18.0 11.18 6.4 11.18 18.25 7.28 12.08 10.63 12.08 9.43 24.35 0.0 6.4 12.08 12.08 7.28 3.16 3.16 4.0 11.18 24.35 0.0 13.0 13.0 7.62 7.62 4.0 12.08 3.16 15.26 6.4 18.0 11.18 23.77 7.21 11.4 11.4 7.28 4.0 12.53 11.4 11.18 10.63 7.28 23.77 23.77 6.4 13.0 11.0 13.0 8.06 12.08 7.28
15.23 12.37 12.0 13.89 4.24 13.89 12.37 9.22 7.07 11.0 17.0 12.53 17.0 23.09 6.0 17.0 7.81 7.81 17.0 22.2 23.09 9.22 7.81 9.22 12.37 12.53 7.07 3.16 0.0 24.6 22.2 13.89 7.07 15.23 6.0 9.22 13.89 17.26 4.24 12.53 12.37 12.53 13.04 9.22 17.0 23.09 16.28 22.2 17.26 9.22 9.22 9.22 17.0 7.81 15.23 12.53 15.23 12.53 24.6 3.16 9.22 15.23 15.23 7.81 0.0 0.0 7.07 9.22 24.6 3.16 12.37 12.37 6.0 6.0 7.07 15.23 0.0 16.28 9.22 17.26 9.22 22.2 4.24 12.0 12.0 7.81 7.07 12.37 12.0 9.22 12.53 7.81 22.2 22.2 9.22 12.37 12.37 12.37 11.0 15.23 7.81
28.16 36.77 35.74 38.47 23.6 34.23 34.93 33.29 23.35 22.0 12.08 16.0 12.08 4.0 19.42 12.08 17.09 17.09 12.08 14.0 4.0 28.28 17.09 33.29 12.81 16.0 23.35 24.35 24.6 0.0 14.0 38.47 23.35 28.16 19.42 28.28 34.23 9.43 23.6 28.0 34.93 16.0 11.7 33.29 12.08 4.0 10.0 14.0 9.43 33.29 28.28 33.29 12.08 17.09 28.16 16.0 28.16 28.0 0.0 24.35 28.28 28.16 28.16 17.09 24.6 24.6 23.35 33.29 0.0 24.35 12.81 12.81 19.42 19.42 23.35 28.16 24.6 10.0 28.28 9.43 33.29 14.0 23.6 35.74 35.74 17.09 23.35 36.77 35.74 33.29 16.0 17.09 14.0 14.0 28.28 12.81 34.93 12.81 22.0 28.16 17.09
32.76 34.0 34.13 34.23 19.0 35.44 34.53 28.28 25.08 26.08 5.83 21.26 5.83 10.0 16.28 5.83 17.89 17.89 5.83 0.0 10.0 29.73 17.89 28.28 11.66 21.26 25.08 23.77 22.2 14.0 0.0 34.23 25.08 32.76 16.28 29.73 35.44 7.81 19.0 31.3 34.53 21.26 14.87 28.28 5.83 10.0 17.2 0.0 7.81 28.28 29.73 28.28 5.83 17.89 32.76 21.26 32.76 31.3 14.0 23.77 29.73 32.76 32.76 17.89 22.2 22.2 25.08 28.28 14.0 23.77 11.66 11.66 16.28 16.28 25.08 32.76 22.2 17.2 29.73 7.81 28.28 0.0 19.0 34.13 34.13 17.89 25.08 34.0 34.13 28.28 21.26 17.89 0.0 0.0 29.73 11.66 34.53 11.66 26.08 32.76 17.89
21.84 4.0 7.0 0.0 15.52 14.0 10.0 6.0 17.8 21.63 29.83 25.46 29.83 36.77 19.31 29.83 21.63 21.63 29.83 34.23 36.77 15.23 21.63 6.0 26.0 25.46 17.8 14.87 13.89 38.47 34.23 0.0 17.8 21.84 19.31 15.23 14.0 30.68 15.52 18.97 10.0 25.46 26.93 6.0 29.83 36.77 30.0 34.23 30.68 6.0 15.23 6.0 29.83 21.63 21.84 25.46 21.84 18.97 38.47 14.87 15.23 21.84 21.84 21.63 13.89 13.89 17.8 6.0 38.47 14.87 26.0 26.0 19.31 19.31 17.8 21.84 13.89 30.0 15.23 30.68 6.0 34.23 15.52 7.0 7.0 21.63 17.8 4.0 7.0 6.0 25.46 21.63 34.23 34.23 15.23 26.0 10.0 26.0 21.63 21.84 21.63
8.6 14.87 13.04 17.8 10.77 11.0 11.7 14.87 0.0 4.12 19.31 8.06 19.31 23.0 9.9 19.31 7.28 7.28 19.31 25.08 23.0 5.0 7.28 14.87 13.6 8.06 0.0 4.0 7.07 23.35 25.08 17.8 0.0 8.6 9.9 5.0 11.0 18.44 10.77 6.4 11.7 8.06 12.0 14.87 19.31 23.0 13.6 25.08 18.44 14.87 5.0 14.87 19.31 7.28 8.6 8.06 8.6 6.4 23.35 4.0 5.0 8.6 8.6 7.28 7.07 7.07 0.0 14.87 23.35 4.0 13.6 13.6 9.9 9.9 0.0 8.6 7.07 13.6 5.0 18.44 14.87 25.08 10.77 13.04 13.04 7.28 0.0 14.87 13.04 14.87 8.06 7.28 25.08 25.08 5.0 13.6 11.7 13.6 4.12 8.6 7.28
0.0 18.03 15.23 21.84 19.24 9.22 12.53 21.0 8.6 6.71 26.93 12.37 26.93 28.86 18.44 26.93 15.0 15.0 26.93 32.76 28.86 7.0 15.0 21.0 21.1 12.37 8.6 12.08 15.23 28.16 32.76 21.84 8.6 0.0 18.44 7.0 9.22 25.5 19.24 3.0 12.53 12.37 18.38 21.0 26.93 28.86 18.25 32.76 25.5 21.0 7.0 21.0 26.93 15.0 0.0 12.37 0.0 3.0 28.16 12.08 7.0 0.0 0.0 15.0 15.23 15.23 8.6 21.0 28.16 12.08 21.1 21.1 18.44 18.44 8.6 0.0 15.23 18.25 7.0 25.5 21.0 32.76 19.24 15.23 15.23 15.0 8.6 18.03 15.23 21.0 12.37 15.0 32.76 32.76 7.0 21.1 12.53 21.1 6.71 0.0 15.0
18.44 18.25 18.0 19.31 4.24 19.31 18.25 13.89 9.9 12.53 11.0 11.0 11.0 17.46 0.0 11.0 5.0 5.0 11.0 16.28 17.46 13.89 5.0 13.89 6.71 11.0 9.9 7.62 6.0 19.42 16.28 19.31 9.9 18.44 0.0 13.89 19.31 11.4 4.24 16.28 18.25 11.0 8.6 13.89 11.0 17.46 12.53 16.28 11.4 13.89 13.89 13.89 11.0 5.0 18.44 11.0 18.44 16.28 19.42 7.62 13.89 18.44 18.44 5.0 6.0 6.0 9.9 13.89 19.42 7.62 6.71 6.71 0.0 0.0 9.9 18.44 6.0 12.53 13.89 11.4 13.89 16.28 4.24 18.0 18.0 5.0 9.9 18.25 18.0 13.89 11.0 5.0 16.28 16.28 13.89 6.71 18.25 6.71 12.53 18.44 5.0
7.0 11.66 9.22 15.23 13.45 6.0 7.21 14.0 5.0 7.21 24.04 12.65 24.04 28.0 13.89 24.04 12.17 12.17 24.04 29.73 28.0 0.0 12.17 14.0 18.44 12.65 5.0 6.4 9.22 28.28 29.73 15.23 5.0 7.0 13.89 0.0 6.0 23.35 13.45 4.0 7.21 12.65 17.0 14.0 24.04 28.0 18.44 29.73 23.35 14.0 0.0 14.0 24.04 12.17 7.0 12.65 7.0 4.0 28.28 6.4 0.0 7.0 7.0 12.17 9.22 9.22 5.0 14.0 28.28 6.4 18.44 18.44 13.89 13.89 5.0 7.0 9.22 18.44 0.0 23.35 14.0 29.73 13.45 9.22 9.22 12.17 5.0 11.66 9.22 14.0 12.65 12.17 29.73 29.73 0.0 18.44 7.21 18.44 7.21 7.0 12.17
9.22 10.0 7.0 14.0 18.03 0.0 4.0 15.23 11.0 12.65 29.83 18.44 29.83 34.0 19.31 29.83 18.11 18.11 29.83 35.44 34.0 6.0 18.11 15.23 24.33 18.44 11.0 11.7 13.89 34.23 35.44 14.0 11.0 9.22 19.31 6.0 0.0 29.27 18.03 7.21 4.0 18.44 23.0 15.23 29.83 34.0 24.33 35.44 29.27 15.23 6.0 15.23 29.83 18.11 9.22 18.44 9.22 7.21 34.23 11.7 6.0 9.22 9.22 18.11 13.89 13.89 11.0 15.23 34.23 11.7 24.33 24.33 19.31 19.31 11.0 9.22 13.89 24.33 6.0 29.27 15.23 35.44 18.03 7.0 7.0 18.11 11.0 10.0 7.0 15.23 18.44 18.11 35.44 35.44 6.0 24.33 4.0 24.33 12.65 9.22 18.11
25.5 29.61 29.15 30.68 15.23 29.27 29.0 25.08 18.44 18.79 3.0 13.6 3.0 6.4 11.4 3.0 11.18 11.18 3.0 7.81 6.4 23.35 11.18 25.08 5.0 13.6 18.44 18.0 17.26 9.43 7.81 30.68 18.44 25.5 11.4 23.35 29.27 0.0 15.23 24.35 29.0 13.6 7.21 25.08 3.0 6.4 9.43 7.81 0.0 25.08 23.35 25.08 3.0 11.18 25.5 13.6 25.5 24.35 9.43 18.0 23.35 25.5 25.5 11.18 17.26 17.26 18.44 25.08 9.43 18.0 5.0 5.0 11.4 11.4 18.44 25.5 17.26 9.43 23.35 0.0 25.08 7.81 15.23 29.15 29.15 11.18 18.44 29.61 29.15 25.08 13.6 11.18 7.81 7.81 23.35 5.0 29.0 5.0 18.79 25.5 11.18
19.24 15.0 15.3 15.52 0.0 18.03 16.16 9.85 10.77 14.32 14.32 14.32 14.32 21.47 4.24 14.32 8.54 8.54 14.32 19.0 21.47 13.45 8.54 9.85 10.82 14.32 10.77 7.21 4.24 23.6 19.0 15.52 10.77 19.24 4.24 13.45 18.03 15.23 0.0 16.64 16.16 14.32 12.81 9.85 14.32 21.47 16.64 19.0 15.23 9.85 13.45 9.85 14.32 8.54 19.24 14.32 19.24 16.64 23.6 7.21 13.45 19.24 19.24 8.54 4.24 4.24 10.77 9.85 23.6 7.21 10.82 10.82 4.24 4.24 10.77 19.24 4.24 16.64 13.45 15.23 9.85 19.0 0.0 15.3 15.3 8.54 10.77 15.0 15.3 9.85 14.32 8.54 19.0 19.0 13.45 10.82 16.16 10.82 14.32 19.24 8.54
3.0 15.23 12.53 18.97 16.64 7.21 10.0 18.0 6.4 6.0 25.5 12.0 25.5 28.28 16.28 25.5 13.42 13.42 25.5 31.3 28.28 4.0 13.42 18.0 19.7 12.0 6.4 9.43 12.53 28.0 31.3 18.97 6.4 3.0 16.28 4.0 7.21 24.35 16.64 0.0 10.0 12.0 17.46 18.0 25.5 28.28 18.0 31.3 24.35 18.0 4.0 18.0 25.5 13.42 3.0 12.0 3.0 0.0 28.0 9.43 4.0 3.0 3.0 13.42 12.53 12.53 6.4 18.0 28.0 9.43 19.7 19.7 16.28 16.28 6.4 3.0 12.53 18.0 4.0 24.35 18.0 31.3 16.64 12.53 12.53 13.42 6.4 15.23 12.53 18.0 12.0 13.42 31.3 31.3 4.0 19.7 10.0 19.7 6.0 3.0 13.42
12.53 6.0 3.0 10.0 16.16 4.0 0.0 11.66 11.7 14.42 29.15 19.7 29.15 34.23 18.25 29.15 18.11 18.11 29.15 34.53 34.23 7.21 18.11 11.66 24.0 19.7 11.7 11.0 12.37 34.93 34.53 10.0 11.7 12.53 18.25 7.21 4.0 29.0 16.16 10.0 0.0 19.7 23.35 11.66 29.15 34.23 25.3 34.53 29.0 11.66 7.21 11.66 29.15 18.11 12.53 19.7 12.53 10.0 34.93 11.0 7.21 12.53 12.53 18.11 12.37 12.37 11.7 11.66 34.93 11.0 24.0 24.0 18.25 18.25 11.7 12.53 12.37 25.3 7.21 29.0 11.66 34.53 16.16 3.0 3.0 18.11 11.7 6.0 3.0 11.66 19.7 18.11 34.53 34.53 7.21 24.0 0.0 24.0 14.42 12.53 18.11
12.37 22.8 21.1 25.46 14.32 18.44 19.7 21.63 8.06 6.0 15.56 0.0 15.56 16.49 11.0 15.56 6.0 6.0 15.56 21.26 16.49 12.65 6.0 21.63 10.0 0.0 8.06 10.63 12.53 16.0 21.26 25.46 8.06 12.37 11.0 12.65 18.44 13.6 14.32 12.0 19.7 0.0 6.4 21.63 15.56 16.49 6.0 21.26 13.6 21.63 12.65 21.63 15.56 6.0 12.37 0.0 12.37 12.0 16.0 10.63 12.65 12.37 12.37 6.0 12.53 12.53 8.06 21.63 16.0 10.63 10.0 10.0 11.0 11.0 8.06 12.37 12.53 6.0 12.65 13.6 21.63 21.26 14.32 21.1 21.1 6.0 8.06 22.8 21.1 21.63 0.0 6.0 21.26 21.26 12.65 10.0 19.7 10.0 6.0 12.37 6.0
18.38 25.08 24.04 26.93 12.81 23.0 23.35 22.02 12.0 11.7 9.22 6.4 9.22 11.0 8.6 9.22 5.39 5.39 9.22 14.87 11.0 17.0 5.39 22.02 4.12 6.4 12.0 12.65 13.04 11.7 14.87 26.93 12.0 18.38 8.6 17.0 23.0 7.21 12.81 17.46 23.35 6.4 0.0 22.02 9.22 11.0 4.12 14.87 7.21 22.02 17.0 22.02 9.22 5.39 18.38 6.4 18.38 17.46 11.7 12.65 17.0 18.38 18.38 5.39 13.04 13.04 12.0 22.02 11.7 12.65 4.12 4.12 8.6 8.6 12.0 18.38 13.04 4.12 17.0 7.21 22.02 14.87 12.81 24.04 24.04 5.39 12.0 25.08 24.04 22.02 6.4 5.39 14.87 14.87 17.0 4.12 23.35 4.12 11.7 18.38 5.39
21.0 7.21 9.22 6.0 9.85 15.23 11.66 0.0 14.87 18.97 24.04 21.63 24.04 31.3 13.89 24.04 16.97 16.97 24.04 28.28 31.3 14.0 16.97 0.0 20.59 21.63 14.87 11.18 9.22 33.29 28.28 6.0 14.87 21.0 13.89 14.0 15.23 25.08 9.85 18.0 11.66 21.63 22.02 0.0 24.04 31.3 25.46 28.28 25.08 0.0 14.0 0.0 24.04 16.97 21.0 21.63 21.0 18.0 33.29 11.18 14.0 21.0 21.0 16.97 9.22 9.22 14.87 0.0 33.29 11.18 20.59 20.59 13.89 13.89 14.87 21.0 9.22 25.46 14.0 25.08 0.0 28.28 9.85 9.22 9.22 16.97 14.87 7.21 9.22 0.0 21.63 16.97 28.28 28.28 14.0 20.59 11.66 20.59 18.97 21.0 16.97
26.93 29.15 29.0 29.83 14.32 29.83 29.15 24.04 19.31 20.25 0.0 15.56 0.0 8.6 11.0 0.0 12.08 12.08 0.0 5.83 8.6 24.04 12.08 24.04 5.83 15.56 19.31 18.25 17.0 12.08 5.83 29.83 19.31 26.93 11.0 24.04 29.83 3.0 14.32 25.5 29.15 15.56 9.22 24.04 0.0 8.6 12.08 5.83 3.0 24.04 24.04 24.04 0.0 12.08 26.93 15.56 26.93 25.5 12.08 18.25 24.04 26.93 26.93 12.08 17.0 17.0 19.31 24.04 12.08 18.25 5.83 5.83 11.0 11.0 19.31 26.93 17.0 12.08 24.04 3.0 24.04 5.83 14.32 29.0 29.0 12.08 19.31 29.15 29.0 24.04 15.56 12.08 5.83 5.83 24.04 5.83 29.15 5.83 20.25 26.93 12.08
28.86 35.44 34.71 36.77 21.47 34.0 34.23 31.3 23.0 22.36 8.6 16.49 8.6 0.0 17.46 8.6 16.12 16.12 8.6 10.0 0.0 28.0 16.12 31.3 10.77 16.49 23.0 23.35 23.09 4.0 10.0 36.77 23.0 28.86 17.46 28.0 34.0 6.4 21.47 28.28 34.23 16.49 11.0 31.3 8.6 0.0 10.77 10.0 6.4 31.3 28.0 31.3 8.6 16.12 28.86 16.49 28.86 28.28 4.0 23.35 28.0 28.86 28.86 16.12 23.09 23.09 23.0 31.3 4.0 23.35 10.77 10.77 17.46 17.46 23.0 28.86 23.09 10.77 28.0 6.4 31.3 10.0 21.47 34.71 34.71 16.12 23.0 35.44 34.71 31.3 16.49 16.12 10.0 10.0 28.0 10.77 34.23 10.77 22.36 28.86 16.12
18.25 27.78 26.4 30.0 16.64 24.33 25.3 25.46 13.6 12.0 12.08 6.0 12.08 10.77 12.53 12.08 8.49 8.49 12.08 17.2 10.77 18.44 8.49 25.46 8.0 6.0 13.6 15.26 16.28 10.0 17.2 30.0 13.6 18.25 12.53 18.44 24.33 9.43 16.64 18.0 25.3 6.0 4.12 25.46 12.08 10.77 0.0 17.2 9.43 25.46 18.44 25.46 12.08 8.49 18.25 6.0 18.25 18.0 10.0 15.26 18.44 18.25 18.25 8.49 16.28 16.28 13.6 25.46 10.0 15.26 8.0 8.0 12.53 12.53 13.6 18.25 16.28 0.0 18.44 9.43 25.46 17.2 16.64 26.4 26.4 8.49 13.6 27.78 26.4 25.46 6.0 8.49 17.2 17.2 18.44 8.0 25.3 8.0 12.0 18.25 8.49
32.76 34.0 34.13 34.23 19.0 35.44 34.53 28.28 25.08 26.08 5.83 21.26 5.83 10.0 16.28 5.83 17.89 17.89 5.83 0.0 10.0 29.73 17.89 28.28 11.66 21.26 25.08 23.77 22.2 14.0 0.0 34.23 25.08 32.76 16.28 29.73 35.44 7.81 19.0 31.3 34.53 21.26 14.87 28.28 5.83 10.0 17.2 0.0 7.81 28.28 29.73 28.28 5.83 17.89 32.76 21.26 32.76 31.3 14.0 23.77 29.73 32.76 32.76 17.89 22.2 22.2 25.08 28.28 14.0 23.77 11.66 11.66 16.28 16.28 25.08 32.76 22.2 17.2 29.73 7.81 28.28 0.0 19.0 34.13 34.13 17.89 25.08 34.0 34.13 28.28 21.26 17.89 0.0 0.0 29.73 11.66 34.53 11.66 26.08 32.76 17.89
25.5 29.61 29.15 30.68 15.23 29.27 29.0 25.08 18.44 18.79 3.0 13.6 3.0 6.4 11.4 3.0 11.18 11.18 3.0 7.81 6.4 23.35 11.18 25.08 5.0 13.6 18.44 18.0 17.26 9.43 7.81 30.68 18.44 25.5 11.4 23.35 29.27 0.0 15.23 24.35 29.0 13.6 7.21 25.08 3.0 6.4 9.43 7.81 0.0 25.08 23.35 25.08 3.0 11.18 25.5 13.6 25.5 24.35 9.43 18.0 23.35 25.5 25.5 11.18 17.26 17.26 18.44 25.08 9.43 18.0 5.0 5.0 11.4 11.4 18.44 25.5 17.26 9.43 23.35 0.0 25.08 7.81 15.23 29.15 29.15 11.18 18.44 29.61 29.15 25.08 13.6 11.18 7.81 7.81 23.35 5.0 29.0 5.0 18.79 25.5 11.18
21.0 7.21 9.22 6.0 9.85 15.23 11.66 0.0 14.87 18.97 24.04 21.63 24.04 31.3 13.89 24.04 16.97 16.97 24.04 28.28 31.3 14.0 16.97 0.0 20.59 21.63 14.87 11.18 9.22 33.29 28.28 6.0 14.87 21.0 13.89 14.0 15.23 25.08 9.85 18.0 11.66 21.63 22.02 0.0 24.04 31.3 25.46 28.28 25.08 0.0 14.0 0.0 24.04 16.97 21.0 21.63 21.0 18.0 33.29 11.18 14.0 21.0 21.0 16.97 9.22 9.22 14.87 0.0 33.29 11.18 20.59 20.59 13.89 13.89 14.87 21.0 9.22 25.46 14.0 25.08 0.0 28.28 9.85 9.22 9.22 16.97 14.87 7.21 9.22 0.0 21.63 16.97 28.28 28.28 14.0 20.59 11.66 20.59 18.97 21.0 16.97
7.0 11.66 9.22 15.23 13.45 6.0 7.21 14.0 5.0 7.21 24.04 12.65 24.04 28.0 13.89 24.04 12.17 12.17 24.04 29.73 28.0 0.0 12.17 14.0 18.44 12.65 5.0 6.4 9.22 28.28 29.73 15.23 5.0 7.0 13.89 0.0 6.0 23.35 13.45 4.0 7.21 12.65 17.0 14.0 24.04 28.0 18.44 29.73 23.35 14.0 0.0 14.0 24.04 12.17 7.0 12.65 7.0 4.0 28.28 6.4 0.0 7.0 7.0 12.17 9.22 9.22 5.0 14.0 28.28 6.4 18.44 18.44 13.89 13.89 5.0 7.0 9.22 18.44 0.0 23.35 14.0 29.73 13.45 9.22 9.22 12.17 5.0 11.66 9.22 14.0 12.65 12.17 29.73 29.73 0.0 18.44 7.21 18.44 7.21 7.0 12.17
21.0 7.21 9.22 6.0 9.85 15.23 11.66 0.0 14.87 18.97 24.04 21.63 24.04 31.3 13.89 24.04 16.97 16.97 24.04 28.28 31.3 14.0 16.97 0.0 20.59 21.63 14.87 11.18 9.22 33.29 28.28 6.0 14.87 21.0 13.89 14.0 15.23 25.08 9.85 18.0 11.66 21.63 22.02 0.0 24.04 31.3 25.46 28.28 25.08 0.0 14.0 0.0 24.04 16.97 21.0 21.63 21.0 18.0 33.29 11.18 14.0 21.0 21.0 16.97 9.22 9.22 14.87 0.0 33.29 11.18 20.59 20.59 13.89 13.89 14.87 21.0 9.22 25.46 14.0 25.08 0.0 28.28 9.85 9.22 9.22 16.97 14.87 7.21 9.22 0.0 21.63 16.97 28.28 28.28 14.0 20.59 11.66 20.59 18.97 21.0 16.97
26.93 29.15 29.0 29.83 14.32 29.83 29.15 24.04 19.31 20.25 0.0 15.56 0.0 8.6 11.0 0.0 12.08 12.08 0.0 5.83 8.6 24.04 12.08 24.04 5.83 15.56 19.31 18.25 17.0 12.08 5.83 29.83 19.31 26.93 11.0 24.04 29.83 3.0 14.32 25.5 29.15 15.56 9.22 24.04 0.0 8.6 12.08 5.83 3.0 24.04 24.04 24.04 0.0 12.08 26.93 15.56 26.93 25.5 12.08 18.25 24.04 26.93 26.93 12.08 17.0 17.0 19.31 24.04 12.08 18.25 5.83 5.83 11.0 11.0 19.31 26.93 17.0 12.08 24.04 3.0 24.04 5.83 14.32 29.0 29.0 12.08 19.31 29.15 29.0 24.04 15.56 12.08 5.83 5.83 24.04 5.83 29.15 5.83 20.25 26.93 12.08
15.0 19.7 18.68 21.63 8.54 18.11 18.11 16.97 7.28 8.49 12.08 6.0 12.08 16.12 5.0 12.08 0.0 0.0 12.08 17.89 16.12 12.17 0.0 16.97 6.32 6.0 7.28 7.28 7.81 17.09 17.89 21.63 7.28 15.0 5.0 12.17 18.11 11.18 8.54 13.42 18.11 6.0 5.39 16.97 12.08 16.12 8.49 17.89 11.18 16.97 12.17 16.97 12.08 0.0 15.0 6.0 15.0 13.42 17.09 7.28 12.17 15.0 15.0 0.0 7.81 7.81 7.28 16.97 17.09 7.28 6.32 6.32 5.0 5.0 7.28 15.0 7.81 8.49 12.17 11.18 16.97 17.89 8.54 18.68 18.68 0.0 7.28 19.7 18.68 16.97 6.0 0.0 17.89 17.89 12.17 6.32 18.11 6.32 8.49 15.0 0.0
0.0 18.03 15.23 21.84 19.24 9.22 12.53 21.0 8.6 6.71 26.93 12.37 26.93 28.86 18.44 26.93 15.0 15.0 26.93 32.76 28.86 7.0 15.0 21.0 21.1 12.37 8.6 12.08 15.23 28.16 32.76 21.84 8.6 0.0 18.44 7.0 9.22 25.5 19.24 3.0 12.53 12.37 18.38 21.0 26.93 28.86 18.25 32.76 25.5 21.0 7.0 21.0 26.93 15.0 0.0 12.37 0.0 3.0 28.16 12.08 7.0 0.0 0.0 15.0 15.23 15.23 8.6 21.0 28.16 12.08 21.1 21.1 18.44 18.44 8.6 0.0 15.23 18.25 7.0 25.5 21.0 32.76 19.24 15.23 15.23 15.0 8.6 18.03 15.23 21.0 12.37 15.0 32.76 32.76 7.0 21.1 12.53 21.1 6.71 0.0 15.0
12.37 22.8 21.1 25.46 14.32 18.44 19.7 21.63 8.06 6.0 15.56 0.0 15.56 16.49 11.0 15.56 6.0 6.0 15.56 21.26 16.49 12.65 6.0 21.63 10.0 0.0 8.06 10.63 12.53 16.0 21.26 25.46 8.06 12.37 11.0 12.65 18.44 13.6 14.32 12.0 19.7 0.0 6.4 21.63 15.56 16.49 6.0 21.26 13.6 21.63 12.65 21.63 15.56 6.0 12.37 0.0 12.37 12.0 16.0 10.63 12.65 12.37 12.37 6.0 12.53 12.53 8.06 21.63 16.0 10.63 10.0 10.0 11.0 11.0 8.06 12.37 12.53 6.0 12.65 13.6 21.63 21.26 14.32 21.1 21.1 6.0 8.06 22.8 21.1 21.63 0.0 6.0 21.26 21.26 12.65 10.0 19.7 10.0 6.0 12.37 6.0
0.0 18.03 15.23 21.84 19.24 9.22 12.53 21.0 8.6 6.71 26.93 12.37 26.93 28.86 18.44 26.93 15.0 15.0 26.93 32.76 28.86 7.0 15.0 21.0 21.1 12.37 8.6 12.08 15.23 28.16 32.76 21.84 8.6 0.0 18.44 7.0 9.22 25.5 19.24 3.0 12.53 12.37 18.38 21.0 26.93 28.86 18.25 32.76 25.5 21.0 7.0 21.0 26.93 15.0 0.0 12.37 0.0 3.0 28.16 12.08 7.0 0.0 0.0 15.0 15.23 15.23 8.6 21.0 28.16 12.08 21.1 21.1 18.44 18.44 8.6 0.0 15.23 18.25 7.0 25.5 21.0 32.76 19.24 15.23 15.23 15.0 8.6 18.03 15.23 21.0 12.37 15.0 32.76 32.76 7.0 21.1 12.53 21.1 6.71 0.0 15.0
3.0 15.23 12.53 18.97 16.64 7.21 10.0 18.0 6.4 6.0 25.5 12.0 25.5 28.28 16.28 25.5 13.42 13.42 25.5 31.3 28.28 4.0 13.42 18.0 19.7 12.0 6.4 9.43 12.53 28.0 31.3 18.97 6.4 3.0 16.28 4.0 7.21 24.35 16.64 0.0 10.0 12.0 17.46 18.0 25.5 28.28 18.0 31.3 24.35 18.0 4.0 18.0 25.5 13.42 3.0 12.0 3.0 0.0 28.0 9.43 4.0 3.0 3.0 13.42 12.53 12.53 6.4 18.0 28.0 9.43 19.7 19.7 16.28 16.28 6.4 3.0 12.53 18.0 4.0 24.35 18.0 31.3 16.64 12.53 12.53 13.42 6.4 15.23 12.53 18.0 12.0 13.42 31.3 31.3 4.0 19.7 10.0 19.7 6.0 3.0 13.42
28.16 36.77 35.74 38.47 23.6 34.23 34.93 33.29 23.35 22.0 12.08 16.0 12.08 4.0 19.42 12.08 17.09 17.09 12.08 14.0 4.0 28.28 17.09 33.29 12.81 16.0 23.35 24.35 24.6 0.0 14.0 38.47 23.35 28.16 19.42 28.28 34.23 9.43 23.6 28.0 34.93 16.0 11.7 33.29 12.08 4.0 10.0 14.0 9.43 33.29 28.28 33.29 12.08 17.09 28.16 16.0 28.16 28.0 0.0 24.35 28.28 28.16 28.16 17.09 24.6 24.6 23.35 33.29 0.0 24.35 12.81 12.81 19.42 19.42 23.35 28.16 24.6 10.0 28.28 9.43 33.29 14.0 23.6 35.74 35.74 17.09 23.35 36.77 35.74 33.29 16.0 17.09 14.0 14.0 28.28 12.81 34.93 12.81 22.0 28.16 17.09
12.08 12.53 11.4 14.87 7.21 11.7 11.0 11.18 4.0 8.06 18.25 10.63 18.25 23.35 7.62 18.25 7.28 7.28 18.25 23.77 23.35 6.4 7.28 11.18 13.0 10.63 4.0 0.0 3.16 24.35 23.77 14.87 4.0 12.08 7.62 6.4 11.7 18.0 7.21 9.43 11.0 10.63 12.65 11.18 18.25 23.35 15.26 23.77 18.0 11.18 6.4 11.18 18.25 7.28 12.08 10.63 12.08 9.43 24.35 0.0 6.4 12.08 12.08 7.28 3.16 3.16 4.0 11.18 24.35 0.0 13.0 13.0 7.62 7.62 4.0 12.08 3.16 15.26 6.4 18.0 11.18 23.77 7.21 11.4 11.4 7.28 4.0 12.53 11.4 11.18 10.63 7.28 23.77 23.77 6.4 13.0 11.0 13.0 8.06 12.08 7.28
7.0 11.66 9.22 15.23 13.45 6.0 7.21 14.0 5.0 7.21 24.04 12.65 24.04 28.0 13.89 24.04 12.17 12.17 24.04 29.73 28.0 0.0 12.17 14.0 18.44 12.65 5.0 6.4 9.22 28.28 29.73 15.23 5.0 7.0 13.89 0.0 6.0 23.35 13.45 4.0 7.21 12.65 17.0 14.0 24.04 28.0 18.44 29.73 23.35 14.0 0.0 14.0 24.04 12.17 7.0 12.65 7.0 4.0 28.28 6.4 0.0 7.0 7.0 12.17 9.22 9.22 5.0 14.0 28.28 6.4 18.44 18.44 13.89 13.89 5.0 7.0 9.22 18.44 0.0 23.35 14.0 29.73 13.45 9.22 9.22 12.17 5.0 11.66 9.22 14.0 12.65 12.17 29.73 29.73 0.0 18.44 7.21 18.44 7.21 7.0 12.17
0.0 18.03 15.23 21.84 19.24 9.22 12.53 21.0 8.6 6.71 26.93 12.37 26.93 28.86 18.44 26.93 15.0 15.0 26.93 32.76 28.86 7.0 15.0 21.0 21.1 12.37 8.6 12.08 15.23 28.16 32.76 21.84 8.6 0.0 18.44 7.0 9.22 25.5 19.24 3.0 12.53 12.37 18.38 21.0 26.93 28.86 18.25 32.76 25.5 21.0 7.0 21.0 26.93 15.0 0.0 12.37 0.0 3.0 28.16 12.08 7.0 0.0 0.0 15.0 15.23 15.23 8.6 21.0 28.16 12.08 21.1 21.1 18.44 18.44 8.6 0.0 15.23 18.25 7.0 25.5 21.0 32.76 19.24 15.23 15.23 15.0 8.6 18.03 15.23 21.0 12.37 15.0 32.76 32.76 7.0 21.1 12.53 21.1 6.71 0.0 15.0
0.0 18.03 15.23 21.84 19.24 9.22 12.53 21.0 8.6 6.71 26.93 12.37 26.93 28.86 18.44 26.93 15.0 15.0 26.93 32.76 28.86 7.0 15.0 21.0 21.1 12.37 8.6 12.08 15.23 28.16 32.76 21.84 8.6 0.0 18.44 7.0 9.22 25.5 19.24 3.0 12.53 12.37 18.38 21.0 26.93 28.86 18.25 32.76 25.5 21.0 7.0 21.0 26.93 15.0 0.0 12.37 0.0 3.0 28.16 12.08 7.0 0.0 0.0 15.0 15.23 15.23 8.6 21.0 28.16 12.08 21.1 21.1 18.44 18.44 8.6 0.0 15.23 18.25 7.0 25.5 21.0 32.76 19.24 15.23 15.23 15.0 8.6 18.03 15.23 21.0 12.37 15.0 32.76 32.76 7.0 21.1 12.53 21.1 6.71 0.0 15.0
15.0 19.7 18.68 21.63 8.54 18.11 18.11 16.97 7.28 8.49 12.08 6.0 12.08 16.12 5.0 12.08 0.0 0.0 12.08 17.89 16.12 12.17 0.0 16.97 6.32 6.0 7.28 7.28 7.81 17.09 17.89 21.63 7.28 15.0 5.0 12.17 18.11 11.18 8.54 13.42 18.11 6.0 5.39 16.97 12.08 16.12 8.49 17.89 11.18 16.97 12.17 16.97 12.08 0.0 15.0 6.0 15.0 13.42 17.09 7.28 12.17 15.0 15.0 0.0 7.81 7.81 7.28 16.97 17.09 7.28 6.32 6.32 5.0 5.0 7.28 15.0 7.81 8.49 12.17 11.18 16.97 17.89 8.54 18.68 18.68 0.0 7.28 19.7 18.68 16.97 6.0 0.0 17.89 17.89 12.17 6.32 18.11 6.32 8.49 15.0 0.0
15.23 12.37 12.0 13.89 4.24 13.89 12.37 9.22 7.07 11.0 17.0 12.53 17.0 23.09 6.0 17.0 7.81 7.81 17.0 22.2 23.09 9.22 7.81 9.22 12.37 12.53 7.07 3.16 0.0 24.6 22.2 13.89 7.07 15.23 6.0 9.22 13.89 17.26 4.24 12.53 12.37 12.53 13.04 9.22 17.0 23.09 16.28 22.2 17.26 9.22 9.22 9.22 17.0 7.81 15.23 12.53 15.23 12.53 24.6 3.16 9.22 15.23 15.23 7.81 0.0 0.0 7.07 9.22 24.6 3.16 12.37 12.37 6.0 6.0 7.07 15.23 0.0 16.28 9.22 17.26 9.22 22.2 4.24 12.0 12.0 7.81 7.07 12.37 12.0 9.22 12.53 7.81 22.2 22.2 9.22 12.37 12.37 12.37 11.0 15.23 7.81
15.23 12.37 12.0 13.89 4.24 13.89 12.37 9.22 7.07 11.0 17.0 12.53 17.0 23.09 6.0 17.0 7.81 7.81 17.0 22.2 23.09 9.22 7.81 9.22 12.37 12.53 7.07 3.16 0.0 24.6 22.2 13.89 7.07 15.23 6.0 9.22 13.89 17.26 4.24 12.53 12.37 12.53 13.04 9.22 17.0 23.09 16.28 22.2 17.26 9.22 9.22 9.22 17.0 7.81 15.23 12.53 15.23 12.53 24.6 3.16 9.22 15.23 15.23 7.81 0.0 0.0 7.07 9.22 24.6 3.16 12.37 12.37 6.0 6.0 7.07 15.23 0.0 16.28 9.22 17.26 9.22 22.2 4.24 12.0 12.0 7.81 7.07 12.37 12.0 9.22 12.53 7.81 22.2 22.2 9.22 12.37 12.37 12.37 11.0 15.23 7.81
8.6 14.87 13.04 17.8 10.77 11.0 11.7 14.87 0.0 4.12 19.31 8.06 19.31 23.0 9.9 19.31 7.28 7.28 19.31 25.08 23.0 5.0 7.28 14.87 13.6 8.06 0.0 4.0 7.07 23.35 25.08 17.8 0.0 8.6 9.9 5.0 11.0 18.44 10.77 6.4 11.7 8.06 12.0 14.87 19.31 23.0 13.6 25.08 18.44 14.87 5.0 14.87 19.31 7.28 8.6 8.06 8.6 6.4 23.35 4.0 5.0 8.6 8.6 7.28 7.07 7.07 0.0 14.87 23.35 4.0 13.6 13.6 9.9 9.9 0.0 8.6 7.07 13.6 5.0 18.44 14.87 25.08 10.77 13.04 13.04 7.28 0.0 14.87 13.04 14.87 8.06 7.28 25.08 25.08 5.0 13.6 11.7 13.6 4.12 8.6 7.28
21.0 7.21 9.22 6.0 9.85 15.23 11.66 0.0 14.87 18.97 24.04 21.63 24.04 31.3 13.89 24.04 16.97 16.97 24.04 28.28 31.3 14.0 16.97 0.0 20.59 21.63 14.87 11.18 9.22 33.29 28.28 6.0 14.87 21.0 13.89 14.0 15.23 25.08 9.85 18.0 11.66 21.63 22.02 0.0 24.04 31.3 25.46 28.28 25.08 0.0 14.0 0.0 24.04 16.97 21.0 21.63 21.0 18.0 33.29 11.18 14.0 21.0 21.0 16.97 9.22 9.22 14.87 0.0 33.29 11.18 20.59 20.59 13.89 13.89 14.87 21.0 9.22 25.46 14.0 25.08 0.0 28.28 9.85 9.22 9.22 16.97 14.87 7.21 9.22 0.0 21.63 16.97 28.28 28.28 14.0 20.59 11.66 20.59 18.97 21.0 16.97
28.16 36.77 35.74 38.47 23.6 34.23 34.93 33.29 23.35 22.0 12.08 16.0 12.08 4.0 19.42 12.08 17.09 17.09 12.08 14.0 4.0 28.28 17.09 33.29 12.81 16.0 23.35 24.35 24.6 0.0 14.0 38.47 23.35 28.16 19.42 28.28 34.23 9.43 23.6 28.0 34.93 16.0 11.7 33.29 12.08 4.0 10.0 14.0 9.43 33.29 28.28 33.29 12.08 17.09 28.16 16.0 28.16 28.0 0.0 24.35 28.28 28.16 28.16 17.09 24.6 24.6 23.35 33.29 0.0 24.35 12.81 12.81 19.42 19.42 23.35 28.16 24.6 10.0 28.28 9.43 33.29 14.0 23.6 35.74 35.74 17.09 23.35 36.77 35.74 33.29 16.0 17.09 14.0 14.0 28.28 12.81 34.93 12.81 22.0 28.16 17.09
12.08 12.53 11.4 14.87 7.21 11.7 11.0 11.18 4.0 8.06 18.25 10.63 18.25 23.35 7.62 18.25 7.28 7.28 18.25 23.77 23.35 6.4 7.28 11.18 13.0 10.63 4.0 0.0 3.16 24.35 23.77 14.87 4.0 12.08 7.62 6.4 11.7 18.0 7.21 9.43 11.0 10.63 12.65 11.18 18.25 23.35 15.26 23.77 18.0 11.18 6.4 11.18 18.25 7.28 12.08 10.63 12.08 9.43 24.35 0.0 6.4 12.08 12.08 7.28 3.16 3.16 4.0 11.18 24.35 0.0 13.0 13.0 7.62 7.62 4.0 12.08 3.16 15.26 6.4 18.0 11.18 23.77 7.21 11.4 11.4 7.28 4.0 12.53 11.4 11.18 10.63 7.28 23.77 23.77 6.4 13.0 11.0 13.0 8.06 12.08 7.28
21.1 24.74 24.19 26.0 10.82 24.33 24.0 20.59 13.6 14.42 5.83 10.0 5.83 10.77 6.71 5.83 6.32 6.32 5.83 11.66 10.77 18.44 6.32 20.59 0.0 10.0 13.6 13.0 12.37 12.81 11.66 26.0 13.6 21.1 6.71 18.44 24.33 5.0 10.82 19.7 24.0 10.0 4.12 20.59 5.83 10.77 8.0 11.66 5.0 20.59 18.44 20.59 5.83 6.32 21.1 10.0 21.1 19.7 12.81 13.0 18.44 21.1 21.1 6.32 12.37 12.37 13.6 20.59 12.81 13.0 0.0 0.0 6.71 6.71 13.6 21.1 12.37 8.0 18.44 5.0 20.59 11.66 10.82 24.19 24.19 6.32 13.6 24.74 24.19 20.59 10.0 6.32 11.66 11.66 18.44 0.0 24.0 0.0 14.42 21.1 6.32
21.1 24.74 24.19 26.0 10.82 24.33 24.0 20.59 13.6 14.42 5.83 10.0 5.83 10.77 6.71 5.83 6.32 6.32 5.83 11.66 10.77 18.44 6.32 20.59 0.0 10.0 13.6 13.0 12.37 12.81 11.66 26.0 13.6 21.1 6.71 18.44 24.33 5.0 10.82 19.7 24.0 10.0 4.12 20.59 5.83 10.77 8.0 11.66 5.0 20.59 18.44 20.59 5.83 6.32 21.1 10.0 21.1 19.7 12.81 13.0 18.44 21.1 21.1 6.32 12.37 12.37 13.6 20.59 12.81 13.0 0.0 0.0 6.71 6.71 13.6 21.1 12.37 8.0 18.44 5.0 20.59 11.66 10.82 24.19 24.19 6.32 13.6 24.74 24.19 20.59 10.0 6.32 11.66 11.66 18.44 0.0 24.0 0.0 14.42 21.1 6.32
18.44 18.25 18.0 19.31 4.24 19.31 18.25 13.89 9.9 12.53 11.0 11.0 11.0 17.46 0.0 11.0 5.0 5.0 11.0 16.28 17.46 13.89 5.0 13.89 6.71 11.0 9.9 7.62 6.0 19.42 16.28 19.31 9.9 18.44 0.0 13.89 19.31 11.4 4.24 16.28 18.25 11.0 8.6 13.89 11.0 17.46 12.53 16.28 11.4 13.89 13.89 13.89 11.0 5.0 18.44 11.0 18.44 16.28 19.42 7.62 13.89 18.44 18.44 5.0 6.0 6.0 9.9 13.89 19.42 7.62 6.71 6.71 0.0 0.0 9.9 18.44 6.0 12.53 13.89 11.4 13.89 16.28 4.24 18.0 18.0 5.0 9.9 18.25 18.0 13.89 11.0 5.0 16.28 16.28 13.89 6.71 18.25 6.71 12.53 18.44 5.0
18.44 18.25 18.0 19.31 4.24 19.31 18.25 13.89 9.9 12.53 11.0 11.0 11.0 17.46 0.0 11.0 5.0 5.0 11.0 16.28 17.46 13.89 5.0 13.89 6.71 11.0 9.9 7.62 6.0 19.42 16.28 19.31 9.9 18.44 0.0 13.89 19.31 11.4 4.24 16.28 18.25 11.0 8.6 13.89 11.0 17.46 12.53 16.28 11.4 13.89 13.89 13.89 11.0 5.0 18.44 11.0 18.44 16.28 19.42 7.62 13.89 18.44 18.44 5.0 6.0 6.0 9.9 13.89 19.42 7.62 6.71 6.71 0.0 0.0 9.9 18.44 6.0 12.53 13.89 11.4 13.89 16.28 4.24 18.0 18.0 5.0 9.9 18.25 18.0 13.89 11.0 5.0 16.28 16.28 13.89 6.71 18.25 6.71 12.53 18.44 5.0
8.6 14.87 13.04 17.8 10.77 11.0 11.7 14.87 0.0 4.12 19.31 8.06 19.31 23.0 9.9 19.31 7.28 7.28 19.31 25.08 23.0 5.0 7.28 14.87 13.6 8.06 0.0 4.0 7.07 23.35 25.08 17.8 0.0 8.6 9.9 5.0 11.0 18.44 10.77 6.4 11.7 8.06 12.0 14.87 19.31 23.0 13.6 25.08 18.44 14.87 5.0 14.87 19.31 7.28 8.6 8.06 8.6 6.4 23.35 4.0 5.0 8.6 8.6 7.28 7.07 7.07 0.0 14.87 23.35 4.0 13.6 13.6 9.9 9.9 0.0 8.6 7.07 13.6 5.0 18.44 14.87 25.08 10.77 13.04 13.04 7.28 0.0 14.87 13.04 14.87 8.06 7.28 25.08 25.08 5.0 13.6 11.7 13.6 4.12 8.6 7.28
0.0 18.03 15.23 21.84 19.24 9.22 12.53 21.0 8.6 6.71 26.93 12.37 26.93 28.86 18.44 26.93 15.0 15.0 26.93 32.76 28.86 7.0 15.0 21.0 21.1 12.37 8.6 12.08 15.23 28.16 32.76 21.84 8.6 0.0 18.44 7.0 9.22 25.5 19.24 3.0 12.53 12.37 18.38 21.0 26.93 28.86 18.25 32.76 25.5 21.0 7.0 21.0 26.93 15.0 0.0 12.37 0.0 3.0 28.16 12.08 7.0 0.0 0.0 15.0 15.23 15.23 8.6 21.0 28.16 12.08 21.1 21.1 18.44 18.44 8.6 0.0 15.23 18.25 7.0 25.5 21.0 32.76 19.24 15.23 15.23 15.0 8.6 18.03 15.23 21.0 12.37 15.0 32.76 32.76 7.0 21.1 12.53 21.1 6.71 0.0 15.0
15.23 12.37 12.0 13.89 4.24 13.89 12.37 9.22 7.07 11.0 17.0 12.53 17.0 23.09 6.0 17.0 7.81 7.81 17.0 22.2 23.09 9.22 7.81 9.22 12.37 12.53 7.07 3.16 0.0 24.6 22.2 13.89 7.07 15.23 6.0 9.22 13.89 17.26 4.24 12.53 12.37 12.53 13.04 9.22 17.0 23.09 16.28 22.2 17.26 9.22 9.22 9.22 17.0 7.81 15.23 12.53 15.23 12.53 24.6 3.16 9.22 15.23 15.23 7.81 0.0 0.0 7.07 9.22 24.6 3.16 12.37 12.37 6.0 6.0 7.07 15.23 0.0 16.28 9.22 17.26 9.22 22.2 4.24 12.0 12.0 7.81 7.07 12.37 12.0 9.22 12.53 7.81 22.2 22.2 9.22 12.37 12.37 12.37 11.0 15.23 7.81
18.25 27.78 26.4 30.0 16.64 24.33 25.3 25.46 13.6 12.0 12.08 6.0 12.08 10.77 12.53 12.08 8.49 8.49 12.08 17.2 10.77 18.44 8.49 25.46 8.0 6.0 13.6 15.26 16.28 10.0 17.2 30.0 13.6 18.25 12.53 18.44 24.33 9.43 16.64 18.0 25.3 6.0 4.12 25.46 12.08 10.77 0.0 17.2 9.43 25.46 18.44 25.46 12.08 8.49 18.25 6.0 18.25 18.0 10.0 15.26 18.44 18.25 18.25 8.49 16.28 16.28 13.6 25.46 10.0 15.26 8.0 8.0 12.53 12.53 13.6 18.25 16.28 0.0 18.44 9.43 25.46 17.2 16.64 26.4 26.4 8.49 13.6 27.78 26.4 25.46 6.0 8.49 17.2 17.2 18.44 8.0 25.3 8.0 12.0 18.25 8.49
7.0 11.66 9.22 15.23 13.45 6.0 7.21 14.0 5.0 7.21 24.04 12.65 24.04 28.0 13.89 24.04 12.17 12.17 24.04 29.73 28.0 0.0 12.17 14.0 18.44 12.65 5.0 6.4 9.22 28.28 29.73 15.23 5.0 7.0 13.89 0.0 6.0 23.35 13.45 4.0 7.21 12.65 17.0 14.0 24.04 28.0 18.44 29.73 23.35 14.0 0.0 14.0 24.04 12.17 7.0 12.65 7.0 4.0 28.28 6.4 0.0 7.0 7.0 12.17 9.22 9.22 5.0 14.0 28.28 6.4 18.44 18.44 13.89 13.89 5.0 7.0 9.22 18.44 0.0 23.35 14.0 29.73 13.45 9.22 9.22 12.17 5.0 11.66 9.22 14.0 12.65 12.17 29.73 29.73 0.0 18.44 7.21 18.44 7.21 7.0 12.17
25.5 29.61 29.15 30.68 15.23 29.27 29.0 25.08 18.44 18.79 3.0 13.6 3.0 6.4 11.4 3.0 11.18 11.18 3.0 7.81 6.4 23.35 11.18 25.08 5.0 13.6 18.44 18.0 17.26 9.43 7.81 30.68 18.44 25.5 11.4 23.35 29.27 0.0 15.23 24.35 29.0 13.6 7.21 25.08 3.0 6.4 9.43 7.81 0.0 25.08 23.35 25.08 3.0 11.18 25.5 13.6 25.5 24.35 9.43 18.0 23.35 25.5 25.5 11.18 17.26 17.26 18.44 25.08 9.43 18.0 5.0 5.0 11.4 11.4 18.44 25.5 17.26 9.43 23.35 0.0 25.08 7.81 15.23 29.15 29.15 11.18 18.44 29.61 29.15 25.08 13.6 11.18 7.81 7.81 23.35 5.0 29.0 5.0 18.79 25.5 11.18
21.0 7.21 9.22 6.0 9.85 15.23 11.66 0.0 14.87 18.97 24.04 21.63 24.04 31.3 13.89 24.04 16.97 16.97 24.04 28.28 31.3 14.0 16.97 0.0 20.59 21.63 14.87 11.18 9.22 33.29 28.28 6.0 14.87 21.0 13.89 14.0 15.23 25.08 9.85 18.0 11.66 21.63 22.02 0.0 24.04 31.3 25.46 28.28 25.08 0.0 14.0 0.0 24.04 16.97 21.0 21.63 21.0 18.0 33.29 11.18 14.0 21.0 21.0 16.97 9.22 9.22 14.87 0.0 33.29 11.18 20.59 20.59 13.89 13.89 14.87 21.0 9.22 25.46 14.0 25.08 0.0 28.28 9.85 9.22 9.22 16.97 14.87 7.21 9.22 0.0 21.63 16.97 28.28 28.28 14.0 20.59 11.66 20.59 18.97 21.0 16.97
32.76 34.0 34.13 34.23 19.0 35.44 34.53 28.28 25.08 26.08 5.83 21.26 5.83 10.0 16.28 5.83 17.89 17.89 5.83 0.0 10.0 29.73 17.89 28.28 11.66 21.26 25.08 23.77 22.2 14.0 0.0 34.23 25.08 32.76 16.28 29.73 35.44 7.81 19.0 31.3 34.53 21.26 14.87 28.28 5.83 10.0 17.2 0.0 7.81 28.28 29.73 28.28 5.83 17.89 32.76 21.26 32.76 31.3 14.0 23.77 29.73 32.76 32.76 17.89 22.2 22.2 25.08 28.28 14.0 23.77 11.66 11.66 16.28 16.28 25.08 32.76 22.2 17.2 29.73 7.81 28.28 0.0 19.0 34.13 34.13 17.89 25.08 34.0 34.13 28.28 21.26 17.89 0.0 0.0 29.73 11.66 34.53 11.66 26.08 32.76 17.89
19.24 15.0 15.3 15.52 0.0 18.03 16.16 9.85 10.77 14.32 14.32 14.32 14.32 21.47 4.24 14.32 8.54 8.54 14.32 19.0 21.47 13.45 8.54 9.85 10.82 14.32 10.77 7.21 4.24 23.6 19.0 15.52 10.77 19.24 4.24 13.45 18.03 15.23 0.0 16.64 16.16 14.32 12.81 9.85 14.32 21.47 16.64 19.0 15.23 9.85 13.45 9.85 14.32 8.54 19.24 14.32 19.24 16.64 23.6 7.21 13.45 19.24 19.24 8.54 4.24 4.24 10.77 9.85 23.6 7.21 10.82 10.82 4.24 4.24 10.77 19.24 4.24 16.64 13.45 15.23 9.85 19.0 0.0 15.3 15.3 8.54 10.77 15.0 15.3 9.85 14.32 8.54 19.0 19.0 13.45 10.82 16.16 10.82 14.32 19.24 8.54
15.23 3.0 0.0 7.0 15.3 7.0 3.0 9.22 13.04 16.28 29.0 21.1 29.0 34.71 18.0 29.0 18.68 18.68 29.0 34.13 34.71 9.22 18.68 9.22 24.19 21.1 13.04 11.4 12.0 35.74 34.13 7.0 13.04 15.23 18.0 9.22 7.0 29.15 15.3 12.53 3.0 21.1 24.04 9.22 29.0 34.71 26.4 34.13 29.15 9.22 9.22 9.22 29.0 18.68 15.23 21.1 15.23 12.53 35.74 11.4 9.22 15.23 15.23 18.68 12.0 12.0 13.04 9.22 35.74 11.4 24.19 24.19 18.0 18.0 13.04 15.23 12.0 26.4 9.22 29.15 9.22 34.13 15.3 0.0 0.0 18.68 13.04 3.0 0.0 9.22 21.1 18.68 34.13 34.13 9.22 24.19 3.0 24.19 16.28 15.23 18.68
15.23 3.0 0.0 7.0 15.3 7.0 3.0 9.22 13.04 16.28 29.0 21.1 29.0 34.71 18.0 29.0 18.68 18.68 29.0 34.13 34.71 9.22 18.68 9.22 24.19 21.1 13.04 11.4 12.0 35.74 34.13 7.0 13.04 15.23 18.0 9.22 7.0 29.15 15.3 12.53 3.0 21.1 24.04 9.22 29.0 34.71 26.4 34.13 29.15 9.22 9.22 9.22 29.0 18.68 15.23 21.1 15.23 12.53 35.74 11.4 9.22 15.23 15.23 18.68 12.0 12.0 13.04 9.22 35.74 11.4 24.19 24.19 18.0 18.0 13.04 15.23 12.0 26.4 9.22 29.15 9.22 34.13 15.3 0.0 0.0 18.68 13.04 3.0 0.0 9.22 21.1 18.68 34.13 34.13 9.22 24.19 3.0 24.19 16.28 15.23 18.68
15.0 19.7 18.68 21.63 8.54 18.11 18.11 16.97 7.28 8.49 12.08 6.0 12.08 16.12 5.0 12.08 0.0 0.0 12.08 17.89 16.12 12.17 0.0 16.97 6.32 6.0 7.28 7.28 7.81 17.09 17.89 21.63 7.28 15.0 5.0 12.17 18.11 11.18 8.54 13.42 18.11 6.0 5.39 16.97 12.08 16.12 8.49 17.89 11.18 16.97 12.17 16.97 12.08 0.0 15.0 6.0 15.0 13.42 17.09 7.28 12.17 15.0 15.0 0.0 7.81 7.81 7.28 16.97 17.09 7.28 6.32 6.32 5.0 5.0 7.28 15.0 7.81 8.49 12.17 11.18 16.97 17.89 8.54 18.68 18.68 0.0 7.28 19.7 18.68 16.97 6.0 0.0 17.89 17.89 12.17 6.32 18.11 6.32 8.49 15.0 0.0
8.6 14.87 13.04 17.8 10.77 11.0 11.7 14.87 0.0 4.12 19.31 8.06 19.31 23.0 9.9 19.31 7.28 7.28 19.31 25.08 23.0 5.0 7.28 14.87 13.6 8.06 0.0 4.0 7.07 23.35 25.08 17.8 0.0 8.6 9.9 5.0 11.0 18.44 10.77 6.4 11.7 8.06 12.0 14.87 19.31 23.0 13.6 25.08 18.44 14.87 5.0 14.87 19.31 7.28 8.6 8.06 8.6 6.4 23.35 4.0 5.0 8.6 8.6 7.28 7.07 7.07 0.0 14.87 23.35 4.0 13.6 13.6 9.9 9.9 0.0 8.6 7.07 13.6 5.0 18.44 14.87 25.08 10.77 13.04 13.04 7.28 0.0 14.87 13.04 14.87 8.06 7.28 25.08 25.08 5.0 13.6 11.7 13.6 4.12 8.6 7.28
18.03 0.0 3.0 4.0 15.0 10.0 6.0 7.21 14.87 18.44 29.15 22.8 29.15 35.44 18.25 29.15 19.7 19.7 29.15 34.0 35.44 11.66 19.7 7.21 24.74 22.8 14.87 12.53 12.37 36.77 34.0 4.0 14.87 18.03 18.25 11.66 10.0 29.61 15.0 15.23 6.0 22.8 25.08 7.21 29.15 35.44 27.78 34.0 29.61 7.21 11.66 7.21 29.15 19.7 18.03 22.8 18.03 15.23 36.77 12.53 11.66 18.03 18.03 19.7 12.37 12.37 14.87 7.21 36.77 12.53 24.74 24.74 18.25 18.25 14.87 18.03 12.37 27.78 11.66 29.61 7.21 34.0 15.0 3.0 3.0 19.7 14.87 0.0 3.0 7.21 22.8 19.7 34.0 34.0 11.66 24.74 6.0 24.74 18.44 18.03 19.7
15.23 3.0 0.0 7.0 15.3 7.0 3.0 9.22 13.04 16.28 29.0 21.1 29.0 34.71 18.0 29.0 18.68 18.68 29.0 34.13 34.71 9.22 18.68 9.22 24.19 21.1 13.04 11.4 12.0 35.74 34.13 7.0 13.04 15.23 18.0 9.22 7.0 29.15 15.3 12.53 3.0 21.1 24.04 9.22 29.0 34.71 26.4 34.13 29.15 9.22 9.22 9.22 29.0 18.68 15.23 21.1 15.23 12.53 35.74 11.4 9.22 15.23 15.23 18.68 12.0 12.0 13.04 9.22 35.74 11.4 24.19 24.19 18.0 18.0 13.04 15.23 12.0 26.4 9.22 29.15 9.22 34.13 15.3 0.0 0.0 18.68 13.04 3.0 0.0 9.22 21.1 18.68 34.13 34.13 9.22 24.19 3.0 24.19 16.28 15.23 18.68
21.0 7.21 9.22 6.0 9.85 15.23 11.66 0.0 14.87 18.97 24.04 21.63 24.04 31.3 13.89 24.04 16.97 16.97 24.04 28.28 31.3 14.0 16.97 0.0 20.59 21.63 14.87 11.18 9.22 33.29 28.28 6.0 14.87 21.0 13.89 14.0 15.23 25.08 9.85 18.0 11.66 21.63 22.02 0.0 24.04 31.3 25.46 28.28 25.08 0.0 14.0 0.0 24.04 16.97 21.0 21.63 21.0 18.0 33.29 11.18 14.0 21.0 21.0 16.97 9.22 9.22 14.87 0.0 33.29 11.18 20.59 20.59 13.89 13.89 14.87 21.0 9.22 25.46 14.0 25.08 0.0 28.28 9.85 9.22 9.22 16.97 14.87 7.21 9.22 0.0 21.63 16.97 28.28 28.28 14.0 20.59 11.66 20.59 18.97 21.0 16.97
12.37 22.8 21.1 25.46 14.32 18.44 19.7 21.63 8.06 6.0 15.56 0.0 15.56 16.49 11.0 15.56 6.0 6.0 15.56 21.26 16.49 12.65 6.0 21.63 10.0 0.0 8.06 10.63 12.53 16.0 21.26 25.46 8.06 12.37 11.0 12.65 18.44 13.6 14.32 12.0 19.7 0.0 6.4 21.63 15.56 16.49 6.0 21.26 13.6 21.63 12.65 21.63 15.56 6.0 12.37 0.0 12.37 12.0 16.0 10.63 12.65 12.37 12.37 6.0 12.53 12.53 8.06 21.63 16.0 10.63 10.0 10.0 11.0 11.0 8.06 12.37 12.53 6.0 12.65 13.6 21.63 21.26 14.32 21.1 21.1 6.0 8.06 22.8 21.1 21.63 0.0 6.0 21.26 21.26 12.65 10.0 19.7 10.0 6.0 12.37 6.0
15.0 19.7 18.68 21.63 8.54 18.11 18.11 16.97 7.28 8.49 12.08 6.0 12.08 16.12 5.0 12.08 0.0 0.0 12.08 17.89 16.12 12.17 0.0 16.97 6.32 6.0 7.28 7.28 7.81 17.09 17.89 21.63 7.28 15.0 5.0 12.17 18.11 11.18 8.54 13.42 18.11 6.0 5.39 16.97 12.08 16.12 8.49 17.89 11.18 16.97 12.17 16.97 12.08 0.0 15.0 6.0 15.0 13.42 17.09 7.28 12.17 15.0 15.0 0.0 7.81 7.81 7.28 16.97 17.09 7.28 6.32 6.32 5.0 5.0 7.28 15.0 7.81 8.49 12.17 11.18 16.97 17.89 8.54 18.68 18.68 0.0 7.28 19.7 18.68 16.97 6.0 0.0 17.89 17.89 12.17 6.32 18.11 6.32 8.49 15.0 0.0
32.76 34.0 34.13 34.23 19.0 35.44 34.53 28.28 25.08 26.08 5.83 21.26 5.83 10.0 16.28 5.83 17.89 17.89 5.83 0.0 10.0 29.73 17.89 28.28 11.66 21.26 25.08 23.77 22.2 14.0 0.0 34.23 25.08 32.76 16.28 29.73 35.44 7.81 19.0 31.3 34.53 21.26 14.87 28.28 5.83 10.0 17.2 0.0 7.81 28.28 29.73 28.28 5.83 17.89 32.76 21.26 32.76 31.3 14.0 23.77 29.73 32.76 32.76 17.89 22.2 22.2 25.08 28.28 14.0 23.77 11.66 11.66 16.28 16.28 25.08 32.76 22.2 17.2 29.73 7.81 28.28 0.0 19.0 34.13 34.13 17.89 25.08 34.0 34.13 28.28 21.26 17.89 0.0 0.0 29.73 11.66 34.53 11.66 26.08 32.76 17.89
32.76 34.0 34.13 34.23 19.0 35.44 34.53 28.28 25.08 26.08 5.83 21.26 5.83 10.0 16.28 5.83 17.89 17.89 5.83 0.0 10.0 29.73 17.89 28.28 11.66 21.26 25.08 23.77 22.2 14.0 0.0 34.23 25.08 32.76 16.28 29.73 35.44 7.81 19.0 31.3 34.53 21.26 14.87 28.28 5.83 10.0 17.2 0.0 7.81 28.28 29.73 28.28 5.83 17.89 32.76 21.26 32.76 31.3 14.0 23.77 29.73 32.76 32.76 17.89 22.2 22.2 25.08 28.28 14.0 23.77 11.66 11.66 16.28 16.28 25.08 32.76 22.2 17.2 29.73 7.81 28.28 0.0 19.0 34.13 34.13 17.89 25.08 34.0 34.13 28.28 21.26 17.89 0.0 0.0 29.73 11.66 34.53 11.66 26.08 32.76 17.89
7.0 11.66 9.22 15.23 13.45 6.0 7.21 14.0 5.0 7.21 24.04 12.65 24.04 28.0 13.89 24.04 12.17 12.17 24.04 29.73 28.0 0.0 12.17 14.0 18.44 12.65 5.0 6.4 9.22 28.28 29.73 15.23 5.0 7.0 13.89 0.0 6.0 23.35 13.45 4.0 7.21 12.65 17.0 14.0 24.04 28.0 18.44 29.73 23.35 14.0 0.0 14.0 24.04 12.17 7.0 12.65 7.0 4.0 28.28 6.4 0.0 7.0 7.0 12.17 9.22 9.22 5.0 14.0 28.28 6.4 18.44 18.44 13.89 13.89 5.0 7.0 9.22 18.44 0.0 23.35 14.0 29.73 13.45 9.22 9.22 12.17 5.0 11.66 9.22 14.0 12.65 12.17 29.73 29.73 0.0 18.44 7.21 18.44 7.21 7.0 12.17
21.1 24.74 24.19 26.0 10.82 24.33 24.0 20.59 13.6 14.42 5.83 10.0 5.83 10.77 6.71 5.83 6.32 6.32 5.83 11.66 10.77 18.44 6.32 20.59 0.0 10.0 13.6 13.0 12.37 12.81 11.66 26.0 13.6 21.1 6.71 18.44 24.33 5.0 10.82 19.7 24.0 10.0 4.12 20.59 5.83 10.77 8.0 11.66 5.0 20.59 18.44 20.59 5.83 6.32 21.1 10.0 21.1 19.7 12.81 13.0 18.44 21.1 21.1 6.32 12.37 12.37 13.6 20.59 12.81 13.0 0.0 0.0 6.71 6.71 13.6 21.1 12.37 8.0 18.44 5.0 20.59 11.66 10.82 24.19 24.19 6.32 13.6 24.74 24.19 20.59 10.0 6.32 11.66 11.66 18.44 0.0 24.0 0.0 14.42 21.1 6.32
12.53 6.0 3.0 10.0 16.16 4.0 0.0 11.66 11.7 14.42 29.15 19.7 29.15 34.23 18.25 29.15 18.11 18.11 29.15 34.53 34.23 7.21 18.11 11.66 24.0 19.7 11.7 11.0 12.37 34.93 34.53 10.0 11.7 12.53 18.25 7.21 4.0 29.0 16.16 10.0 0.0 19.7 23.35 11.66 29.15 34.23 25.3 34.53 29.0 11.66 7.21 11.66 29.15 18.11 12.53 19.7 12.53 10.0 34.93 11.0 7.21 12.53 12.53 18.11 12.37 12.37 11.7 11.66 34.93 11.0 24.0 24.0 18.25 18.25 11.7 12.53 12.37 25.3 7.21 29.0 11.66 34.53 16.16 3.0 3.0 18.11 11.7 6.0 3.0 11.66 19.7 18.11 34.53 34.53 7.21 24.0 0.0 24.0 14.42 12.53 18.11
21.1 24.74 24.19 26.0 10.82 24.33 24.0 20.59 13.6 14.42 5.83 10.0 5.83 10.77 6.71 5.83 6.32 6.32 5.83 11.66 10.77 18.44 6.32 20.59 0.0 10.0 13.6 13.0 12.37 12.81 11.66 26.0 13.6 21.1 6.71 18.44 24.33 5.0 10.82 19.7 24.0 10.0 4.12 20.59 5.83 10.77 8.0 11.66 5.0 20.59 18.44 20.59 5.83 6.32 21.1 10.0 21.1 19.7 12.81 13.0 18.44 21.1 21.1 6.32 12.37 12.37 13.6 20.59 12.81 13.0 0.0 0.0 6.71 6.71 13.6 21.1 12.37 8.0 18.44 5.0 20.59 11.66 10.82 24.19 24.19 6.32 13.6 24.74 24.19 20.59 10.0 6.32 11.66 11.66 18.44 0.0 24.0 0.0 14.42 21.1 6.32
6.71 18.44 16.28 21.63 14.32 12.65 14.42 18.97 4.12 0.0 20.25 6.0 20.25 22.36 12.53 20.25 8.49 8.49 20.25 26.08 22.36 7.21 8.49 18.97 14.42 6.0 4.12 8.06 11.0 22.0 26.08 21.63 4.12 6.71 12.53 7.21 12.65 18.79 14.32 6.0 14.42 6.0 11.7 18.97 20.25 22.36 12.0 26.08 18.79 18.97 7.21 18.97 20.25 8.49 6.71 6.0 6.71 6.0 22.0 8.06 7.21 6.71 6.71 8.49 11.0 11.0 4.12 18.97 22.0 8.06 14.42 14.42 12.53 12.53 4.12 6.71 11.0 12.0 7.21 18.79 18.97 26.08 14.32 16.28 16.28 8.49 4.12 18.44 16.28 18.97 6.0 8.49 26.08 26.08 7.21 14.42 14.42 14.42 0.0 6.71 8.49
0.0 18.03 15.23 21.84 19.24 9.22 12.53 21.0 8.6 6.71 26.93 12.37 26.93 28.86 18.44 26.93 15.0 15.0 26.93 32.76 28.86 7.0 15.0 21.0 21.1 12.37 8.6 12.08 15.23 28.16 32.76 21.84 8.6 0.0 18.44 7.0 9.22 25.5 19.24 3.0 12.53 12.37 18.38 21.0 26.93 28.86 18.25 32.76 25.5 21.0 7.0 21.0 26.93 15.0 0.0 12.37 0.0 3.0 28.16 12.08 7.0 0.0 0.0 15.0 15.23 15.23 8.6 21.0 28.16 12.08 21.1 21.1 18.44 18.44 8.6 0.0 15.23 18.25 7.0 25.5 21.0 32.76 19.24 15.23 15.23 15.0 8.6 18.03 15.23 21.0 12.37 15.0 32.76 32.76 7.0 21.1 12.53 21.1 6.71 0.0 15.0
15.0 19.7 18.68 21.63 8.54 18.11 18.11 16.97 7.28 8.49 12.08 6.0 12.08 16.12 5.0 12.08 0.0 0.0 12.08 17.89 16.12 12.17 0.0 16.97 6.32 6.0 7.28 7.28 7.81 17.09 17.89 21.63 7.28 15.0 5.0 12.17 18.11 11.18 8.54 13.42 18.11 6.0 5.39 16.97 12.08 16.12 8.49 17.89 11.18 16.97 12.17 16.97 12.08 0.0 15.0 6.0 15.0 13.42 17.09 7.28 12.17 15.0 15.0 0.0 7.81 7.81 7.28 16.97 17.09 7.28 6.32 6.32 5.0 5.0 7.28 15.0 7.81 8.49 12.17 11.18 16.97 17.89 8.54 18.68 18.68 0.0 7.28 19.7 18.68 16.97 6.0 0.0 17.89 17.89 12.17 6.32 18.11 6.32 8.49 15.0 0.0
