0.0 21.0 26.93 24.04 3.0 21.1 21.1 6.71 8.6 18.38 19.24 21.0 19.24 18.44 21.84 18.25 12.08 28.86 12.53 15.23 0.0 18.38 26.93 12.08 12.37 21.1 15.23 12.37 7.0 3.0 15.23 21.1 15.23 7.0 3.0 28.16 21.1 7.0 24.04 18.25 21.0 28.16 24.04 32.76 21.0 26.93 18.25 15.0 3.0 21.84 6.71 12.53 26.93 8.6 15.23 21.84 18.25 21.0 15.23 12.37 3.0 9.22 0.0 18.38 7.0 28.16 6.71 12.08 12.08 28.86 18.25 21.84 6.71 21.0 19.24 21.1 32.76 12.37 18.38 7.0 28.86
21.0 0.0 24.04 26.93 18.0 20.59 20.59 18.97 14.87 22.02 9.85 0.0 9.85 13.89 6.0 25.46 11.18 31.3 11.66 9.22 21.0 22.02 24.04 11.18 21.63 20.59 9.22 21.63 14.0 18.0 9.22 20.59 9.22 14.0 18.0 33.29 20.59 14.0 26.93 25.46 0.0 33.29 26.93 28.28 0.0 24.04 25.46 16.97 18.0 6.0 18.97 11.66 24.04 14.87 9.22 6.0 25.46 0.0 9.22 21.63 18.0 15.23 21.0 22.02 14.0 33.29 18.97 11.18 11.18 31.3 25.46 6.0 18.97 0.0 9.85 20.59 28.28 21.63 22.02 14.0 31.3
26.93 24.04 0.0 7.0 25.5 5.83 5.83 20.25 19.31 9.22 14.32 24.04 14.32 11.0 29.83 12.08 18.25 8.6 29.15 17.0 26.93 9.22 0.0 18.25 15.56 5.83 17.0 15.56 24.04 25.5 17.0 5.83 29.0 24.04 25.5 12.08 5.83 24.04 7.0 12.08 24.04 12.08 7.0 5.83 24.04 0.0 12.08 12.08 25.5 29.83 20.25 29.15 0.0 19.31 29.0 29.83 12.08 24.04 17.0 15.56 25.5 29.83 26.93 9.22 24.04 12.08 20.25 18.25 18.25 8.6 12.08 29.83 20.25 24.04 14.32 5.83 5.83 15.56 9.22 24.04 8.6
24.04 26.93 7.0 0.0 23.35 6.4 6.4 17.46 18.0 6.0 17.2 26.93 17.2 13.04 32.2 6.4 18.44 5.0 29.27 18.38 24.04 6.0 7.0 18.44 11.7 6.4 18.38 11.7 23.0 23.35 18.38 6.4 29.83 23.0 23.35 6.4 6.4 23.0 0.0 6.4 26.93 6.4 0.0 11.18 26.93 7.0 6.4 11.18 23.35 32.2 17.46 29.27 7.0 18.0 29.83 32.2 6.4 26.93 18.38 11.7 23.35 29.0 24.04 6.0 23.0 6.4 17.46 18.44 18.44 5.0 6.4 32.2 17.46 26.93 17.2 6.4 11.18 11.7 6.0 23.0 5.0
3.0 18.0 25.5 23.35 0.0 19.7 19.7 6.0 6.4 17.46 16.64 18.0 16.64 16.28 18.97 18.0 9.43 28.28 10.0 12.53 3.0 17.46 25.5 9.43 12.0 19.7 12.53 12.0 4.0 0.0 12.53 19.7 12.53 4.0 0.0 28.0 19.7 4.0 23.35 18.0 18.0 28.0 23.35 31.3 18.0 25.5 18.0 13.42 0.0 18.97 6.0 10.0 25.5 6.4 12.53 18.97 18.0 18.0 12.53 12.0 0.0 7.21 3.0 17.46 4.0 28.0 6.0 9.43 9.43 28.28 18.0 18.97 6.0 18.0 16.64 19.7 31.3 12.0 17.46 4.0 28.28
21.1 20.59 5.83 6.4 19.7 0.0 0.0 14.42 13.6 4.12 10.82 20.59 10.82 6.71 26.0 8.0 13.0 10.77 24.0 12.37 21.1 4.12 5.83 13.0 10.0 0.0 12.37 10.0 18.44 19.7 12.37 0.0 24.19 18.44 19.7 12.81 0.0 18.44 6.4 8.0 20.59 12.81 6.4 11.66 20.59 5.83 8.0 6.32 19.7 26.0 14.42 24.0 5.83 13.6 24.19 26.0 8.0 20.59 12.37 10.0 19.7 24.33 21.1 4.12 18.44 12.81 14.42 13.0 13.0 10.77 8.0 26.0 14.42 20.59 10.82 0.0 11.66 10.0 4.12 18.44 10.77
21.1 20.59 5.83 6.4 19.7 0.0 0.0 14.42 13.6 4.12 10.82 20.59 10.82 6.71 26.0 8.0 13.0 10.77 24.0 12.37 21.1 4.12 5.83 13.0 10.0 0.0 12.37 10.0 18.44 19.7 12.37 0.0 24.19 18.44 19.7 12.81 0.0 18.44 6.4 8.0 20.59 12.81 6.4 11.66 20.59 5.83 8.0 6.32 19.7 26.0 14.42 24.0 5.83 13.6 24.19 26.0 8.0 20.59 12.37 10.0 19.7 24.33 21.1 4.12 18.44 12.81 14.42 13.0 13.0 10.77 8.0 26.0 14.42 20.59 10.82 0.0 11.66 10.0 4.12 18.44 10.77
6.71 18.97 20.25 17.46 6.0 14.42 14.42 0.0 4.12 11.7 14.32 18.97 14.32 12.53 21.63 12.0 8.06 22.36 14.42 11.0 6.71 11.7 20.25 8.06 6.0 14.42 11.0 6.0 7.21 6.0 11.0 14.42 16.28 7.21 6.0 22.0 14.42 7.21 17.46 12.0 18.97 22.0 17.46 26.08 18.97 20.25 12.0 8.49 6.0 21.63 0.0 14.42 20.25 4.12 16.28 21.63 12.0 18.97 11.0 6.0 6.0 12.65 6.71 11.7 7.21 22.0 0.0 8.06 8.06 22.36 12.0 21.63 0.0 18.97 14.32 14.42 26.08 6.0 11.7 7.21 22.36
8.6 14.87 19.31 18.0 6.4 13.6 13.6 4.12 0.0 12.0 10.77 14.87 10.77 9.9 17.8 13.6 4.0 23.0 11.7 7.07 8.6 12.0 19.31 4.0 8.06 13.6 7.07 8.06 5.0 6.4 7.07 13.6 13.04 5.0 6.4 23.35 13.6 5.0 18.0 13.6 14.87 23.35 18.0 25.08 14.87 19.31 13.6 7.28 6.4 17.8 4.12 11.7 19.31 0.0 13.04 17.8 13.6 14.87 7.07 8.06 6.4 11.0 8.6 12.0 5.0 23.35 4.12 4.0 4.0 23.0 13.6 17.8 4.12 14.87 10.77 13.6 25.08 8.06 12.0 5.0 23.0
18.38 22.02 9.22 6.0 17.46 4.12 4.12 11.7 12.0 0.0 12.81 22.02 12.81 8.6 26.93 4.12 12.65 11.0 23.35 13.04 18.38 0.0 9.22 12.65 6.4 4.12 13.04 6.4 17.0 17.46 13.04 4.12 24.04 17.0 17.46 11.7 4.12 17.0 6.0 4.12 22.02 11.7 6.0 14.87 22.02 9.22 4.12 5.39 17.46 26.93 11.7 23.35 9.22 12.0 24.04 26.93 4.12 22.02 13.04 6.4 17.46 23.0 18.38 0.0 17.0 11.7 11.7 12.65 12.65 11.0 4.12 26.93 11.7 22.02 12.81 4.12 14.87 6.4 0.0 17.0 11.0
19.24 9.85 14.32 17.2 16.64 10.82 10.82 14.32 10.77 12.81 0.0 9.85 0.0 4.24 15.52 16.64 7.21 21.47 16.16 4.24 19.24 12.81 14.32 7.21 14.32 10.82 4.24 14.32 13.45 16.64 4.24 10.82 15.3 13.45 16.64 23.6 10.82 13.45 17.2 16.64 9.85 23.6 17.2 19.0 9.85 14.32 16.64 8.54 16.64 15.52 14.32 16.16 14.32 10.77 15.3 15.52 16.64 9.85 4.24 14.32 16.64 18.03 19.24 12.81 13.45 23.6 14.32 7.21 7.21 21.47 16.64 15.52 14.32 9.85 0.0 10.82 19.0 14.32 12.81 13.45 21.47
21.0 0.0 24.04 26.93 18.0 20.59 20.59 18.97 14.87 22.02 9.85 0.0 9.85 13.89 6.0 25.46 11.18 31.3 11.66 9.22 21.0 22.02 24.04 11.18 21.63 20.59 9.22 21.63 14.0 18.0 9.22 20.59 9.22 14.0 18.0 33.29 20.59 14.0 26.93 25.46 0.0 33.29 26.93 28.28 0.0 24.04 25.46 16.97 18.0 6.0 18.97 11.66 24.04 14.87 9.22 6.0 25.46 0.0 9.22 21.63 18.0 15.23 21.0 22.02 14.0 33.29 18.97 11.18 11.18 31.3 25.46 6.0 18.97 0.0 9.85 20.59 28.28 21.63 22.02 14.0 31.3
19.24 9.85 14.32 17.2 16.64 10.82 10.82 14.32 10.77 12.81 0.0 9.85 0.0 4.24 15.52 16.64 7.21 21.47 16.16 4.24 19.24 12.81 14.32 7.21 14.32 10.82 4.24 14.32 13.45 16.64 4.24 10.82 15.3 13.45 16.64 23.6 10.82 13.45 17.2 16.64 9.85 23.6 17.2 19.0 9.85 14.32 16.64 8.54 16.64 15.52 14.32 16.16 14.32 10.77 15.3 15.52 16.64 9.85 4.24 14.32 16.64 18.03 19.24 12.81 13.45 23.6 14.32 7.21 7.21 21.47 16.64 15.52 14.32 9.85 0.0 10.82 19.0 14.32 12.81 13.45 21.47
18.44 13.89 11.0 13.04 16.28 6.71 6.71 12.53 9.9 8.6 4.24 13.89 4.24 0.0 19.31 12.53 7.62 17.46 18.25 6.0 18.44 8.6 11.0 7.62 11.0 6.71 6.0 11.0 13.89 16.28 6.0 6.71 18.0 13.89 16.28 19.42 6.71 13.89 13.04 12.53 13.89 19.42 13.04 16.28 13.89 11.0 12.53 5.0 16.28 19.31 12.53 18.25 11.0 9.9 18.0 19.31 12.53 13.89 6.0 11.0 16.28 19.31 18.44 8.6 13.89 19.42 12.53 7.62 7.62 17.46 12.53 19.31 12.53 13.89 4.24 6.71 16.28 11.0 8.6 13.89 17.46
21.84 6.0 29.83 32.2 18.97 26.0 26.0 21.63 17.8 26.93 15.52 6.0 15.52 19.31 0.0 30.0 14.87 36.77 10.0 13.89 21.84 26.93 29.83 14.87 25.46 26.0 13.89 25.46 15.23 18.97 13.89 26.0 7.0 15.23 18.97 38.47 26.0 15.23 32.2 30.0 6.0 38.47 32.2 34.23 6.0 29.83 30.0 21.63 18.97 0.0 21.63 10.0 29.83 17.8 7.0 0.0 30.0 6.0 13.89 25.46 18.97 14.0 21.84 26.93 15.23 38.47 21.63 14.87 14.87 36.77 30.0 0.0 21.63 6.0 15.52 26.0 34.23 25.46 26.93 15.23 36.77
18.25 25.46 12.08 6.4 18.0 8.0 8.0 12.0 13.6 4.12 16.64 25.46 16.64 12.53 30.0 0.0 15.26 10.77 25.3 16.28 18.25 4.12 12.08 15.26 6.0 8.0 16.28 6.0 18.44 18.0 16.28 8.0 26.4 18.44 18.0 10.0 8.0 18.44 6.4 0.0 25.46 10.0 6.4 17.2 25.46 12.08 0.0 8.49 18.0 30.0 12.0 25.3 12.08 13.6 26.4 30.0 0.0 25.46 16.28 6.0 18.0 24.33 18.25 4.12 18.44 10.0 12.0 15.26 15.26 10.77 0.0 30.0 12.0 25.46 16.64 8.0 17.2 6.0 4.12 18.44 10.77
12.08 11.18 18.25 18.44 9.43 13.0 13.0 8.06 4.0 12.65 7.21 11.18 7.21 7.62 14.87 15.26 0.0 23.35 11.0 3.16 12.08 12.65 18.25 0.0 10.63 13.0 3.16 10.63 6.4 9.43 3.16 13.0 11.4 6.4 9.43 24.35 13.0 6.4 18.44 15.26 11.18 24.35 18.44 23.77 11.18 18.25 15.26 7.28 9.43 14.87 8.06 11.0 18.25 4.0 11.4 14.87 15.26 11.18 3.16 10.63 9.43 11.7 12.08 12.65 6.4 24.35 8.06 0.0 0.0 23.35 15.26 14.87 8.06 11.18 7.21 13.0 23.77 10.63 12.65 6.4 23.35
28.86 31.3 8.6 5.0 28.28 10.77 10.77 22.36 23.0 11.0 21.47 31.3 21.47 17.46 36.77 10.77 23.35 0.0 34.23 23.09 28.86 11.0 8.6 23.35 16.49 10.77 23.09 16.49 28.0 28.28 23.09 10.77 34.71 28.0 28.28 4.0 10.77 28.0 5.0 10.77 31.3 4.0 5.0 10.0 31.3 8.6 10.77 16.12 28.28 36.77 22.36 34.23 8.6 23.0 34.71 36.77 10.77 31.3 23.09 16.49 28.28 34.0 28.86 11.0 28.0 4.0 22.36 23.35 23.35 0.0 10.77 36.77 22.36 31.3 21.47 10.77 10.0 16.49 11.0 28.0 0.0
12.53 11.66 29.15 29.27 10.0 24.0 24.0 14.42 11.7 23.35 16.16 11.66 16.16 18.25 10.0 25.3 11.0 34.23 0.0 12.37 12.53 23.35 29.15 11.0 19.7 24.0 12.37 19.7 7.21 10.0 12.37 24.0 3.0 7.21 10.0 34.93 24.0 7.21 29.27 25.3 11.66 34.93 29.27 34.53 11.66 29.15 25.3 18.11 10.0 10.0 14.42 0.0 29.15 11.7 3.0 10.0 25.3 11.66 12.37 19.7 10.0 4.0 12.53 23.35 7.21 34.93 14.42 11.0 11.0 34.23 25.3 10.0 14.42 11.66 16.16 24.0 34.53 19.7 23.35 7.21 34.23
15.23 9.22 17.0 18.38 12.53 12.37 12.37 11.0 7.07 13.04 4.24 9.22 4.24 6.0 13.89 16.28 3.16 23.09 12.37 0.0 15.23 13.04 17.0 3.16 12.53 12.37 0.0 12.53 9.22 12.53 0.0 12.37 12.0 9.22 12.53 24.6 12.37 9.22 18.38 16.28 9.22 24.6 18.38 22.2 9.22 17.0 16.28 7.81 12.53 13.89 11.0 12.37 17.0 7.07 12.0 13.89 16.28 9.22 0.0 12.53 12.53 13.89 15.23 13.04 9.22 24.6 11.0 3.16 3.16 23.09 16.28 13.89 11.0 9.22 4.24 12.37 22.2 12.53 13.04 9.22 23.09
0.0 21.0 26.93 24.04 3.0 21.1 21.1 6.71 8.6 18.38 19.24 21.0 19.24 18.44 21.84 18.25 12.08 28.86 12.53 15.23 0.0 18.38 26.93 12.08 12.37 21.1 15.23 12.37 7.0 3.0 15.23 21.1 15.23 7.0 3.0 28.16 21.1 7.0 24.04 18.25 21.0 28.16 24.04 32.76 21.0 26.93 18.25 15.0 3.0 21.84 6.71 12.53 26.93 8.6 15.23 21.84 18.25 21.0 15.23 12.37 3.0 9.22 0.0 18.38 7.0 28.16 6.71 12.08 12.08 28.86 18.25 21.84 6.71 21.0 19.24 21.1 32.76 12.37 18.38 7.0 28.86
18.38 22.02 9.22 6.0 17.46 4.12 4.12 11.7 12.0 0.0 12.81 22.02 12.81 8.6 26.93 4.12 12.65 11.0 23.35 13.04 18.38 0.0 9.22 12.65 6.4 4.12 13.04 6.4 17.0 17.46 13.04 4.12 24.04 17.0 17.46 11.7 4.12 17.0 6.0 4.12 22.02 11.7 6.0 14.87 22.02 9.22 4.12 5.39 17.46 26.93 11.7 23.35 9.22 12.0 24.04 26.93 4.12 22.02 13.04 6.4 17.46 23.0 18.38 0.0 17.0 11.7 11.7 12.65 12.65 11.0 4.12 26.93 11.7 22.02 12.81 4.12 14.87 6.4 0.0 17.0 11.0
26.93 24.04 0.0 7.0 25.5 5.83 5.83 20.25 19.31 9.22 14.32 24.04 14.32 11.0 29.83 12.08 18.25 8.6 29.15 17.0 26.93 9.22 0.0 18.25 15.56 5.83 17.0 15.56 24.04 25.5 17.0 5.83 29.0 24.04 25.5 12.08 5.83 24.04 7.0 12.08 24.04 12.08 7.0 5.83 24.04 0.0 12.08 12.08 25.5 29.83 20.25 29.15 0.0 19.31 29.0 29.83 12.08 24.04 17.0 15.56 25.5 29.83 26.93 9.22 24.04 12.08 20.25 18.25 18.25 8.6 12.08 29.83 20.25 24.04 14.32 5.83 5.83 15.56 9.22 24.04 8.6
12.08 11.18 18.25 18.44 9.43 13.0 13.0 8.06 4.0 12.65 7.21 11.18 7.21 7.62 14.87 15.26 0.0 23.35 11.0 3.16 12.08 12.65 18.25 0.0 10.63 13.0 3.16 10.63 6.4 9.43 3.16 13.0 11.4 6.4 9.43 24.35 13.0 6.4 18.44 15.26 11.18 24.35 18.44 23.77 11.18 18.25 15.26 7.28 9.43 14.87 8.06 11.0 18.25 4.0 11.4 14.87 15.26 11.18 3.16 10.63 9.43 11.7 12.08 12.65 6.4 24.35 8.06 0.0 0.0 23.35 15.26 14.87 8.06 11.18 7.21 13.0 23.77 10.63 12.65 6.4 23.35
12.37 21.63 15.56 11.7 12.0 10.0 10.0 6.0 8.06 6.4 14.32 21.63 14.32 11.0 25.46 6.0 10.63 16.49 19.7 12.53 12.37 6.4 15.56 10.63 0.0 10.0 12.53 0.0 12.65 12.0 12.53 10.0 21.1 12.65 12.0 16.0 10.0 12.65 11.7 6.0 21.63 16.0 11.7 21.26 21.63 15.56 6.0 6.0 12.0 25.46 6.0 19.7 15.56 8.06 21.1 25.46 6.0 21.63 12.53 0.0 12.0 18.44 12.37 6.4 12.65 16.0 6.0 10.63 10.63 16.49 6.0 25.46 6.0 21.63 14.32 10.0 21.26 0.0 6.4 12.65 16.49
21.1 20.59 5.83 6.4 19.7 0.0 0.0 14.42 13.6 4.12 10.82 20.59 10.82 6.71 26.0 8.0 13.0 10.77 24.0 12.37 21.1 4.12 5.83 13.0 10.0 0.0 12.37 10.0 18.44 19.7 12.37 0.0 24.19 18.44 19.7 12.81 0.0 18.44 6.4 8.0 20.59 12.81 6.4 11.66 20.59 5.83 8.0 6.32 19.7 26.0 14.42 24.0 5.83 13.6 24.19 26.0 8.0 20.59 12.37 10.0 19.7 24.33 21.1 4.12 18.44 12.81 14.42 13.0 13.0 10.77 8.0 26.0 14.42 20.59 10.82 0.0 11.66 10.0 4.12 18.44 10.77
15.23 9.22 17.0 18.38 12.53 12.37 12.37 11.0 7.07 13.04 4.24 9.22 4.24 6.0 13.89 16.28 3.16 23.09 12.37 0.0 15.23 13.04 17.0 3.16 12.53 12.37 0.0 12.53 9.22 12.53 0.0 12.37 12.0 9.22 12.53 24.6 12.37 9.22 18.38 16.28 9.22 24.6 18.38 22.2 9.22 17.0 16.28 7.81 12.53 13.89 11.0 12.37 17.0 7.07 12.0 13.89 16.28 9.22 0.0 12.53 12.53 13.89 15.23 13.04 9.22 24.6 11.0 3.16 3.16 23.09 16.28 13.89 11.0 9.22 4.24 12.37 22.2 12.53 13.04 9.22 23.09
12.37 21.63 15.56 11.7 12.0 10.0 10.0 6.0 8.06 6.4 14.32 21.63 14.32 11.0 25.46 6.0 10.63 16.49 19.7 12.53 12.37 6.4 15.56 10.63 0.0 10.0 12.53 0.0 12.65 12.0 12.53 10.0 21.1 12.65 12.0 16.0 10.0 12.65 11.7 6.0 21.63 16.0 11.7 21.26 21.63 15.56 6.0 6.0 12.0 25.46 6.0 19.7 15.56 8.06 21.1 25.46 6.0 21.63 12.53 0.0 12.0 18.44 12.37 6.4 12.65 16.0 6.0 10.63 10.63 16.49 6.0 25.46 6.0 21.63 14.32 10.0 21.26 0.0 6.4 12.65 16.49
7.0 14.0 24.04 23.0 4.0 18.44 18.44 7.21 5.0 17.0 13.45 14.0 13.45 13.89 15.23 18.44 6.4 28.0 7.21 9.22 7.0 17.0 24.04 6.4 12.65 18.44 9.22 12.65 0.0 4.0 9.22 18.44 9.22 0.0 4.0 28.28 18.44 0.0 23.0 18.44 14.0 28.28 23.0 29.73 14.0 24.04 18.44 12.17 4.0 15.23 7.21 7.21 24.04 5.0 9.22 15.23 18.44 14.0 9.22 12.65 4.0 6.0 7.0 17.0 0.0 28.28 7.21 6.4 6.4 28.0 18.44 15.23 7.21 14.0 13.45 18.44 29.73 12.65 17.0 0.0 28.0
3.0 18.0 25.5 23.35 0.0 19.7 19.7 6.0 6.4 17.46 16.64 18.0 16.64 16.28 18.97 18.0 9.43 28.28 10.0 12.53 3.0 17.46 25.5 9.43 12.0 19.7 12.53 12.0 4.0 0.0 12.53 19.7 12.53 4.0 0.0 28.0 19.7 4.0 23.35 18.0 18.0 28.0 23.35 31.3 18.0 25.5 18.0 13.42 0.0 18.97 6.0 10.0 25.5 6.4 12.53 18.97 18.0 18.0 12.53 12.0 0.0 7.21 3.0 17.46 4.0 28.0 6.0 9.43 9.43 28.28 18.0 18.97 6.0 18.0 16.64 19.7 31.3 12.0 17.46 4.0 28.28
15.23 9.22 17.0 18.38 12.53 12.37 12.37 11.0 7.07 13.04 4.24 9.22 4.24 6.0 13.89 16.28 3.16 23.09 12.37 0.0 15.23 13.04 17.0 3.16 12.53 12.37 0.0 12.53 9.22 12.53 0.0 12.37 12.0 9.22 12.53 24.6 12.37 9.22 18.38 16.28 9.22 24.6 18.38 22.2 9.22 17.0 16.28 7.81 12.53 13.89 11.0 12.37 17.0 7.07 12.0 13.89 16.28 9.22 0.0 12.53 12.53 13.89 15.23 13.04 9.22 24.6 11.0 3.16 3.16 23.09 16.28 13.89 11.0 9.22 4.24 12.37 22.2 12.53 13.04 9.22 23.09
21.1 20.59 5.83 6.4 19.7 0.0 0.0 14.42 13.6 4.12 10.82 20.59 10.82 6.71 26.0 8.0 13.0 10.77 24.0 12.37 21.1 4.12 5.83 13.0 10.0 0.0 12.37 10.0 18.44 19.7 12.37 0.0 24.19 18.44 19.7 12.81 0.0 18.44 6.4 8.0 20.59 12.81 6.4 11.66 20.59 5.83 8.0 6.32 19.7 26.0 14.42 24.0 5.83 13.6 24.19 26.0 8.0 20.59 12.37 10.0 19.7 24.33 21.1 4.12 18.44 12.81 14.42 13.0 13.0 10.77 8.0 26.0 14.42 20.59 10.82 0.0 11.66 10.0 4.12 18.44 10.77
15.23 9.22 29.0 29.83 12.53 24.19 24.19 16.28 13.04 24.04 15.3 9.22 15.3 18.0 7.0 26.4 11.4 34.71 3.0 12.0 15.23 24.04 29.0 11.4 21.1 24.19 12.0 21.1 9.22 12.53 12.0 24.19 0.0 9.22 12.53 35.74 24.19 9.22 29.83 26.4 9.22 35.74 29.83 34.13 9.22 29.0 26.4 18.68 12.53 7.0 16.28 3.0 29.0 13.04 0.0 7.0 26.4 9.22 12.0 21.1 12.53 7.0 15.23 24.04 9.22 35.74 16.28 11.4 11.4 34.71 26.4 7.0 16.28 9.22 15.3 24.19 34.13 21.1 24.04 9.22 34.71
7.0 14.0 24.04 23.0 4.0 18.44 18.44 7.21 5.0 17.0 13.45 14.0 13.45 13.89 15.23 18.44 6.4 28.0 7.21 9.22 7.0 17.0 24.04 6.4 12.65 18.44 9.22 12.65 0.0 4.0 9.22 18.44 9.22 0.0 4.0 28.28 18.44 0.0 23.0 18.44 14.0 28.28 23.0 29.73 14.0 24.04 18.44 12.17 4.0 15.23 7.21 7.21 24.04 5.0 9.22 15.23 18.44 14.0 9.22 12.65 4.0 6.0 7.0 17.0 0.0 28.28 7.21 6.4 6.4 28.0 18.44 15.23 7.21 14.0 13.45 18.44 29.73 12.65 17.0 0.0 28.0
3.0 18.0 25.5 23.35 0.0 19.7 19.7 6.0 6.4 17.46 16.64 18.0 16.64 16.28 18.97 18.0 9.43 28.28 10.0 12.53 3.0 17.46 25.5 9.43 12.0 19.7 12.53 12.0 4.0 0.0 12.53 19.7 12.53 4.0 0.0 28.0 19.7 4.0 23.35 18.0 18.0 28.0 23.35 31.3 18.0 25.5 18.0 13.42 0.0 18.97 6.0 10.0 25.5 6.4 12.53 18.97 18.0 18.0 12.53 12.0 0.0 7.21 3.0 17.46 4.0 28.0 6.0 9.43 9.43 28.28 18.0 18.97 6.0 18.0 16.64 19.7 31.3 12.0 17.46 4.0 28.28
28.16 33.29 12.08 6.4 28.0 12.81 12.81 22.0 23.35 11.7 23.6 33.29 23.6 19.42 38.47 10.0 24.35 4.0 34.93 24.6 28.16 11.7 12.08 24.35 16.0 12.81 24.6 16.0 28.28 28.0 24.6 12.81 35.74 28.28 28.0 0.0 12.81 28.28 6.4 10.0 33.29 0.0 6.4 14.0 33.29 12.08 10.0 17.09 28.0 38.47 22.0 34.93 12.08 23.35 35.74 38.47 10.0 33.29 24.6 16.0 28.0 34.23 28.16 11.7 28.28 0.0 22.0 24.35 24.35 4.0 10.0 38.47 22.0 33.29 23.6 12.81 14.0 16.0 11.7 28.28 4.0
21.1 20.59 5.83 6.4 19.7 0.0 0.0 14.42 13.6 4.12 10.82 20.59 10.82 6.71 26.0 8.0 13.0 10.77 24.0 12.37 21.1 4.12 5.83 13.0 10.0 0.0 12.37 10.0 18.44 19.7 12.37 0.0 24.19 18.44 19.7 12.81 0.0 18.44 6.4 8.0 20.59 12.81 6.4 11.66 20.59 5.83 8.0 6.32 19.7 26.0 14.42 24.0 5.83 13.6 24.19 26.0 8.0 20.59 12.37 10.0 19.7 24.33 21.1 4.12 18.44 12.81 14.42 13.0 13.0 10.77 8.0 26.0 14.42 20.59 10.82 0.0 11.66 10.0 4.12 18.44 10.77
7.0 14.0 24.04 23.0 4.0 18.44 18.44 7.21 5.0 17.0 13.45 14.0 13.45 13.89 15.23 18.44 6.4 28.0 7.21 9.22 7.0 17.0 24.04 6.4 12.65 18.44 9.22 12.65 0.0 4.0 9.22 18.44 9.22 0.0 4.0 28.28 18.44 0.0 23.0 18.44 14.0 28.28 23.0 29.73 14.0 24.04 18.44 12.17 4.0 15.23 7.21 7.21 24.04 5.0 9.22 15.23 18.44 14.0 9.22 12.65 4.0 6.0 7.0 17.0 0.0 28.28 7.21 6.4 6.4 28.0 18.44 15.23 7.21 14.0 13.45 18.44 29.73 12.65 17.0 0.0 28.0
24.04 26.93 7.0 0.0 23.35 6.4 6.4 17.46 18.0 6.0 17.2 26.93 17.2 13.04 32.2 6.4 18.44 5.0 29.27 18.38 24.04 6.0 7.0 18.44 11.7 6.4 18.38 11.7 23.0 23.35 18.38 6.4 29.83 23.0 23.35 6.4 6.4 23.0 0.0 6.4 26.93 6.4 0.0 11.18 26.93 7.0 6.4 11.18 23.35 32.2 17.46 29.27 7.0 18.0 29.83 32.2 6.4 26.93 18.38 11.7 23.35 29.0 24.04 6.0 23.0 6.4 17.46 18.44 18.44 5.0 6.4 32.2 17.46 26.93 17.2 6.4 11.18 11.7 6.0 23.0 5.0
18.25 25.46 12.08 6.4 18.0 8.0 8.0 12.0 13.6 4.12 16.64 25.46 16.64 12.53 30.0 0.0 15.26 10.77 25.3 16.28 18.25 4.12 12.08 15.26 6.0 8.0 16.28 6.0 18.44 18.0 16.28 8.0 26.4 18.44 18.0 10.0 8.0 18.44 6.4 0.0 25.46 10.0 6.4 17.2 25.46 12.08 0.0 8.49 18.0 30.0 12.0 25.3 12.08 13.6 26.4 30.0 0.0 25.46 16.28 6.0 18.0 24.33 18.25 4.12 18.44 10.0 12.0 15.26 15.26 10.77 0.0 30.0 12.0 25.46 16.64 8.0 17.2 6.0 4.12 18.44 10.77
21.0 0.0 24.04 26.93 18.0 20.59 20.59 18.97 14.87 22.02 9.85 0.0 9.85 13.89 6.0 25.46 11.18 31.3 11.66 9.22 21.0 22.02 24.04 11.18 21.63 20.59 9.22 21.63 14.0 18.0 9.22 20.59 9.22 14.0 18.0 33.29 20.59 14.0 26.93 25.46 0.0 33.29 26.93 28.28 0.0 24.04 25.46 16.97 18.0 6.0 18.97 11.66 24.04 14.87 9.22 6.0 25.46 0.0 9.22 21.63 18.0 15.23 21.0 22.02 14.0 33.29 18.97 11.18 11.18 31.3 25.46 6.0 18.97 0.0 9.85 20.59 28.28 21.63 22.02 14.0 31.3
28.16 33.29 12.08 6.4 28.0 12.81 12.81 22.0 23.35 11.7 23.6 33.29 23.6 19.42 38.47 10.0 24.35 4.0 34.93 24.6 28.16 11.7 12.08 24.35 16.0 12.81 24.6 16.0 28.28 28.0 24.6 12.81 35.74 28.28 28.0 0.0 12.81 28.28 6.4 10.0 33.29 0.0 6.4 14.0 33.29 12.08 10.0 17.09 28.0 38.47 22.0 34.93 12.08 23.35 35.74 38.47 10.0 33.29 24.6 16.0 28.0 34.23 28.16 11.7 28.28 0.0 22.0 24.35 24.35 4.0 10.0 38.47 22.0 33.29 23.6 12.81 14.0 16.0 11.7 28.28 4.0
24.04 26.93 7.0 0.0 23.35 6.4 6.4 17.46 18.0 6.0 17.2 26.93 17.2 13.04 32.2 6.4 18.44 5.0 29.27 18.38 24.04 6.0 7.0 18.44 11.7 6.4 18.38 11.7 23.0 23.35 18.38 6.4 29.83 23.0 23.35 6.4 6.4 23.0 0.0 6.4 26.93 6.4 0.0 11.18 26.93 7.0 6.4 11.18 23.35 32.2 17.46 29.27 7.0 18.0 29.83 32.2 6.4 26.93 18.38 11.7 23.35 29.0 24.04 6.0 23.0 6.4 17.46 18.44 18.44 5.0 6.4 32.2 17.46 26.93 17.2 6.4 11.18 11.7 6.0 23.0 5.0
32.76 28.28 5.83 11.18 31.3 11.66 11.66 26.08 25.08 14.87 19.0 28.28 19.0 16.28 34.23 17.2 23.77 10.0 34.53 22.2 32.76 14.87 5.83 23.77 21.26 11.66 22.2 21.26 29.73 31.3 22.2 11.66 34.13 29.73 31.3 14.0 11.66 29.73 11.18 17.2 28.28 14.0 11.18 0.0 28.28 5.83 17.2 17.89 31.3 34.23 26.08 34.53 5.83 25.08 34.13 34.23 17.2 28.28 22.2 21.26 31.3 35.44 32.76 14.87 29.73 14.0 26.08 23.77 23.77 10.0 17.2 34.23 26.08 28.28 19.0 11.66 0.0 21.26 14.87 29.73 10.0
21.0 0.0 24.04 26.93 18.0 20.59 20.59 18.97 14.87 22.02 9.85 0.0 9.85 13.89 6.0 25.46 11.18 31.3 11.66 9.22 21.0 22.02 24.04 11.18 21.63 20.59 9.22 21.63 14.0 18.0 9.22 20.59 9.22 14.0 18.0 33.29 20.59 14.0 26.93 25.46 0.0 33.29 26.93 28.28 0.0 24.04 25.46 16.97 18.0 6.0 18.97 11.66 24.04 14.87 9.22 6.0 25.46 0.0 9.22 21.63 18.0 15.23 21.0 22.02 14.0 33.29 18.97 11.18 11.18 31.3 25.46 6.0 18.97 0.0 9.85 20.59 28.28 21.63 22.02 14.0 31.3
26.93 24.04 0.0 7.0 25.5 5.83 5.83 20.25 19.31 9.22 14.32 24.04 14.32 11.0 29.83 12.08 18.25 8.6 29.15 17.0 26.93 9.22 0.0 18.25 15.56 5.83 17.0 15.56 24.04 25.5 17.0 5.83 29.0 24.04 25.5 12.08 5.83 24.04 7.0 12.08 24.04 12.08 7.0 5.83 24.04 0.0 12.08 12.08 25.5 29.83 20.25 29.15 0.0 19.31 29.0 29.83 12.08 24.04 17.0 15.56 25.5 29.83 26.93 9.22 24.04 12.08 20.25 18.25 18.25 8.6 12.08 29.83 20.25 24.04 14.32 5.83 5.83 15.56 9.22 24.04 8.6
18.25 25.46 12.08 6.4 18.0 8.0 8.0 12.0 13.6 4.12 16.64 25.46 16.64 12.53 30.0 0.0 15.26 10.77 25.3 16.28 18.25 4.12 12.08 15.26 6.0 8.0 16.28 6.0 18.44 18.0 16.28 8.0 26.4 18.44 18.0 10.0 8.0 18.44 6.4 0.0 25.46 10.0 6.4 17.2 25.46 12.08 0.0 8.49 18.0 30.0 12.0 25.3 12.08 13.6 26.4 30.0 0.0 25.46 16.28 6.0 18.0 24.33 18.25 4.12 18.44 10.0 12.0 15.26 15.26 10.77 0.0 30.0 12.0 25.46 16.64 8.0 17.2 6.0 4.12 18.44 10.77
15.0 16.97 12.08 11.18 13.42 6.32 6.32 8.49 7.28 5.39 8.54 16.97 8.54 5.0 21.63 8.49 7.28 16.12 18.11 7.81 15.0 5.39 12.08 7.28 6.0 6.32 7.81 6.0 12.17 13.42 7.81 6.32 18.68 12.17 13.42 17.09 6.32 12.17 11.18 8.49 16.97 17.09 11.18 17.89 16.97 12.08 8.49 0.0 13.42 21.63 8.49 18.11 12.08 7.28 18.68 21.63 8.49 16.97 7.81 6.0 13.42 18.11 15.0 5.39 12.17 17.09 8.49 7.28 7.28 16.12 8.49 21.63 8.49 16.97 8.54 6.32 17.89 6.0 5.39 12.17 16.12
3.0 18.0 25.5 23.35 0.0 19.7 19.7 6.0 6.4 17.46 16.64 18.0 16.64 16.28 18.97 18.0 9.43 28.28 10.0 12.53 3.0 17.46 25.5 9.43 12.0 19.7 12.53 12.0 4.0 0.0 12.53 19.7 12.53 4.0 0.0 28.0 19.7 4.0 23.35 18.0 18.0 28.0 23.35 31.3 18.0 25.5 18.0 13.42 0.0 18.97 6.0 10.0 25.5 6.4 12.53 18.97 18.0 18.0 12.53 12.0 0.0 7.21 3.0 17.46 4.0 28.0 6.0 9.43 9.43 28.28 18.0 18.97 6.0 18.0 16.64 19.7 31.3 12.0 17.46 4.0 28.28
21.84 6.0 29.83 32.2 18.97 26.0 26.0 21.63 17.8 26.93 15.52 6.0 15.52 19.31 0.0 30.0 14.87 36.77 10.0 13.89 21.84 26.93 29.83 14.87 25.46 26.0 13.89 25.46 15.23 18.97 13.89 26.0 7.0 15.23 18.97 38.47 26.0 15.23 32.2 30.0 6.0 38.47 32.2 34.23 6.0 29.83 30.0 21.63 18.97 0.0 21.63 10.0 29.83 17.8 7.0 0.0 30.0 6.0 13.89 25.46 18.97 14.0 21.84 26.93 15.23 38.47 21.63 14.87 14.87 36.77 30.0 0.0 21.63 6.0 15.52 26.0 34.23 25.46 26.93 15.23 36.77
6.71 18.97 20.25 17.46 6.0 14.42 14.42 0.0 4.12 11.7 14.32 18.97 14.32 12.53 21.63 12.0 8.06 22.36 14.42 11.0 6.71 11.7 20.25 8.06 6.0 14.42 11.0 6.0 7.21 6.0 11.0 14.42 16.28 7.21 6.0 22.0 14.42 7.21 17.46 12.0 18.97 22.0 17.46 26.08 18.97 20.25 12.0 8.49 6.0 21.63 0.0 14.42 20.25 4.12 16.28 21.63 12.0 18.97 11.0 6.0 6.0 12.65 6.71 11.7 7.21 22.0 0.0 8.06 8.06 22.36 12.0 21.63 0.0 18.97 14.32 14.42 26.08 6.0 11.7 7.21 22.36
12.53 11.66 29.15 29.27 10.0 24.0 24.0 14.42 11.7 23.35 16.16 11.66 16.16 18.25 10.0 25.3 11.0 34.23 0.0 12.37 12.53 23.35 29.15 11.0 19.7 24.0 12.37 19.7 7.21 10.0 12.37 24.0 3.0 7.21 10.0 34.93 24.0 7.21 29.27 25.3 11.66 34.93 29.27 34.53 11.66 29.15 25.3 18.11 10.0 10.0 14.42 0.0 29.15 11.7 3.0 10.0 25.3 11.66 12.37 19.7 10.0 4.0 12.53 23.35 7.21 34.93 14.42 11.0 11.0 34.23 25.3 10.0 14.42 11.66 16.16 24.0 34.53 19.7 23.35 7.21 34.23
26.93 24.04 0.0 7.0 25.5 5.83 5.83 20.25 19.31 9.22 14.32 24.04 14.32 11.0 29.83 12.08 18.25 8.6 29.15 17.0 26.93 9.22 0.0 18.25 15.56 5.83 17.0 15.56 24.04 25.5 17.0 5.83 29.0 24.04 25.5 12.08 5.83 24.04 7.0 12.08 24.04 12.08 7.0 5.83 24.04 0.0 12.08 12.08 25.5 29.83 20.25 29.15 0.0 19.31 29.0 29.83 12.08 24.04 17.0 15.56 25.5 29.83 26.93 9.22 24.04 12.08 20.25 18.25 18.25 8.6 12.08 29.83 20.25 24.04 14.32 5.83 5.83 15.56 9.22 24.04 8.6
8.6 14.87 19.31 18.0 6.4 13.6 13.6 4.12 0.0 12.0 10.77 14.87 10.77 9.9 17.8 13.6 4.0 23.0 11.7 7.07 8.6 12.0 19.31 4.0 8.06 13.6 7.07 8.06 5.0 6.4 7.07 13.6 13.04 5.0 6.4 23.35 13.6 5.0 18.0 13.6 14.87 23.35 18.0 25.08 14.87 19.31 13.6 7.28 6.4 17.8 4.12 11.7 19.31 0.0 13.04 17.8 13.6 14.87 7.07 8.06 6.4 11.0 8.6 12.0 5.0 23.35 4.12 4.0 4.0 23.0 13.6 17.8 4.12 14.87 10.77 13.6 25.08 8.06 12.0 5.0 23.0
15.23 9.22 29.0 29.83 12.53 24.19 24.19 16.28 13.04 24.04 15.3 9.22 15.3 18.0 7.0 26.4 11.4 34.71 3.0 12.0 15.23 24.04 29.0 11.4 21.1 24.19 12.0 21.1 9.22 12.53 12.0 24.19 0.0 9.22 12.53 35.74 24.19 9.22 29.83 26.4 9.22 35.74 29.83 34.13 9.22 29.0 26.4 18.68 12.53 7.0 16.28 3.0 29.0 13.04 0.0 7.0 26.4 9.22 12.0 21.1 12.53 7.0 15.23 24.04 9.22 35.74 16.28 11.4 11.4 34.71 26.4 7.0 16.28 9.22 15.3 24.19 34.13 21.1 24.04 9.22 34.71
21.84 6.0 29.83 32.2 18.97 26.0 26.0 21.63 17.8 26.93 15.52 6.0 15.52 19.31 0.0 30.0 14.87 36.77 10.0 13.89 21.84 26.93 29.83 14.87 25.46 26.0 13.89 25.46 15.23 18.97 13.89 26.0 7.0 15.23 18.97 38.47 26.0 15.23 32.2 30.0 6.0 38.47 32.2 34.23 6.0 29.83 30.0 21.63 18.97 0.0 21.63 10.0 29.83 17.8 7.0 0.0 30.0 6.0 13.89 25.46 18.97 14.0 21.84 26.93 15.23 38.47 21.63 14.87 14.87 36.77 30.0 0.0 21.63 6.0 15.52 26.0 34.23 25.46 26.93 15.23 36.77
18.25 25.46 12.08 6.4 18.0 8.0 8.0 12.0 13.6 4.12 16.64 25.46 16.64 12.53 30.0 0.0 15.26 10.77 25.3 16.28 18.25 4.12 12.08 15.26 6.0 8.0 16.28 6.0 18.44 18.0 16.28 8.0 26.4 18.44 18.0 10.0 8.0 18.44 6.4 0.0 25.46 10.0 6.4 17.2 25.46 12.08 0.0 8.49 18.0 30.0 12.0 25.3 12.08 13.6 26.4 30.0 0.0 25.46 16.28 6.0 18.0 24.33 18.25 4.12 18.44 10.0 12.0 15.26 15.26 10.77 0.0 30.0 12.0 25.46 16.64 8.0 17.2 6.0 4.12 18.44 10.77
21.0 0.0 24.04 26.93 18.0 20.59 20.59 18.97 14.87 22.02 9.85 0.0 9.85 13.89 6.0 25.46 11.18 31.3 11.66 9.22 21.0 22.02 24.04 11.18 21.63 20.59 9.22 21.63 14.0 18.0 9.22 20.59 9.22 14.0 18.0 33.29 20.59 14.0 26.93 25.46 0.0 33.29 26.93 28.28 0.0 24.04 25.46 16.97 18.0 6.0 18.97 11.66 24.04 14.87 9.22 6.0 25.46 0.0 9.22 21.63 18.0 15.23 21.0 22.02 14.0 33.29 18.97 11.18 11.18 31.3 25.46 6.0 18.97 0.0 9.85 20.59 28.28 21.63 22.02 14.0 31.3
15.23 9.22 17.0 18.38 12.53 12.37 12.37 11.0 7.07 13.04 4.24 9.22 4.24 6.0 13.89 16.28 3.16 23.09 12.37 0.0 15.23 13.04 17.0 3.16 12.53 12.37 0.0 12.53 9.22 12.53 0.0 12.37 12.0 9.22 12.53 24.6 12.37 9.22 18.38 16.28 9.22 24.6 18.38 22.2 9.22 17.0 16.28 7.81 12.53 13.89 11.0 12.37 17.0 7.07 12.0 13.89 16.28 9.22 0.0 12.53 12.53 13.89 15.23 13.04 9.22 24.6 11.0 3.16 3.16 23.09 16.28 13.89 11.0 9.22 4.24 12.37 22.2 12.53 13.04 9.22 23.09
12.37 21.63 15.56 11.7 12.0 10.0 10.0 6.0 8.06 6.4 14.32 21.63 14.32 11.0 25.46 6.0 10.63 16.49 19.7 12.53 12.37 6.4 15.56 10.63 0.0 10.0 12.53 0.0 12.65 12.0 12.53 10.0 21.1 12.65 12.0 16.0 10.0 12.65 11.7 6.0 21.63 16.0 11.7 21.26 21.63 15.56 6.0 6.0 12.0 25.46 6.0 19.7 15.56 8.06 21.1 25.46 6.0 21.63 12.53 0.0 12.0 18.44 12.37 6.4 12.65 16.0 6.0 10.63 10.63 16.49 6.0 25.46 6.0 21.63 14.32 10.0 21.26 0.0 6.4 12.65 16.49
3.0 18.0 25.5 23.35 0.0 19.7 19.7 6.0 6.4 17.46 16.64 18.0 16.64 16.28 18.97 18.0 9.43 28.28 10.0 12.53 3.0 17.46 25.5 9.43 12.0 19.7 12.53 12.0 4.0 0.0 12.53 19.7 12.53 4.0 0.0 28.0 19.7 4.0 23.35 18.0 18.0 28.0 23.35 31.3 18.0 25.5 18.0 13.42 0.0 18.97 6.0 10.0 25.5 6.4 12.53 18.97 18.0 18.0 12.53 12.0 0.0 7.21 3.0 17.46 4.0 28.0 6.0 9.43 9.43 28.28 18.0 18.97 6.0 18.0 16.64 19.7 31.3 12.0 17.46 4.0 28.28
9.22 15.23 29.83 29.0 7.21 24.33 24.33 12.65 11.0 23.0 18.03 15.23 18.03 19.31 14.0 24.33 11.7 34.0 4.0 13.89 9.22 23.0 29.83 11.7 18.44 24.33 13.89 18.44 6.0 7.21 13.89 24.33 7.0 6.0 7.21 34.23 24.33 6.0 29.0 24.33 15.23 34.23 29.0 35.44 15.23 29.83 24.33 18.11 7.21 14.0 12.65 4.0 29.83 11.0 7.0 14.0 24.33 15.23 13.89 18.44 7.21 0.0 9.22 23.0 6.0 34.23 12.65 11.7 11.7 34.0 24.33 14.0 12.65 15.23 18.03 24.33 35.44 18.44 23.0 6.0 34.0
0.0 21.0 26.93 24.04 3.0 21.1 21.1 6.71 8.6 18.38 19.24 21.0 19.24 18.44 21.84 18.25 12.08 28.86 12.53 15.23 0.0 18.38 26.93 12.08 12.37 21.1 15.23 12.37 7.0 3.0 15.23 21.1 15.23 7.0 3.0 28.16 21.1 7.0 24.04 18.25 21.0 28.16 24.04 32.76 21.0 26.93 18.25 15.0 3.0 21.84 6.71 12.53 26.93 8.6 15.23 21.84 18.25 21.0 15.23 12.37 3.0 9.22 0.0 18.38 7.0 28.16 6.71 12.08 12.08 28.86 18.25 21.84 6.71 21.0 19.24 21.1 32.76 12.37 18.38 7.0 28.86
18.38 22.02 9.22 6.0 17.46 4.12 4.12 11.7 12.0 0.0 12.81 22.02 12.81 8.6 26.93 4.12 12.65 11.0 23.35 13.04 18.38 0.0 9.22 12.65 6.4 4.12 13.04 6.4 17.0 17.46 13.04 4.12 24.04 17.0 17.46 11.7 4.12 17.0 6.0 4.12 22.02 11.7 6.0 14.87 22.02 9.22 4.12 5.39 17.46 26.93 11.7 23.35 9.22 12.0 24.04 26.93 4.12 22.02 13.04 6.4 17.46 23.0 18.38 0.0 17.0 11.7 11.7 12.65 12.65 11.0 4.12 26.93 11.7 22.02 12.81 4.12 14.87 6.4 0.0 17.0 11.0
7.0 14.0 24.04 23.0 4.0 18.44 18.44 7.21 5.0 17.0 13.45 14.0 13.45 13.89 15.23 18.44 6.4 28.0 7.21 9.22 7.0 17.0 24.04 6.4 12.65 18.44 9.22 12.65 0.0 4.0 9.22 18.44 9.22 0.0 4.0 28.28 18.44 0.0 23.0 18.44 14.0 28.28 23.0 29.73 14.0 24.04 18.44 12.17 4.0 15.23 7.21 7.21 24.04 5.0 9.22 15.23 18.44 14.0 9.22 12.65 4.0 6.0 7.0 17.0 0.0 28.28 7.21 6.4 6.4 28.0 18.44 15.23 7.21 14.0 13.45 18.44 29.73 12.65 17.0 0.0 28.0
28.16 33.29 12.08 6.4 28.0 12.81 12.81 22.0 23.35 11.7 23.6 33.29 23.6 19.42 38.47 10.0 24.35 4.0 34.93 24.6 28.16 11.7 12.08 24.35 16.0 12.81 24.6 16.0 28.28 28.0 24.6 12.81 35.74 28.28 28.0 0.0 12.81 28.28 6.4 10.0 33.29 0.0 6.4 14.0 33.29 12.08 10.0 17.09 28.0 38.47 22.0 34.93 12.08 23.35 35.74 38.47 10.0 33.29 24.6 16.0 28.0 34.23 28.16 11.7 28.28 0.0 22.0 24.35 24.35 4.0 10.0 38.47 22.0 33.29 23.6 12.81 14.0 16.0 11.7 28.28 4.0
6.71 18.97 20.25 17.46 6.0 14.42 14.42 0.0 4.12 11.7 14.32 18.97 14.32 12.53 21.63 12.0 8.06 22.36 14.42 11.0 6.71 11.7 20.25 8.06 6.0 14.42 11.0 6.0 7.21 6.0 11.0 14.42 16.28 7.21 6.0 22.0 14.42 7.21 17.46 12.0 18.97 22.0 17.46 26.08 18.97 20.25 12.0 8.49 6.0 21.63 0.0 14.42 20.25 4.12 16.28 21.63 12.0 18.97 11.0 6.0 6.0 12.65 6.71 11.7 7.21 22.0 0.0 8.06 8.06 22.36 12.0 21.63 0.0 18.97 14.32 14.42 26.08 6.0 11.7 7.21 22.36
12.08 11.18 18.25 18.44 9.43 13.0 13.0 8.06 4.0 12.65 7.21 11.18 7.21 7.62 14.87 15.26 0.0 23.35 11.0 3.16 12.08 12.65 18.25 0.0 10.63 13.0 3.16 10.63 6.4 9.43 3.16 13.0 11.4 6.4 9.43 24.35 13.0 6.4 18.44 15.26 11.18 24.35 18.44 23.77 11.18 18.25 15.26 7.28 9.43 14.87 8.06 11.0 18.25 4.0 11.4 14.87 15.26 11.18 3.16 10.63 9.43 11.7 12.08 12.65 6.4 24.35 8.06 0.0 0.0 23.35 15.26 14.87 8.06 11.18 7.21 13.0 23.77 10.63 12.65 6.4 23.35
12.08 11.18 18.25 18.44 9.43 13.0 13.0 8.06 4.0 12.65 7.21 11.18 7.21 7.62 14.87 15.26 0.0 23.35 11.0 3.16 12.08 12.65 18.25 0.0 10.63 13.0 3.16 10.63 6.4 9.43 3.16 13.0 11.4 6.4 9.43 24.35 13.0 6.4 18.44 15.26 11.18 24.35 18.44 23.77 11.18 18.25 15.26 7.28 9.43 14.87 8.06 11.0 18.25 4.0 11.4 14.87 15.26 11.18 3.16 10.63 9.43 11.7 12.08 12.65 6.4 24.35 8.06 0.0 0.0 23.35 15.26 14.87 8.06 11.18 7.21 13.0 23.77 10.63 12.65 6.4 23.35
28.86 31.3 8.6 5.0 28.28 10.77 10.77 22.36 23.0 11.0 21.47 31.3 21.47 17.46 36.77 10.77 23.35 0.0 34.23 23.09 28.86 11.0 8.6 23.35 16.49 10.77 23.09 16.49 28.0 28.28 23.09 10.77 34.71 28.0 28.28 4.0 10.77 28.0 5.0 10.77 31.3 4.0 5.0 10.0 31.3 8.6 10.77 16.12 28.28 36.77 22.36 34.23 8.6 23.0 34.71 36.77 10.77 31.3 23.09 16.49 28.28 34.0 28.86 11.0 28.0 4.0 22.36 23.35 23.35 0.0 10.77 36.77 22.36 31.3 21.47 10.77 10.0 16.49 11.0 28.0 0.0
18.25 25.46 12.08 6.4 18.0 8.0 8.0 12.0 13.6 4.12 16.64 25.46 16.64 12.53 30.0 0.0 15.26 10.77 25.3 16.28 18.25 4.12 12.08 15.26 6.0 8.0 16.28 6.0 18.44 18.0 16.28 8.0 26.4 18.44 18.0 10.0 8.0 18.44 6.4 0.0 25.46 10.0 6.4 17.2 25.46 12.08 0.0 8.49 18.0 30.0 12.0 25.3 12.08 13.6 26.4 30.0 0.0 25.46 16.28 6.0 18.0 24.33 18.25 4.12 18.44 10.0 12.0 15.26 15.26 10.77 0.0 30.0 12.0 25.46 16.64 8.0 17.2 6.0 4.12 18.44 10.77
21.84 6.0 29.83 32.2 18.97 26.0 26.0 21.63 17.8 26.93 15.52 6.0 15.52 19.31 0.0 30.0 14.87 36.77 10.0 13.89 21.84 26.93 29.83 14.87 25.46 26.0 13.89 25.46 15.23 18.97 13.89 26.0 7.0 15.23 18.97 38.47 26.0 15.23 32.2 30.0 6.0 38.47 32.2 34.23 6.0 29.83 30.0 21.63 18.97 0.0 21.63 10.0 29.83 17.8 7.0 0.0 30.0 6.0 13.89 25.46 18.97 14.0 21.84 26.93 15.23 38.47 21.63 14.87 14.87 36.77 30.0 0.0 21.63 6.0 15.52 26.0 34.23 25.46 26.93 15.23 36.77
6.71 18.97 20.25 17.46 6.0 14.42 14.42 0.0 4.12 11.7 14.32 18.97 14.32 12.53 21.63 12.0 8.06 22.36 14.42 11.0 6.71 11.7 20.25 8.06 6.0 14.42 11.0 6.0 7.21 6.0 11.0 14.42 16.28 7.21 6.0 22.0 14.42 7.21 17.46 12.0 18.97 22.0 17.46 26.08 18.97 20.25 12.0 8.49 6.0 21.63 0.0 14.42 20.25 4.12 16.28 21.63 12.0 18.97 11.0 6.0 6.0 12.65 6.71 11.7 7.21 22.0 0.0 8.06 8.06 22.36 12.0 21.63 0.0 18.97 14.32 14.42 26.08 6.0 11.7 7.21 22.36
21.0 0.0 24.04 26.93 18.0 20.59 20.59 18.97 14.87 22.02 9.85 0.0 9.85 13.89 6.0 25.46 11.18 31.3 11.66 9.22 21.0 22.02 24.04 11.18 21.63 20.59 9.22 21.63 14.0 18.0 9.22 20.59 9.22 14.0 18.0 33.29 20.59 14.0 26.93 25.46 0.0 33.29 26.93 28.28 0.0 24.04 25.46 16.97 18.0 6.0 18.97 11.66 24.04 14.87 9.22 6.0 25.46 0.0 9.22 21.63 18.0 15.23 21.0 22.02 14.0 33.29 18.97 11.18 11.18 31.3 25.46 6.0 18.97 0.0 9.85 20.59 28.28 21.63 22.02 14.0 31.3
19.24 9.85 14.32 17.2 16.64 10.82 10.82 14.32 10.77 12.81 0.0 9.85 0.0 4.24 15.52 16.64 7.21 21.47 16.16 4.24 19.24 12.81 14.32 7.21 14.32 10.82 4.24 14.32 13.45 16.64 4.24 10.82 15.3 13.45 16.64 23.6 10.82 13.45 17.2 16.64 9.85 23.6 17.2 19.0 9.85 14.32 16.64 8.54 16.64 15.52 14.32 16.16 14.32 10.77 15.3 15.52 16.64 9.85 4.24 14.32 16.64 18.03 19.24 12.81 13.45 23.6 14.32 7.21 7.21 21.47 16.64 15.52 14.32 9.85 0.0 10.82 19.0 14.32 12.81 13.45 21.47
21.1 20.59 5.83 6.4 19.7 0.0 0.0 14.42 13.6 4.12 10.82 20.59 10.82 6.71 26.0 8.0 13.0 10.77 24.0 12.37 21.1 4.12 5.83 13.0 10.0 0.0 12.37 10.0 18.44 19.7 12.37 0.0 24.19 18.44 19.7 12.81 0.0 18.44 6.4 8.0 20.59 12.81 6.4 11.66 20.59 5.83 8.0 6.32 19.7 26.0 14.42 24.0 5.83 13.6 24.19 26.0 8.0 20.59 12.37 10.0 19.7 24.33 21.1 4.12 18.44 12.81 14.42 13.0 13.0 10.77 8.0 26.0 14.42 20.59 10.82 0.0 11.66 10.0 4.12 18.44 10.77
32.76 28.28 5.83 11.18 31.3 11.66 11.66 26.08 25.08 14.87 19.0 28.28 19.0 16.28 34.23 17.2 23.77 10.0 34.53 22.2 32.76 14.87 5.83 23.77 21.26 11.66 22.2 21.26 29.73 31.3 22.2 11.66 34.13 29.73 31.3 14.0 11.66 29.73 11.18 17.2 28.28 14.0 11.18 0.0 28.28 5.83 17.2 17.89 31.3 34.23 26.08 34.53 5.83 25.08 34.13 34.23 17.2 28.28 22.2 21.26 31.3 35.44 32.76 14.87 29.73 14.0 26.08 23.77 23.77 10.0 17.2 34.23 26.08 28.28 19.0 11.66 0.0 21.26 14.87 29.73 10.0
12.37 21.63 15.56 11.7 12.0 10.0 10.0 6.0 8.06 6.4 14.32 21.63 14.32 11.0 25.46 6.0 10.63 16.49 19.7 12.53 12.37 6.4 15.56 10.63 0.0 10.0 12.53 0.0 12.65 12.0 12.53 10.0 21.1 12.65 12.0 16.0 10.0 12.65 11.7 6.0 21.63 16.0 11.7 21.26 21.63 15.56 6.0 6.0 12.0 25.46 6.0 19.7 15.56 8.06 21.1 25.46 6.0 21.63 12.53 0.0 12.0 18.44 12.37 6.4 12.65 16.0 6.0 10.63 10.63 16.49 6.0 25.46 6.0 21.63 14.32 10.0 21.26 0.0 6.4 12.65 16.49
18.38 22.02 9.22 6.0 17.46 4.12 4.12 11.7 12.0 0.0 12.81 22.02 12.81 8.6 26.93 4.12 12.65 11.0 23.35 13.04 18.38 0.0 9.22 12.65 6.4 4.12 13.04 6.4 17.0 17.46 13.04 4.12 24.04 17.0 17.46 11.7 4.12 17.0 6.0 4.12 22.02 11.7 6.0 14.87 22.02 9.22 4.12 5.39 17.46 26.93 11.7 23.35 9.22 12.0 24.04 26.93 4.12 22.02 13.04 6.4 17.46 23.0 18.38 0.0 17.0 11.7 11.7 12.65 12.65 11.0 4.12 26.93 11.7 22.02 12.81 4.12 14.87 6.4 0.0 17.0 11.0
7.0 14.0 24.04 23.0 4.0 18.44 18.44 7.21 5.0 17.0 13.45 14.0 13.45 13.89 15.23 18.44 6.4 28.0 7.21 9.22 7.0 17.0 24.04 6.4 12.65 18.44 9.22 12.65 0.0 4.0 9.22 18.44 9.22 0.0 4.0 28.28 18.44 0.0 23.0 18.44 14.0 28.28 23.0 29.73 14.0 24.04 18.44 12.17 4.0 15.23 7.21 7.21 24.04 5.0 9.22 15.23 18.44 14.0 9.22 12.65 4.0 6.0 7.0 17.0 0.0 28.28 7.21 6.4 6.4 28.0 18.44 15.23 7.21 14.0 13.45 18.44 29.73 12.65 17.0 0.0 28.0
28.86 31.3 8.6 5.0 28.28 10.77 10.77 22.36 23.0 11.0 21.47 31.3 21.47 17.46 36.77 10.77 23.35 0.0 34.23 23.09 28.86 11.0 8.6 23.35 16.49 10.77 23.09 16.49 28.0 28.28 23.09 10.77 34.71 28.0 28.28 4.0 10.77 28.0 5.0 10.77 31.3 4.0 5.0 10.0 31.3 8.6 10.77 16.12 28.28 36.77 22.36 34.23 8.6 23.0 34.71 36.77 10.77 31.3 23.09 16.49 28.28 34.0 28.86 11.0 28.0 4.0 22.36 23.35 23.35 0.0 10.77 36.77 22.36 31.3 21.47 10.77 10.0 16.49 11.0 28.0 0.0
