0.0 21.1 18.38 9.22 21.84 18.38 19.24 21.1 18.38 24.04 18.25 15.0 7.0 18.44 21.1 15.0 25.5 9.22 12.08 6.71 0.0
21.1 0.0 4.12 24.33 26.0 4.12 10.82 0.0 4.12 6.4 8.0 6.32 18.44 6.71 0.0 6.32 5.0 24.33 13.0 14.42 21.1
18.38 4.12 0.0 23.0 26.93 0.0 12.81 4.12 0.0 6.0 4.12 5.39 17.0 8.6 4.12 5.39 7.21 23.0 12.65 11.7 18.38
9.22 24.33 23.0 0.0 14.0 23.0 18.03 24.33 23.0 29.0 24.33 18.11 6.0 19.31 24.33 18.11 29.27 0.0 11.7 12.65 9.22
21.84 26.0 26.93 14.0 0.0 26.93 15.52 26.0 26.93 32.2 30.0 21.63 15.23 19.31 26.0 21.63 30.68 14.0 14.87 21.63 21.84
18.38 4.12 0.0 23.0 26.93 0.0 12.81 4.12 0.0 6.0 4.12 5.39 17.0 8.6 4.12 5.39 7.21 23.0 12.65 11.7 18.38
19.24 10.82 12.81 18.03 15.52 12.81 0.0 10.82 12.81 17.2 16.64 8.54 13.45 4.24 10.82 8.54 15.23 18.03 7.21 14.32 19.24
21.1 0.0 4.12 24.33 26.0 4.12 10.82 0.0 4.12 6.4 8.0 6.32 18.44 6.71 0.0 6.32 5.0 24.33 13.0 14.42 21.1
18.38 4.12 0.0 23.0 26.93 0.0 12.81 4.12 0.0 6.0 4.12 5.39 17.0 8.6 4.12 5.39 7.21 23.0 12.65 11.7 18.38
24.04 6.4 6.0 29.0 32.2 6.0 17.2 6.4 6.0 0.0 6.4 11.18 23.0 13.04 6.4 11.18 4.0 29.0 18.44 17.46 24.04
18.25 8.0 4.12 24.33 30.0 4.12 16.64 8.0 4.12 6.4 0.0 8.49 18.44 12.53 8.0 8.49 9.43 24.33 15.26 12.0 18.25
15.0 6.32 5.39 18.11 21.63 5.39 8.54 6.32 5.39 11.18 8.49 0.0 12.17 5.0 6.32 0.0 11.18 18.11 7.28 8.49 15.0
7.0 18.44 17.0 6.0 15.23 17.0 13.45 18.44 17.0 23.0 18.44 12.17 0.0 13.89 18.44 12.17 23.35 6.0 6.4 7.21 7.0
18.44 6.71 8.6 19.31 19.31 8.6 4.24 6.71 8.6 13.04 12.53 5.0 13.89 0.0 6.71 5.0 11.4 19.31 7.62 12.53 18.44
21.1 0.0 4.12 24.33 26.0 4.12 10.82 0.0 4.12 6.4 8.0 6.32 18.44 6.71 0.0 6.32 5.0 24.33 13.0 14.42 21.1
15.0 6.32 5.39 18.11 21.63 5.39 8.54 6.32 5.39 11.18 8.49 0.0 12.17 5.0 6.32 0.0 11.18 18.11 7.28 8.49 15.0
25.5 5.0 7.21 29.27 30.68 7.21 15.23 5.0 7.21 4.0 9.43 11.18 23.35 11.4 5.0 11.18 0.0 29.27 18.0 18.79 25.5
9.22 24.33 23.0 0.0 14.0 23.0 18.03 24.33 23.0 29.0 24.33 18.11 6.0 19.31 24.33 18.11 29.27 0.0 11.7 12.65 9.22
12.08 13.0 12.65 11.7 14.87 12.65 7.21 13.0 12.65 18.44 15.26 7.28 6.4 7.62 13.0 7.28 18.0 11.7 0.0 8.06 12.08
6.71 14.42 11.7 12.65 21.63 11.7 14.32 14.42 11.7 17.46 12.0 8.49 7.21 12.53 14.42 8.49 18.79 12.65 8.06 0.0 6.71
0.0 21.1 18.38 9.22 21.84 18.38 19.24 21.1 18.38 24.04 18.25 15.0 7.0 18.44 21.1 15.0 25.5 9.22 12.08 6.71 0.0
