0.0 0.0 15.23 18.25 21.84 24.04 12.37 18.38 15.23 0.0 18.44 18.25 9.22 32.76 24.04 24.04 28.86 18.44 6.71 28.16 6.71 28.16 15.0 7.0 19.24 18.44 12.08 18.03 21.84 25.5 15.23 6.71 18.44 8.6 18.25 3.0 24.04 6.71 28.86 21.1 32.76 28.86 32.76 18.44 18.25 19.24 9.22 7.0 21.0 18.25 24.04 0.0 12.53 18.44 18.25 8.6 15.23 21.0 21.1 28.86 28.86
0.0 0.0 15.23 18.25 21.84 24.04 12.37 18.38 15.23 0.0 18.44 18.25 9.22 32.76 24.04 24.04 28.86 18.44 6.71 28.16 6.71 28.16 15.0 7.0 19.24 18.44 12.08 18.03 21.84 25.5 15.23 6.71 18.44 8.6 18.25 3.0 24.04 6.71 28.86 21.1 32.76 28.86 32.76 18.44 18.25 19.24 9.22 7.0 21.0 18.25 24.04 0.0 12.53 18.44 18.25 8.6 15.23 21.0 21.1 28.86 28.86
15.23 15.23 0.0 26.4 7.0 29.83 21.1 24.04 0.0 15.23 18.0 26.4 7.0 34.13 29.83 29.83 34.71 18.0 16.28 35.74 16.28 35.74 18.68 9.22 15.3 18.0 11.4 3.0 7.0 29.15 12.0 16.28 18.0 13.04 26.4 12.53 29.83 16.28 34.71 24.19 34.13 34.71 34.13 18.0 26.4 15.3 7.0 9.22 9.22 26.4 29.83 15.23 3.0 18.0 26.4 13.04 0.0 9.22 24.19 34.71 34.71
18.25 18.25 26.4 0.0 30.0 6.4 6.0 4.12 26.4 18.25 12.53 0.0 24.33 17.2 6.4 6.4 10.77 12.53 12.0 10.0 12.0 10.0 8.49 18.44 16.64 12.53 15.26 27.78 30.0 9.43 16.28 12.0 12.53 13.6 0.0 18.0 6.4 12.0 10.77 8.0 17.2 10.77 17.2 12.53 0.0 16.64 24.33 18.44 25.46 0.0 6.4 18.25 25.3 12.53 0.0 13.6 26.4 25.46 8.0 10.77 10.77
21.84 21.84 7.0 30.0 0.0 32.2 25.46 26.93 7.0 21.84 19.31 30.0 14.0 34.23 32.2 32.2 36.77 19.31 21.63 38.47 21.63 38.47 21.63 15.23 15.52 19.31 14.87 4.0 0.0 30.68 13.89 21.63 19.31 17.8 30.0 18.97 32.2 21.63 36.77 26.0 34.23 36.77 34.23 19.31 30.0 15.52 14.0 15.23 6.0 30.0 32.2 21.84 10.0 19.31 30.0 17.8 7.0 6.0 26.0 36.77 36.77
24.04 24.04 29.83 6.4 32.2 0.0 11.7 6.0 29.83 24.04 13.04 6.4 29.0 11.18 0.0 0.0 5.0 13.04 17.46 6.4 17.46 6.4 11.18 23.0 17.2 13.04 18.44 30.68 32.2 4.0 18.38 17.46 13.04 18.0 6.4 23.35 0.0 17.46 5.0 6.4 11.18 5.0 11.18 13.04 6.4 17.2 29.0 23.0 26.93 6.4 0.0 24.04 29.27 13.04 6.4 18.0 29.83 26.93 6.4 5.0 5.0
12.37 12.37 21.1 6.0 25.46 11.7 0.0 6.4 21.1 12.37 11.0 6.0 18.44 21.26 11.7 11.7 16.49 11.0 6.0 16.0 6.0 16.0 6.0 12.65 14.32 11.0 10.63 22.8 25.46 13.6 12.53 6.0 11.0 8.06 6.0 12.0 11.7 6.0 16.49 10.0 21.26 16.49 21.26 11.0 6.0 14.32 18.44 12.65 21.63 6.0 11.7 12.37 19.7 11.0 6.0 8.06 21.1 21.63 10.0 16.49 16.49
18.38 18.38 24.04 4.12 26.93 6.0 6.4 0.0 24.04 18.38 8.6 4.12 23.0 14.87 6.0 6.0 11.0 8.6 11.7 11.7 11.7 11.7 5.39 17.0 12.81 8.6 12.65 25.08 26.93 7.21 13.04 11.7 8.6 12.0 4.12 17.46 6.0 11.7 11.0 4.12 14.87 11.0 14.87 8.6 4.12 12.81 23.0 17.0 22.02 4.12 6.0 18.38 23.35 8.6 4.12 12.0 24.04 22.02 4.12 11.0 11.0
15.23 15.23 0.0 26.4 7.0 29.83 21.1 24.04 0.0 15.23 18.0 26.4 7.0 34.13 29.83 29.83 34.71 18.0 16.28 35.74 16.28 35.74 18.68 9.22 15.3 18.0 11.4 3.0 7.0 29.15 12.0 16.28 18.0 13.04 26.4 12.53 29.83 16.28 34.71 24.19 34.13 34.71 34.13 18.0 26.4 15.3 7.0 9.22 9.22 26.4 29.83 15.23 3.0 18.0 26.4 13.04 0.0 9.22 24.19 34.71 34.71
0.0 0.0 15.23 18.25 21.84 24.04 12.37 18.38 15.23 0.0 18.44 18.25 9.22 32.76 24.04 24.04 28.86 18.44 6.71 28.16 6.71 28.16 15.0 7.0 19.24 18.44 12.08 18.03 21.84 25.5 15.23 6.71 18.44 8.6 18.25 3.0 24.04 6.71 28.86 21.1 32.76 28.86 32.76 18.44 18.25 19.24 9.22 7.0 21.0 18.25 24.04 0.0 12.53 18.44 18.25 8.6 15.23 21.0 21.1 28.86 28.86
18.44 18.44 18.0 12.53 19.31 13.04 11.0 8.6 18.0 18.44 0.0 12.53 19.31 16.28 13.04 13.04 17.46 0.0 12.53 19.42 12.53 19.42 5.0 13.89 4.24 0.0 7.62 18.25 19.31 11.4 6.0 12.53 0.0 9.9 12.53 16.28 13.04 12.53 17.46 6.71 16.28 17.46 16.28 0.0 12.53 4.24 19.31 13.89 13.89 12.53 13.04 18.44 18.25 0.0 12.53 9.9 18.0 13.89 6.71 17.46 17.46
18.25 18.25 26.4 0.0 30.0 6.4 6.0 4.12 26.4 18.25 12.53 0.0 24.33 17.2 6.4 6.4 10.77 12.53 12.0 10.0 12.0 10.0 8.49 18.44 16.64 12.53 15.26 27.78 30.0 9.43 16.28 12.0 12.53 13.6 0.0 18.0 6.4 12.0 10.77 8.0 17.2 10.77 17.2 12.53 0.0 16.64 24.33 18.44 25.46 0.0 6.4 18.25 25.3 12.53 0.0 13.6 26.4 25.46 8.0 10.77 10.77
9.22 9.22 7.0 24.33 14.0 29.0 18.44 23.0 7.0 9.22 19.31 24.33 0.0 35.44 29.0 29.0 34.0 19.31 12.65 34.23 12.65 34.23 18.11 6.0 18.03 19.31 11.7 10.0 14.0 29.27 13.89 12.65 19.31 11.0 24.33 7.21 29.0 12.65 34.0 24.33 35.44 34.0 35.44 19.31 24.33 18.03 0.0 6.0 15.23 24.33 29.0 9.22 4.0 19.31 24.33 11.0 7.0 15.23 24.33 34.0 34.0
32.76 32.76 34.13 17.2 34.23 11.18 21.26 14.87 34.13 32.76 16.28 17.2 35.44 0.0 11.18 11.18 10.0 16.28 26.08 14.0 26.08 14.0 17.89 29.73 19.0 16.28 23.77 34.0 34.23 7.81 22.2 26.08 16.28 25.08 17.2 31.3 11.18 26.08 10.0 11.66 0.0 10.0 0.0 16.28 17.2 19.0 35.44 29.73 28.28 17.2 11.18 32.76 34.53 16.28 17.2 25.08 34.13 28.28 11.66 10.0 10.0
24.04 24.04 29.83 6.4 32.2 0.0 11.7 6.0 29.83 24.04 13.04 6.4 29.0 11.18 0.0 0.0 5.0 13.04 17.46 6.4 17.46 6.4 11.18 23.0 17.2 13.04 18.44 30.68 32.2 4.0 18.38 17.46 13.04 18.0 6.4 23.35 0.0 17.46 5.0 6.4 11.18 5.0 11.18 13.04 6.4 17.2 29.0 23.0 26.93 6.4 0.0 24.04 29.27 13.04 6.4 18.0 29.83 26.93 6.4 5.0 5.0
24.04 24.04 29.83 6.4 32.2 0.0 11.7 6.0 29.83 24.04 13.04 6.4 29.0 11.18 0.0 0.0 5.0 13.04 17.46 6.4 17.46 6.4 11.18 23.0 17.2 13.04 18.44 30.68 32.2 4.0 18.38 17.46 13.04 18.0 6.4 23.35 0.0 17.46 5.0 6.4 11.18 5.0 11.18 13.04 6.4 17.2 29.0 23.0 26.93 6.4 0.0 24.04 29.27 13.04 6.4 18.0 29.83 26.93 6.4 5.0 5.0
28.86 28.86 34.71 10.77 36.77 5.0 16.49 11.0 34.71 28.86 17.46 10.77 34.0 10.0 5.0 5.0 0.0 17.46 22.36 4.0 22.36 4.0 16.12 28.0 21.47 17.46 23.35 35.44 36.77 6.4 23.09 22.36 17.46 23.0 10.77 28.28 5.0 22.36 0.0 10.77 10.0 0.0 10.0 17.46 10.77 21.47 34.0 28.0 31.3 10.77 5.0 28.86 34.23 17.46 10.77 23.0 34.71 31.3 10.77 0.0 0.0
18.44 18.44 18.0 12.53 19.31 13.04 11.0 8.6 18.0 18.44 0.0 12.53 19.31 16.28 13.04 13.04 17.46 0.0 12.53 19.42 12.53 19.42 5.0 13.89 4.24 0.0 7.62 18.25 19.31 11.4 6.0 12.53 0.0 9.9 12.53 16.28 13.04 12.53 17.46 6.71 16.28 17.46 16.28 0.0 12.53 4.24 19.31 13.89 13.89 12.53 13.04 18.44 18.25 0.0 12.53 9.9 18.0 13.89 6.71 17.46 17.46
6.71 6.71 16.28 12.0 21.63 17.46 6.0 11.7 16.28 6.71 12.53 12.0 12.65 26.08 17.46 17.46 22.36 12.53 0.0 22.0 0.0 22.0 8.49 7.21 14.32 12.53 8.06 18.44 21.63 18.79 11.0 0.0 12.53 4.12 12.0 6.0 17.46 0.0 22.36 14.42 26.08 22.36 26.08 12.53 12.0 14.32 12.65 7.21 18.97 12.0 17.46 6.71 14.42 12.53 12.0 4.12 16.28 18.97 14.42 22.36 22.36
28.16 28.16 35.74 10.0 38.47 6.4 16.0 11.7 35.74 28.16 19.42 10.0 34.23 14.0 6.4 6.4 4.0 19.42 22.0 0.0 22.0 0.0 17.09 28.28 23.6 19.42 24.35 36.77 38.47 9.43 24.6 22.0 19.42 23.35 10.0 28.0 6.4 22.0 4.0 12.81 14.0 4.0 14.0 19.42 10.0 23.6 34.23 28.28 33.29 10.0 6.4 28.16 34.93 19.42 10.0 23.35 35.74 33.29 12.81 4.0 4.0
6.71 6.71 16.28 12.0 21.63 17.46 6.0 11.7 16.28 6.71 12.53 12.0 12.65 26.08 17.46 17.46 22.36 12.53 0.0 22.0 0.0 22.0 8.49 7.21 14.32 12.53 8.06 18.44 21.63 18.79 11.0 0.0 12.53 4.12 12.0 6.0 17.46 0.0 22.36 14.42 26.08 22.36 26.08 12.53 12.0 14.32 12.65 7.21 18.97 12.0 17.46 6.71 14.42 12.53 12.0 4.12 16.28 18.97 14.42 22.36 22.36
28.16 28.16 35.74 10.0 38.47 6.4 16.0 11.7 35.74 28.16 19.42 10.0 34.23 14.0 6.4 6.4 4.0 19.42 22.0 0.0 22.0 0.0 17.09 28.28 23.6 19.42 24.35 36.77 38.47 9.43 24.6 22.0 19.42 23.35 10.0 28.0 6.4 22.0 4.0 12.81 14.0 4.0 14.0 19.42 10.0 23.6 34.23 28.28 33.29 10.0 6.4 28.16 34.93 19.42 10.0 23.35 35.74 33.29 12.81 4.0 4.0
15.0 15.0 18.68 8.49 21.63 11.18 6.0 5.39 18.68 15.0 5.0 8.49 18.11 17.89 11.18 11.18 16.12 5.0 8.49 17.09 8.49 17.09 0.0 12.17 8.54 5.0 7.28 19.7 21.63 11.18 7.81 8.49 5.0 7.28 8.49 13.42 11.18 8.49 16.12 6.32 17.89 16.12 17.89 5.0 8.49 8.54 18.11 12.17 16.97 8.49 11.18 15.0 18.11 5.0 8.49 7.28 18.68 16.97 6.32 16.12 16.12
7.0 7.0 9.22 18.44 15.23 23.0 12.65 17.0 9.22 7.0 13.89 18.44 6.0 29.73 23.0 23.0 28.0 13.89 7.21 28.28 7.21 28.28 12.17 0.0 13.45 13.89 6.4 11.66 15.23 23.35 9.22 7.21 13.89 5.0 18.44 4.0 23.0 7.21 28.0 18.44 29.73 28.0 29.73 13.89 18.44 13.45 6.0 0.0 14.0 18.44 23.0 7.0 7.21 13.89 18.44 5.0 9.22 14.0 18.44 28.0 28.0
19.24 19.24 15.3 16.64 15.52 17.2 14.32 12.81 15.3 19.24 4.24 16.64 18.03 19.0 17.2 17.2 21.47 4.24 14.32 23.6 14.32 23.6 8.54 13.45 0.0 4.24 7.21 15.0 15.52 15.23 4.24 14.32 4.24 10.77 16.64 16.64 17.2 14.32 21.47 10.82 19.0 21.47 19.0 4.24 16.64 0.0 18.03 13.45 9.85 16.64 17.2 19.24 16.16 4.24 16.64 10.77 15.3 9.85 10.82 21.47 21.47
18.44 18.44 18.0 12.53 19.31 13.04 11.0 8.6 18.0 18.44 0.0 12.53 19.31 16.28 13.04 13.04 17.46 0.0 12.53 19.42 12.53 19.42 5.0 13.89 4.24 0.0 7.62 18.25 19.31 11.4 6.0 12.53 0.0 9.9 12.53 16.28 13.04 12.53 17.46 6.71 16.28 17.46 16.28 0.0 12.53 4.24 19.31 13.89 13.89 12.53 13.04 18.44 18.25 0.0 12.53 9.9 18.0 13.89 6.71 17.46 17.46
12.08 12.08 11.4 15.26 14.87 18.44 10.63 12.65 11.4 12.08 7.62 15.26 11.7 23.77 18.44 18.44 23.35 7.62 8.06 24.35 8.06 24.35 7.28 6.4 7.21 7.62 0.0 12.53 14.87 18.0 3.16 8.06 7.62 4.0 15.26 9.43 18.44 8.06 23.35 13.0 23.77 23.35 23.77 7.62 15.26 7.21 11.7 6.4 11.18 15.26 18.44 12.08 11.0 7.62 15.26 4.0 11.4 11.18 13.0 23.35 23.35
18.03 18.03 3.0 27.78 4.0 30.68 22.8 25.08 3.0 18.03 18.25 27.78 10.0 34.0 30.68 30.68 35.44 18.25 18.44 36.77 18.44 36.77 19.7 11.66 15.0 18.25 12.53 0.0 4.0 29.61 12.37 18.44 18.25 14.87 27.78 15.23 30.68 18.44 35.44 24.74 34.0 35.44 34.0 18.25 27.78 15.0 10.0 11.66 7.21 27.78 30.68 18.03 6.0 18.25 27.78 14.87 3.0 7.21 24.74 35.44 35.44
21.84 21.84 7.0 30.0 0.0 32.2 25.46 26.93 7.0 21.84 19.31 30.0 14.0 34.23 32.2 32.2 36.77 19.31 21.63 38.47 21.63 38.47 21.63 15.23 15.52 19.31 14.87 4.0 0.0 30.68 13.89 21.63 19.31 17.8 30.0 18.97 32.2 21.63 36.77 26.0 34.23 36.77 34.23 19.31 30.0 15.52 14.0 15.23 6.0 30.0 32.2 21.84 10.0 19.31 30.0 17.8 7.0 6.0 26.0 36.77 36.77
25.5 25.5 29.15 9.43 30.68 4.0 13.6 7.21 29.15 25.5 11.4 9.43 29.27 7.81 4.0 4.0 6.4 11.4 18.79 9.43 18.79 9.43 11.18 23.35 15.23 11.4 18.0 29.61 30.68 0.0 17.26 18.79 11.4 18.44 9.43 24.35 4.0 18.79 6.4 5.0 7.81 6.4 7.81 11.4 9.43 15.23 29.27 23.35 25.08 9.43 4.0 25.5 29.0 11.4 9.43 18.44 29.15 25.08 5.0 6.4 6.4
15.23 15.23 12.0 16.28 13.89 18.38 12.53 13.04 12.0 15.23 6.0 16.28 13.89 22.2 18.38 18.38 23.09 6.0 11.0 24.6 11.0 24.6 7.81 9.22 4.24 6.0 3.16 12.37 13.89 17.26 0.0 11.0 6.0 7.07 16.28 12.53 18.38 11.0 23.09 12.37 22.2 23.09 22.2 6.0 16.28 4.24 13.89 9.22 9.22 16.28 18.38 15.23 12.37 6.0 16.28 7.07 12.0 9.22 12.37 23.09 23.09
6.71 6.71 16.28 12.0 21.63 17.46 6.0 11.7 16.28 6.71 12.53 12.0 12.65 26.08 17.46 17.46 22.36 12.53 0.0 22.0 0.0 22.0 8.49 7.21 14.32 12.53 8.06 18.44 21.63 18.79 11.0 0.0 12.53 4.12 12.0 6.0 17.46 0.0 22.36 14.42 26.08 22.36 26.08 12.53 12.0 14.32 12.65 7.21 18.97 12.0 17.46 6.71 14.42 12.53 12.0 4.12 16.28 18.97 14.42 22.36 22.36
18.44 18.44 18.0 12.53 19.31 13.04 11.0 8.6 18.0 18.44 0.0 12.53 19.31 16.28 13.04 13.04 17.46 0.0 12.53 19.42 12.53 19.42 5.0 13.89 4.24 0.0 7.62 18.25 19.31 11.4 6.0 12.53 0.0 9.9 12.53 16.28 13.04 12.53 17.46 6.71 16.28 17.46 16.28 0.0 12.53 4.24 19.31 13.89 13.89 12.53 13.04 18.44 18.25 0.0 12.53 9.9 18.0 13.89 6.71 17.46 17.46
8.6 8.6 13.04 13.6 17.8 18.0 8.06 12.0 13.04 8.6 9.9 13.6 11.0 25.08 18.0 18.0 23.0 9.9 4.12 23.35 4.12 23.35 7.28 5.0 10.77 9.9 4.0 14.87 17.8 18.44 7.07 4.12 9.9 0.0 13.6 6.4 18.0 4.12 23.0 13.6 25.08 23.0 25.08 9.9 13.6 10.77 11.0 5.0 14.87 13.6 18.0 8.6 11.7 9.9 13.6 0.0 13.04 14.87 13.6 23.0 23.0
18.25 18.25 26.4 0.0 30.0 6.4 6.0 4.12 26.4 18.25 12.53 0.0 24.33 17.2 6.4 6.4 10.77 12.53 12.0 10.0 12.0 10.0 8.49 18.44 16.64 12.53 15.26 27.78 30.0 9.43 16.28 12.0 12.53 13.6 0.0 18.0 6.4 12.0 10.77 8.0 17.2 10.77 17.2 12.53 0.0 16.64 24.33 18.44 25.46 0.0 6.4 18.25 25.3 12.53 0.0 13.6 26.4 25.46 8.0 10.77 10.77
3.0 3.0 12.53 18.0 18.97 23.35 12.0 17.46 12.53 3.0 16.28 18.0 7.21 31.3 23.35 23.35 28.28 16.28 6.0 28.0 6.0 28.0 13.42 4.0 16.64 16.28 9.43 15.23 18.97 24.35 12.53 6.0 16.28 6.4 18.0 0.0 23.35 6.0 28.28 19.7 31.3 28.28 31.3 16.28 18.0 16.64 7.21 4.0 18.0 18.0 23.35 3.0 10.0 16.28 18.0 6.4 12.53 18.0 19.7 28.28 28.28
24.04 24.04 29.83 6.4 32.2 0.0 11.7 6.0 29.83 24.04 13.04 6.4 29.0 11.18 0.0 0.0 5.0 13.04 17.46 6.4 17.46 6.4 11.18 23.0 17.2 13.04 18.44 30.68 32.2 4.0 18.38 17.46 13.04 18.0 6.4 23.35 0.0 17.46 5.0 6.4 11.18 5.0 11.18 13.04 6.4 17.2 29.0 23.0 26.93 6.4 0.0 24.04 29.27 13.04 6.4 18.0 29.83 26.93 6.4 5.0 5.0
6.71 6.71 16.28 12.0 21.63 17.46 6.0 11.7 16.28 6.71 12.53 12.0 12.65 26.08 17.46 17.46 22.36 12.53 0.0 22.0 0.0 22.0 8.49 7.21 14.32 12.53 8.06 18.44 21.63 18.79 11.0 0.0 12.53 4.12 12.0 6.0 17.46 0.0 22.36 14.42 26.08 22.36 26.08 12.53 12.0 14.32 12.65 7.21 18.97 12.0 17.46 6.71 14.42 12.53 12.0 4.12 16.28 18.97 14.42 22.36 22.36
28.86 28.86 34.71 10.77 36.77 5.0 16.49 11.0 34.71 28.86 17.46 10.77 34.0 10.0 5.0 5.0 0.0 17.46 22.36 4.0 22.36 4.0 16.12 28.0 21.47 17.46 23.35 35.44 36.77 6.4 23.09 22.36 17.46 23.0 10.77 28.28 5.0 22.36 0.0 10.77 10.0 0.0 10.0 17.46 10.77 21.47 34.0 28.0 31.3 10.77 5.0 28.86 34.23 17.46 10.77 23.0 34.71 31.3 10.77 0.0 0.0
21.1 21.1 24.19 8.0 26.0 6.4 10.0 4.12 24.19 21.1 6.71 8.0 24.33 11.66 6.4 6.4 10.77 6.71 14.42 12.81 14.42 12.81 6.32 18.44 10.82 6.71 13.0 24.74 26.0 5.0 12.37 14.42 6.71 13.6 8.0 19.7 6.4 14.42 10.77 0.0 11.66 10.77 11.66 6.71 8.0 10.82 24.33 18.44 20.59 8.0 6.4 21.1 24.0 6.71 8.0 13.6 24.19 20.59 0.0 10.77 10.77
32.76 32.76 34.13 17.2 34.23 11.18 21.26 14.87 34.13 32.76 16.28 17.2 35.44 0.0 11.18 11.18 10.0 16.28 26.08 14.0 26.08 14.0 17.89 29.73 19.0 16.28 23.77 34.0 34.23 7.81 22.2 26.08 16.28 25.08 17.2 31.3 11.18 26.08 10.0 11.66 0.0 10.0 0.0 16.28 17.2 19.0 35.44 29.73 28.28 17.2 11.18 32.76 34.53 16.28 17.2 25.08 34.13 28.28 11.66 10.0 10.0
28.86 28.86 34.71 10.77 36.77 5.0 16.49 11.0 34.71 28.86 17.46 10.77 34.0 10.0 5.0 5.0 0.0 17.46 22.36 4.0 22.36 4.0 16.12 28.0 21.47 17.46 23.35 35.44 36.77 6.4 23.09 22.36 17.46 23.0 10.77 28.28 5.0 22.36 0.0 10.77 10.0 0.0 10.0 17.46 10.77 21.47 34.0 28.0 31.3 10.77 5.0 28.86 34.23 17.46 10.77 23.0 34.71 31.3 10.77 0.0 0.0
32.76 32.76 34.13 17.2 34.23 11.18 21.26 14.87 34.13 32.76 16.28 17.2 35.44 0.0 11.18 11.18 10.0 16.28 26.08 14.0 26.08 14.0 17.89 29.73 19.0 16.28 23.77 34.0 34.23 7.81 22.2 26.08 16.28 25.08 17.2 31.3 11.18 26.08 10.0 11.66 0.0 10.0 0.0 16.28 17.2 19.0 35.44 29.73 28.28 17.2 11.18 32.76 34.53 16.28 17.2 25.08 34.13 28.28 11.66 10.0 10.0
18.44 18.44 18.0 12.53 19.31 13.04 11.0 8.6 18.0 18.44 0.0 12.53 19.31 16.28 13.04 13.04 17.46 0.0 12.53 19.42 12.53 19.42 5.0 13.89 4.24 0.0 7.62 18.25 19.31 11.4 6.0 12.53 0.0 9.9 12.53 16.28 13.04 12.53 17.46 6.71 16.28 17.46 16.28 0.0 12.53 4.24 19.31 13.89 13.89 12.53 13.04 18.44 18.25 0.0 12.53 9.9 18.0 13.89 6.71 17.46 17.46
18.25 18.25 26.4 0.0 30.0 6.4 6.0 4.12 26.4 18.25 12.53 0.0 24.33 17.2 6.4 6.4 10.77 12.53 12.0 10.0 12.0 10.0 8.49 18.44 16.64 12.53 15.26 27.78 30.0 9.43 16.28 12.0 12.53 13.6 0.0 18.0 6.4 12.0 10.77 8.0 17.2 10.77 17.2 12.53 0.0 16.64 24.33 18.44 25.46 0.0 6.4 18.25 25.3 12.53 0.0 13.6 26.4 25.46 8.0 10.77 10.77
19.24 19.24 15.3 16.64 15.52 17.2 14.32 12.81 15.3 19.24 4.24 16.64 18.03 19.0 17.2 17.2 21.47 4.24 14.32 23.6 14.32 23.6 8.54 13.45 0.0 4.24 7.21 15.0 15.52 15.23 4.24 14.32 4.24 10.77 16.64 16.64 17.2 14.32 21.47 10.82 19.0 21.47 19.0 4.24 16.64 0.0 18.03 13.45 9.85 16.64 17.2 19.24 16.16 4.24 16.64 10.77 15.3 9.85 10.82 21.47 21.47
9.22 9.22 7.0 24.33 14.0 29.0 18.44 23.0 7.0 9.22 19.31 24.33 0.0 35.44 29.0 29.0 34.0 19.31 12.65 34.23 12.65 34.23 18.11 6.0 18.03 19.31 11.7 10.0 14.0 29.27 13.89 12.65 19.31 11.0 24.33 7.21 29.0 12.65 34.0 24.33 35.44 34.0 35.44 19.31 24.33 18.03 0.0 6.0 15.23 24.33 29.0 9.22 4.0 19.31 24.33 11.0 7.0 15.23 24.33 34.0 34.0
7.0 7.0 9.22 18.44 15.23 23.0 12.65 17.0 9.22 7.0 13.89 18.44 6.0 29.73 23.0 23.0 28.0 13.89 7.21 28.28 7.21 28.28 12.17 0.0 13.45 13.89 6.4 11.66 15.23 23.35 9.22 7.21 13.89 5.0 18.44 4.0 23.0 7.21 28.0 18.44 29.73 28.0 29.73 13.89 18.44 13.45 6.0 0.0 14.0 18.44 23.0 7.0 7.21 13.89 18.44 5.0 9.22 14.0 18.44 28.0 28.0
21.0 21.0 9.22 25.46 6.0 26.93 21.63 22.02 9.22 21.0 13.89 25.46 15.23 28.28 26.93 26.93 31.3 13.89 18.97 33.29 18.97 33.29 16.97 14.0 9.85 13.89 11.18 7.21 6.0 25.08 9.22 18.97 13.89 14.87 25.46 18.0 26.93 18.97 31.3 20.59 28.28 31.3 28.28 13.89 25.46 9.85 15.23 14.0 0.0 25.46 26.93 21.0 11.66 13.89 25.46 14.87 9.22 0.0 20.59 31.3 31.3
18.25 18.25 26.4 0.0 30.0 6.4 6.0 4.12 26.4 18.25 12.53 0.0 24.33 17.2 6.4 6.4 10.77 12.53 12.0 10.0 12.0 10.0 8.49 18.44 16.64 12.53 15.26 27.78 30.0 9.43 16.28 12.0 12.53 13.6 0.0 18.0 6.4 12.0 10.77 8.0 17.2 10.77 17.2 12.53 0.0 16.64 24.33 18.44 25.46 0.0 6.4 18.25 25.3 12.53 0.0 13.6 26.4 25.46 8.0 10.77 10.77
24.04 24.04 29.83 6.4 32.2 0.0 11.7 6.0 29.83 24.04 13.04 6.4 29.0 11.18 0.0 0.0 5.0 13.04 17.46 6.4 17.46 6.4 11.18 23.0 17.2 13.04 18.44 30.68 32.2 4.0 18.38 17.46 13.04 18.0 6.4 23.35 0.0 17.46 5.0 6.4 11.18 5.0 11.18 13.04 6.4 17.2 29.0 23.0 26.93 6.4 0.0 24.04 29.27 13.04 6.4 18.0 29.83 26.93 6.4 5.0 5.0
0.0 0.0 15.23 18.25 21.84 24.04 12.37 18.38 15.23 0.0 18.44 18.25 9.22 32.76 24.04 24.04 28.86 18.44 6.71 28.16 6.71 28.16 15.0 7.0 19.24 18.44 12.08 18.03 21.84 25.5 15.23 6.71 18.44 8.6 18.25 3.0 24.04 6.71 28.86 21.1 32.76 28.86 32.76 18.44 18.25 19.24 9.22 7.0 21.0 18.25 24.04 0.0 12.53 18.44 18.25 8.6 15.23 21.0 21.1 28.86 28.86
12.53 12.53 3.0 25.3 10.0 29.27 19.7 23.35 3.0 12.53 18.25 25.3 4.0 34.53 29.27 29.27 34.23 18.25 14.42 34.93 14.42 34.93 18.11 7.21 16.16 18.25 11.0 6.0 10.0 29.0 12.37 14.42 18.25 11.7 25.3 10.0 29.27 14.42 34.23 24.0 34.53 34.23 34.53 18.25 25.3 16.16 4.0 7.21 11.66 25.3 29.27 12.53 0.0 18.25 25.3 11.7 3.0 11.66 24.0 34.23 34.23
18.44 18.44 18.0 12.53 19.31 13.04 11.0 8.6 18.0 18.44 0.0 12.53 19.31 16.28 13.04 13.04 17.46 0.0 12.53 19.42 12.53 19.42 5.0 13.89 4.24 0.0 7.62 18.25 19.31 11.4 6.0 12.53 0.0 9.9 12.53 16.28 13.04 12.53 17.46 6.71 16.28 17.46 16.28 0.0 12.53 4.24 19.31 13.89 13.89 12.53 13.04 18.44 18.25 0.0 12.53 9.9 18.0 13.89 6.71 17.46 17.46
18.25 18.25 26.4 0.0 30.0 6.4 6.0 4.12 26.4 18.25 12.53 0.0 24.33 17.2 6.4 6.4 10.77 12.53 12.0 10.0 12.0 10.0 8.49 18.44 16.64 12.53 15.26 27.78 30.0 9.43 16.28 12.0 12.53 13.6 0.0 18.0 6.4 12.0 10.77 8.0 17.2 10.77 17.2 12.53 0.0 16.64 24.33 18.44 25.46 0.0 6.4 18.25 25.3 12.53 0.0 13.6 26.4 25.46 8.0 10.77 10.77
8.6 8.6 13.04 13.6 17.8 18.0 8.06 12.0 13.04 8.6 9.9 13.6 11.0 25.08 18.0 18.0 23.0 9.9 4.12 23.35 4.12 23.35 7.28 5.0 10.77 9.9 4.0 14.87 17.8 18.44 7.07 4.12 9.9 0.0 13.6 6.4 18.0 4.12 23.0 13.6 25.08 23.0 25.08 9.9 13.6 10.77 11.0 5.0 14.87 13.6 18.0 8.6 11.7 9.9 13.6 0.0 13.04 14.87 13.6 23.0 23.0
15.23 15.23 0.0 26.4 7.0 29.83 21.1 24.04 0.0 15.23 18.0 26.4 7.0 34.13 29.83 29.83 34.71 18.0 16.28 35.74 16.28 35.74 18.68 9.22 15.3 18.0 11.4 3.0 7.0 29.15 12.0 16.28 18.0 13.04 26.4 12.53 29.83 16.28 34.71 24.19 34.13 34.71 34.13 18.0 26.4 15.3 7.0 9.22 9.22 26.4 29.83 15.23 3.0 18.0 26.4 13.04 0.0 9.22 24.19 34.71 34.71
21.0 21.0 9.22 25.46 6.0 26.93 21.63 22.02 9.22 21.0 13.89 25.46 15.23 28.28 26.93 26.93 31.3 13.89 18.97 33.29 18.97 33.29 16.97 14.0 9.85 13.89 11.18 7.21 6.0 25.08 9.22 18.97 13.89 14.87 25.46 18.0 26.93 18.97 31.3 20.59 28.28 31.3 28.28 13.89 25.46 9.85 15.23 14.0 0.0 25.46 26.93 21.0 11.66 13.89 25.46 14.87 9.22 0.0 20.59 31.3 31.3
21.1 21.1 24.19 8.0 26.0 6.4 10.0 4.12 24.19 21.1 6.71 8.0 24.33 11.66 6.4 6.4 10.77 6.71 14.42 12.81 14.42 12.81 6.32 18.44 10.82 6.71 13.0 24.74 26.0 5.0 12.37 14.42 6.71 13.6 8.0 19.7 6.4 14.42 10.77 0.0 11.66 10.77 11.66 6.71 8.0 10.82 24.33 18.44 20.59 8.0 6.4 21.1 24.0 6.71 8.0 13.6 24.19 20.59 0.0 10.77 10.77
28.86 28.86 34.71 10.77 36.77 5.0 16.49 11.0 34.71 28.86 17.46 10.77 34.0 10.0 5.0 5.0 0.0 17.46 22.36 4.0 22.36 4.0 16.12 28.0 21.47 17.46 23.35 35.44 36.77 6.4 23.09 22.36 17.46 23.0 10.77 28.28 5.0 22.36 0.0 10.77 10.0 0.0 10.0 17.46 10.77 21.47 34.0 28.0 31.3 10.77 5.0 28.86 34.23 17.46 10.77 23.0 34.71 31.3 10.77 0.0 0.0
28.86 28.86 34.71 10.77 36.77 5.0 16.49 11.0 34.71 28.86 17.46 10.77 34.0 10.0 5.0 5.0 0.0 17.46 22.36 4.0 22.36 4.0 16.12 28.0 21.47 17.46 23.35 35.44 36.77 6.4 23.09 22.36 17.46 23.0 10.77 28.28 5.0 22.36 0.0 10.77 10.0 0.0 10.0 17.46 10.77 21.47 34.0 28.0 31.3 10.77 5.0 28.86 34.23 17.46 10.77 23.0 34.71 31.3 10.77 0.0 0.0
