0.0 26.34 15.61 16.77 0.0 6.75 25.47 10.09 0.0 0.0 18.26 16.05 6.75 20.19 6.75 6.75 13.52 13.52 16.77 26.34 0.0 25.47 18.26 13.12 18.26 13.12 15.61 26.34 20.19 25.47 16.05 13.52 16.77 0.0 26.34 13.12 6.75 13.12 0.0 7.72 26.34
26.34 0.0 12.0 9.86 26.34 20.12 3.0 18.06 26.34 26.34 8.08 12.02 20.12 6.18 20.12 20.12 13.58 13.58 9.86 0.0 26.34 3.0 8.08 18.14 8.08 18.14 12.0 0.0 6.18 3.0 12.02 13.58 9.86 26.34 0.0 18.14 20.12 18.14 26.34 18.75 0.0
15.61 12.0 0.0 2.7 15.61 10.82 12.37 6.18 15.61 15.61 5.41 0.75 10.82 6.18 10.82 10.82 2.12 2.12 2.7 12.0 15.61 12.37 5.41 6.41 5.41 6.41 0.0 12.0 6.18 12.37 0.75 2.12 2.7 15.61 12.0 6.41 10.82 6.41 15.61 7.97 12.0
16.77 9.86 2.7 0.0 16.77 11.15 9.86 8.25 16.77 16.77 2.7 3.18 11.15 3.75 11.15 11.15 3.75 3.75 0.0 9.86 16.77 9.86 2.7 9.06 2.7 9.06 2.7 9.86 3.75 9.86 3.18 3.75 0.0 16.77 9.86 9.06 11.15 9.06 16.77 9.06 9.86
0.0 26.34 15.61 16.77 0.0 6.75 25.47 10.09 0.0 0.0 18.26 16.05 6.75 20.19 6.75 6.75 13.52 13.52 16.77 26.34 0.0 25.47 18.26 13.12 18.26 13.12 15.61 26.34 20.19 25.47 16.05 13.52 16.77 0.0 26.34 13.12 6.75 13.12 0.0 7.72 26.34
6.75 20.12 10.82 11.15 6.75 0.0 18.97 7.5 6.75 6.75 12.09 11.45 0.0 14.15 0.0 0.0 8.75 8.75 11.15 20.12 6.75 18.97 12.09 11.25 12.09 11.25 10.82 20.12 14.15 18.97 11.45 8.75 11.15 6.75 20.12 11.25 0.0 11.25 6.75 3.75 20.12
25.47 3.0 12.37 9.86 25.47 18.97 0.0 18.06 25.47 25.47 7.5 12.57 18.97 6.18 18.97 18.97 13.58 13.58 9.86 3.0 25.47 0.0 7.5 18.75 7.5 18.75 12.37 3.0 6.18 0.0 12.57 13.58 9.86 25.47 3.0 18.75 18.97 18.75 25.47 18.14 3.0
10.09 18.06 6.18 8.25 10.09 7.5 18.06 0.0 10.09 10.09 10.61 6.41 7.5 12.0 7.5 7.5 4.5 4.5 8.25 18.06 10.09 18.06 10.61 3.75 10.61 3.75 6.18 18.06 12.0 18.06 6.41 4.5 8.25 10.09 18.06 3.75 7.5 3.75 10.09 3.75 18.06
0.0 26.34 15.61 16.77 0.0 6.75 25.47 10.09 0.0 0.0 18.26 16.05 6.75 20.19 6.75 6.75 13.52 13.52 16.77 26.34 0.0 25.47 18.26 13.12 18.26 13.12 15.61 26.34 20.19 25.47 16.05 13.52 16.77 0.0 26.34 13.12 6.75 13.12 0.0 7.72 26.34
0.0 26.34 15.61 16.77 0.0 6.75 25.47 10.09 0.0 0.0 18.26 16.05 6.75 20.19 6.75 6.75 13.52 13.52 16.77 26.34 0.0 25.47 18.26 13.12 18.26 13.12 15.61 26.34 20.19 25.47 16.05 13.52 16.77 0.0 26.34 13.12 6.75 13.12 0.0 7.72 26.34
18.26 8.08 5.41 2.7 18.26 12.09 7.5 10.61 18.26 18.26 0.0 5.86 12.09 2.12 12.09 12.09 6.18 6.18 2.7 8.08 18.26 7.5 0.0 11.74 0.0 11.74 5.41 8.08 2.12 7.5 5.86 6.18 2.7 18.26 8.08 11.74 12.09 11.74 18.26 10.74 8.08
16.05 12.02 0.75 3.18 16.05 11.45 12.57 6.41 16.05 16.05 5.86 0.0 11.45 6.41 11.45 11.45 2.7 2.7 3.18 12.02 16.05 12.57 5.86 6.18 5.86 6.18 0.75 12.02 6.41 12.57 0.0 2.7 3.18 16.05 12.02 6.18 11.45 6.18 16.05 8.49 12.02
6.75 20.12 10.82 11.15 6.75 0.0 18.97 7.5 6.75 6.75 12.09 11.45 0.0 14.15 0.0 0.0 8.75 8.75 11.15 20.12 6.75 18.97 12.09 11.25 12.09 11.25 10.82 20.12 14.15 18.97 11.45 8.75 11.15 6.75 20.12 11.25 0.0 11.25 6.75 3.75 20.12
20.19 6.18 6.18 3.75 20.19 14.15 6.18 12.0 20.19 20.19 2.12 6.41 14.15 0.0 14.15 14.15 7.5 7.5 3.75 6.18 20.19 6.18 2.12 12.57 2.12 12.57 6.18 6.18 0.0 6.18 6.41 7.5 3.75 20.19 6.18 12.57 14.15 12.57 20.19 12.57 6.18
6.75 20.12 10.82 11.15 6.75 0.0 18.97 7.5 6.75 6.75 12.09 11.45 0.0 14.15 0.0 0.0 8.75 8.75 11.15 20.12 6.75 18.97 12.09 11.25 12.09 11.25 10.82 20.12 14.15 18.97 11.45 8.75 11.15 6.75 20.12 11.25 0.0 11.25 6.75 3.75 20.12
6.75 20.12 10.82 11.15 6.75 0.0 18.97 7.5 6.75 6.75 12.09 11.45 0.0 14.15 0.0 0.0 8.75 8.75 11.15 20.12 6.75 18.97 12.09 11.25 12.09 11.25 10.82 20.12 14.15 18.97 11.45 8.75 11.15 6.75 20.12 11.25 0.0 11.25 6.75 3.75 20.12
13.52 13.58 2.12 3.75 13.52 8.75 13.58 4.5 13.52 13.52 6.18 2.7 8.75 7.5 8.75 8.75 0.0 0.0 3.75 13.58 13.52 13.58 6.18 5.86 6.18 5.86 2.12 13.58 7.5 13.58 2.7 0.0 3.75 13.52 13.58 5.86 8.75 5.86 13.52 5.86 13.58
13.52 13.58 2.12 3.75 13.52 8.75 13.58 4.5 13.52 13.52 6.18 2.7 8.75 7.5 8.75 8.75 0.0 0.0 3.75 13.58 13.52 13.58 6.18 5.86 6.18 5.86 2.12 13.58 7.5 13.58 2.7 0.0 3.75 13.52 13.58 5.86 8.75 5.86 13.52 5.86 13.58
16.77 9.86 2.7 0.0 16.77 11.15 9.86 8.25 16.77 16.77 2.7 3.18 11.15 3.75 11.15 11.15 3.75 3.75 0.0 9.86 16.77 9.86 2.7 9.06 2.7 9.06 2.7 9.86 3.75 9.86 3.18 3.75 0.0 16.77 9.86 9.06 11.15 9.06 16.77 9.06 9.86
26.34 0.0 12.0 9.86 26.34 20.12 3.0 18.06 26.34 26.34 8.08 12.02 20.12 6.18 20.12 20.12 13.58 13.58 9.86 0.0 26.34 3.0 8.08 18.14 8.08 18.14 12.0 0.0 6.18 3.0 12.02 13.58 9.86 26.34 0.0 18.14 20.12 18.14 26.34 18.75 0.0
0.0 26.34 15.61 16.77 0.0 6.75 25.47 10.09 0.0 0.0 18.26 16.05 6.75 20.19 6.75 6.75 13.52 13.52 16.77 26.34 0.0 25.47 18.26 13.12 18.26 13.12 15.61 26.34 20.19 25.47 16.05 13.52 16.77 0.0 26.34 13.12 6.75 13.12 0.0 7.72 26.34
25.47 3.0 12.37 9.86 25.47 18.97 0.0 18.06 25.47 25.47 7.5 12.57 18.97 6.18 18.97 18.97 13.58 13.58 9.86 3.0 25.47 0.0 7.5 18.75 7.5 18.75 12.37 3.0 6.18 0.0 12.57 13.58 9.86 25.47 3.0 18.75 18.97 18.75 25.47 18.14 3.0
18.26 8.08 5.41 2.7 18.26 12.09 7.5 10.61 18.26 18.26 0.0 5.86 12.09 2.12 12.09 12.09 6.18 6.18 2.7 8.08 18.26 7.5 0.0 11.74 0.0 11.74 5.41 8.08 2.12 7.5 5.86 6.18 2.7 18.26 8.08 11.74 12.09 11.74 18.26 10.74 8.08
13.12 18.14 6.41 9.06 13.12 11.25 18.75 3.75 13.12 13.12 11.74 6.18 11.25 12.57 11.25 11.25 5.86 5.86 9.06 18.14 13.12 18.75 11.74 0.0 11.74 0.0 6.41 18.14 12.57 18.75 6.18 5.86 9.06 13.12 18.14 0.0 11.25 0.0 13.12 7.5 18.14
18.26 8.08 5.41 2.7 18.26 12.09 7.5 10.61 18.26 18.26 0.0 5.86 12.09 2.12 12.09 12.09 6.18 6.18 2.7 8.08 18.26 7.5 0.0 11.74 0.0 11.74 5.41 8.08 2.12 7.5 5.86 6.18 2.7 18.26 8.08 11.74 12.09 11.74 18.26 10.74 8.08
13.12 18.14 6.41 9.06 13.12 11.25 18.75 3.75 13.12 13.12 11.74 6.18 11.25 12.57 11.25 11.25 5.86 5.86 9.06 18.14 13.12 18.75 11.74 0.0 11.74 0.0 6.41 18.14 12.57 18.75 6.18 5.86 9.06 13.12 18.14 0.0 11.25 0.0 13.12 7.5 18.14
15.61 12.0 0.0 2.7 15.61 10.82 12.37 6.18 15.61 15.61 5.41 0.75 10.82 6.18 10.82 10.82 2.12 2.12 2.7 12.0 15.61 12.37 5.41 6.41 5.41 6.41 0.0 12.0 6.18 12.37 0.75 2.12 2.7 15.61 12.0 6.41 10.82 6.41 15.61 7.97 12.0
26.34 0.0 12.0 9.86 26.34 20.12 3.0 18.06 26.34 26.34 8.08 12.02 20.12 6.18 20.12 20.12 13.58 13.58 9.86 0.0 26.34 3.0 8.08 18.14 8.08 18.14 12.0 0.0 6.18 3.0 12.02 13.58 9.86 26.34 0.0 18.14 20.12 18.14 26.34 18.75 0.0
20.19 6.18 6.18 3.75 20.19 14.15 6.18 12.0 20.19 20.19 2.12 6.41 14.15 0.0 14.15 14.15 7.5 7.5 3.75 6.18 20.19 6.18 2.12 12.57 2.12 12.57 6.18 6.18 0.0 6.18 6.41 7.5 3.75 20.19 6.18 12.57 14.15 12.57 20.19 12.57 6.18
25.47 3.0 12.37 9.86 25.47 18.97 0.0 18.06 25.47 25.47 7.5 12.57 18.97 6.18 18.97 18.97 13.58 13.58 9.86 3.0 25.47 0.0 7.5 18.75 7.5 18.75 12.37 3.0 6.18 0.0 12.57 13.58 9.86 25.47 3.0 18.75 18.97 18.75 25.47 18.14 3.0
16.05 12.02 0.75 3.18 16.05 11.45 12.57 6.41 16.05 16.05 5.86 0.0 11.45 6.41 11.45 11.45 2.7 2.7 3.18 12.02 16.05 12.57 5.86 6.18 5.86 6.18 0.75 12.02 6.41 12.57 0.0 2.7 3.18 16.05 12.02 6.18 11.45 6.18 16.05 8.49 12.02
13.52 13.58 2.12 3.75 13.52 8.75 13.58 4.5 13.52 13.52 6.18 2.7 8.75 7.5 8.75 8.75 0.0 0.0 3.75 13.58 13.52 13.58 6.18 5.86 6.18 5.86 2.12 13.58 7.5 13.58 2.7 0.0 3.75 13.52 13.58 5.86 8.75 5.86 13.52 5.86 13.58
16.77 9.86 2.7 0.0 16.77 11.15 9.86 8.25 16.77 16.77 2.7 3.18 11.15 3.75 11.15 11.15 3.75 3.75 0.0 9.86 16.77 9.86 2.7 9.06 2.7 9.06 2.7 9.86 3.75 9.86 3.18 3.75 0.0 16.77 9.86 9.06 11.15 9.06 16.77 9.06 9.86
0.0 26.34 15.61 16.77 0.0 6.75 25.47 10.09 0.0 0.0 18.26 16.05 6.75 20.19 6.75 6.75 13.52 13.52 16.77 26.34 0.0 25.47 18.26 13.12 18.26 13.12 15.61 26.34 20.19 25.47 16.05 13.52 16.77 0.0 26.34 13.12 6.75 13.12 0.0 7.72 26.34
26.34 0.0 12.0 9.86 26.34 20.12 3.0 18.06 26.34 26.34 8.08 12.02 20.12 6.18 20.12 20.12 13.58 13.58 9.86 0.0 26.34 3.0 8.08 18.14 8.08 18.14 12.0 0.0 6.18 3.0 12.02 13.58 9.86 26.34 0.0 18.14 20.12 18.14 26.34 18.75 0.0
13.12 18.14 6.41 9.06 13.12 11.25 18.75 3.75 13.12 13.12 11.74 6.18 11.25 12.57 11.25 11.25 5.86 5.86 9.06 18.14 13.12 18.75 11.74 0.0 11.74 0.0 6.41 18.14 12.57 18.75 6.18 5.86 9.06 13.12 18.14 0.0 11.25 0.0 13.12 7.5 18.14
6.75 20.12 10.82 11.15 6.75 0.0 18.97 7.5 6.75 6.75 12.09 11.45 0.0 14.15 0.0 0.0 8.75 8.75 11.15 20.12 6.75 18.97 12.09 11.25 12.09 11.25 10.82 20.12 14.15 18.97 11.45 8.75 11.15 6.75 20.12 11.25 0.0 11.25 6.75 3.75 20.12
13.12 18.14 6.41 9.06 13.12 11.25 18.75 3.75 13.12 13.12 11.74 6.18 11.25 12.57 11.25 11.25 5.86 5.86 9.06 18.14 13.12 18.75 11.74 0.0 11.74 0.0 6.41 18.14 12.57 18.75 6.18 5.86 9.06 13.12 18.14 0.0 11.25 0.0 13.12 7.5 18.14
0.0 26.34 15.61 16.77 0.0 6.75 25.47 10.09 0.0 0.0 18.26 16.05 6.75 20.19 6.75 6.75 13.52 13.52 16.77 26.34 0.0 25.47 18.26 13.12 18.26 13.12 15.61 26.34 20.19 25.47 16.05 13.52 16.77 0.0 26.34 13.12 6.75 13.12 0.0 7.72 26.34
7.72 18.75 7.97 9.06 7.72 3.75 18.14 3.75 7.72 7.72 10.74 8.49 3.75 12.57 3.75 3.75 5.86 5.86 9.06 18.75 7.72 18.14 10.74 7.5 10.74 7.5 7.97 18.75 12.57 18.14 8.49 5.86 9.06 7.72 18.75 7.5 3.75 7.5 7.72 0.0 18.75
26.34 0.0 12.0 9.86 26.34 20.12 3.0 18.06 26.34 26.34 8.08 12.02 20.12 6.18 20.12 20.12 13.58 13.58 9.86 0.0 26.34 3.0 8.08 18.14 8.08 18.14 12.0 0.0 6.18 3.0 12.02 13.58 9.86 26.34 0.0 18.14 20.12 18.14 26.34 18.75 0.0
