4 140 840 6 0
0 0.0 0 0.0 840 840
1 2.0 1 580.0 595.0 31.12
2 2.0 1 435.0 450.0 24.45
3 2.0 1 450.0 465.0 36.25
4 2.0 1 520.0 535.0 24.83
5 2.0 1 420.0 435.0 32.6
6 2.0 1 375.0 390.0 21.92
7 2.0 2 175.0 190.0 37.67
8 2.0 2 390.0 405.0 45.13
9 2.0 1 395.0 410.0 48.58
10 2.0 1 235.0 250.0 30.7
11 2.0 1 60.0 75.0 35.85
12 2.0 1 490.0 505.0 16.47
13 2.0 1 465.0 480.0 29.38
14 2.0 1 155.0 170.0 48.38
15 2.0 1 515.0 530.0 42.0
16 2.0 1 560.0 575.0 46.35
17 2.0 1 110.0 125.0 48.58
18 2.0 1 250.0 265.0 37.53
19 2.0 1 270.0 285.0 24.37
20 2.0 1 285.0 300.0 24.62
21 2.0 2 60.0 75.0 20.72
22 2.0 1 550.0 565.0 32.53
23 2.0 1 210.0 225.0 45.13
24 2.0 1 380.0 395.0 22.92
25 2.0 1 160.0 175.0 16.47
26 2.0 1 340.0 355.0 30.87
27 2.0 1 170.0 185.0 16.47
28 2.0 3 70.0 85.0 37.87
29 2.0 1 290.0 305.0 48.38
30 2.0 1 550.0 565.0 16.47
31 2.0 1 280.0 295.0 46.35
32 2.0 1 600.0 615.0 16.47
33 2.0 2 235.0 250.0 18.15
34 2.0 1 235.0 250.0 20.72
35 2.0 1 435.0 450.0 46.5
36 2.0 1 345.0 360.0 24.13
37 2.0 1 155.0 170.0 16.47
38 2.0 2 590.0 605.0 29.57
39 2.0 1 375.0 390.0 31.12
40 2.0 1 340.0 355.0 27.78
41 2.0 1 400.0 415.0 24.45
42 2.0 1 190.0 205.0 27.1
43 2.0 1 510.0 525.0 48.38
44 2.0 1 330.0 345.0 27.1
45 2.0 1 220.0 235.0 34.4
46 2.0 1 330.0 345.0 33.08
47 2.0 1 305.0 320.0 33.08
48 2.0 1 255.0 270.0 36.53
49 2.0 1 325.0 340.0 22.92
50 2.0 2 410.0 425.0 48.38
51 2.0 1 410.0 425.0 27.78
52 2.0 2 180.0 195.0 34.27
53 2.0 2 145.0 160.0 37.55
54 2.0 1 415.0 430.0 29.38
55 2.0 1 360.0 375.0 39.5
56 2.0 2 420.0 435.0 12.95
57 2.0 1 185.0 200.0 14.5
58 2.0 1 180.0 195.0 30.08
59 2.0 1 95.0 110.0 37.67
60 2.0 1 145.0 160.0 36.25
61 2.0 2 390.0 405.0 21.92
62 2.0 1 100.0 115.0 33.08
63 2.0 1 455.0 470.0 32.6
64 2.0 1 450.0 465.0 48.58
65 2.0 1 115.0 130.0 24.45
66 2.0 1 530.0 545.0 16.47
67 2.0 2 445.0 460.0 45.13
68 2.0 1 270.0 285.0 46.35
69 2.0 1 390.0 405.0 27.78
70 2.0 1 175.0 190.0 27.1
71 2.0 -1 594.12 626.12 31.12
72 2.0 -1 444.45 474.45 24.45
73 2.0 -1 467.25 501.25 36.25
74 2.0 -1 529.83 559.83 24.83
75 2.0 -1 434.6 467.6 32.6
76 2.0 -1 382.92 411.92 21.92
77 2.0 -2 193.67 227.67 37.67
78 2.0 -2 414.13 450.13 45.13
79 2.0 -1 421.58 458.58 48.58
80 2.0 -1 248.7 280.7 30.7
81 2.0 -1 76.85 110.85 35.85
82 2.0 -1 495.47 521.47 16.47
83 2.0 -1 477.38 509.38 29.38
84 2.0 -1 181.38 218.38 48.38
85 2.0 -1 537.0 572.0 42.0
86 2.0 -1 585.35 621.35 46.35
87 2.0 -1 136.58 173.58 48.58
88 2.0 -1 268.53 302.53 37.53
89 2.0 -1 279.37 309.37 24.37
90 2.0 -1 294.62 324.62 24.62
91 2.0 -2 67.72 95.72 20.72
92 2.0 -1 564.53 597.53 32.53
93 2.0 -1 234.13 270.13 45.13
94 2.0 -1 388.92 417.92 22.92
95 2.0 -1 165.47 191.47 16.47
96 2.0 -1 353.87 385.87 30.87
97 2.0 -1 175.47 201.47 16.47
98 2.0 -3 88.87 122.87 37.87
99 2.0 -1 316.38 353.38 48.38
100 2.0 -1 555.47 581.47 16.47
101 2.0 -1 305.35 341.35 46.35
102 2.0 -1 605.47 631.47 16.47
103 2.0 -2 241.15 268.15 18.15
104 2.0 -1 242.72 270.72 20.72
105 2.0 -1 460.5 496.5 46.5
106 2.0 -1 354.13 384.13 24.13
107 2.0 -1 160.47 186.47 16.47
108 2.0 -2 602.57 634.57 29.57
109 2.0 -1 389.12 421.12 31.12
110 2.0 -1 351.78 382.78 27.78
111 2.0 -1 409.45 439.45 24.45
112 2.0 -1 201.1 232.1 27.1
113 2.0 -1 536.38 573.38 48.38
114 2.0 -1 341.1 372.1 27.1
115 2.0 -1 236.4 269.4 34.4
116 2.0 -1 345.08 378.08 33.08
117 2.0 -1 320.08 353.08 33.08
118 2.0 -1 272.53 306.53 36.53
119 2.0 -1 333.92 362.92 22.92
120 2.0 -2 436.38 473.38 48.38
121 2.0 -1 421.78 452.78 27.78
122 2.0 -2 196.27 229.27 34.27
123 2.0 -2 163.55 197.55 37.55
124 2.0 -1 427.38 459.38 29.38
125 2.0 -1 379.5 414.5 39.5
126 2.0 -2 423.95 447.95 12.95
127 2.0 -1 189.5 214.5 14.5
128 2.0 -1 193.08 225.08 30.08
129 2.0 -1 113.67 147.67 37.67
130 2.0 -1 162.25 196.25 36.25
131 2.0 -2 397.92 426.92 21.92
132 2.0 -1 115.08 148.08 33.08
133 2.0 -1 469.6 502.6 32.6
134 2.0 -1 476.58 513.58 48.58
135 2.0 -1 124.45 154.45 24.45
136 2.0 -1 535.47 561.47 16.47
137 2.0 -2 469.13 505.13 45.13
138 2.0 -1 295.35 331.35 46.35
139 2.0 -1 401.78 432.78 27.78
140 2.0 -1 186.1 217.1 27.1
141 0.0 0 0.0 840 840
