0.0 6.75 13.12 20.19 6.75 13.52 26.34 20.19 0.0 6.75 13.52 15.61 20.19 6.75 0.0 26.34 18.26 6.75 25.47 20.19 20.19
6.75 0.0 11.25 14.15 0.0 8.75 20.12 14.15 6.75 0.0 8.75 10.82 14.15 0.0 6.75 20.12 12.09 0.0 18.97 14.15 14.15
13.12 11.25 0.0 12.57 11.25 5.86 18.14 12.57 13.12 11.25 5.86 6.41 12.57 11.25 13.12 18.14 11.74 11.25 18.75 12.57 12.57
20.19 14.15 12.57 0.0 14.15 7.5 6.18 0.0 20.19 14.15 7.5 6.18 0.0 14.15 20.19 6.18 2.12 14.15 6.18 0.0 0.0
6.75 0.0 11.25 14.15 0.0 8.75 20.12 14.15 6.75 0.0 8.75 10.82 14.15 0.0 6.75 20.12 12.09 0.0 18.97 14.15 14.15
13.52 8.75 5.86 7.5 8.75 0.0 13.58 7.5 13.52 8.75 0.0 2.12 7.5 8.75 13.52 13.58 6.18 8.75 13.58 7.5 7.5
26.34 20.12 18.14 6.18 20.12 13.58 0.0 6.18 26.34 20.12 13.58 12.0 6.18 20.12 26.34 0.0 8.08 20.12 3.0 6.18 6.18
20.19 14.15 12.57 0.0 14.15 7.5 6.18 0.0 20.19 14.15 7.5 6.18 0.0 14.15 20.19 6.18 2.12 14.15 6.18 0.0 0.0
0.0 6.75 13.12 20.19 6.75 13.52 26.34 20.19 0.0 6.75 13.52 15.61 20.19 6.75 0.0 26.34 18.26 6.75 25.47 20.19 20.19
6.75 0.0 11.25 14.15 0.0 8.75 20.12 14.15 6.75 0.0 8.75 10.82 14.15 0.0 6.75 20.12 12.09 0.0 18.97 14.15 14.15
13.52 8.75 5.86 7.5 8.75 0.0 13.58 7.5 13.52 8.75 0.0 2.12 7.5 8.75 13.52 13.58 6.18 8.75 13.58 7.5 7.5
15.61 10.82 6.41 6.18 10.82 2.12 12.0 6.18 15.61 10.82 2.12 0.0 6.18 10.82 15.61 12.0 5.41 10.82 12.37 6.18 6.18
20.19 14.15 12.57 0.0 14.15 7.5 6.18 0.0 20.19 14.15 7.5 6.18 0.0 14.15 20.19 6.18 2.12 14.15 6.18 0.0 0.0
6.75 0.0 11.25 14.15 0.0 8.75 20.12 14.15 6.75 0.0 8.75 10.82 14.15 0.0 6.75 20.12 12.09 0.0 18.97 14.15 14.15
0.0 6.75 13.12 20.19 6.75 13.52 26.34 20.19 0.0 6.75 13.52 15.61 20.19 6.75 0.0 26.34 18.26 6.75 25.47 20.19 20.19
26.34 20.12 18.14 6.18 20.12 13.58 0.0 6.18 26.34 20.12 13.58 12.0 6.18 20.12 26.34 0.0 8.08 20.12 3.0 6.18 6.18
18.26 12.09 11.74 2.12 12.09 6.18 8.08 2.12 18.26 12.09 6.18 5.41 2.12 12.09 18.26 8.08 0.0 12.09 7.5 2.12 2.12
6.75 0.0 11.25 14.15 0.0 8.75 20.12 14.15 6.75 0.0 8.75 10.82 14.15 0.0 6.75 20.12 12.09 0.0 18.97 14.15 14.15
25.47 18.97 18.75 6.18 18.97 13.58 3.0 6.18 25.47 18.97 13.58 12.37 6.18 18.97 25.47 3.0 7.5 18.97 0.0 6.18 6.18
20.19 14.15 12.57 0.0 14.15 7.5 6.18 0.0 20.19 14.15 7.5 6.18 0.0 14.15 20.19 6.18 2.12 14.15 6.18 0.0 0.0
20.19 14.15 12.57 0.0 14.15 7.5 6.18 0.0 20.19 14.15 7.5 6.18 0.0 14.15 20.19 6.18 2.12 14.15 6.18 0.0 0.0
