0.0 15.61 25.47 16.05 10.09 16.77 3.75 13.12 18.26 10.09 16.77 18.26 13.12 6.75 0.0 16.77 13.12 25.47 16.77 7.72 0.0 16.05 3.75 3.75 15.61 13.12 15.61 13.12 18.26 13.52 13.12 16.77 7.72 0.0 7.72 0.0 16.77 26.34 18.26 13.52 13.12 13.12 13.12 15.61 3.75 20.19 20.19 18.26 3.75 26.34 6.75 10.09 18.26 3.75 7.72 20.19 25.47 18.26 26.34 0.0 7.72 16.77 6.75 26.34 26.34 0.0 25.47 10.09 0.0 15.61 10.09 7.72 20.19 6.75 10.09 7.72 26.34 20.19 20.19 13.12 20.19
15.61 0.0 12.37 0.75 6.18 2.7 13.79 6.41 5.41 6.18 2.7 5.41 6.41 10.82 15.61 2.7 6.41 12.37 2.7 7.97 15.61 0.75 13.79 13.79 0.0 6.41 0.0 6.41 5.41 2.12 6.41 2.7 7.97 15.61 7.97 15.61 2.7 12.0 5.41 2.12 6.41 6.41 6.41 0.0 13.79 6.18 6.18 5.41 13.79 12.0 10.82 6.18 5.41 13.79 7.97 6.18 12.37 5.41 12.0 15.61 7.97 2.7 10.82 12.0 12.0 15.61 12.37 6.18 15.61 0.0 6.18 7.97 6.18 10.82 6.18 7.97 12.0 6.18 6.18 6.41 6.18
25.47 12.37 0.0 12.57 18.06 9.86 24.85 18.75 7.5 18.06 9.86 7.5 18.75 18.97 25.47 9.86 18.75 0.0 9.86 18.14 25.47 12.57 24.85 24.85 12.37 18.75 12.37 18.75 7.5 13.58 18.75 9.86 18.14 25.47 18.14 25.47 9.86 3.0 7.5 13.58 18.75 18.75 18.75 12.37 24.85 6.18 6.18 7.5 24.85 3.0 18.97 18.06 7.5 24.85 18.14 6.18 0.0 7.5 3.0 25.47 18.14 9.86 18.97 3.0 3.0 25.47 0.0 18.06 25.47 12.37 18.06 18.14 6.18 18.97 18.06 18.14 3.0 6.18 6.18 18.75 6.18
16.05 0.75 12.57 0.0 6.41 3.18 14.09 6.18 5.86 6.41 3.18 5.86 6.18 11.45 16.05 3.18 6.18 12.57 3.18 8.49 16.05 0.0 14.09 14.09 0.75 6.18 0.75 6.18 5.86 2.7 6.18 3.18 8.49 16.05 8.49 16.05 3.18 12.02 5.86 2.7 6.18 6.18 6.18 0.75 14.09 6.41 6.41 5.86 14.09 12.02 11.45 6.41 5.86 14.09 8.49 6.41 12.57 5.86 12.02 16.05 8.49 3.18 11.45 12.02 12.02 16.05 12.57 6.41 16.05 0.75 6.41 8.49 6.41 11.45 6.41 8.49 12.02 6.41 6.41 6.18 6.41
10.09 6.18 18.06 6.41 0.0 8.25 7.72 3.75 10.61 0.0 8.25 10.61 3.75 7.5 10.09 8.25 3.75 18.06 8.25 3.75 10.09 6.41 7.72 7.72 6.18 3.75 6.18 3.75 10.61 4.5 3.75 8.25 3.75 10.09 3.75 10.09 8.25 18.06 10.61 4.5 3.75 3.75 3.75 6.18 7.72 12.0 12.0 10.61 7.72 18.06 7.5 0.0 10.61 7.72 3.75 12.0 18.06 10.61 18.06 10.09 3.75 8.25 7.5 18.06 18.06 10.09 18.06 0.0 10.09 6.18 0.0 3.75 12.0 7.5 0.0 3.75 18.06 12.0 12.0 3.75 12.0
16.77 2.7 9.86 3.18 8.25 0.0 15.46 9.06 2.7 8.25 0.0 2.7 9.06 11.15 16.77 0.0 9.06 9.86 0.0 9.06 16.77 3.18 15.46 15.46 2.7 9.06 2.7 9.06 2.7 3.75 9.06 0.0 9.06 16.77 9.06 16.77 0.0 9.86 2.7 3.75 9.06 9.06 9.06 2.7 15.46 3.75 3.75 2.7 15.46 9.86 11.15 8.25 2.7 15.46 9.06 3.75 9.86 2.7 9.86 16.77 9.06 0.0 11.15 9.86 9.86 16.77 9.86 8.25 16.77 2.7 8.25 9.06 3.75 11.15 8.25 9.06 9.86 3.75 3.75 9.06 3.75
3.75 13.79 24.85 14.09 7.72 15.46 0.0 10.09 17.4 7.72 15.46 17.4 10.09 7.72 3.75 15.46 10.09 24.85 15.46 6.75 3.75 14.09 0.0 0.0 13.79 10.09 13.79 10.09 17.4 11.86 10.09 15.46 6.75 3.75 6.75 3.75 15.46 25.3 17.4 11.86 10.09 10.09 10.09 13.79 0.0 19.12 19.12 17.4 0.0 25.3 7.72 7.72 17.4 0.0 6.75 19.12 24.85 17.4 25.3 3.75 6.75 15.46 7.72 25.3 25.3 3.75 24.85 7.72 3.75 13.79 7.72 6.75 19.12 7.72 7.72 6.75 25.3 19.12 19.12 10.09 19.12
13.12 6.41 18.75 6.18 3.75 9.06 10.09 0.0 11.74 3.75 9.06 11.74 0.0 11.25 13.12 9.06 0.0 18.75 9.06 7.5 13.12 6.18 10.09 10.09 6.41 0.0 6.41 0.0 11.74 5.86 0.0 9.06 7.5 13.12 7.5 13.12 9.06 18.14 11.74 5.86 0.0 0.0 0.0 6.41 10.09 12.57 12.57 11.74 10.09 18.14 11.25 3.75 11.74 10.09 7.5 12.57 18.75 11.74 18.14 13.12 7.5 9.06 11.25 18.14 18.14 13.12 18.75 3.75 13.12 6.41 3.75 7.5 12.57 11.25 3.75 7.5 18.14 12.57 12.57 0.0 12.57
18.26 5.41 7.5 5.86 10.61 2.7 17.4 11.74 0.0 10.61 2.7 0.0 11.74 12.09 18.26 2.7 11.74 7.5 2.7 10.74 18.26 5.86 17.4 17.4 5.41 11.74 5.41 11.74 0.0 6.18 11.74 2.7 10.74 18.26 10.74 18.26 2.7 8.08 0.0 6.18 11.74 11.74 11.74 5.41 17.4 2.12 2.12 0.0 17.4 8.08 12.09 10.61 0.0 17.4 10.74 2.12 7.5 0.0 8.08 18.26 10.74 2.7 12.09 8.08 8.08 18.26 7.5 10.61 18.26 5.41 10.61 10.74 2.12 12.09 10.61 10.74 8.08 2.12 2.12 11.74 2.12
10.09 6.18 18.06 6.41 0.0 8.25 7.72 3.75 10.61 0.0 8.25 10.61 3.75 7.5 10.09 8.25 3.75 18.06 8.25 3.75 10.09 6.41 7.72 7.72 6.18 3.75 6.18 3.75 10.61 4.5 3.75 8.25 3.75 10.09 3.75 10.09 8.25 18.06 10.61 4.5 3.75 3.75 3.75 6.18 7.72 12.0 12.0 10.61 7.72 18.06 7.5 0.0 10.61 7.72 3.75 12.0 18.06 10.61 18.06 10.09 3.75 8.25 7.5 18.06 18.06 10.09 18.06 0.0 10.09 6.18 0.0 3.75 12.0 7.5 0.0 3.75 18.06 12.0 12.0 3.75 12.0
16.77 2.7 9.86 3.18 8.25 0.0 15.46 9.06 2.7 8.25 0.0 2.7 9.06 11.15 16.77 0.0 9.06 9.86 0.0 9.06 16.77 3.18 15.46 15.46 2.7 9.06 2.7 9.06 2.7 3.75 9.06 0.0 9.06 16.77 9.06 16.77 0.0 9.86 2.7 3.75 9.06 9.06 9.06 2.7 15.46 3.75 3.75 2.7 15.46 9.86 11.15 8.25 2.7 15.46 9.06 3.75 9.86 2.7 9.86 16.77 9.06 0.0 11.15 9.86 9.86 16.77 9.86 8.25 16.77 2.7 8.25 9.06 3.75 11.15 8.25 9.06 9.86 3.75 3.75 9.06 3.75
18.26 5.41 7.5 5.86 10.61 2.7 17.4 11.74 0.0 10.61 2.7 0.0 11.74 12.09 18.26 2.7 11.74 7.5 2.7 10.74 18.26 5.86 17.4 17.4 5.41 11.74 5.41 11.74 0.0 6.18 11.74 2.7 10.74 18.26 10.74 18.26 2.7 8.08 0.0 6.18 11.74 11.74 11.74 5.41 17.4 2.12 2.12 0.0 17.4 8.08 12.09 10.61 0.0 17.4 10.74 2.12 7.5 0.0 8.08 18.26 10.74 2.7 12.09 8.08 8.08 18.26 7.5 10.61 18.26 5.41 10.61 10.74 2.12 12.09 10.61 10.74 8.08 2.12 2.12 11.74 2.12
13.12 6.41 18.75 6.18 3.75 9.06 10.09 0.0 11.74 3.75 9.06 11.74 0.0 11.25 13.12 9.06 0.0 18.75 9.06 7.5 13.12 6.18 10.09 10.09 6.41 0.0 6.41 0.0 11.74 5.86 0.0 9.06 7.5 13.12 7.5 13.12 9.06 18.14 11.74 5.86 0.0 0.0 0.0 6.41 10.09 12.57 12.57 11.74 10.09 18.14 11.25 3.75 11.74 10.09 7.5 12.57 18.75 11.74 18.14 13.12 7.5 9.06 11.25 18.14 18.14 13.12 18.75 3.75 13.12 6.41 3.75 7.5 12.57 11.25 3.75 7.5 18.14 12.57 12.57 0.0 12.57
6.75 10.82 18.97 11.45 7.5 11.15 7.72 11.25 12.09 7.5 11.15 12.09 11.25 0.0 6.75 11.15 11.25 18.97 11.15 3.75 6.75 11.45 7.72 7.72 10.82 11.25 10.82 11.25 12.09 8.75 11.25 11.15 3.75 6.75 3.75 6.75 11.15 20.12 12.09 8.75 11.25 11.25 11.25 10.82 7.72 14.15 14.15 12.09 7.72 20.12 0.0 7.5 12.09 7.72 3.75 14.15 18.97 12.09 20.12 6.75 3.75 11.15 0.0 20.12 20.12 6.75 18.97 7.5 6.75 10.82 7.5 3.75 14.15 0.0 7.5 3.75 20.12 14.15 14.15 11.25 14.15
0.0 15.61 25.47 16.05 10.09 16.77 3.75 13.12 18.26 10.09 16.77 18.26 13.12 6.75 0.0 16.77 13.12 25.47 16.77 7.72 0.0 16.05 3.75 3.75 15.61 13.12 15.61 13.12 18.26 13.52 13.12 16.77 7.72 0.0 7.72 0.0 16.77 26.34 18.26 13.52 13.12 13.12 13.12 15.61 3.75 20.19 20.19 18.26 3.75 26.34 6.75 10.09 18.26 3.75 7.72 20.19 25.47 18.26 26.34 0.0 7.72 16.77 6.75 26.34 26.34 0.0 25.47 10.09 0.0 15.61 10.09 7.72 20.19 6.75 10.09 7.72 26.34 20.19 20.19 13.12 20.19
16.77 2.7 9.86 3.18 8.25 0.0 15.46 9.06 2.7 8.25 0.0 2.7 9.06 11.15 16.77 0.0 9.06 9.86 0.0 9.06 16.77 3.18 15.46 15.46 2.7 9.06 2.7 9.06 2.7 3.75 9.06 0.0 9.06 16.77 9.06 16.77 0.0 9.86 2.7 3.75 9.06 9.06 9.06 2.7 15.46 3.75 3.75 2.7 15.46 9.86 11.15 8.25 2.7 15.46 9.06 3.75 9.86 2.7 9.86 16.77 9.06 0.0 11.15 9.86 9.86 16.77 9.86 8.25 16.77 2.7 8.25 9.06 3.75 11.15 8.25 9.06 9.86 3.75 3.75 9.06 3.75
13.12 6.41 18.75 6.18 3.75 9.06 10.09 0.0 11.74 3.75 9.06 11.74 0.0 11.25 13.12 9.06 0.0 18.75 9.06 7.5 13.12 6.18 10.09 10.09 6.41 0.0 6.41 0.0 11.74 5.86 0.0 9.06 7.5 13.12 7.5 13.12 9.06 18.14 11.74 5.86 0.0 0.0 0.0 6.41 10.09 12.57 12.57 11.74 10.09 18.14 11.25 3.75 11.74 10.09 7.5 12.57 18.75 11.74 18.14 13.12 7.5 9.06 11.25 18.14 18.14 13.12 18.75 3.75 13.12 6.41 3.75 7.5 12.57 11.25 3.75 7.5 18.14 12.57 12.57 0.0 12.57
25.47 12.37 0.0 12.57 18.06 9.86 24.85 18.75 7.5 18.06 9.86 7.5 18.75 18.97 25.47 9.86 18.75 0.0 9.86 18.14 25.47 12.57 24.85 24.85 12.37 18.75 12.37 18.75 7.5 13.58 18.75 9.86 18.14 25.47 18.14 25.47 9.86 3.0 7.5 13.58 18.75 18.75 18.75 12.37 24.85 6.18 6.18 7.5 24.85 3.0 18.97 18.06 7.5 24.85 18.14 6.18 0.0 7.5 3.0 25.47 18.14 9.86 18.97 3.0 3.0 25.47 0.0 18.06 25.47 12.37 18.06 18.14 6.18 18.97 18.06 18.14 3.0 6.18 6.18 18.75 6.18
16.77 2.7 9.86 3.18 8.25 0.0 15.46 9.06 2.7 8.25 0.0 2.7 9.06 11.15 16.77 0.0 9.06 9.86 0.0 9.06 16.77 3.18 15.46 15.46 2.7 9.06 2.7 9.06 2.7 3.75 9.06 0.0 9.06 16.77 9.06 16.77 0.0 9.86 2.7 3.75 9.06 9.06 9.06 2.7 15.46 3.75 3.75 2.7 15.46 9.86 11.15 8.25 2.7 15.46 9.06 3.75 9.86 2.7 9.86 16.77 9.06 0.0 11.15 9.86 9.86 16.77 9.86 8.25 16.77 2.7 8.25 9.06 3.75 11.15 8.25 9.06 9.86 3.75 3.75 9.06 3.75
7.72 7.97 18.14 8.49 3.75 9.06 6.75 7.5 10.74 3.75 9.06 10.74 7.5 3.75 7.72 9.06 7.5 18.14 9.06 0.0 7.72 8.49 6.75 6.75 7.97 7.5 7.97 7.5 10.74 5.86 7.5 9.06 0.0 7.72 0.0 7.72 9.06 18.75 10.74 5.86 7.5 7.5 7.5 7.97 6.75 12.57 12.57 10.74 6.75 18.75 3.75 3.75 10.74 6.75 0.0 12.57 18.14 10.74 18.75 7.72 0.0 9.06 3.75 18.75 18.75 7.72 18.14 3.75 7.72 7.97 3.75 0.0 12.57 3.75 3.75 0.0 18.75 12.57 12.57 7.5 12.57
0.0 15.61 25.47 16.05 10.09 16.77 3.75 13.12 18.26 10.09 16.77 18.26 13.12 6.75 0.0 16.77 13.12 25.47 16.77 7.72 0.0 16.05 3.75 3.75 15.61 13.12 15.61 13.12 18.26 13.52 13.12 16.77 7.72 0.0 7.72 0.0 16.77 26.34 18.26 13.52 13.12 13.12 13.12 15.61 3.75 20.19 20.19 18.26 3.75 26.34 6.75 10.09 18.26 3.75 7.72 20.19 25.47 18.26 26.34 0.0 7.72 16.77 6.75 26.34 26.34 0.0 25.47 10.09 0.0 15.61 10.09 7.72 20.19 6.75 10.09 7.72 26.34 20.19 20.19 13.12 20.19
16.05 0.75 12.57 0.0 6.41 3.18 14.09 6.18 5.86 6.41 3.18 5.86 6.18 11.45 16.05 3.18 6.18 12.57 3.18 8.49 16.05 0.0 14.09 14.09 0.75 6.18 0.75 6.18 5.86 2.7 6.18 3.18 8.49 16.05 8.49 16.05 3.18 12.02 5.86 2.7 6.18 6.18 6.18 0.75 14.09 6.41 6.41 5.86 14.09 12.02 11.45 6.41 5.86 14.09 8.49 6.41 12.57 5.86 12.02 16.05 8.49 3.18 11.45 12.02 12.02 16.05 12.57 6.41 16.05 0.75 6.41 8.49 6.41 11.45 6.41 8.49 12.02 6.41 6.41 6.18 6.41
3.75 13.79 24.85 14.09 7.72 15.46 0.0 10.09 17.4 7.72 15.46 17.4 10.09 7.72 3.75 15.46 10.09 24.85 15.46 6.75 3.75 14.09 0.0 0.0 13.79 10.09 13.79 10.09 17.4 11.86 10.09 15.46 6.75 3.75 6.75 3.75 15.46 25.3 17.4 11.86 10.09 10.09 10.09 13.79 0.0 19.12 19.12 17.4 0.0 25.3 7.72 7.72 17.4 0.0 6.75 19.12 24.85 17.4 25.3 3.75 6.75 15.46 7.72 25.3 25.3 3.75 24.85 7.72 3.75 13.79 7.72 6.75 19.12 7.72 7.72 6.75 25.3 19.12 19.12 10.09 19.12
3.75 13.79 24.85 14.09 7.72 15.46 0.0 10.09 17.4 7.72 15.46 17.4 10.09 7.72 3.75 15.46 10.09 24.85 15.46 6.75 3.75 14.09 0.0 0.0 13.79 10.09 13.79 10.09 17.4 11.86 10.09 15.46 6.75 3.75 6.75 3.75 15.46 25.3 17.4 11.86 10.09 10.09 10.09 13.79 0.0 19.12 19.12 17.4 0.0 25.3 7.72 7.72 17.4 0.0 6.75 19.12 24.85 17.4 25.3 3.75 6.75 15.46 7.72 25.3 25.3 3.75 24.85 7.72 3.75 13.79 7.72 6.75 19.12 7.72 7.72 6.75 25.3 19.12 19.12 10.09 19.12
15.61 0.0 12.37 0.75 6.18 2.7 13.79 6.41 5.41 6.18 2.7 5.41 6.41 10.82 15.61 2.7 6.41 12.37 2.7 7.97 15.61 0.75 13.79 13.79 0.0 6.41 0.0 6.41 5.41 2.12 6.41 2.7 7.97 15.61 7.97 15.61 2.7 12.0 5.41 2.12 6.41 6.41 6.41 0.0 13.79 6.18 6.18 5.41 13.79 12.0 10.82 6.18 5.41 13.79 7.97 6.18 12.37 5.41 12.0 15.61 7.97 2.7 10.82 12.0 12.0 15.61 12.37 6.18 15.61 0.0 6.18 7.97 6.18 10.82 6.18 7.97 12.0 6.18 6.18 6.41 6.18
13.12 6.41 18.75 6.18 3.75 9.06 10.09 0.0 11.74 3.75 9.06 11.74 0.0 11.25 13.12 9.06 0.0 18.75 9.06 7.5 13.12 6.18 10.09 10.09 6.41 0.0 6.41 0.0 11.74 5.86 0.0 9.06 7.5 13.12 7.5 13.12 9.06 18.14 11.74 5.86 0.0 0.0 0.0 6.41 10.09 12.57 12.57 11.74 10.09 18.14 11.25 3.75 11.74 10.09 7.5 12.57 18.75 11.74 18.14 13.12 7.5 9.06 11.25 18.14 18.14 13.12 18.75 3.75 13.12 6.41 3.75 7.5 12.57 11.25 3.75 7.5 18.14 12.57 12.57 0.0 12.57
15.61 0.0 12.37 0.75 6.18 2.7 13.79 6.41 5.41 6.18 2.7 5.41 6.41 10.82 15.61 2.7 6.41 12.37 2.7 7.97 15.61 0.75 13.79 13.79 0.0 6.41 0.0 6.41 5.41 2.12 6.41 2.7 7.97 15.61 7.97 15.61 2.7 12.0 5.41 2.12 6.41 6.41 6.41 0.0 13.79 6.18 6.18 5.41 13.79 12.0 10.82 6.18 5.41 13.79 7.97 6.18 12.37 5.41 12.0 15.61 7.97 2.7 10.82 12.0 12.0 15.61 12.37 6.18 15.61 0.0 6.18 7.97 6.18 10.82 6.18 7.97 12.0 6.18 6.18 6.41 6.18
13.12 6.41 18.75 6.18 3.75 9.06 10.09 0.0 11.74 3.75 9.06 11.74 0.0 11.25 13.12 9.06 0.0 18.75 9.06 7.5 13.12 6.18 10.09 10.09 6.41 0.0 6.41 0.0 11.74 5.86 0.0 9.06 7.5 13.12 7.5 13.12 9.06 18.14 11.74 5.86 0.0 0.0 0.0 6.41 10.09 12.57 12.57 11.74 10.09 18.14 11.25 3.75 11.74 10.09 7.5 12.57 18.75 11.74 18.14 13.12 7.5 9.06 11.25 18.14 18.14 13.12 18.75 3.75 13.12 6.41 3.75 7.5 12.57 11.25 3.75 7.5 18.14 12.57 12.57 0.0 12.57
18.26 5.41 7.5 5.86 10.61 2.7 17.4 11.74 0.0 10.61 2.7 0.0 11.74 12.09 18.26 2.7 11.74 7.5 2.7 10.74 18.26 5.86 17.4 17.4 5.41 11.74 5.41 11.74 0.0 6.18 11.74 2.7 10.74 18.26 10.74 18.26 2.7 8.08 0.0 6.18 11.74 11.74 11.74 5.41 17.4 2.12 2.12 0.0 17.4 8.08 12.09 10.61 0.0 17.4 10.74 2.12 7.5 0.0 8.08 18.26 10.74 2.7 12.09 8.08 8.08 18.26 7.5 10.61 18.26 5.41 10.61 10.74 2.12 12.09 10.61 10.74 8.08 2.12 2.12 11.74 2.12
13.52 2.12 13.58 2.7 4.5 3.75 11.86 5.86 6.18 4.5 3.75 6.18 5.86 8.75 13.52 3.75 5.86 13.58 3.75 5.86 13.52 2.7 11.86 11.86 2.12 5.86 2.12 5.86 6.18 0.0 5.86 3.75 5.86 13.52 5.86 13.52 3.75 13.58 6.18 0.0 5.86 5.86 5.86 2.12 11.86 7.5 7.5 6.18 11.86 13.58 8.75 4.5 6.18 11.86 5.86 7.5 13.58 6.18 13.58 13.52 5.86 3.75 8.75 13.58 13.58 13.52 13.58 4.5 13.52 2.12 4.5 5.86 7.5 8.75 4.5 5.86 13.58 7.5 7.5 5.86 7.5
13.12 6.41 18.75 6.18 3.75 9.06 10.09 0.0 11.74 3.75 9.06 11.74 0.0 11.25 13.12 9.06 0.0 18.75 9.06 7.5 13.12 6.18 10.09 10.09 6.41 0.0 6.41 0.0 11.74 5.86 0.0 9.06 7.5 13.12 7.5 13.12 9.06 18.14 11.74 5.86 0.0 0.0 0.0 6.41 10.09 12.57 12.57 11.74 10.09 18.14 11.25 3.75 11.74 10.09 7.5 12.57 18.75 11.74 18.14 13.12 7.5 9.06 11.25 18.14 18.14 13.12 18.75 3.75 13.12 6.41 3.75 7.5 12.57 11.25 3.75 7.5 18.14 12.57 12.57 0.0 12.57
16.77 2.7 9.86 3.18 8.25 0.0 15.46 9.06 2.7 8.25 0.0 2.7 9.06 11.15 16.77 0.0 9.06 9.86 0.0 9.06 16.77 3.18 15.46 15.46 2.7 9.06 2.7 9.06 2.7 3.75 9.06 0.0 9.06 16.77 9.06 16.77 0.0 9.86 2.7 3.75 9.06 9.06 9.06 2.7 15.46 3.75 3.75 2.7 15.46 9.86 11.15 8.25 2.7 15.46 9.06 3.75 9.86 2.7 9.86 16.77 9.06 0.0 11.15 9.86 9.86 16.77 9.86 8.25 16.77 2.7 8.25 9.06 3.75 11.15 8.25 9.06 9.86 3.75 3.75 9.06 3.75
7.72 7.97 18.14 8.49 3.75 9.06 6.75 7.5 10.74 3.75 9.06 10.74 7.5 3.75 7.72 9.06 7.5 18.14 9.06 0.0 7.72 8.49 6.75 6.75 7.97 7.5 7.97 7.5 10.74 5.86 7.5 9.06 0.0 7.72 0.0 7.72 9.06 18.75 10.74 5.86 7.5 7.5 7.5 7.97 6.75 12.57 12.57 10.74 6.75 18.75 3.75 3.75 10.74 6.75 0.0 12.57 18.14 10.74 18.75 7.72 0.0 9.06 3.75 18.75 18.75 7.72 18.14 3.75 7.72 7.97 3.75 0.0 12.57 3.75 3.75 0.0 18.75 12.57 12.57 7.5 12.57
0.0 15.61 25.47 16.05 10.09 16.77 3.75 13.12 18.26 10.09 16.77 18.26 13.12 6.75 0.0 16.77 13.12 25.47 16.77 7.72 0.0 16.05 3.75 3.75 15.61 13.12 15.61 13.12 18.26 13.52 13.12 16.77 7.72 0.0 7.72 0.0 16.77 26.34 18.26 13.52 13.12 13.12 13.12 15.61 3.75 20.19 20.19 18.26 3.75 26.34 6.75 10.09 18.26 3.75 7.72 20.19 25.47 18.26 26.34 0.0 7.72 16.77 6.75 26.34 26.34 0.0 25.47 10.09 0.0 15.61 10.09 7.72 20.19 6.75 10.09 7.72 26.34 20.19 20.19 13.12 20.19
7.72 7.97 18.14 8.49 3.75 9.06 6.75 7.5 10.74 3.75 9.06 10.74 7.5 3.75 7.72 9.06 7.5 18.14 9.06 0.0 7.72 8.49 6.75 6.75 7.97 7.5 7.97 7.5 10.74 5.86 7.5 9.06 0.0 7.72 0.0 7.72 9.06 18.75 10.74 5.86 7.5 7.5 7.5 7.97 6.75 12.57 12.57 10.74 6.75 18.75 3.75 3.75 10.74 6.75 0.0 12.57 18.14 10.74 18.75 7.72 0.0 9.06 3.75 18.75 18.75 7.72 18.14 3.75 7.72 7.97 3.75 0.0 12.57 3.75 3.75 0.0 18.75 12.57 12.57 7.5 12.57
0.0 15.61 25.47 16.05 10.09 16.77 3.75 13.12 18.26 10.09 16.77 18.26 13.12 6.75 0.0 16.77 13.12 25.47 16.77 7.72 0.0 16.05 3.75 3.75 15.61 13.12 15.61 13.12 18.26 13.52 13.12 16.77 7.72 0.0 7.72 0.0 16.77 26.34 18.26 13.52 13.12 13.12 13.12 15.61 3.75 20.19 20.19 18.26 3.75 26.34 6.75 10.09 18.26 3.75 7.72 20.19 25.47 18.26 26.34 0.0 7.72 16.77 6.75 26.34 26.34 0.0 25.47 10.09 0.0 15.61 10.09 7.72 20.19 6.75 10.09 7.72 26.34 20.19 20.19 13.12 20.19
16.77 2.7 9.86 3.18 8.25 0.0 15.46 9.06 2.7 8.25 0.0 2.7 9.06 11.15 16.77 0.0 9.06 9.86 0.0 9.06 16.77 3.18 15.46 15.46 2.7 9.06 2.7 9.06 2.7 3.75 9.06 0.0 9.06 16.77 9.06 16.77 0.0 9.86 2.7 3.75 9.06 9.06 9.06 2.7 15.46 3.75 3.75 2.7 15.46 9.86 11.15 8.25 2.7 15.46 9.06 3.75 9.86 2.7 9.86 16.77 9.06 0.0 11.15 9.86 9.86 16.77 9.86 8.25 16.77 2.7 8.25 9.06 3.75 11.15 8.25 9.06 9.86 3.75 3.75 9.06 3.75
26.34 12.0 3.0 12.02 18.06 9.86 25.3 18.14 8.08 18.06 9.86 8.08 18.14 20.12 26.34 9.86 18.14 3.0 9.86 18.75 26.34 12.02 25.3 25.3 12.0 18.14 12.0 18.14 8.08 13.58 18.14 9.86 18.75 26.34 18.75 26.34 9.86 0.0 8.08 13.58 18.14 18.14 18.14 12.0 25.3 6.18 6.18 8.08 25.3 0.0 20.12 18.06 8.08 25.3 18.75 6.18 3.0 8.08 0.0 26.34 18.75 9.86 20.12 0.0 0.0 26.34 3.0 18.06 26.34 12.0 18.06 18.75 6.18 20.12 18.06 18.75 0.0 6.18 6.18 18.14 6.18
18.26 5.41 7.5 5.86 10.61 2.7 17.4 11.74 0.0 10.61 2.7 0.0 11.74 12.09 18.26 2.7 11.74 7.5 2.7 10.74 18.26 5.86 17.4 17.4 5.41 11.74 5.41 11.74 0.0 6.18 11.74 2.7 10.74 18.26 10.74 18.26 2.7 8.08 0.0 6.18 11.74 11.74 11.74 5.41 17.4 2.12 2.12 0.0 17.4 8.08 12.09 10.61 0.0 17.4 10.74 2.12 7.5 0.0 8.08 18.26 10.74 2.7 12.09 8.08 8.08 18.26 7.5 10.61 18.26 5.41 10.61 10.74 2.12 12.09 10.61 10.74 8.08 2.12 2.12 11.74 2.12
13.52 2.12 13.58 2.7 4.5 3.75 11.86 5.86 6.18 4.5 3.75 6.18 5.86 8.75 13.52 3.75 5.86 13.58 3.75 5.86 13.52 2.7 11.86 11.86 2.12 5.86 2.12 5.86 6.18 0.0 5.86 3.75 5.86 13.52 5.86 13.52 3.75 13.58 6.18 0.0 5.86 5.86 5.86 2.12 11.86 7.5 7.5 6.18 11.86 13.58 8.75 4.5 6.18 11.86 5.86 7.5 13.58 6.18 13.58 13.52 5.86 3.75 8.75 13.58 13.58 13.52 13.58 4.5 13.52 2.12 4.5 5.86 7.5 8.75 4.5 5.86 13.58 7.5 7.5 5.86 7.5
13.12 6.41 18.75 6.18 3.75 9.06 10.09 0.0 11.74 3.75 9.06 11.74 0.0 11.25 13.12 9.06 0.0 18.75 9.06 7.5 13.12 6.18 10.09 10.09 6.41 0.0 6.41 0.0 11.74 5.86 0.0 9.06 7.5 13.12 7.5 13.12 9.06 18.14 11.74 5.86 0.0 0.0 0.0 6.41 10.09 12.57 12.57 11.74 10.09 18.14 11.25 3.75 11.74 10.09 7.5 12.57 18.75 11.74 18.14 13.12 7.5 9.06 11.25 18.14 18.14 13.12 18.75 3.75 13.12 6.41 3.75 7.5 12.57 11.25 3.75 7.5 18.14 12.57 12.57 0.0 12.57
13.12 6.41 18.75 6.18 3.75 9.06 10.09 0.0 11.74 3.75 9.06 11.74 0.0 11.25 13.12 9.06 0.0 18.75 9.06 7.5 13.12 6.18 10.09 10.09 6.41 0.0 6.41 0.0 11.74 5.86 0.0 9.06 7.5 13.12 7.5 13.12 9.06 18.14 11.74 5.86 0.0 0.0 0.0 6.41 10.09 12.57 12.57 11.74 10.09 18.14 11.25 3.75 11.74 10.09 7.5 12.57 18.75 11.74 18.14 13.12 7.5 9.06 11.25 18.14 18.14 13.12 18.75 3.75 13.12 6.41 3.75 7.5 12.57 11.25 3.75 7.5 18.14 12.57 12.57 0.0 12.57
13.12 6.41 18.75 6.18 3.75 9.06 10.09 0.0 11.74 3.75 9.06 11.74 0.0 11.25 13.12 9.06 0.0 18.75 9.06 7.5 13.12 6.18 10.09 10.09 6.41 0.0 6.41 0.0 11.74 5.86 0.0 9.06 7.5 13.12 7.5 13.12 9.06 18.14 11.74 5.86 0.0 0.0 0.0 6.41 10.09 12.57 12.57 11.74 10.09 18.14 11.25 3.75 11.74 10.09 7.5 12.57 18.75 11.74 18.14 13.12 7.5 9.06 11.25 18.14 18.14 13.12 18.75 3.75 13.12 6.41 3.75 7.5 12.57 11.25 3.75 7.5 18.14 12.57 12.57 0.0 12.57
15.61 0.0 12.37 0.75 6.18 2.7 13.79 6.41 5.41 6.18 2.7 5.41 6.41 10.82 15.61 2.7 6.41 12.37 2.7 7.97 15.61 0.75 13.79 13.79 0.0 6.41 0.0 6.41 5.41 2.12 6.41 2.7 7.97 15.61 7.97 15.61 2.7 12.0 5.41 2.12 6.41 6.41 6.41 0.0 13.79 6.18 6.18 5.41 13.79 12.0 10.82 6.18 5.41 13.79 7.97 6.18 12.37 5.41 12.0 15.61 7.97 2.7 10.82 12.0 12.0 15.61 12.37 6.18 15.61 0.0 6.18 7.97 6.18 10.82 6.18 7.97 12.0 6.18 6.18 6.41 6.18
3.75 13.79 24.85 14.09 7.72 15.46 0.0 10.09 17.4 7.72 15.46 17.4 10.09 7.72 3.75 15.46 10.09 24.85 15.46 6.75 3.75 14.09 0.0 0.0 13.79 10.09 13.79 10.09 17.4 11.86 10.09 15.46 6.75 3.75 6.75 3.75 15.46 25.3 17.4 11.86 10.09 10.09 10.09 13.79 0.0 19.12 19.12 17.4 0.0 25.3 7.72 7.72 17.4 0.0 6.75 19.12 24.85 17.4 25.3 3.75 6.75 15.46 7.72 25.3 25.3 3.75 24.85 7.72 3.75 13.79 7.72 6.75 19.12 7.72 7.72 6.75 25.3 19.12 19.12 10.09 19.12
20.19 6.18 6.18 6.41 12.0 3.75 19.12 12.57 2.12 12.0 3.75 2.12 12.57 14.15 20.19 3.75 12.57 6.18 3.75 12.57 20.19 6.41 19.12 19.12 6.18 12.57 6.18 12.57 2.12 7.5 12.57 3.75 12.57 20.19 12.57 20.19 3.75 6.18 2.12 7.5 12.57 12.57 12.57 6.18 19.12 0.0 0.0 2.12 19.12 6.18 14.15 12.0 2.12 19.12 12.57 0.0 6.18 2.12 6.18 20.19 12.57 3.75 14.15 6.18 6.18 20.19 6.18 12.0 20.19 6.18 12.0 12.57 0.0 14.15 12.0 12.57 6.18 0.0 0.0 12.57 0.0
20.19 6.18 6.18 6.41 12.0 3.75 19.12 12.57 2.12 12.0 3.75 2.12 12.57 14.15 20.19 3.75 12.57 6.18 3.75 12.57 20.19 6.41 19.12 19.12 6.18 12.57 6.18 12.57 2.12 7.5 12.57 3.75 12.57 20.19 12.57 20.19 3.75 6.18 2.12 7.5 12.57 12.57 12.57 6.18 19.12 0.0 0.0 2.12 19.12 6.18 14.15 12.0 2.12 19.12 12.57 0.0 6.18 2.12 6.18 20.19 12.57 3.75 14.15 6.18 6.18 20.19 6.18 12.0 20.19 6.18 12.0 12.57 0.0 14.15 12.0 12.57 6.18 0.0 0.0 12.57 0.0
18.26 5.41 7.5 5.86 10.61 2.7 17.4 11.74 0.0 10.61 2.7 0.0 11.74 12.09 18.26 2.7 11.74 7.5 2.7 10.74 18.26 5.86 17.4 17.4 5.41 11.74 5.41 11.74 0.0 6.18 11.74 2.7 10.74 18.26 10.74 18.26 2.7 8.08 0.0 6.18 11.74 11.74 11.74 5.41 17.4 2.12 2.12 0.0 17.4 8.08 12.09 10.61 0.0 17.4 10.74 2.12 7.5 0.0 8.08 18.26 10.74 2.7 12.09 8.08 8.08 18.26 7.5 10.61 18.26 5.41 10.61 10.74 2.12 12.09 10.61 10.74 8.08 2.12 2.12 11.74 2.12
3.75 13.79 24.85 14.09 7.72 15.46 0.0 10.09 17.4 7.72 15.46 17.4 10.09 7.72 3.75 15.46 10.09 24.85 15.46 6.75 3.75 14.09 0.0 0.0 13.79 10.09 13.79 10.09 17.4 11.86 10.09 15.46 6.75 3.75 6.75 3.75 15.46 25.3 17.4 11.86 10.09 10.09 10.09 13.79 0.0 19.12 19.12 17.4 0.0 25.3 7.72 7.72 17.4 0.0 6.75 19.12 24.85 17.4 25.3 3.75 6.75 15.46 7.72 25.3 25.3 3.75 24.85 7.72 3.75 13.79 7.72 6.75 19.12 7.72 7.72 6.75 25.3 19.12 19.12 10.09 19.12
26.34 12.0 3.0 12.02 18.06 9.86 25.3 18.14 8.08 18.06 9.86 8.08 18.14 20.12 26.34 9.86 18.14 3.0 9.86 18.75 26.34 12.02 25.3 25.3 12.0 18.14 12.0 18.14 8.08 13.58 18.14 9.86 18.75 26.34 18.75 26.34 9.86 0.0 8.08 13.58 18.14 18.14 18.14 12.0 25.3 6.18 6.18 8.08 25.3 0.0 20.12 18.06 8.08 25.3 18.75 6.18 3.0 8.08 0.0 26.34 18.75 9.86 20.12 0.0 0.0 26.34 3.0 18.06 26.34 12.0 18.06 18.75 6.18 20.12 18.06 18.75 0.0 6.18 6.18 18.14 6.18
6.75 10.82 18.97 11.45 7.5 11.15 7.72 11.25 12.09 7.5 11.15 12.09 11.25 0.0 6.75 11.15 11.25 18.97 11.15 3.75 6.75 11.45 7.72 7.72 10.82 11.25 10.82 11.25 12.09 8.75 11.25 11.15 3.75 6.75 3.75 6.75 11.15 20.12 12.09 8.75 11.25 11.25 11.25 10.82 7.72 14.15 14.15 12.09 7.72 20.12 0.0 7.5 12.09 7.72 3.75 14.15 18.97 12.09 20.12 6.75 3.75 11.15 0.0 20.12 20.12 6.75 18.97 7.5 6.75 10.82 7.5 3.75 14.15 0.0 7.5 3.75 20.12 14.15 14.15 11.25 14.15
10.09 6.18 18.06 6.41 0.0 8.25 7.72 3.75 10.61 0.0 8.25 10.61 3.75 7.5 10.09 8.25 3.75 18.06 8.25 3.75 10.09 6.41 7.72 7.72 6.18 3.75 6.18 3.75 10.61 4.5 3.75 8.25 3.75 10.09 3.75 10.09 8.25 18.06 10.61 4.5 3.75 3.75 3.75 6.18 7.72 12.0 12.0 10.61 7.72 18.06 7.5 0.0 10.61 7.72 3.75 12.0 18.06 10.61 18.06 10.09 3.75 8.25 7.5 18.06 18.06 10.09 18.06 0.0 10.09 6.18 0.0 3.75 12.0 7.5 0.0 3.75 18.06 12.0 12.0 3.75 12.0
18.26 5.41 7.5 5.86 10.61 2.7 17.4 11.74 0.0 10.61 2.7 0.0 11.74 12.09 18.26 2.7 11.74 7.5 2.7 10.74 18.26 5.86 17.4 17.4 5.41 11.74 5.41 11.74 0.0 6.18 11.74 2.7 10.74 18.26 10.74 18.26 2.7 8.08 0.0 6.18 11.74 11.74 11.74 5.41 17.4 2.12 2.12 0.0 17.4 8.08 12.09 10.61 0.0 17.4 10.74 2.12 7.5 0.0 8.08 18.26 10.74 2.7 12.09 8.08 8.08 18.26 7.5 10.61 18.26 5.41 10.61 10.74 2.12 12.09 10.61 10.74 8.08 2.12 2.12 11.74 2.12
3.75 13.79 24.85 14.09 7.72 15.46 0.0 10.09 17.4 7.72 15.46 17.4 10.09 7.72 3.75 15.46 10.09 24.85 15.46 6.75 3.75 14.09 0.0 0.0 13.79 10.09 13.79 10.09 17.4 11.86 10.09 15.46 6.75 3.75 6.75 3.75 15.46 25.3 17.4 11.86 10.09 10.09 10.09 13.79 0.0 19.12 19.12 17.4 0.0 25.3 7.72 7.72 17.4 0.0 6.75 19.12 24.85 17.4 25.3 3.75 6.75 15.46 7.72 25.3 25.3 3.75 24.85 7.72 3.75 13.79 7.72 6.75 19.12 7.72 7.72 6.75 25.3 19.12 19.12 10.09 19.12
7.72 7.97 18.14 8.49 3.75 9.06 6.75 7.5 10.74 3.75 9.06 10.74 7.5 3.75 7.72 9.06 7.5 18.14 9.06 0.0 7.72 8.49 6.75 6.75 7.97 7.5 7.97 7.5 10.74 5.86 7.5 9.06 0.0 7.72 0.0 7.72 9.06 18.75 10.74 5.86 7.5 7.5 7.5 7.97 6.75 12.57 12.57 10.74 6.75 18.75 3.75 3.75 10.74 6.75 0.0 12.57 18.14 10.74 18.75 7.72 0.0 9.06 3.75 18.75 18.75 7.72 18.14 3.75 7.72 7.97 3.75 0.0 12.57 3.75 3.75 0.0 18.75 12.57 12.57 7.5 12.57
20.19 6.18 6.18 6.41 12.0 3.75 19.12 12.57 2.12 12.0 3.75 2.12 12.57 14.15 20.19 3.75 12.57 6.18 3.75 12.57 20.19 6.41 19.12 19.12 6.18 12.57 6.18 12.57 2.12 7.5 12.57 3.75 12.57 20.19 12.57 20.19 3.75 6.18 2.12 7.5 12.57 12.57 12.57 6.18 19.12 0.0 0.0 2.12 19.12 6.18 14.15 12.0 2.12 19.12 12.57 0.0 6.18 2.12 6.18 20.19 12.57 3.75 14.15 6.18 6.18 20.19 6.18 12.0 20.19 6.18 12.0 12.57 0.0 14.15 12.0 12.57 6.18 0.0 0.0 12.57 0.0
25.47 12.37 0.0 12.57 18.06 9.86 24.85 18.75 7.5 18.06 9.86 7.5 18.75 18.97 25.47 9.86 18.75 0.0 9.86 18.14 25.47 12.57 24.85 24.85 12.37 18.75 12.37 18.75 7.5 13.58 18.75 9.86 18.14 25.47 18.14 25.47 9.86 3.0 7.5 13.58 18.75 18.75 18.75 12.37 24.85 6.18 6.18 7.5 24.85 3.0 18.97 18.06 7.5 24.85 18.14 6.18 0.0 7.5 3.0 25.47 18.14 9.86 18.97 3.0 3.0 25.47 0.0 18.06 25.47 12.37 18.06 18.14 6.18 18.97 18.06 18.14 3.0 6.18 6.18 18.75 6.18
18.26 5.41 7.5 5.86 10.61 2.7 17.4 11.74 0.0 10.61 2.7 0.0 11.74 12.09 18.26 2.7 11.74 7.5 2.7 10.74 18.26 5.86 17.4 17.4 5.41 11.74 5.41 11.74 0.0 6.18 11.74 2.7 10.74 18.26 10.74 18.26 2.7 8.08 0.0 6.18 11.74 11.74 11.74 5.41 17.4 2.12 2.12 0.0 17.4 8.08 12.09 10.61 0.0 17.4 10.74 2.12 7.5 0.0 8.08 18.26 10.74 2.7 12.09 8.08 8.08 18.26 7.5 10.61 18.26 5.41 10.61 10.74 2.12 12.09 10.61 10.74 8.08 2.12 2.12 11.74 2.12
26.34 12.0 3.0 12.02 18.06 9.86 25.3 18.14 8.08 18.06 9.86 8.08 18.14 20.12 26.34 9.86 18.14 3.0 9.86 18.75 26.34 12.02 25.3 25.3 12.0 18.14 12.0 18.14 8.08 13.58 18.14 9.86 18.75 26.34 18.75 26.34 9.86 0.0 8.08 13.58 18.14 18.14 18.14 12.0 25.3 6.18 6.18 8.08 25.3 0.0 20.12 18.06 8.08 25.3 18.75 6.18 3.0 8.08 0.0 26.34 18.75 9.86 20.12 0.0 0.0 26.34 3.0 18.06 26.34 12.0 18.06 18.75 6.18 20.12 18.06 18.75 0.0 6.18 6.18 18.14 6.18
0.0 15.61 25.47 16.05 10.09 16.77 3.75 13.12 18.26 10.09 16.77 18.26 13.12 6.75 0.0 16.77 13.12 25.47 16.77 7.72 0.0 16.05 3.75 3.75 15.61 13.12 15.61 13.12 18.26 13.52 13.12 16.77 7.72 0.0 7.72 0.0 16.77 26.34 18.26 13.52 13.12 13.12 13.12 15.61 3.75 20.19 20.19 18.26 3.75 26.34 6.75 10.09 18.26 3.75 7.72 20.19 25.47 18.26 26.34 0.0 7.72 16.77 6.75 26.34 26.34 0.0 25.47 10.09 0.0 15.61 10.09 7.72 20.19 6.75 10.09 7.72 26.34 20.19 20.19 13.12 20.19
7.72 7.97 18.14 8.49 3.75 9.06 6.75 7.5 10.74 3.75 9.06 10.74 7.5 3.75 7.72 9.06 7.5 18.14 9.06 0.0 7.72 8.49 6.75 6.75 7.97 7.5 7.97 7.5 10.74 5.86 7.5 9.06 0.0 7.72 0.0 7.72 9.06 18.75 10.74 5.86 7.5 7.5 7.5 7.97 6.75 12.57 12.57 10.74 6.75 18.75 3.75 3.75 10.74 6.75 0.0 12.57 18.14 10.74 18.75 7.72 0.0 9.06 3.75 18.75 18.75 7.72 18.14 3.75 7.72 7.97 3.75 0.0 12.57 3.75 3.75 0.0 18.75 12.57 12.57 7.5 12.57
16.77 2.7 9.86 3.18 8.25 0.0 15.46 9.06 2.7 8.25 0.0 2.7 9.06 11.15 16.77 0.0 9.06 9.86 0.0 9.06 16.77 3.18 15.46 15.46 2.7 9.06 2.7 9.06 2.7 3.75 9.06 0.0 9.06 16.77 9.06 16.77 0.0 9.86 2.7 3.75 9.06 9.06 9.06 2.7 15.46 3.75 3.75 2.7 15.46 9.86 11.15 8.25 2.7 15.46 9.06 3.75 9.86 2.7 9.86 16.77 9.06 0.0 11.15 9.86 9.86 16.77 9.86 8.25 16.77 2.7 8.25 9.06 3.75 11.15 8.25 9.06 9.86 3.75 3.75 9.06 3.75
6.75 10.82 18.97 11.45 7.5 11.15 7.72 11.25 12.09 7.5 11.15 12.09 11.25 0.0 6.75 11.15 11.25 18.97 11.15 3.75 6.75 11.45 7.72 7.72 10.82 11.25 10.82 11.25 12.09 8.75 11.25 11.15 3.75 6.75 3.75 6.75 11.15 20.12 12.09 8.75 11.25 11.25 11.25 10.82 7.72 14.15 14.15 12.09 7.72 20.12 0.0 7.5 12.09 7.72 3.75 14.15 18.97 12.09 20.12 6.75 3.75 11.15 0.0 20.12 20.12 6.75 18.97 7.5 6.75 10.82 7.5 3.75 14.15 0.0 7.5 3.75 20.12 14.15 14.15 11.25 14.15
26.34 12.0 3.0 12.02 18.06 9.86 25.3 18.14 8.08 18.06 9.86 8.08 18.14 20.12 26.34 9.86 18.14 3.0 9.86 18.75 26.34 12.02 25.3 25.3 12.0 18.14 12.0 18.14 8.08 13.58 18.14 9.86 18.75 26.34 18.75 26.34 9.86 0.0 8.08 13.58 18.14 18.14 18.14 12.0 25.3 6.18 6.18 8.08 25.3 0.0 20.12 18.06 8.08 25.3 18.75 6.18 3.0 8.08 0.0 26.34 18.75 9.86 20.12 0.0 0.0 26.34 3.0 18.06 26.34 12.0 18.06 18.75 6.18 20.12 18.06 18.75 0.0 6.18 6.18 18.14 6.18
26.34 12.0 3.0 12.02 18.06 9.86 25.3 18.14 8.08 18.06 9.86 8.08 18.14 20.12 26.34 9.86 18.14 3.0 9.86 18.75 26.34 12.02 25.3 25.3 12.0 18.14 12.0 18.14 8.08 13.58 18.14 9.86 18.75 26.34 18.75 26.34 9.86 0.0 8.08 13.58 18.14 18.14 18.14 12.0 25.3 6.18 6.18 8.08 25.3 0.0 20.12 18.06 8.08 25.3 18.75 6.18 3.0 8.08 0.0 26.34 18.75 9.86 20.12 0.0 0.0 26.34 3.0 18.06 26.34 12.0 18.06 18.75 6.18 20.12 18.06 18.75 0.0 6.18 6.18 18.14 6.18
0.0 15.61 25.47 16.05 10.09 16.77 3.75 13.12 18.26 10.09 16.77 18.26 13.12 6.75 0.0 16.77 13.12 25.47 16.77 7.72 0.0 16.05 3.75 3.75 15.61 13.12 15.61 13.12 18.26 13.52 13.12 16.77 7.72 0.0 7.72 0.0 16.77 26.34 18.26 13.52 13.12 13.12 13.12 15.61 3.75 20.19 20.19 18.26 3.75 26.34 6.75 10.09 18.26 3.75 7.72 20.19 25.47 18.26 26.34 0.0 7.72 16.77 6.75 26.34 26.34 0.0 25.47 10.09 0.0 15.61 10.09 7.72 20.19 6.75 10.09 7.72 26.34 20.19 20.19 13.12 20.19
25.47 12.37 0.0 12.57 18.06 9.86 24.85 18.75 7.5 18.06 9.86 7.5 18.75 18.97 25.47 9.86 18.75 0.0 9.86 18.14 25.47 12.57 24.85 24.85 12.37 18.75 12.37 18.75 7.5 13.58 18.75 9.86 18.14 25.47 18.14 25.47 9.86 3.0 7.5 13.58 18.75 18.75 18.75 12.37 24.85 6.18 6.18 7.5 24.85 3.0 18.97 18.06 7.5 24.85 18.14 6.18 0.0 7.5 3.0 25.47 18.14 9.86 18.97 3.0 3.0 25.47 0.0 18.06 25.47 12.37 18.06 18.14 6.18 18.97 18.06 18.14 3.0 6.18 6.18 18.75 6.18
10.09 6.18 18.06 6.41 0.0 8.25 7.72 3.75 10.61 0.0 8.25 10.61 3.75 7.5 10.09 8.25 3.75 18.06 8.25 3.75 10.09 6.41 7.72 7.72 6.18 3.75 6.18 3.75 10.61 4.5 3.75 8.25 3.75 10.09 3.75 10.09 8.25 18.06 10.61 4.5 3.75 3.75 3.75 6.18 7.72 12.0 12.0 10.61 7.72 18.06 7.5 0.0 10.61 7.72 3.75 12.0 18.06 10.61 18.06 10.09 3.75 8.25 7.5 18.06 18.06 10.09 18.06 0.0 10.09 6.18 0.0 3.75 12.0 7.5 0.0 3.75 18.06 12.0 12.0 3.75 12.0
0.0 15.61 25.47 16.05 10.09 16.77 3.75 13.12 18.26 10.09 16.77 18.26 13.12 6.75 0.0 16.77 13.12 25.47 16.77 7.72 0.0 16.05 3.75 3.75 15.61 13.12 15.61 13.12 18.26 13.52 13.12 16.77 7.72 0.0 7.72 0.0 16.77 26.34 18.26 13.52 13.12 13.12 13.12 15.61 3.75 20.19 20.19 18.26 3.75 26.34 6.75 10.09 18.26 3.75 7.72 20.19 25.47 18.26 26.34 0.0 7.72 16.77 6.75 26.34 26.34 0.0 25.47 10.09 0.0 15.61 10.09 7.72 20.19 6.75 10.09 7.72 26.34 20.19 20.19 13.12 20.19
15.61 0.0 12.37 0.75 6.18 2.7 13.79 6.41 5.41 6.18 2.7 5.41 6.41 10.82 15.61 2.7 6.41 12.37 2.7 7.97 15.61 0.75 13.79 13.79 0.0 6.41 0.0 6.41 5.41 2.12 6.41 2.7 7.97 15.61 7.97 15.61 2.7 12.0 5.41 2.12 6.41 6.41 6.41 0.0 13.79 6.18 6.18 5.41 13.79 12.0 10.82 6.18 5.41 13.79 7.97 6.18 12.37 5.41 12.0 15.61 7.97 2.7 10.82 12.0 12.0 15.61 12.37 6.18 15.61 0.0 6.18 7.97 6.18 10.82 6.18 7.97 12.0 6.18 6.18 6.41 6.18
10.09 6.18 18.06 6.41 0.0 8.25 7.72 3.75 10.61 0.0 8.25 10.61 3.75 7.5 10.09 8.25 3.75 18.06 8.25 3.75 10.09 6.41 7.72 7.72 6.18 3.75 6.18 3.75 10.61 4.5 3.75 8.25 3.75 10.09 3.75 10.09 8.25 18.06 10.61 4.5 3.75 3.75 3.75 6.18 7.72 12.0 12.0 10.61 7.72 18.06 7.5 0.0 10.61 7.72 3.75 12.0 18.06 10.61 18.06 10.09 3.75 8.25 7.5 18.06 18.06 10.09 18.06 0.0 10.09 6.18 0.0 3.75 12.0 7.5 0.0 3.75 18.06 12.0 12.0 3.75 12.0
7.72 7.97 18.14 8.49 3.75 9.06 6.75 7.5 10.74 3.75 9.06 10.74 7.5 3.75 7.72 9.06 7.5 18.14 9.06 0.0 7.72 8.49 6.75 6.75 7.97 7.5 7.97 7.5 10.74 5.86 7.5 9.06 0.0 7.72 0.0 7.72 9.06 18.75 10.74 5.86 7.5 7.5 7.5 7.97 6.75 12.57 12.57 10.74 6.75 18.75 3.75 3.75 10.74 6.75 0.0 12.57 18.14 10.74 18.75 7.72 0.0 9.06 3.75 18.75 18.75 7.72 18.14 3.75 7.72 7.97 3.75 0.0 12.57 3.75 3.75 0.0 18.75 12.57 12.57 7.5 12.57
20.19 6.18 6.18 6.41 12.0 3.75 19.12 12.57 2.12 12.0 3.75 2.12 12.57 14.15 20.19 3.75 12.57 6.18 3.75 12.57 20.19 6.41 19.12 19.12 6.18 12.57 6.18 12.57 2.12 7.5 12.57 3.75 12.57 20.19 12.57 20.19 3.75 6.18 2.12 7.5 12.57 12.57 12.57 6.18 19.12 0.0 0.0 2.12 19.12 6.18 14.15 12.0 2.12 19.12 12.57 0.0 6.18 2.12 6.18 20.19 12.57 3.75 14.15 6.18 6.18 20.19 6.18 12.0 20.19 6.18 12.0 12.57 0.0 14.15 12.0 12.57 6.18 0.0 0.0 12.57 0.0
6.75 10.82 18.97 11.45 7.5 11.15 7.72 11.25 12.09 7.5 11.15 12.09 11.25 0.0 6.75 11.15 11.25 18.97 11.15 3.75 6.75 11.45 7.72 7.72 10.82 11.25 10.82 11.25 12.09 8.75 11.25 11.15 3.75 6.75 3.75 6.75 11.15 20.12 12.09 8.75 11.25 11.25 11.25 10.82 7.72 14.15 14.15 12.09 7.72 20.12 0.0 7.5 12.09 7.72 3.75 14.15 18.97 12.09 20.12 6.75 3.75 11.15 0.0 20.12 20.12 6.75 18.97 7.5 6.75 10.82 7.5 3.75 14.15 0.0 7.5 3.75 20.12 14.15 14.15 11.25 14.15
10.09 6.18 18.06 6.41 0.0 8.25 7.72 3.75 10.61 0.0 8.25 10.61 3.75 7.5 10.09 8.25 3.75 18.06 8.25 3.75 10.09 6.41 7.72 7.72 6.18 3.75 6.18 3.75 10.61 4.5 3.75 8.25 3.75 10.09 3.75 10.09 8.25 18.06 10.61 4.5 3.75 3.75 3.75 6.18 7.72 12.0 12.0 10.61 7.72 18.06 7.5 0.0 10.61 7.72 3.75 12.0 18.06 10.61 18.06 10.09 3.75 8.25 7.5 18.06 18.06 10.09 18.06 0.0 10.09 6.18 0.0 3.75 12.0 7.5 0.0 3.75 18.06 12.0 12.0 3.75 12.0
7.72 7.97 18.14 8.49 3.75 9.06 6.75 7.5 10.74 3.75 9.06 10.74 7.5 3.75 7.72 9.06 7.5 18.14 9.06 0.0 7.72 8.49 6.75 6.75 7.97 7.5 7.97 7.5 10.74 5.86 7.5 9.06 0.0 7.72 0.0 7.72 9.06 18.75 10.74 5.86 7.5 7.5 7.5 7.97 6.75 12.57 12.57 10.74 6.75 18.75 3.75 3.75 10.74 6.75 0.0 12.57 18.14 10.74 18.75 7.72 0.0 9.06 3.75 18.75 18.75 7.72 18.14 3.75 7.72 7.97 3.75 0.0 12.57 3.75 3.75 0.0 18.75 12.57 12.57 7.5 12.57
26.34 12.0 3.0 12.02 18.06 9.86 25.3 18.14 8.08 18.06 9.86 8.08 18.14 20.12 26.34 9.86 18.14 3.0 9.86 18.75 26.34 12.02 25.3 25.3 12.0 18.14 12.0 18.14 8.08 13.58 18.14 9.86 18.75 26.34 18.75 26.34 9.86 0.0 8.08 13.58 18.14 18.14 18.14 12.0 25.3 6.18 6.18 8.08 25.3 0.0 20.12 18.06 8.08 25.3 18.75 6.18 3.0 8.08 0.0 26.34 18.75 9.86 20.12 0.0 0.0 26.34 3.0 18.06 26.34 12.0 18.06 18.75 6.18 20.12 18.06 18.75 0.0 6.18 6.18 18.14 6.18
20.19 6.18 6.18 6.41 12.0 3.75 19.12 12.57 2.12 12.0 3.75 2.12 12.57 14.15 20.19 3.75 12.57 6.18 3.75 12.57 20.19 6.41 19.12 19.12 6.18 12.57 6.18 12.57 2.12 7.5 12.57 3.75 12.57 20.19 12.57 20.19 3.75 6.18 2.12 7.5 12.57 12.57 12.57 6.18 19.12 0.0 0.0 2.12 19.12 6.18 14.15 12.0 2.12 19.12 12.57 0.0 6.18 2.12 6.18 20.19 12.57 3.75 14.15 6.18 6.18 20.19 6.18 12.0 20.19 6.18 12.0 12.57 0.0 14.15 12.0 12.57 6.18 0.0 0.0 12.57 0.0
20.19 6.18 6.18 6.41 12.0 3.75 19.12 12.57 2.12 12.0 3.75 2.12 12.57 14.15 20.19 3.75 12.57 6.18 3.75 12.57 20.19 6.41 19.12 19.12 6.18 12.57 6.18 12.57 2.12 7.5 12.57 3.75 12.57 20.19 12.57 20.19 3.75 6.18 2.12 7.5 12.57 12.57 12.57 6.18 19.12 0.0 0.0 2.12 19.12 6.18 14.15 12.0 2.12 19.12 12.57 0.0 6.18 2.12 6.18 20.19 12.57 3.75 14.15 6.18 6.18 20.19 6.18 12.0 20.19 6.18 12.0 12.57 0.0 14.15 12.0 12.57 6.18 0.0 0.0 12.57 0.0
13.12 6.41 18.75 6.18 3.75 9.06 10.09 0.0 11.74 3.75 9.06 11.74 0.0 11.25 13.12 9.06 0.0 18.75 9.06 7.5 13.12 6.18 10.09 10.09 6.41 0.0 6.41 0.0 11.74 5.86 0.0 9.06 7.5 13.12 7.5 13.12 9.06 18.14 11.74 5.86 0.0 0.0 0.0 6.41 10.09 12.57 12.57 11.74 10.09 18.14 11.25 3.75 11.74 10.09 7.5 12.57 18.75 11.74 18.14 13.12 7.5 9.06 11.25 18.14 18.14 13.12 18.75 3.75 13.12 6.41 3.75 7.5 12.57 11.25 3.75 7.5 18.14 12.57 12.57 0.0 12.57
20.19 6.18 6.18 6.41 12.0 3.75 19.12 12.57 2.12 12.0 3.75 2.12 12.57 14.15 20.19 3.75 12.57 6.18 3.75 12.57 20.19 6.41 19.12 19.12 6.18 12.57 6.18 12.57 2.12 7.5 12.57 3.75 12.57 20.19 12.57 20.19 3.75 6.18 2.12 7.5 12.57 12.57 12.57 6.18 19.12 0.0 0.0 2.12 19.12 6.18 14.15 12.0 2.12 19.12 12.57 0.0 6.18 2.12 6.18 20.19 12.57 3.75 14.15 6.18 6.18 20.19 6.18 12.0 20.19 6.18 12.0 12.57 0.0 14.15 12.0 12.57 6.18 0.0 0.0 12.57 0.0
