0.0 12.53 12.37 3.0 0.0 3.0 18.38 3.0 25.5 12.53 21.0 21.0 21.0 3.0 15.0 26.93 12.37 24.04 12.08 15.23 19.24 7.0 18.25 6.71 19.24 18.44 15.23 18.25 7.0 12.08 12.37 21.1 28.86 15.0 15.23 12.53 18.25 12.08 28.16 28.16 12.08 0.0 26.93 18.25 15.0 12.08 8.6 15.0 18.25 15.23 26.93 15.23 6.71 7.0 19.24 6.71 28.86 28.16 15.0 32.76 9.22 6.71 24.04 15.23 28.86 12.08 21.1 15.0 18.38 26.93 25.5 3.0 21.84 28.86 28.86 12.37 7.0 9.22 25.5 28.16 21.84 15.0 21.0 19.24 24.04 32.76 19.24 12.37 12.37 15.0 25.5 18.25 28.16 12.37 0.0 28.86 21.1 6.71 7.0 7.0 15.23
12.53 0.0 19.7 10.0 12.53 10.0 23.35 10.0 29.0 0.0 11.66 11.66 11.66 10.0 18.11 29.15 19.7 29.27 11.0 3.0 16.16 7.21 25.3 14.42 16.16 18.25 12.37 25.3 7.21 11.0 19.7 24.0 34.23 18.11 3.0 0.0 25.3 11.0 34.93 34.93 11.0 12.53 29.15 25.3 18.11 11.0 11.7 18.11 25.3 12.37 29.15 3.0 14.42 7.21 16.16 14.42 34.23 34.93 18.11 34.53 4.0 14.42 29.27 12.37 34.23 11.0 24.0 18.11 23.35 29.15 29.0 10.0 10.0 34.23 34.23 19.7 7.21 4.0 29.0 34.93 10.0 18.11 11.66 16.16 29.27 34.53 16.16 19.7 19.7 18.11 29.0 25.3 34.93 19.7 12.53 34.23 24.0 14.42 7.21 7.21 3.0
12.37 19.7 0.0 12.0 12.37 12.0 6.4 12.0 13.6 19.7 21.63 21.63 21.63 12.0 6.0 15.56 0.0 11.7 10.63 21.1 14.32 12.65 6.0 6.0 14.32 11.0 12.53 6.0 12.65 10.63 0.0 10.0 16.49 6.0 21.1 19.7 6.0 10.63 16.0 16.0 10.63 12.37 15.56 6.0 6.0 10.63 8.06 6.0 6.0 12.53 15.56 21.1 6.0 12.65 14.32 6.0 16.49 16.0 6.0 21.26 18.44 6.0 11.7 12.53 16.49 10.63 10.0 6.0 6.4 15.56 13.6 12.0 25.46 16.49 16.49 0.0 12.65 18.44 13.6 16.0 25.46 6.0 21.63 14.32 11.7 21.26 14.32 0.0 0.0 6.0 13.6 6.0 16.0 0.0 12.37 16.49 10.0 6.0 12.65 12.65 21.1
3.0 10.0 12.0 0.0 3.0 0.0 17.46 0.0 24.35 10.0 18.0 18.0 18.0 0.0 13.42 25.5 12.0 23.35 9.43 12.53 16.64 4.0 18.0 6.0 16.64 16.28 12.53 18.0 4.0 9.43 12.0 19.7 28.28 13.42 12.53 10.0 18.0 9.43 28.0 28.0 9.43 3.0 25.5 18.0 13.42 9.43 6.4 13.42 18.0 12.53 25.5 12.53 6.0 4.0 16.64 6.0 28.28 28.0 13.42 31.3 7.21 6.0 23.35 12.53 28.28 9.43 19.7 13.42 17.46 25.5 24.35 0.0 18.97 28.28 28.28 12.0 4.0 7.21 24.35 28.0 18.97 13.42 18.0 16.64 23.35 31.3 16.64 12.0 12.0 13.42 24.35 18.0 28.0 12.0 3.0 28.28 19.7 6.0 4.0 4.0 12.53
0.0 12.53 12.37 3.0 0.0 3.0 18.38 3.0 25.5 12.53 21.0 21.0 21.0 3.0 15.0 26.93 12.37 24.04 12.08 15.23 19.24 7.0 18.25 6.71 19.24 18.44 15.23 18.25 7.0 12.08 12.37 21.1 28.86 15.0 15.23 12.53 18.25 12.08 28.16 28.16 12.08 0.0 26.93 18.25 15.0 12.08 8.6 15.0 18.25 15.23 26.93 15.23 6.71 7.0 19.24 6.71 28.86 28.16 15.0 32.76 9.22 6.71 24.04 15.23 28.86 12.08 21.1 15.0 18.38 26.93 25.5 3.0 21.84 28.86 28.86 12.37 7.0 9.22 25.5 28.16 21.84 15.0 21.0 19.24 24.04 32.76 19.24 12.37 12.37 15.0 25.5 18.25 28.16 12.37 0.0 28.86 21.1 6.71 7.0 7.0 15.23
3.0 10.0 12.0 0.0 3.0 0.0 17.46 0.0 24.35 10.0 18.0 18.0 18.0 0.0 13.42 25.5 12.0 23.35 9.43 12.53 16.64 4.0 18.0 6.0 16.64 16.28 12.53 18.0 4.0 9.43 12.0 19.7 28.28 13.42 12.53 10.0 18.0 9.43 28.0 28.0 9.43 3.0 25.5 18.0 13.42 9.43 6.4 13.42 18.0 12.53 25.5 12.53 6.0 4.0 16.64 6.0 28.28 28.0 13.42 31.3 7.21 6.0 23.35 12.53 28.28 9.43 19.7 13.42 17.46 25.5 24.35 0.0 18.97 28.28 28.28 12.0 4.0 7.21 24.35 28.0 18.97 13.42 18.0 16.64 23.35 31.3 16.64 12.0 12.0 13.42 24.35 18.0 28.0 12.0 3.0 28.28 19.7 6.0 4.0 4.0 12.53
18.38 23.35 6.4 17.46 18.38 17.46 0.0 17.46 7.21 23.35 22.02 22.02 22.02 17.46 5.39 9.22 6.4 6.0 12.65 24.04 12.81 17.0 4.12 11.7 12.81 8.6 13.04 4.12 17.0 12.65 6.4 4.12 11.0 5.39 24.04 23.35 4.12 12.65 11.7 11.7 12.65 18.38 9.22 4.12 5.39 12.65 12.0 5.39 4.12 13.04 9.22 24.04 11.7 17.0 12.81 11.7 11.0 11.7 5.39 14.87 23.0 11.7 6.0 13.04 11.0 12.65 4.12 5.39 0.0 9.22 7.21 17.46 26.93 11.0 11.0 6.4 17.0 23.0 7.21 11.7 26.93 5.39 22.02 12.81 6.0 14.87 12.81 6.4 6.4 5.39 7.21 4.12 11.7 6.4 18.38 11.0 4.12 11.7 17.0 17.0 24.04
3.0 10.0 12.0 0.0 3.0 0.0 17.46 0.0 24.35 10.0 18.0 18.0 18.0 0.0 13.42 25.5 12.0 23.35 9.43 12.53 16.64 4.0 18.0 6.0 16.64 16.28 12.53 18.0 4.0 9.43 12.0 19.7 28.28 13.42 12.53 10.0 18.0 9.43 28.0 28.0 9.43 3.0 25.5 18.0 13.42 9.43 6.4 13.42 18.0 12.53 25.5 12.53 6.0 4.0 16.64 6.0 28.28 28.0 13.42 31.3 7.21 6.0 23.35 12.53 28.28 9.43 19.7 13.42 17.46 25.5 24.35 0.0 18.97 28.28 28.28 12.0 4.0 7.21 24.35 28.0 18.97 13.42 18.0 16.64 23.35 31.3 16.64 12.0 12.0 13.42 24.35 18.0 28.0 12.0 3.0 28.28 19.7 6.0 4.0 4.0 12.53
25.5 29.0 13.6 24.35 25.5 24.35 7.21 24.35 0.0 29.0 25.08 25.08 25.08 24.35 11.18 3.0 13.6 4.0 18.0 29.15 15.23 23.35 9.43 18.79 15.23 11.4 17.26 9.43 23.35 18.0 13.6 5.0 6.4 11.18 29.15 29.0 9.43 18.0 9.43 9.43 18.0 25.5 3.0 9.43 11.18 18.0 18.44 11.18 9.43 17.26 3.0 29.15 18.79 23.35 15.23 18.79 6.4 9.43 11.18 7.81 29.27 18.79 4.0 17.26 6.4 18.0 5.0 11.18 7.21 3.0 0.0 24.35 30.68 6.4 6.4 13.6 23.35 29.27 0.0 9.43 30.68 11.18 25.08 15.23 4.0 7.81 15.23 13.6 13.6 11.18 0.0 9.43 9.43 13.6 25.5 6.4 5.0 18.79 23.35 23.35 29.15
12.53 0.0 19.7 10.0 12.53 10.0 23.35 10.0 29.0 0.0 11.66 11.66 11.66 10.0 18.11 29.15 19.7 29.27 11.0 3.0 16.16 7.21 25.3 14.42 16.16 18.25 12.37 25.3 7.21 11.0 19.7 24.0 34.23 18.11 3.0 0.0 25.3 11.0 34.93 34.93 11.0 12.53 29.15 25.3 18.11 11.0 11.7 18.11 25.3 12.37 29.15 3.0 14.42 7.21 16.16 14.42 34.23 34.93 18.11 34.53 4.0 14.42 29.27 12.37 34.23 11.0 24.0 18.11 23.35 29.15 29.0 10.0 10.0 34.23 34.23 19.7 7.21 4.0 29.0 34.93 10.0 18.11 11.66 16.16 29.27 34.53 16.16 19.7 19.7 18.11 29.0 25.3 34.93 19.7 12.53 34.23 24.0 14.42 7.21 7.21 3.0
21.0 11.66 21.63 18.0 21.0 18.0 22.02 18.0 25.08 11.66 0.0 0.0 0.0 18.0 16.97 24.04 21.63 26.93 11.18 9.22 9.85 14.0 25.46 18.97 9.85 13.89 9.22 25.46 14.0 11.18 21.63 20.59 31.3 16.97 9.22 11.66 25.46 11.18 33.29 33.29 11.18 21.0 24.04 25.46 16.97 11.18 14.87 16.97 25.46 9.22 24.04 9.22 18.97 14.0 9.85 18.97 31.3 33.29 16.97 28.28 15.23 18.97 26.93 9.22 31.3 11.18 20.59 16.97 22.02 24.04 25.08 18.0 6.0 31.3 31.3 21.63 14.0 15.23 25.08 33.29 6.0 16.97 0.0 9.85 26.93 28.28 9.85 21.63 21.63 16.97 25.08 25.46 33.29 21.63 21.0 31.3 20.59 18.97 14.0 14.0 9.22
21.0 11.66 21.63 18.0 21.0 18.0 22.02 18.0 25.08 11.66 0.0 0.0 0.0 18.0 16.97 24.04 21.63 26.93 11.18 9.22 9.85 14.0 25.46 18.97 9.85 13.89 9.22 25.46 14.0 11.18 21.63 20.59 31.3 16.97 9.22 11.66 25.46 11.18 33.29 33.29 11.18 21.0 24.04 25.46 16.97 11.18 14.87 16.97 25.46 9.22 24.04 9.22 18.97 14.0 9.85 18.97 31.3 33.29 16.97 28.28 15.23 18.97 26.93 9.22 31.3 11.18 20.59 16.97 22.02 24.04 25.08 18.0 6.0 31.3 31.3 21.63 14.0 15.23 25.08 33.29 6.0 16.97 0.0 9.85 26.93 28.28 9.85 21.63 21.63 16.97 25.08 25.46 33.29 21.63 21.0 31.3 20.59 18.97 14.0 14.0 9.22
21.0 11.66 21.63 18.0 21.0 18.0 22.02 18.0 25.08 11.66 0.0 0.0 0.0 18.0 16.97 24.04 21.63 26.93 11.18 9.22 9.85 14.0 25.46 18.97 9.85 13.89 9.22 25.46 14.0 11.18 21.63 20.59 31.3 16.97 9.22 11.66 25.46 11.18 33.29 33.29 11.18 21.0 24.04 25.46 16.97 11.18 14.87 16.97 25.46 9.22 24.04 9.22 18.97 14.0 9.85 18.97 31.3 33.29 16.97 28.28 15.23 18.97 26.93 9.22 31.3 11.18 20.59 16.97 22.02 24.04 25.08 18.0 6.0 31.3 31.3 21.63 14.0 15.23 25.08 33.29 6.0 16.97 0.0 9.85 26.93 28.28 9.85 21.63 21.63 16.97 25.08 25.46 33.29 21.63 21.0 31.3 20.59 18.97 14.0 14.0 9.22
3.0 10.0 12.0 0.0 3.0 0.0 17.46 0.0 24.35 10.0 18.0 18.0 18.0 0.0 13.42 25.5 12.0 23.35 9.43 12.53 16.64 4.0 18.0 6.0 16.64 16.28 12.53 18.0 4.0 9.43 12.0 19.7 28.28 13.42 12.53 10.0 18.0 9.43 28.0 28.0 9.43 3.0 25.5 18.0 13.42 9.43 6.4 13.42 18.0 12.53 25.5 12.53 6.0 4.0 16.64 6.0 28.28 28.0 13.42 31.3 7.21 6.0 23.35 12.53 28.28 9.43 19.7 13.42 17.46 25.5 24.35 0.0 18.97 28.28 28.28 12.0 4.0 7.21 24.35 28.0 18.97 13.42 18.0 16.64 23.35 31.3 16.64 12.0 12.0 13.42 24.35 18.0 28.0 12.0 3.0 28.28 19.7 6.0 4.0 4.0 12.53
15.0 18.11 6.0 13.42 15.0 13.42 5.39 13.42 11.18 18.11 16.97 16.97 16.97 13.42 0.0 12.08 6.0 11.18 7.28 18.68 8.54 12.17 8.49 8.49 8.54 5.0 7.81 8.49 12.17 7.28 6.0 6.32 16.12 0.0 18.68 18.11 8.49 7.28 17.09 17.09 7.28 15.0 12.08 8.49 0.0 7.28 7.28 0.0 8.49 7.81 12.08 18.68 8.49 12.17 8.54 8.49 16.12 17.09 0.0 17.89 18.11 8.49 11.18 7.81 16.12 7.28 6.32 0.0 5.39 12.08 11.18 13.42 21.63 16.12 16.12 6.0 12.17 18.11 11.18 17.09 21.63 0.0 16.97 8.54 11.18 17.89 8.54 6.0 6.0 0.0 11.18 8.49 17.09 6.0 15.0 16.12 6.32 8.49 12.17 12.17 18.68
26.93 29.15 15.56 25.5 26.93 25.5 9.22 25.5 3.0 29.15 24.04 24.04 24.04 25.5 12.08 0.0 15.56 7.0 18.25 29.0 14.32 24.04 12.08 20.25 14.32 11.0 17.0 12.08 24.04 18.25 15.56 5.83 8.6 12.08 29.0 29.15 12.08 18.25 12.08 12.08 18.25 26.93 0.0 12.08 12.08 18.25 19.31 12.08 12.08 17.0 0.0 29.0 20.25 24.04 14.32 20.25 8.6 12.08 12.08 5.83 29.83 20.25 7.0 17.0 8.6 18.25 5.83 12.08 9.22 0.0 3.0 25.5 29.83 8.6 8.6 15.56 24.04 29.83 3.0 12.08 29.83 12.08 24.04 14.32 7.0 5.83 14.32 15.56 15.56 12.08 3.0 12.08 12.08 15.56 26.93 8.6 5.83 20.25 24.04 24.04 29.0
12.37 19.7 0.0 12.0 12.37 12.0 6.4 12.0 13.6 19.7 21.63 21.63 21.63 12.0 6.0 15.56 0.0 11.7 10.63 21.1 14.32 12.65 6.0 6.0 14.32 11.0 12.53 6.0 12.65 10.63 0.0 10.0 16.49 6.0 21.1 19.7 6.0 10.63 16.0 16.0 10.63 12.37 15.56 6.0 6.0 10.63 8.06 6.0 6.0 12.53 15.56 21.1 6.0 12.65 14.32 6.0 16.49 16.0 6.0 21.26 18.44 6.0 11.7 12.53 16.49 10.63 10.0 6.0 6.4 15.56 13.6 12.0 25.46 16.49 16.49 0.0 12.65 18.44 13.6 16.0 25.46 6.0 21.63 14.32 11.7 21.26 14.32 0.0 0.0 6.0 13.6 6.0 16.0 0.0 12.37 16.49 10.0 6.0 12.65 12.65 21.1
24.04 29.27 11.7 23.35 24.04 23.35 6.0 23.35 4.0 29.27 26.93 26.93 26.93 23.35 11.18 7.0 11.7 0.0 18.44 29.83 17.2 23.0 6.4 17.46 17.2 13.04 18.38 6.4 23.0 18.44 11.7 6.4 5.0 11.18 29.83 29.27 6.4 18.44 6.4 6.4 18.44 24.04 7.0 6.4 11.18 18.44 18.0 11.18 6.4 18.38 7.0 29.83 17.46 23.0 17.2 17.46 5.0 6.4 11.18 11.18 29.0 17.46 0.0 18.38 5.0 18.44 6.4 11.18 6.0 7.0 4.0 23.35 32.2 5.0 5.0 11.7 23.0 29.0 4.0 6.4 32.2 11.18 26.93 17.2 0.0 11.18 17.2 11.7 11.7 11.18 4.0 6.4 6.4 11.7 24.04 5.0 6.4 17.46 23.0 23.0 29.83
12.08 11.0 10.63 9.43 12.08 9.43 12.65 9.43 18.0 11.0 11.18 11.18 11.18 9.43 7.28 18.25 10.63 18.44 0.0 11.4 7.21 6.4 15.26 8.06 7.21 7.62 3.16 15.26 6.4 0.0 10.63 13.0 23.35 7.28 11.4 11.0 15.26 0.0 24.35 24.35 0.0 12.08 18.25 15.26 7.28 0.0 4.0 7.28 15.26 3.16 18.25 11.4 8.06 6.4 7.21 8.06 23.35 24.35 7.28 23.77 11.7 8.06 18.44 3.16 23.35 0.0 13.0 7.28 12.65 18.25 18.0 9.43 14.87 23.35 23.35 10.63 6.4 11.7 18.0 24.35 14.87 7.28 11.18 7.21 18.44 23.77 7.21 10.63 10.63 7.28 18.0 15.26 24.35 10.63 12.08 23.35 13.0 8.06 6.4 6.4 11.4
15.23 3.0 21.1 12.53 15.23 12.53 24.04 12.53 29.15 3.0 9.22 9.22 9.22 12.53 18.68 29.0 21.1 29.83 11.4 0.0 15.3 9.22 26.4 16.28 15.3 18.0 12.0 26.4 9.22 11.4 21.1 24.19 34.71 18.68 0.0 3.0 26.4 11.4 35.74 35.74 11.4 15.23 29.0 26.4 18.68 11.4 13.04 18.68 26.4 12.0 29.0 0.0 16.28 9.22 15.3 16.28 34.71 35.74 18.68 34.13 7.0 16.28 29.83 12.0 34.71 11.4 24.19 18.68 24.04 29.0 29.15 12.53 7.0 34.71 34.71 21.1 9.22 7.0 29.15 35.74 7.0 18.68 9.22 15.3 29.83 34.13 15.3 21.1 21.1 18.68 29.15 26.4 35.74 21.1 15.23 34.71 24.19 16.28 9.22 9.22 0.0
19.24 16.16 14.32 16.64 19.24 16.64 12.81 16.64 15.23 16.16 9.85 9.85 9.85 16.64 8.54 14.32 14.32 17.2 7.21 15.3 0.0 13.45 16.64 14.32 0.0 4.24 4.24 16.64 13.45 7.21 14.32 10.82 21.47 8.54 15.3 16.16 16.64 7.21 23.6 23.6 7.21 19.24 14.32 16.64 8.54 7.21 10.77 8.54 16.64 4.24 14.32 15.3 14.32 13.45 0.0 14.32 21.47 23.6 8.54 19.0 18.03 14.32 17.2 4.24 21.47 7.21 10.82 8.54 12.81 14.32 15.23 16.64 15.52 21.47 21.47 14.32 13.45 18.03 15.23 23.6 15.52 8.54 9.85 0.0 17.2 19.0 0.0 14.32 14.32 8.54 15.23 16.64 23.6 14.32 19.24 21.47 10.82 14.32 13.45 13.45 15.3
7.0 7.21 12.65 4.0 7.0 4.0 17.0 4.0 23.35 7.21 14.0 14.0 14.0 4.0 12.17 24.04 12.65 23.0 6.4 9.22 13.45 0.0 18.44 7.21 13.45 13.89 9.22 18.44 0.0 6.4 12.65 18.44 28.0 12.17 9.22 7.21 18.44 6.4 28.28 28.28 6.4 7.0 24.04 18.44 12.17 6.4 5.0 12.17 18.44 9.22 24.04 9.22 7.21 0.0 13.45 7.21 28.0 28.28 12.17 29.73 6.0 7.21 23.0 9.22 28.0 6.4 18.44 12.17 17.0 24.04 23.35 4.0 15.23 28.0 28.0 12.65 0.0 6.0 23.35 28.28 15.23 12.17 14.0 13.45 23.0 29.73 13.45 12.65 12.65 12.17 23.35 18.44 28.28 12.65 7.0 28.0 18.44 7.21 0.0 0.0 9.22
18.25 25.3 6.0 18.0 18.25 18.0 4.12 18.0 9.43 25.3 25.46 25.46 25.46 18.0 8.49 12.08 6.0 6.4 15.26 26.4 16.64 18.44 0.0 12.0 16.64 12.53 16.28 0.0 18.44 15.26 6.0 8.0 10.77 8.49 26.4 25.3 0.0 15.26 10.0 10.0 15.26 18.25 12.08 0.0 8.49 15.26 13.6 8.49 0.0 16.28 12.08 26.4 12.0 18.44 16.64 12.0 10.77 10.0 8.49 17.2 24.33 12.0 6.4 16.28 10.77 15.26 8.0 8.49 4.12 12.08 9.43 18.0 30.0 10.77 10.77 6.0 18.44 24.33 9.43 10.0 30.0 8.49 25.46 16.64 6.4 17.2 16.64 6.0 6.0 8.49 9.43 0.0 10.0 6.0 18.25 10.77 8.0 12.0 18.44 18.44 26.4
6.71 14.42 6.0 6.0 6.71 6.0 11.7 6.0 18.79 14.42 18.97 18.97 18.97 6.0 8.49 20.25 6.0 17.46 8.06 16.28 14.32 7.21 12.0 0.0 14.32 12.53 11.0 12.0 7.21 8.06 6.0 14.42 22.36 8.49 16.28 14.42 12.0 8.06 22.0 22.0 8.06 6.71 20.25 12.0 8.49 8.06 4.12 8.49 12.0 11.0 20.25 16.28 0.0 7.21 14.32 0.0 22.36 22.0 8.49 26.08 12.65 0.0 17.46 11.0 22.36 8.06 14.42 8.49 11.7 20.25 18.79 6.0 21.63 22.36 22.36 6.0 7.21 12.65 18.79 22.0 21.63 8.49 18.97 14.32 17.46 26.08 14.32 6.0 6.0 8.49 18.79 12.0 22.0 6.0 6.71 22.36 14.42 0.0 7.21 7.21 16.28
19.24 16.16 14.32 16.64 19.24 16.64 12.81 16.64 15.23 16.16 9.85 9.85 9.85 16.64 8.54 14.32 14.32 17.2 7.21 15.3 0.0 13.45 16.64 14.32 0.0 4.24 4.24 16.64 13.45 7.21 14.32 10.82 21.47 8.54 15.3 16.16 16.64 7.21 23.6 23.6 7.21 19.24 14.32 16.64 8.54 7.21 10.77 8.54 16.64 4.24 14.32 15.3 14.32 13.45 0.0 14.32 21.47 23.6 8.54 19.0 18.03 14.32 17.2 4.24 21.47 7.21 10.82 8.54 12.81 14.32 15.23 16.64 15.52 21.47 21.47 14.32 13.45 18.03 15.23 23.6 15.52 8.54 9.85 0.0 17.2 19.0 0.0 14.32 14.32 8.54 15.23 16.64 23.6 14.32 19.24 21.47 10.82 14.32 13.45 13.45 15.3
18.44 18.25 11.0 16.28 18.44 16.28 8.6 16.28 11.4 18.25 13.89 13.89 13.89 16.28 5.0 11.0 11.0 13.04 7.62 18.0 4.24 13.89 12.53 12.53 4.24 0.0 6.0 12.53 13.89 7.62 11.0 6.71 17.46 5.0 18.0 18.25 12.53 7.62 19.42 19.42 7.62 18.44 11.0 12.53 5.0 7.62 9.9 5.0 12.53 6.0 11.0 18.0 12.53 13.89 4.24 12.53 17.46 19.42 5.0 16.28 19.31 12.53 13.04 6.0 17.46 7.62 6.71 5.0 8.6 11.0 11.4 16.28 19.31 17.46 17.46 11.0 13.89 19.31 11.4 19.42 19.31 5.0 13.89 4.24 13.04 16.28 4.24 11.0 11.0 5.0 11.4 12.53 19.42 11.0 18.44 17.46 6.71 12.53 13.89 13.89 18.0
15.23 12.37 12.53 12.53 15.23 12.53 13.04 12.53 17.26 12.37 9.22 9.22 9.22 12.53 7.81 17.0 12.53 18.38 3.16 12.0 4.24 9.22 16.28 11.0 4.24 6.0 0.0 16.28 9.22 3.16 12.53 12.37 23.09 7.81 12.0 12.37 16.28 3.16 24.6 24.6 3.16 15.23 17.0 16.28 7.81 3.16 7.07 7.81 16.28 0.0 17.0 12.0 11.0 9.22 4.24 11.0 23.09 24.6 7.81 22.2 13.89 11.0 18.38 0.0 23.09 3.16 12.37 7.81 13.04 17.0 17.26 12.53 13.89 23.09 23.09 12.53 9.22 13.89 17.26 24.6 13.89 7.81 9.22 4.24 18.38 22.2 4.24 12.53 12.53 7.81 17.26 16.28 24.6 12.53 15.23 23.09 12.37 11.0 9.22 9.22 12.0
18.25 25.3 6.0 18.0 18.25 18.0 4.12 18.0 9.43 25.3 25.46 25.46 25.46 18.0 8.49 12.08 6.0 6.4 15.26 26.4 16.64 18.44 0.0 12.0 16.64 12.53 16.28 0.0 18.44 15.26 6.0 8.0 10.77 8.49 26.4 25.3 0.0 15.26 10.0 10.0 15.26 18.25 12.08 0.0 8.49 15.26 13.6 8.49 0.0 16.28 12.08 26.4 12.0 18.44 16.64 12.0 10.77 10.0 8.49 17.2 24.33 12.0 6.4 16.28 10.77 15.26 8.0 8.49 4.12 12.08 9.43 18.0 30.0 10.77 10.77 6.0 18.44 24.33 9.43 10.0 30.0 8.49 25.46 16.64 6.4 17.2 16.64 6.0 6.0 8.49 9.43 0.0 10.0 6.0 18.25 10.77 8.0 12.0 18.44 18.44 26.4
7.0 7.21 12.65 4.0 7.0 4.0 17.0 4.0 23.35 7.21 14.0 14.0 14.0 4.0 12.17 24.04 12.65 23.0 6.4 9.22 13.45 0.0 18.44 7.21 13.45 13.89 9.22 18.44 0.0 6.4 12.65 18.44 28.0 12.17 9.22 7.21 18.44 6.4 28.28 28.28 6.4 7.0 24.04 18.44 12.17 6.4 5.0 12.17 18.44 9.22 24.04 9.22 7.21 0.0 13.45 7.21 28.0 28.28 12.17 29.73 6.0 7.21 23.0 9.22 28.0 6.4 18.44 12.17 17.0 24.04 23.35 4.0 15.23 28.0 28.0 12.65 0.0 6.0 23.35 28.28 15.23 12.17 14.0 13.45 23.0 29.73 13.45 12.65 12.65 12.17 23.35 18.44 28.28 12.65 7.0 28.0 18.44 7.21 0.0 0.0 9.22
12.08 11.0 10.63 9.43 12.08 9.43 12.65 9.43 18.0 11.0 11.18 11.18 11.18 9.43 7.28 18.25 10.63 18.44 0.0 11.4 7.21 6.4 15.26 8.06 7.21 7.62 3.16 15.26 6.4 0.0 10.63 13.0 23.35 7.28 11.4 11.0 15.26 0.0 24.35 24.35 0.0 12.08 18.25 15.26 7.28 0.0 4.0 7.28 15.26 3.16 18.25 11.4 8.06 6.4 7.21 8.06 23.35 24.35 7.28 23.77 11.7 8.06 18.44 3.16 23.35 0.0 13.0 7.28 12.65 18.25 18.0 9.43 14.87 23.35 23.35 10.63 6.4 11.7 18.0 24.35 14.87 7.28 11.18 7.21 18.44 23.77 7.21 10.63 10.63 7.28 18.0 15.26 24.35 10.63 12.08 23.35 13.0 8.06 6.4 6.4 11.4
12.37 19.7 0.0 12.0 12.37 12.0 6.4 12.0 13.6 19.7 21.63 21.63 21.63 12.0 6.0 15.56 0.0 11.7 10.63 21.1 14.32 12.65 6.0 6.0 14.32 11.0 12.53 6.0 12.65 10.63 0.0 10.0 16.49 6.0 21.1 19.7 6.0 10.63 16.0 16.0 10.63 12.37 15.56 6.0 6.0 10.63 8.06 6.0 6.0 12.53 15.56 21.1 6.0 12.65 14.32 6.0 16.49 16.0 6.0 21.26 18.44 6.0 11.7 12.53 16.49 10.63 10.0 6.0 6.4 15.56 13.6 12.0 25.46 16.49 16.49 0.0 12.65 18.44 13.6 16.0 25.46 6.0 21.63 14.32 11.7 21.26 14.32 0.0 0.0 6.0 13.6 6.0 16.0 0.0 12.37 16.49 10.0 6.0 12.65 12.65 21.1
21.1 24.0 10.0 19.7 21.1 19.7 4.12 19.7 5.0 24.0 20.59 20.59 20.59 19.7 6.32 5.83 10.0 6.4 13.0 24.19 10.82 18.44 8.0 14.42 10.82 6.71 12.37 8.0 18.44 13.0 10.0 0.0 10.77 6.32 24.19 24.0 8.0 13.0 12.81 12.81 13.0 21.1 5.83 8.0 6.32 13.0 13.6 6.32 8.0 12.37 5.83 24.19 14.42 18.44 10.82 14.42 10.77 12.81 6.32 11.66 24.33 14.42 6.4 12.37 10.77 13.0 0.0 6.32 4.12 5.83 5.0 19.7 26.0 10.77 10.77 10.0 18.44 24.33 5.0 12.81 26.0 6.32 20.59 10.82 6.4 11.66 10.82 10.0 10.0 6.32 5.0 8.0 12.81 10.0 21.1 10.77 0.0 14.42 18.44 18.44 24.19
28.86 34.23 16.49 28.28 28.86 28.28 11.0 28.28 6.4 34.23 31.3 31.3 31.3 28.28 16.12 8.6 16.49 5.0 23.35 34.71 21.47 28.0 10.77 22.36 21.47 17.46 23.09 10.77 28.0 23.35 16.49 10.77 0.0 16.12 34.71 34.23 10.77 23.35 4.0 4.0 23.35 28.86 8.6 10.77 16.12 23.35 23.0 16.12 10.77 23.09 8.6 34.71 22.36 28.0 21.47 22.36 0.0 4.0 16.12 10.0 34.0 22.36 5.0 23.09 0.0 23.35 10.77 16.12 11.0 8.6 6.4 28.28 36.77 0.0 0.0 16.49 28.0 34.0 6.4 4.0 36.77 16.12 31.3 21.47 5.0 10.0 21.47 16.49 16.49 16.12 6.4 10.77 4.0 16.49 28.86 0.0 10.77 22.36 28.0 28.0 34.71
15.0 18.11 6.0 13.42 15.0 13.42 5.39 13.42 11.18 18.11 16.97 16.97 16.97 13.42 0.0 12.08 6.0 11.18 7.28 18.68 8.54 12.17 8.49 8.49 8.54 5.0 7.81 8.49 12.17 7.28 6.0 6.32 16.12 0.0 18.68 18.11 8.49 7.28 17.09 17.09 7.28 15.0 12.08 8.49 0.0 7.28 7.28 0.0 8.49 7.81 12.08 18.68 8.49 12.17 8.54 8.49 16.12 17.09 0.0 17.89 18.11 8.49 11.18 7.81 16.12 7.28 6.32 0.0 5.39 12.08 11.18 13.42 21.63 16.12 16.12 6.0 12.17 18.11 11.18 17.09 21.63 0.0 16.97 8.54 11.18 17.89 8.54 6.0 6.0 0.0 11.18 8.49 17.09 6.0 15.0 16.12 6.32 8.49 12.17 12.17 18.68
15.23 3.0 21.1 12.53 15.23 12.53 24.04 12.53 29.15 3.0 9.22 9.22 9.22 12.53 18.68 29.0 21.1 29.83 11.4 0.0 15.3 9.22 26.4 16.28 15.3 18.0 12.0 26.4 9.22 11.4 21.1 24.19 34.71 18.68 0.0 3.0 26.4 11.4 35.74 35.74 11.4 15.23 29.0 26.4 18.68 11.4 13.04 18.68 26.4 12.0 29.0 0.0 16.28 9.22 15.3 16.28 34.71 35.74 18.68 34.13 7.0 16.28 29.83 12.0 34.71 11.4 24.19 18.68 24.04 29.0 29.15 12.53 7.0 34.71 34.71 21.1 9.22 7.0 29.15 35.74 7.0 18.68 9.22 15.3 29.83 34.13 15.3 21.1 21.1 18.68 29.15 26.4 35.74 21.1 15.23 34.71 24.19 16.28 9.22 9.22 0.0
12.53 0.0 19.7 10.0 12.53 10.0 23.35 10.0 29.0 0.0 11.66 11.66 11.66 10.0 18.11 29.15 19.7 29.27 11.0 3.0 16.16 7.21 25.3 14.42 16.16 18.25 12.37 25.3 7.21 11.0 19.7 24.0 34.23 18.11 3.0 0.0 25.3 11.0 34.93 34.93 11.0 12.53 29.15 25.3 18.11 11.0 11.7 18.11 25.3 12.37 29.15 3.0 14.42 7.21 16.16 14.42 34.23 34.93 18.11 34.53 4.0 14.42 29.27 12.37 34.23 11.0 24.0 18.11 23.35 29.15 29.0 10.0 10.0 34.23 34.23 19.7 7.21 4.0 29.0 34.93 10.0 18.11 11.66 16.16 29.27 34.53 16.16 19.7 19.7 18.11 29.0 25.3 34.93 19.7 12.53 34.23 24.0 14.42 7.21 7.21 3.0
18.25 25.3 6.0 18.0 18.25 18.0 4.12 18.0 9.43 25.3 25.46 25.46 25.46 18.0 8.49 12.08 6.0 6.4 15.26 26.4 16.64 18.44 0.0 12.0 16.64 12.53 16.28 0.0 18.44 15.26 6.0 8.0 10.77 8.49 26.4 25.3 0.0 15.26 10.0 10.0 15.26 18.25 12.08 0.0 8.49 15.26 13.6 8.49 0.0 16.28 12.08 26.4 12.0 18.44 16.64 12.0 10.77 10.0 8.49 17.2 24.33 12.0 6.4 16.28 10.77 15.26 8.0 8.49 4.12 12.08 9.43 18.0 30.0 10.77 10.77 6.0 18.44 24.33 9.43 10.0 30.0 8.49 25.46 16.64 6.4 17.2 16.64 6.0 6.0 8.49 9.43 0.0 10.0 6.0 18.25 10.77 8.0 12.0 18.44 18.44 26.4
12.08 11.0 10.63 9.43 12.08 9.43 12.65 9.43 18.0 11.0 11.18 11.18 11.18 9.43 7.28 18.25 10.63 18.44 0.0 11.4 7.21 6.4 15.26 8.06 7.21 7.62 3.16 15.26 6.4 0.0 10.63 13.0 23.35 7.28 11.4 11.0 15.26 0.0 24.35 24.35 0.0 12.08 18.25 15.26 7.28 0.0 4.0 7.28 15.26 3.16 18.25 11.4 8.06 6.4 7.21 8.06 23.35 24.35 7.28 23.77 11.7 8.06 18.44 3.16 23.35 0.0 13.0 7.28 12.65 18.25 18.0 9.43 14.87 23.35 23.35 10.63 6.4 11.7 18.0 24.35 14.87 7.28 11.18 7.21 18.44 23.77 7.21 10.63 10.63 7.28 18.0 15.26 24.35 10.63 12.08 23.35 13.0 8.06 6.4 6.4 11.4
28.16 34.93 16.0 28.0 28.16 28.0 11.7 28.0 9.43 34.93 33.29 33.29 33.29 28.0 17.09 12.08 16.0 6.4 24.35 35.74 23.6 28.28 10.0 22.0 23.6 19.42 24.6 10.0 28.28 24.35 16.0 12.81 4.0 17.09 35.74 34.93 10.0 24.35 0.0 0.0 24.35 28.16 12.08 10.0 17.09 24.35 23.35 17.09 10.0 24.6 12.08 35.74 22.0 28.28 23.6 22.0 4.0 0.0 17.09 14.0 34.23 22.0 6.4 24.6 4.0 24.35 12.81 17.09 11.7 12.08 9.43 28.0 38.47 4.0 4.0 16.0 28.28 34.23 9.43 0.0 38.47 17.09 33.29 23.6 6.4 14.0 23.6 16.0 16.0 17.09 9.43 10.0 0.0 16.0 28.16 4.0 12.81 22.0 28.28 28.28 35.74
28.16 34.93 16.0 28.0 28.16 28.0 11.7 28.0 9.43 34.93 33.29 33.29 33.29 28.0 17.09 12.08 16.0 6.4 24.35 35.74 23.6 28.28 10.0 22.0 23.6 19.42 24.6 10.0 28.28 24.35 16.0 12.81 4.0 17.09 35.74 34.93 10.0 24.35 0.0 0.0 24.35 28.16 12.08 10.0 17.09 24.35 23.35 17.09 10.0 24.6 12.08 35.74 22.0 28.28 23.6 22.0 4.0 0.0 17.09 14.0 34.23 22.0 6.4 24.6 4.0 24.35 12.81 17.09 11.7 12.08 9.43 28.0 38.47 4.0 4.0 16.0 28.28 34.23 9.43 0.0 38.47 17.09 33.29 23.6 6.4 14.0 23.6 16.0 16.0 17.09 9.43 10.0 0.0 16.0 28.16 4.0 12.81 22.0 28.28 28.28 35.74
12.08 11.0 10.63 9.43 12.08 9.43 12.65 9.43 18.0 11.0 11.18 11.18 11.18 9.43 7.28 18.25 10.63 18.44 0.0 11.4 7.21 6.4 15.26 8.06 7.21 7.62 3.16 15.26 6.4 0.0 10.63 13.0 23.35 7.28 11.4 11.0 15.26 0.0 24.35 24.35 0.0 12.08 18.25 15.26 7.28 0.0 4.0 7.28 15.26 3.16 18.25 11.4 8.06 6.4 7.21 8.06 23.35 24.35 7.28 23.77 11.7 8.06 18.44 3.16 23.35 0.0 13.0 7.28 12.65 18.25 18.0 9.43 14.87 23.35 23.35 10.63 6.4 11.7 18.0 24.35 14.87 7.28 11.18 7.21 18.44 23.77 7.21 10.63 10.63 7.28 18.0 15.26 24.35 10.63 12.08 23.35 13.0 8.06 6.4 6.4 11.4
0.0 12.53 12.37 3.0 0.0 3.0 18.38 3.0 25.5 12.53 21.0 21.0 21.0 3.0 15.0 26.93 12.37 24.04 12.08 15.23 19.24 7.0 18.25 6.71 19.24 18.44 15.23 18.25 7.0 12.08 12.37 21.1 28.86 15.0 15.23 12.53 18.25 12.08 28.16 28.16 12.08 0.0 26.93 18.25 15.0 12.08 8.6 15.0 18.25 15.23 26.93 15.23 6.71 7.0 19.24 6.71 28.86 28.16 15.0 32.76 9.22 6.71 24.04 15.23 28.86 12.08 21.1 15.0 18.38 26.93 25.5 3.0 21.84 28.86 28.86 12.37 7.0 9.22 25.5 28.16 21.84 15.0 21.0 19.24 24.04 32.76 19.24 12.37 12.37 15.0 25.5 18.25 28.16 12.37 0.0 28.86 21.1 6.71 7.0 7.0 15.23
26.93 29.15 15.56 25.5 26.93 25.5 9.22 25.5 3.0 29.15 24.04 24.04 24.04 25.5 12.08 0.0 15.56 7.0 18.25 29.0 14.32 24.04 12.08 20.25 14.32 11.0 17.0 12.08 24.04 18.25 15.56 5.83 8.6 12.08 29.0 29.15 12.08 18.25 12.08 12.08 18.25 26.93 0.0 12.08 12.08 18.25 19.31 12.08 12.08 17.0 0.0 29.0 20.25 24.04 14.32 20.25 8.6 12.08 12.08 5.83 29.83 20.25 7.0 17.0 8.6 18.25 5.83 12.08 9.22 0.0 3.0 25.5 29.83 8.6 8.6 15.56 24.04 29.83 3.0 12.08 29.83 12.08 24.04 14.32 7.0 5.83 14.32 15.56 15.56 12.08 3.0 12.08 12.08 15.56 26.93 8.6 5.83 20.25 24.04 24.04 29.0
18.25 25.3 6.0 18.0 18.25 18.0 4.12 18.0 9.43 25.3 25.46 25.46 25.46 18.0 8.49 12.08 6.0 6.4 15.26 26.4 16.64 18.44 0.0 12.0 16.64 12.53 16.28 0.0 18.44 15.26 6.0 8.0 10.77 8.49 26.4 25.3 0.0 15.26 10.0 10.0 15.26 18.25 12.08 0.0 8.49 15.26 13.6 8.49 0.0 16.28 12.08 26.4 12.0 18.44 16.64 12.0 10.77 10.0 8.49 17.2 24.33 12.0 6.4 16.28 10.77 15.26 8.0 8.49 4.12 12.08 9.43 18.0 30.0 10.77 10.77 6.0 18.44 24.33 9.43 10.0 30.0 8.49 25.46 16.64 6.4 17.2 16.64 6.0 6.0 8.49 9.43 0.0 10.0 6.0 18.25 10.77 8.0 12.0 18.44 18.44 26.4
15.0 18.11 6.0 13.42 15.0 13.42 5.39 13.42 11.18 18.11 16.97 16.97 16.97 13.42 0.0 12.08 6.0 11.18 7.28 18.68 8.54 12.17 8.49 8.49 8.54 5.0 7.81 8.49 12.17 7.28 6.0 6.32 16.12 0.0 18.68 18.11 8.49 7.28 17.09 17.09 7.28 15.0 12.08 8.49 0.0 7.28 7.28 0.0 8.49 7.81 12.08 18.68 8.49 12.17 8.54 8.49 16.12 17.09 0.0 17.89 18.11 8.49 11.18 7.81 16.12 7.28 6.32 0.0 5.39 12.08 11.18 13.42 21.63 16.12 16.12 6.0 12.17 18.11 11.18 17.09 21.63 0.0 16.97 8.54 11.18 17.89 8.54 6.0 6.0 0.0 11.18 8.49 17.09 6.0 15.0 16.12 6.32 8.49 12.17 12.17 18.68
12.08 11.0 10.63 9.43 12.08 9.43 12.65 9.43 18.0 11.0 11.18 11.18 11.18 9.43 7.28 18.25 10.63 18.44 0.0 11.4 7.21 6.4 15.26 8.06 7.21 7.62 3.16 15.26 6.4 0.0 10.63 13.0 23.35 7.28 11.4 11.0 15.26 0.0 24.35 24.35 0.0 12.08 18.25 15.26 7.28 0.0 4.0 7.28 15.26 3.16 18.25 11.4 8.06 6.4 7.21 8.06 23.35 24.35 7.28 23.77 11.7 8.06 18.44 3.16 23.35 0.0 13.0 7.28 12.65 18.25 18.0 9.43 14.87 23.35 23.35 10.63 6.4 11.7 18.0 24.35 14.87 7.28 11.18 7.21 18.44 23.77 7.21 10.63 10.63 7.28 18.0 15.26 24.35 10.63 12.08 23.35 13.0 8.06 6.4 6.4 11.4
8.6 11.7 8.06 6.4 8.6 6.4 12.0 6.4 18.44 11.7 14.87 14.87 14.87 6.4 7.28 19.31 8.06 18.0 4.0 13.04 10.77 5.0 13.6 4.12 10.77 9.9 7.07 13.6 5.0 4.0 8.06 13.6 23.0 7.28 13.04 11.7 13.6 4.0 23.35 23.35 4.0 8.6 19.31 13.6 7.28 4.0 0.0 7.28 13.6 7.07 19.31 13.04 4.12 5.0 10.77 4.12 23.0 23.35 7.28 25.08 11.0 4.12 18.0 7.07 23.0 4.0 13.6 7.28 12.0 19.31 18.44 6.4 17.8 23.0 23.0 8.06 5.0 11.0 18.44 23.35 17.8 7.28 14.87 10.77 18.0 25.08 10.77 8.06 8.06 7.28 18.44 13.6 23.35 8.06 8.6 23.0 13.6 4.12 5.0 5.0 13.04
15.0 18.11 6.0 13.42 15.0 13.42 5.39 13.42 11.18 18.11 16.97 16.97 16.97 13.42 0.0 12.08 6.0 11.18 7.28 18.68 8.54 12.17 8.49 8.49 8.54 5.0 7.81 8.49 12.17 7.28 6.0 6.32 16.12 0.0 18.68 18.11 8.49 7.28 17.09 17.09 7.28 15.0 12.08 8.49 0.0 7.28 7.28 0.0 8.49 7.81 12.08 18.68 8.49 12.17 8.54 8.49 16.12 17.09 0.0 17.89 18.11 8.49 11.18 7.81 16.12 7.28 6.32 0.0 5.39 12.08 11.18 13.42 21.63 16.12 16.12 6.0 12.17 18.11 11.18 17.09 21.63 0.0 16.97 8.54 11.18 17.89 8.54 6.0 6.0 0.0 11.18 8.49 17.09 6.0 15.0 16.12 6.32 8.49 12.17 12.17 18.68
18.25 25.3 6.0 18.0 18.25 18.0 4.12 18.0 9.43 25.3 25.46 25.46 25.46 18.0 8.49 12.08 6.0 6.4 15.26 26.4 16.64 18.44 0.0 12.0 16.64 12.53 16.28 0.0 18.44 15.26 6.0 8.0 10.77 8.49 26.4 25.3 0.0 15.26 10.0 10.0 15.26 18.25 12.08 0.0 8.49 15.26 13.6 8.49 0.0 16.28 12.08 26.4 12.0 18.44 16.64 12.0 10.77 10.0 8.49 17.2 24.33 12.0 6.4 16.28 10.77 15.26 8.0 8.49 4.12 12.08 9.43 18.0 30.0 10.77 10.77 6.0 18.44 24.33 9.43 10.0 30.0 8.49 25.46 16.64 6.4 17.2 16.64 6.0 6.0 8.49 9.43 0.0 10.0 6.0 18.25 10.77 8.0 12.0 18.44 18.44 26.4
15.23 12.37 12.53 12.53 15.23 12.53 13.04 12.53 17.26 12.37 9.22 9.22 9.22 12.53 7.81 17.0 12.53 18.38 3.16 12.0 4.24 9.22 16.28 11.0 4.24 6.0 0.0 16.28 9.22 3.16 12.53 12.37 23.09 7.81 12.0 12.37 16.28 3.16 24.6 24.6 3.16 15.23 17.0 16.28 7.81 3.16 7.07 7.81 16.28 0.0 17.0 12.0 11.0 9.22 4.24 11.0 23.09 24.6 7.81 22.2 13.89 11.0 18.38 0.0 23.09 3.16 12.37 7.81 13.04 17.0 17.26 12.53 13.89 23.09 23.09 12.53 9.22 13.89 17.26 24.6 13.89 7.81 9.22 4.24 18.38 22.2 4.24 12.53 12.53 7.81 17.26 16.28 24.6 12.53 15.23 23.09 12.37 11.0 9.22 9.22 12.0
26.93 29.15 15.56 25.5 26.93 25.5 9.22 25.5 3.0 29.15 24.04 24.04 24.04 25.5 12.08 0.0 15.56 7.0 18.25 29.0 14.32 24.04 12.08 20.25 14.32 11.0 17.0 12.08 24.04 18.25 15.56 5.83 8.6 12.08 29.0 29.15 12.08 18.25 12.08 12.08 18.25 26.93 0.0 12.08 12.08 18.25 19.31 12.08 12.08 17.0 0.0 29.0 20.25 24.04 14.32 20.25 8.6 12.08 12.08 5.83 29.83 20.25 7.0 17.0 8.6 18.25 5.83 12.08 9.22 0.0 3.0 25.5 29.83 8.6 8.6 15.56 24.04 29.83 3.0 12.08 29.83 12.08 24.04 14.32 7.0 5.83 14.32 15.56 15.56 12.08 3.0 12.08 12.08 15.56 26.93 8.6 5.83 20.25 24.04 24.04 29.0
15.23 3.0 21.1 12.53 15.23 12.53 24.04 12.53 29.15 3.0 9.22 9.22 9.22 12.53 18.68 29.0 21.1 29.83 11.4 0.0 15.3 9.22 26.4 16.28 15.3 18.0 12.0 26.4 9.22 11.4 21.1 24.19 34.71 18.68 0.0 3.0 26.4 11.4 35.74 35.74 11.4 15.23 29.0 26.4 18.68 11.4 13.04 18.68 26.4 12.0 29.0 0.0 16.28 9.22 15.3 16.28 34.71 35.74 18.68 34.13 7.0 16.28 29.83 12.0 34.71 11.4 24.19 18.68 24.04 29.0 29.15 12.53 7.0 34.71 34.71 21.1 9.22 7.0 29.15 35.74 7.0 18.68 9.22 15.3 29.83 34.13 15.3 21.1 21.1 18.68 29.15 26.4 35.74 21.1 15.23 34.71 24.19 16.28 9.22 9.22 0.0
6.71 14.42 6.0 6.0 6.71 6.0 11.7 6.0 18.79 14.42 18.97 18.97 18.97 6.0 8.49 20.25 6.0 17.46 8.06 16.28 14.32 7.21 12.0 0.0 14.32 12.53 11.0 12.0 7.21 8.06 6.0 14.42 22.36 8.49 16.28 14.42 12.0 8.06 22.0 22.0 8.06 6.71 20.25 12.0 8.49 8.06 4.12 8.49 12.0 11.0 20.25 16.28 0.0 7.21 14.32 0.0 22.36 22.0 8.49 26.08 12.65 0.0 17.46 11.0 22.36 8.06 14.42 8.49 11.7 20.25 18.79 6.0 21.63 22.36 22.36 6.0 7.21 12.65 18.79 22.0 21.63 8.49 18.97 14.32 17.46 26.08 14.32 6.0 6.0 8.49 18.79 12.0 22.0 6.0 6.71 22.36 14.42 0.0 7.21 7.21 16.28
7.0 7.21 12.65 4.0 7.0 4.0 17.0 4.0 23.35 7.21 14.0 14.0 14.0 4.0 12.17 24.04 12.65 23.0 6.4 9.22 13.45 0.0 18.44 7.21 13.45 13.89 9.22 18.44 0.0 6.4 12.65 18.44 28.0 12.17 9.22 7.21 18.44 6.4 28.28 28.28 6.4 7.0 24.04 18.44 12.17 6.4 5.0 12.17 18.44 9.22 24.04 9.22 7.21 0.0 13.45 7.21 28.0 28.28 12.17 29.73 6.0 7.21 23.0 9.22 28.0 6.4 18.44 12.17 17.0 24.04 23.35 4.0 15.23 28.0 28.0 12.65 0.0 6.0 23.35 28.28 15.23 12.17 14.0 13.45 23.0 29.73 13.45 12.65 12.65 12.17 23.35 18.44 28.28 12.65 7.0 28.0 18.44 7.21 0.0 0.0 9.22
19.24 16.16 14.32 16.64 19.24 16.64 12.81 16.64 15.23 16.16 9.85 9.85 9.85 16.64 8.54 14.32 14.32 17.2 7.21 15.3 0.0 13.45 16.64 14.32 0.0 4.24 4.24 16.64 13.45 7.21 14.32 10.82 21.47 8.54 15.3 16.16 16.64 7.21 23.6 23.6 7.21 19.24 14.32 16.64 8.54 7.21 10.77 8.54 16.64 4.24 14.32 15.3 14.32 13.45 0.0 14.32 21.47 23.6 8.54 19.0 18.03 14.32 17.2 4.24 21.47 7.21 10.82 8.54 12.81 14.32 15.23 16.64 15.52 21.47 21.47 14.32 13.45 18.03 15.23 23.6 15.52 8.54 9.85 0.0 17.2 19.0 0.0 14.32 14.32 8.54 15.23 16.64 23.6 14.32 19.24 21.47 10.82 14.32 13.45 13.45 15.3
6.71 14.42 6.0 6.0 6.71 6.0 11.7 6.0 18.79 14.42 18.97 18.97 18.97 6.0 8.49 20.25 6.0 17.46 8.06 16.28 14.32 7.21 12.0 0.0 14.32 12.53 11.0 12.0 7.21 8.06 6.0 14.42 22.36 8.49 16.28 14.42 12.0 8.06 22.0 22.0 8.06 6.71 20.25 12.0 8.49 8.06 4.12 8.49 12.0 11.0 20.25 16.28 0.0 7.21 14.32 0.0 22.36 22.0 8.49 26.08 12.65 0.0 17.46 11.0 22.36 8.06 14.42 8.49 11.7 20.25 18.79 6.0 21.63 22.36 22.36 6.0 7.21 12.65 18.79 22.0 21.63 8.49 18.97 14.32 17.46 26.08 14.32 6.0 6.0 8.49 18.79 12.0 22.0 6.0 6.71 22.36 14.42 0.0 7.21 7.21 16.28
28.86 34.23 16.49 28.28 28.86 28.28 11.0 28.28 6.4 34.23 31.3 31.3 31.3 28.28 16.12 8.6 16.49 5.0 23.35 34.71 21.47 28.0 10.77 22.36 21.47 17.46 23.09 10.77 28.0 23.35 16.49 10.77 0.0 16.12 34.71 34.23 10.77 23.35 4.0 4.0 23.35 28.86 8.6 10.77 16.12 23.35 23.0 16.12 10.77 23.09 8.6 34.71 22.36 28.0 21.47 22.36 0.0 4.0 16.12 10.0 34.0 22.36 5.0 23.09 0.0 23.35 10.77 16.12 11.0 8.6 6.4 28.28 36.77 0.0 0.0 16.49 28.0 34.0 6.4 4.0 36.77 16.12 31.3 21.47 5.0 10.0 21.47 16.49 16.49 16.12 6.4 10.77 4.0 16.49 28.86 0.0 10.77 22.36 28.0 28.0 34.71
28.16 34.93 16.0 28.0 28.16 28.0 11.7 28.0 9.43 34.93 33.29 33.29 33.29 28.0 17.09 12.08 16.0 6.4 24.35 35.74 23.6 28.28 10.0 22.0 23.6 19.42 24.6 10.0 28.28 24.35 16.0 12.81 4.0 17.09 35.74 34.93 10.0 24.35 0.0 0.0 24.35 28.16 12.08 10.0 17.09 24.35 23.35 17.09 10.0 24.6 12.08 35.74 22.0 28.28 23.6 22.0 4.0 0.0 17.09 14.0 34.23 22.0 6.4 24.6 4.0 24.35 12.81 17.09 11.7 12.08 9.43 28.0 38.47 4.0 4.0 16.0 28.28 34.23 9.43 0.0 38.47 17.09 33.29 23.6 6.4 14.0 23.6 16.0 16.0 17.09 9.43 10.0 0.0 16.0 28.16 4.0 12.81 22.0 28.28 28.28 35.74
15.0 18.11 6.0 13.42 15.0 13.42 5.39 13.42 11.18 18.11 16.97 16.97 16.97 13.42 0.0 12.08 6.0 11.18 7.28 18.68 8.54 12.17 8.49 8.49 8.54 5.0 7.81 8.49 12.17 7.28 6.0 6.32 16.12 0.0 18.68 18.11 8.49 7.28 17.09 17.09 7.28 15.0 12.08 8.49 0.0 7.28 7.28 0.0 8.49 7.81 12.08 18.68 8.49 12.17 8.54 8.49 16.12 17.09 0.0 17.89 18.11 8.49 11.18 7.81 16.12 7.28 6.32 0.0 5.39 12.08 11.18 13.42 21.63 16.12 16.12 6.0 12.17 18.11 11.18 17.09 21.63 0.0 16.97 8.54 11.18 17.89 8.54 6.0 6.0 0.0 11.18 8.49 17.09 6.0 15.0 16.12 6.32 8.49 12.17 12.17 18.68
32.76 34.53 21.26 31.3 32.76 31.3 14.87 31.3 7.81 34.53 28.28 28.28 28.28 31.3 17.89 5.83 21.26 11.18 23.77 34.13 19.0 29.73 17.2 26.08 19.0 16.28 22.2 17.2 29.73 23.77 21.26 11.66 10.0 17.89 34.13 34.53 17.2 23.77 14.0 14.0 23.77 32.76 5.83 17.2 17.89 23.77 25.08 17.89 17.2 22.2 5.83 34.13 26.08 29.73 19.0 26.08 10.0 14.0 17.89 0.0 35.44 26.08 11.18 22.2 10.0 23.77 11.66 17.89 14.87 5.83 7.81 31.3 34.23 10.0 10.0 21.26 29.73 35.44 7.81 14.0 34.23 17.89 28.28 19.0 11.18 0.0 19.0 21.26 21.26 17.89 7.81 17.2 14.0 21.26 32.76 10.0 11.66 26.08 29.73 29.73 34.13
9.22 4.0 18.44 7.21 9.22 7.21 23.0 7.21 29.27 4.0 15.23 15.23 15.23 7.21 18.11 29.83 18.44 29.0 11.7 7.0 18.03 6.0 24.33 12.65 18.03 19.31 13.89 24.33 6.0 11.7 18.44 24.33 34.0 18.11 7.0 4.0 24.33 11.7 34.23 34.23 11.7 9.22 29.83 24.33 18.11 11.7 11.0 18.11 24.33 13.89 29.83 7.0 12.65 6.0 18.03 12.65 34.0 34.23 18.11 35.44 0.0 12.65 29.0 13.89 34.0 11.7 24.33 18.11 23.0 29.83 29.27 7.21 14.0 34.0 34.0 18.44 6.0 0.0 29.27 34.23 14.0 18.11 15.23 18.03 29.0 35.44 18.03 18.44 18.44 18.11 29.27 24.33 34.23 18.44 9.22 34.0 24.33 12.65 6.0 6.0 7.0
6.71 14.42 6.0 6.0 6.71 6.0 11.7 6.0 18.79 14.42 18.97 18.97 18.97 6.0 8.49 20.25 6.0 17.46 8.06 16.28 14.32 7.21 12.0 0.0 14.32 12.53 11.0 12.0 7.21 8.06 6.0 14.42 22.36 8.49 16.28 14.42 12.0 8.06 22.0 22.0 8.06 6.71 20.25 12.0 8.49 8.06 4.12 8.49 12.0 11.0 20.25 16.28 0.0 7.21 14.32 0.0 22.36 22.0 8.49 26.08 12.65 0.0 17.46 11.0 22.36 8.06 14.42 8.49 11.7 20.25 18.79 6.0 21.63 22.36 22.36 6.0 7.21 12.65 18.79 22.0 21.63 8.49 18.97 14.32 17.46 26.08 14.32 6.0 6.0 8.49 18.79 12.0 22.0 6.0 6.71 22.36 14.42 0.0 7.21 7.21 16.28
24.04 29.27 11.7 23.35 24.04 23.35 6.0 23.35 4.0 29.27 26.93 26.93 26.93 23.35 11.18 7.0 11.7 0.0 18.44 29.83 17.2 23.0 6.4 17.46 17.2 13.04 18.38 6.4 23.0 18.44 11.7 6.4 5.0 11.18 29.83 29.27 6.4 18.44 6.4 6.4 18.44 24.04 7.0 6.4 11.18 18.44 18.0 11.18 6.4 18.38 7.0 29.83 17.46 23.0 17.2 17.46 5.0 6.4 11.18 11.18 29.0 17.46 0.0 18.38 5.0 18.44 6.4 11.18 6.0 7.0 4.0 23.35 32.2 5.0 5.0 11.7 23.0 29.0 4.0 6.4 32.2 11.18 26.93 17.2 0.0 11.18 17.2 11.7 11.7 11.18 4.0 6.4 6.4 11.7 24.04 5.0 6.4 17.46 23.0 23.0 29.83
15.23 12.37 12.53 12.53 15.23 12.53 13.04 12.53 17.26 12.37 9.22 9.22 9.22 12.53 7.81 17.0 12.53 18.38 3.16 12.0 4.24 9.22 16.28 11.0 4.24 6.0 0.0 16.28 9.22 3.16 12.53 12.37 23.09 7.81 12.0 12.37 16.28 3.16 24.6 24.6 3.16 15.23 17.0 16.28 7.81 3.16 7.07 7.81 16.28 0.0 17.0 12.0 11.0 9.22 4.24 11.0 23.09 24.6 7.81 22.2 13.89 11.0 18.38 0.0 23.09 3.16 12.37 7.81 13.04 17.0 17.26 12.53 13.89 23.09 23.09 12.53 9.22 13.89 17.26 24.6 13.89 7.81 9.22 4.24 18.38 22.2 4.24 12.53 12.53 7.81 17.26 16.28 24.6 12.53 15.23 23.09 12.37 11.0 9.22 9.22 12.0
28.86 34.23 16.49 28.28 28.86 28.28 11.0 28.28 6.4 34.23 31.3 31.3 31.3 28.28 16.12 8.6 16.49 5.0 23.35 34.71 21.47 28.0 10.77 22.36 21.47 17.46 23.09 10.77 28.0 23.35 16.49 10.77 0.0 16.12 34.71 34.23 10.77 23.35 4.0 4.0 23.35 28.86 8.6 10.77 16.12 23.35 23.0 16.12 10.77 23.09 8.6 34.71 22.36 28.0 21.47 22.36 0.0 4.0 16.12 10.0 34.0 22.36 5.0 23.09 0.0 23.35 10.77 16.12 11.0 8.6 6.4 28.28 36.77 0.0 0.0 16.49 28.0 34.0 6.4 4.0 36.77 16.12 31.3 21.47 5.0 10.0 21.47 16.49 16.49 16.12 6.4 10.77 4.0 16.49 28.86 0.0 10.77 22.36 28.0 28.0 34.71
12.08 11.0 10.63 9.43 12.08 9.43 12.65 9.43 18.0 11.0 11.18 11.18 11.18 9.43 7.28 18.25 10.63 18.44 0.0 11.4 7.21 6.4 15.26 8.06 7.21 7.62 3.16 15.26 6.4 0.0 10.63 13.0 23.35 7.28 11.4 11.0 15.26 0.0 24.35 24.35 0.0 12.08 18.25 15.26 7.28 0.0 4.0 7.28 15.26 3.16 18.25 11.4 8.06 6.4 7.21 8.06 23.35 24.35 7.28 23.77 11.7 8.06 18.44 3.16 23.35 0.0 13.0 7.28 12.65 18.25 18.0 9.43 14.87 23.35 23.35 10.63 6.4 11.7 18.0 24.35 14.87 7.28 11.18 7.21 18.44 23.77 7.21 10.63 10.63 7.28 18.0 15.26 24.35 10.63 12.08 23.35 13.0 8.06 6.4 6.4 11.4
21.1 24.0 10.0 19.7 21.1 19.7 4.12 19.7 5.0 24.0 20.59 20.59 20.59 19.7 6.32 5.83 10.0 6.4 13.0 24.19 10.82 18.44 8.0 14.42 10.82 6.71 12.37 8.0 18.44 13.0 10.0 0.0 10.77 6.32 24.19 24.0 8.0 13.0 12.81 12.81 13.0 21.1 5.83 8.0 6.32 13.0 13.6 6.32 8.0 12.37 5.83 24.19 14.42 18.44 10.82 14.42 10.77 12.81 6.32 11.66 24.33 14.42 6.4 12.37 10.77 13.0 0.0 6.32 4.12 5.83 5.0 19.7 26.0 10.77 10.77 10.0 18.44 24.33 5.0 12.81 26.0 6.32 20.59 10.82 6.4 11.66 10.82 10.0 10.0 6.32 5.0 8.0 12.81 10.0 21.1 10.77 0.0 14.42 18.44 18.44 24.19
15.0 18.11 6.0 13.42 15.0 13.42 5.39 13.42 11.18 18.11 16.97 16.97 16.97 13.42 0.0 12.08 6.0 11.18 7.28 18.68 8.54 12.17 8.49 8.49 8.54 5.0 7.81 8.49 12.17 7.28 6.0 6.32 16.12 0.0 18.68 18.11 8.49 7.28 17.09 17.09 7.28 15.0 12.08 8.49 0.0 7.28 7.28 0.0 8.49 7.81 12.08 18.68 8.49 12.17 8.54 8.49 16.12 17.09 0.0 17.89 18.11 8.49 11.18 7.81 16.12 7.28 6.32 0.0 5.39 12.08 11.18 13.42 21.63 16.12 16.12 6.0 12.17 18.11 11.18 17.09 21.63 0.0 16.97 8.54 11.18 17.89 8.54 6.0 6.0 0.0 11.18 8.49 17.09 6.0 15.0 16.12 6.32 8.49 12.17 12.17 18.68
18.38 23.35 6.4 17.46 18.38 17.46 0.0 17.46 7.21 23.35 22.02 22.02 22.02 17.46 5.39 9.22 6.4 6.0 12.65 24.04 12.81 17.0 4.12 11.7 12.81 8.6 13.04 4.12 17.0 12.65 6.4 4.12 11.0 5.39 24.04 23.35 4.12 12.65 11.7 11.7 12.65 18.38 9.22 4.12 5.39 12.65 12.0 5.39 4.12 13.04 9.22 24.04 11.7 17.0 12.81 11.7 11.0 11.7 5.39 14.87 23.0 11.7 6.0 13.04 11.0 12.65 4.12 5.39 0.0 9.22 7.21 17.46 26.93 11.0 11.0 6.4 17.0 23.0 7.21 11.7 26.93 5.39 22.02 12.81 6.0 14.87 12.81 6.4 6.4 5.39 7.21 4.12 11.7 6.4 18.38 11.0 4.12 11.7 17.0 17.0 24.04
26.93 29.15 15.56 25.5 26.93 25.5 9.22 25.5 3.0 29.15 24.04 24.04 24.04 25.5 12.08 0.0 15.56 7.0 18.25 29.0 14.32 24.04 12.08 20.25 14.32 11.0 17.0 12.08 24.04 18.25 15.56 5.83 8.6 12.08 29.0 29.15 12.08 18.25 12.08 12.08 18.25 26.93 0.0 12.08 12.08 18.25 19.31 12.08 12.08 17.0 0.0 29.0 20.25 24.04 14.32 20.25 8.6 12.08 12.08 5.83 29.83 20.25 7.0 17.0 8.6 18.25 5.83 12.08 9.22 0.0 3.0 25.5 29.83 8.6 8.6 15.56 24.04 29.83 3.0 12.08 29.83 12.08 24.04 14.32 7.0 5.83 14.32 15.56 15.56 12.08 3.0 12.08 12.08 15.56 26.93 8.6 5.83 20.25 24.04 24.04 29.0
25.5 29.0 13.6 24.35 25.5 24.35 7.21 24.35 0.0 29.0 25.08 25.08 25.08 24.35 11.18 3.0 13.6 4.0 18.0 29.15 15.23 23.35 9.43 18.79 15.23 11.4 17.26 9.43 23.35 18.0 13.6 5.0 6.4 11.18 29.15 29.0 9.43 18.0 9.43 9.43 18.0 25.5 3.0 9.43 11.18 18.0 18.44 11.18 9.43 17.26 3.0 29.15 18.79 23.35 15.23 18.79 6.4 9.43 11.18 7.81 29.27 18.79 4.0 17.26 6.4 18.0 5.0 11.18 7.21 3.0 0.0 24.35 30.68 6.4 6.4 13.6 23.35 29.27 0.0 9.43 30.68 11.18 25.08 15.23 4.0 7.81 15.23 13.6 13.6 11.18 0.0 9.43 9.43 13.6 25.5 6.4 5.0 18.79 23.35 23.35 29.15
3.0 10.0 12.0 0.0 3.0 0.0 17.46 0.0 24.35 10.0 18.0 18.0 18.0 0.0 13.42 25.5 12.0 23.35 9.43 12.53 16.64 4.0 18.0 6.0 16.64 16.28 12.53 18.0 4.0 9.43 12.0 19.7 28.28 13.42 12.53 10.0 18.0 9.43 28.0 28.0 9.43 3.0 25.5 18.0 13.42 9.43 6.4 13.42 18.0 12.53 25.5 12.53 6.0 4.0 16.64 6.0 28.28 28.0 13.42 31.3 7.21 6.0 23.35 12.53 28.28 9.43 19.7 13.42 17.46 25.5 24.35 0.0 18.97 28.28 28.28 12.0 4.0 7.21 24.35 28.0 18.97 13.42 18.0 16.64 23.35 31.3 16.64 12.0 12.0 13.42 24.35 18.0 28.0 12.0 3.0 28.28 19.7 6.0 4.0 4.0 12.53
21.84 10.0 25.46 18.97 21.84 18.97 26.93 18.97 30.68 10.0 6.0 6.0 6.0 18.97 21.63 29.83 25.46 32.2 14.87 7.0 15.52 15.23 30.0 21.63 15.52 19.31 13.89 30.0 15.23 14.87 25.46 26.0 36.77 21.63 7.0 10.0 30.0 14.87 38.47 38.47 14.87 21.84 29.83 30.0 21.63 14.87 17.8 21.63 30.0 13.89 29.83 7.0 21.63 15.23 15.52 21.63 36.77 38.47 21.63 34.23 14.0 21.63 32.2 13.89 36.77 14.87 26.0 21.63 26.93 29.83 30.68 18.97 0.0 36.77 36.77 25.46 15.23 14.0 30.68 38.47 0.0 21.63 6.0 15.52 32.2 34.23 15.52 25.46 25.46 21.63 30.68 30.0 38.47 25.46 21.84 36.77 26.0 21.63 15.23 15.23 7.0
28.86 34.23 16.49 28.28 28.86 28.28 11.0 28.28 6.4 34.23 31.3 31.3 31.3 28.28 16.12 8.6 16.49 5.0 23.35 34.71 21.47 28.0 10.77 22.36 21.47 17.46 23.09 10.77 28.0 23.35 16.49 10.77 0.0 16.12 34.71 34.23 10.77 23.35 4.0 4.0 23.35 28.86 8.6 10.77 16.12 23.35 23.0 16.12 10.77 23.09 8.6 34.71 22.36 28.0 21.47 22.36 0.0 4.0 16.12 10.0 34.0 22.36 5.0 23.09 0.0 23.35 10.77 16.12 11.0 8.6 6.4 28.28 36.77 0.0 0.0 16.49 28.0 34.0 6.4 4.0 36.77 16.12 31.3 21.47 5.0 10.0 21.47 16.49 16.49 16.12 6.4 10.77 4.0 16.49 28.86 0.0 10.77 22.36 28.0 28.0 34.71
28.86 34.23 16.49 28.28 28.86 28.28 11.0 28.28 6.4 34.23 31.3 31.3 31.3 28.28 16.12 8.6 16.49 5.0 23.35 34.71 21.47 28.0 10.77 22.36 21.47 17.46 23.09 10.77 28.0 23.35 16.49 10.77 0.0 16.12 34.71 34.23 10.77 23.35 4.0 4.0 23.35 28.86 8.6 10.77 16.12 23.35 23.0 16.12 10.77 23.09 8.6 34.71 22.36 28.0 21.47 22.36 0.0 4.0 16.12 10.0 34.0 22.36 5.0 23.09 0.0 23.35 10.77 16.12 11.0 8.6 6.4 28.28 36.77 0.0 0.0 16.49 28.0 34.0 6.4 4.0 36.77 16.12 31.3 21.47 5.0 10.0 21.47 16.49 16.49 16.12 6.4 10.77 4.0 16.49 28.86 0.0 10.77 22.36 28.0 28.0 34.71
12.37 19.7 0.0 12.0 12.37 12.0 6.4 12.0 13.6 19.7 21.63 21.63 21.63 12.0 6.0 15.56 0.0 11.7 10.63 21.1 14.32 12.65 6.0 6.0 14.32 11.0 12.53 6.0 12.65 10.63 0.0 10.0 16.49 6.0 21.1 19.7 6.0 10.63 16.0 16.0 10.63 12.37 15.56 6.0 6.0 10.63 8.06 6.0 6.0 12.53 15.56 21.1 6.0 12.65 14.32 6.0 16.49 16.0 6.0 21.26 18.44 6.0 11.7 12.53 16.49 10.63 10.0 6.0 6.4 15.56 13.6 12.0 25.46 16.49 16.49 0.0 12.65 18.44 13.6 16.0 25.46 6.0 21.63 14.32 11.7 21.26 14.32 0.0 0.0 6.0 13.6 6.0 16.0 0.0 12.37 16.49 10.0 6.0 12.65 12.65 21.1
7.0 7.21 12.65 4.0 7.0 4.0 17.0 4.0 23.35 7.21 14.0 14.0 14.0 4.0 12.17 24.04 12.65 23.0 6.4 9.22 13.45 0.0 18.44 7.21 13.45 13.89 9.22 18.44 0.0 6.4 12.65 18.44 28.0 12.17 9.22 7.21 18.44 6.4 28.28 28.28 6.4 7.0 24.04 18.44 12.17 6.4 5.0 12.17 18.44 9.22 24.04 9.22 7.21 0.0 13.45 7.21 28.0 28.28 12.17 29.73 6.0 7.21 23.0 9.22 28.0 6.4 18.44 12.17 17.0 24.04 23.35 4.0 15.23 28.0 28.0 12.65 0.0 6.0 23.35 28.28 15.23 12.17 14.0 13.45 23.0 29.73 13.45 12.65 12.65 12.17 23.35 18.44 28.28 12.65 7.0 28.0 18.44 7.21 0.0 0.0 9.22
9.22 4.0 18.44 7.21 9.22 7.21 23.0 7.21 29.27 4.0 15.23 15.23 15.23 7.21 18.11 29.83 18.44 29.0 11.7 7.0 18.03 6.0 24.33 12.65 18.03 19.31 13.89 24.33 6.0 11.7 18.44 24.33 34.0 18.11 7.0 4.0 24.33 11.7 34.23 34.23 11.7 9.22 29.83 24.33 18.11 11.7 11.0 18.11 24.33 13.89 29.83 7.0 12.65 6.0 18.03 12.65 34.0 34.23 18.11 35.44 0.0 12.65 29.0 13.89 34.0 11.7 24.33 18.11 23.0 29.83 29.27 7.21 14.0 34.0 34.0 18.44 6.0 0.0 29.27 34.23 14.0 18.11 15.23 18.03 29.0 35.44 18.03 18.44 18.44 18.11 29.27 24.33 34.23 18.44 9.22 34.0 24.33 12.65 6.0 6.0 7.0
25.5 29.0 13.6 24.35 25.5 24.35 7.21 24.35 0.0 29.0 25.08 25.08 25.08 24.35 11.18 3.0 13.6 4.0 18.0 29.15 15.23 23.35 9.43 18.79 15.23 11.4 17.26 9.43 23.35 18.0 13.6 5.0 6.4 11.18 29.15 29.0 9.43 18.0 9.43 9.43 18.0 25.5 3.0 9.43 11.18 18.0 18.44 11.18 9.43 17.26 3.0 29.15 18.79 23.35 15.23 18.79 6.4 9.43 11.18 7.81 29.27 18.79 4.0 17.26 6.4 18.0 5.0 11.18 7.21 3.0 0.0 24.35 30.68 6.4 6.4 13.6 23.35 29.27 0.0 9.43 30.68 11.18 25.08 15.23 4.0 7.81 15.23 13.6 13.6 11.18 0.0 9.43 9.43 13.6 25.5 6.4 5.0 18.79 23.35 23.35 29.15
28.16 34.93 16.0 28.0 28.16 28.0 11.7 28.0 9.43 34.93 33.29 33.29 33.29 28.0 17.09 12.08 16.0 6.4 24.35 35.74 23.6 28.28 10.0 22.0 23.6 19.42 24.6 10.0 28.28 24.35 16.0 12.81 4.0 17.09 35.74 34.93 10.0 24.35 0.0 0.0 24.35 28.16 12.08 10.0 17.09 24.35 23.35 17.09 10.0 24.6 12.08 35.74 22.0 28.28 23.6 22.0 4.0 0.0 17.09 14.0 34.23 22.0 6.4 24.6 4.0 24.35 12.81 17.09 11.7 12.08 9.43 28.0 38.47 4.0 4.0 16.0 28.28 34.23 9.43 0.0 38.47 17.09 33.29 23.6 6.4 14.0 23.6 16.0 16.0 17.09 9.43 10.0 0.0 16.0 28.16 4.0 12.81 22.0 28.28 28.28 35.74
21.84 10.0 25.46 18.97 21.84 18.97 26.93 18.97 30.68 10.0 6.0 6.0 6.0 18.97 21.63 29.83 25.46 32.2 14.87 7.0 15.52 15.23 30.0 21.63 15.52 19.31 13.89 30.0 15.23 14.87 25.46 26.0 36.77 21.63 7.0 10.0 30.0 14.87 38.47 38.47 14.87 21.84 29.83 30.0 21.63 14.87 17.8 21.63 30.0 13.89 29.83 7.0 21.63 15.23 15.52 21.63 36.77 38.47 21.63 34.23 14.0 21.63 32.2 13.89 36.77 14.87 26.0 21.63 26.93 29.83 30.68 18.97 0.0 36.77 36.77 25.46 15.23 14.0 30.68 38.47 0.0 21.63 6.0 15.52 32.2 34.23 15.52 25.46 25.46 21.63 30.68 30.0 38.47 25.46 21.84 36.77 26.0 21.63 15.23 15.23 7.0
15.0 18.11 6.0 13.42 15.0 13.42 5.39 13.42 11.18 18.11 16.97 16.97 16.97 13.42 0.0 12.08 6.0 11.18 7.28 18.68 8.54 12.17 8.49 8.49 8.54 5.0 7.81 8.49 12.17 7.28 6.0 6.32 16.12 0.0 18.68 18.11 8.49 7.28 17.09 17.09 7.28 15.0 12.08 8.49 0.0 7.28 7.28 0.0 8.49 7.81 12.08 18.68 8.49 12.17 8.54 8.49 16.12 17.09 0.0 17.89 18.11 8.49 11.18 7.81 16.12 7.28 6.32 0.0 5.39 12.08 11.18 13.42 21.63 16.12 16.12 6.0 12.17 18.11 11.18 17.09 21.63 0.0 16.97 8.54 11.18 17.89 8.54 6.0 6.0 0.0 11.18 8.49 17.09 6.0 15.0 16.12 6.32 8.49 12.17 12.17 18.68
21.0 11.66 21.63 18.0 21.0 18.0 22.02 18.0 25.08 11.66 0.0 0.0 0.0 18.0 16.97 24.04 21.63 26.93 11.18 9.22 9.85 14.0 25.46 18.97 9.85 13.89 9.22 25.46 14.0 11.18 21.63 20.59 31.3 16.97 9.22 11.66 25.46 11.18 33.29 33.29 11.18 21.0 24.04 25.46 16.97 11.18 14.87 16.97 25.46 9.22 24.04 9.22 18.97 14.0 9.85 18.97 31.3 33.29 16.97 28.28 15.23 18.97 26.93 9.22 31.3 11.18 20.59 16.97 22.02 24.04 25.08 18.0 6.0 31.3 31.3 21.63 14.0 15.23 25.08 33.29 6.0 16.97 0.0 9.85 26.93 28.28 9.85 21.63 21.63 16.97 25.08 25.46 33.29 21.63 21.0 31.3 20.59 18.97 14.0 14.0 9.22
19.24 16.16 14.32 16.64 19.24 16.64 12.81 16.64 15.23 16.16 9.85 9.85 9.85 16.64 8.54 14.32 14.32 17.2 7.21 15.3 0.0 13.45 16.64 14.32 0.0 4.24 4.24 16.64 13.45 7.21 14.32 10.82 21.47 8.54 15.3 16.16 16.64 7.21 23.6 23.6 7.21 19.24 14.32 16.64 8.54 7.21 10.77 8.54 16.64 4.24 14.32 15.3 14.32 13.45 0.0 14.32 21.47 23.6 8.54 19.0 18.03 14.32 17.2 4.24 21.47 7.21 10.82 8.54 12.81 14.32 15.23 16.64 15.52 21.47 21.47 14.32 13.45 18.03 15.23 23.6 15.52 8.54 9.85 0.0 17.2 19.0 0.0 14.32 14.32 8.54 15.23 16.64 23.6 14.32 19.24 21.47 10.82 14.32 13.45 13.45 15.3
24.04 29.27 11.7 23.35 24.04 23.35 6.0 23.35 4.0 29.27 26.93 26.93 26.93 23.35 11.18 7.0 11.7 0.0 18.44 29.83 17.2 23.0 6.4 17.46 17.2 13.04 18.38 6.4 23.0 18.44 11.7 6.4 5.0 11.18 29.83 29.27 6.4 18.44 6.4 6.4 18.44 24.04 7.0 6.4 11.18 18.44 18.0 11.18 6.4 18.38 7.0 29.83 17.46 23.0 17.2 17.46 5.0 6.4 11.18 11.18 29.0 17.46 0.0 18.38 5.0 18.44 6.4 11.18 6.0 7.0 4.0 23.35 32.2 5.0 5.0 11.7 23.0 29.0 4.0 6.4 32.2 11.18 26.93 17.2 0.0 11.18 17.2 11.7 11.7 11.18 4.0 6.4 6.4 11.7 24.04 5.0 6.4 17.46 23.0 23.0 29.83
32.76 34.53 21.26 31.3 32.76 31.3 14.87 31.3 7.81 34.53 28.28 28.28 28.28 31.3 17.89 5.83 21.26 11.18 23.77 34.13 19.0 29.73 17.2 26.08 19.0 16.28 22.2 17.2 29.73 23.77 21.26 11.66 10.0 17.89 34.13 34.53 17.2 23.77 14.0 14.0 23.77 32.76 5.83 17.2 17.89 23.77 25.08 17.89 17.2 22.2 5.83 34.13 26.08 29.73 19.0 26.08 10.0 14.0 17.89 0.0 35.44 26.08 11.18 22.2 10.0 23.77 11.66 17.89 14.87 5.83 7.81 31.3 34.23 10.0 10.0 21.26 29.73 35.44 7.81 14.0 34.23 17.89 28.28 19.0 11.18 0.0 19.0 21.26 21.26 17.89 7.81 17.2 14.0 21.26 32.76 10.0 11.66 26.08 29.73 29.73 34.13
19.24 16.16 14.32 16.64 19.24 16.64 12.81 16.64 15.23 16.16 9.85 9.85 9.85 16.64 8.54 14.32 14.32 17.2 7.21 15.3 0.0 13.45 16.64 14.32 0.0 4.24 4.24 16.64 13.45 7.21 14.32 10.82 21.47 8.54 15.3 16.16 16.64 7.21 23.6 23.6 7.21 19.24 14.32 16.64 8.54 7.21 10.77 8.54 16.64 4.24 14.32 15.3 14.32 13.45 0.0 14.32 21.47 23.6 8.54 19.0 18.03 14.32 17.2 4.24 21.47 7.21 10.82 8.54 12.81 14.32 15.23 16.64 15.52 21.47 21.47 14.32 13.45 18.03 15.23 23.6 15.52 8.54 9.85 0.0 17.2 19.0 0.0 14.32 14.32 8.54 15.23 16.64 23.6 14.32 19.24 21.47 10.82 14.32 13.45 13.45 15.3
12.37 19.7 0.0 12.0 12.37 12.0 6.4 12.0 13.6 19.7 21.63 21.63 21.63 12.0 6.0 15.56 0.0 11.7 10.63 21.1 14.32 12.65 6.0 6.0 14.32 11.0 12.53 6.0 12.65 10.63 0.0 10.0 16.49 6.0 21.1 19.7 6.0 10.63 16.0 16.0 10.63 12.37 15.56 6.0 6.0 10.63 8.06 6.0 6.0 12.53 15.56 21.1 6.0 12.65 14.32 6.0 16.49 16.0 6.0 21.26 18.44 6.0 11.7 12.53 16.49 10.63 10.0 6.0 6.4 15.56 13.6 12.0 25.46 16.49 16.49 0.0 12.65 18.44 13.6 16.0 25.46 6.0 21.63 14.32 11.7 21.26 14.32 0.0 0.0 6.0 13.6 6.0 16.0 0.0 12.37 16.49 10.0 6.0 12.65 12.65 21.1
12.37 19.7 0.0 12.0 12.37 12.0 6.4 12.0 13.6 19.7 21.63 21.63 21.63 12.0 6.0 15.56 0.0 11.7 10.63 21.1 14.32 12.65 6.0 6.0 14.32 11.0 12.53 6.0 12.65 10.63 0.0 10.0 16.49 6.0 21.1 19.7 6.0 10.63 16.0 16.0 10.63 12.37 15.56 6.0 6.0 10.63 8.06 6.0 6.0 12.53 15.56 21.1 6.0 12.65 14.32 6.0 16.49 16.0 6.0 21.26 18.44 6.0 11.7 12.53 16.49 10.63 10.0 6.0 6.4 15.56 13.6 12.0 25.46 16.49 16.49 0.0 12.65 18.44 13.6 16.0 25.46 6.0 21.63 14.32 11.7 21.26 14.32 0.0 0.0 6.0 13.6 6.0 16.0 0.0 12.37 16.49 10.0 6.0 12.65 12.65 21.1
15.0 18.11 6.0 13.42 15.0 13.42 5.39 13.42 11.18 18.11 16.97 16.97 16.97 13.42 0.0 12.08 6.0 11.18 7.28 18.68 8.54 12.17 8.49 8.49 8.54 5.0 7.81 8.49 12.17 7.28 6.0 6.32 16.12 0.0 18.68 18.11 8.49 7.28 17.09 17.09 7.28 15.0 12.08 8.49 0.0 7.28 7.28 0.0 8.49 7.81 12.08 18.68 8.49 12.17 8.54 8.49 16.12 17.09 0.0 17.89 18.11 8.49 11.18 7.81 16.12 7.28 6.32 0.0 5.39 12.08 11.18 13.42 21.63 16.12 16.12 6.0 12.17 18.11 11.18 17.09 21.63 0.0 16.97 8.54 11.18 17.89 8.54 6.0 6.0 0.0 11.18 8.49 17.09 6.0 15.0 16.12 6.32 8.49 12.17 12.17 18.68
25.5 29.0 13.6 24.35 25.5 24.35 7.21 24.35 0.0 29.0 25.08 25.08 25.08 24.35 11.18 3.0 13.6 4.0 18.0 29.15 15.23 23.35 9.43 18.79 15.23 11.4 17.26 9.43 23.35 18.0 13.6 5.0 6.4 11.18 29.15 29.0 9.43 18.0 9.43 9.43 18.0 25.5 3.0 9.43 11.18 18.0 18.44 11.18 9.43 17.26 3.0 29.15 18.79 23.35 15.23 18.79 6.4 9.43 11.18 7.81 29.27 18.79 4.0 17.26 6.4 18.0 5.0 11.18 7.21 3.0 0.0 24.35 30.68 6.4 6.4 13.6 23.35 29.27 0.0 9.43 30.68 11.18 25.08 15.23 4.0 7.81 15.23 13.6 13.6 11.18 0.0 9.43 9.43 13.6 25.5 6.4 5.0 18.79 23.35 23.35 29.15
18.25 25.3 6.0 18.0 18.25 18.0 4.12 18.0 9.43 25.3 25.46 25.46 25.46 18.0 8.49 12.08 6.0 6.4 15.26 26.4 16.64 18.44 0.0 12.0 16.64 12.53 16.28 0.0 18.44 15.26 6.0 8.0 10.77 8.49 26.4 25.3 0.0 15.26 10.0 10.0 15.26 18.25 12.08 0.0 8.49 15.26 13.6 8.49 0.0 16.28 12.08 26.4 12.0 18.44 16.64 12.0 10.77 10.0 8.49 17.2 24.33 12.0 6.4 16.28 10.77 15.26 8.0 8.49 4.12 12.08 9.43 18.0 30.0 10.77 10.77 6.0 18.44 24.33 9.43 10.0 30.0 8.49 25.46 16.64 6.4 17.2 16.64 6.0 6.0 8.49 9.43 0.0 10.0 6.0 18.25 10.77 8.0 12.0 18.44 18.44 26.4
28.16 34.93 16.0 28.0 28.16 28.0 11.7 28.0 9.43 34.93 33.29 33.29 33.29 28.0 17.09 12.08 16.0 6.4 24.35 35.74 23.6 28.28 10.0 22.0 23.6 19.42 24.6 10.0 28.28 24.35 16.0 12.81 4.0 17.09 35.74 34.93 10.0 24.35 0.0 0.0 24.35 28.16 12.08 10.0 17.09 24.35 23.35 17.09 10.0 24.6 12.08 35.74 22.0 28.28 23.6 22.0 4.0 0.0 17.09 14.0 34.23 22.0 6.4 24.6 4.0 24.35 12.81 17.09 11.7 12.08 9.43 28.0 38.47 4.0 4.0 16.0 28.28 34.23 9.43 0.0 38.47 17.09 33.29 23.6 6.4 14.0 23.6 16.0 16.0 17.09 9.43 10.0 0.0 16.0 28.16 4.0 12.81 22.0 28.28 28.28 35.74
12.37 19.7 0.0 12.0 12.37 12.0 6.4 12.0 13.6 19.7 21.63 21.63 21.63 12.0 6.0 15.56 0.0 11.7 10.63 21.1 14.32 12.65 6.0 6.0 14.32 11.0 12.53 6.0 12.65 10.63 0.0 10.0 16.49 6.0 21.1 19.7 6.0 10.63 16.0 16.0 10.63 12.37 15.56 6.0 6.0 10.63 8.06 6.0 6.0 12.53 15.56 21.1 6.0 12.65 14.32 6.0 16.49 16.0 6.0 21.26 18.44 6.0 11.7 12.53 16.49 10.63 10.0 6.0 6.4 15.56 13.6 12.0 25.46 16.49 16.49 0.0 12.65 18.44 13.6 16.0 25.46 6.0 21.63 14.32 11.7 21.26 14.32 0.0 0.0 6.0 13.6 6.0 16.0 0.0 12.37 16.49 10.0 6.0 12.65 12.65 21.1
0.0 12.53 12.37 3.0 0.0 3.0 18.38 3.0 25.5 12.53 21.0 21.0 21.0 3.0 15.0 26.93 12.37 24.04 12.08 15.23 19.24 7.0 18.25 6.71 19.24 18.44 15.23 18.25 7.0 12.08 12.37 21.1 28.86 15.0 15.23 12.53 18.25 12.08 28.16 28.16 12.08 0.0 26.93 18.25 15.0 12.08 8.6 15.0 18.25 15.23 26.93 15.23 6.71 7.0 19.24 6.71 28.86 28.16 15.0 32.76 9.22 6.71 24.04 15.23 28.86 12.08 21.1 15.0 18.38 26.93 25.5 3.0 21.84 28.86 28.86 12.37 7.0 9.22 25.5 28.16 21.84 15.0 21.0 19.24 24.04 32.76 19.24 12.37 12.37 15.0 25.5 18.25 28.16 12.37 0.0 28.86 21.1 6.71 7.0 7.0 15.23
28.86 34.23 16.49 28.28 28.86 28.28 11.0 28.28 6.4 34.23 31.3 31.3 31.3 28.28 16.12 8.6 16.49 5.0 23.35 34.71 21.47 28.0 10.77 22.36 21.47 17.46 23.09 10.77 28.0 23.35 16.49 10.77 0.0 16.12 34.71 34.23 10.77 23.35 4.0 4.0 23.35 28.86 8.6 10.77 16.12 23.35 23.0 16.12 10.77 23.09 8.6 34.71 22.36 28.0 21.47 22.36 0.0 4.0 16.12 10.0 34.0 22.36 5.0 23.09 0.0 23.35 10.77 16.12 11.0 8.6 6.4 28.28 36.77 0.0 0.0 16.49 28.0 34.0 6.4 4.0 36.77 16.12 31.3 21.47 5.0 10.0 21.47 16.49 16.49 16.12 6.4 10.77 4.0 16.49 28.86 0.0 10.77 22.36 28.0 28.0 34.71
21.1 24.0 10.0 19.7 21.1 19.7 4.12 19.7 5.0 24.0 20.59 20.59 20.59 19.7 6.32 5.83 10.0 6.4 13.0 24.19 10.82 18.44 8.0 14.42 10.82 6.71 12.37 8.0 18.44 13.0 10.0 0.0 10.77 6.32 24.19 24.0 8.0 13.0 12.81 12.81 13.0 21.1 5.83 8.0 6.32 13.0 13.6 6.32 8.0 12.37 5.83 24.19 14.42 18.44 10.82 14.42 10.77 12.81 6.32 11.66 24.33 14.42 6.4 12.37 10.77 13.0 0.0 6.32 4.12 5.83 5.0 19.7 26.0 10.77 10.77 10.0 18.44 24.33 5.0 12.81 26.0 6.32 20.59 10.82 6.4 11.66 10.82 10.0 10.0 6.32 5.0 8.0 12.81 10.0 21.1 10.77 0.0 14.42 18.44 18.44 24.19
6.71 14.42 6.0 6.0 6.71 6.0 11.7 6.0 18.79 14.42 18.97 18.97 18.97 6.0 8.49 20.25 6.0 17.46 8.06 16.28 14.32 7.21 12.0 0.0 14.32 12.53 11.0 12.0 7.21 8.06 6.0 14.42 22.36 8.49 16.28 14.42 12.0 8.06 22.0 22.0 8.06 6.71 20.25 12.0 8.49 8.06 4.12 8.49 12.0 11.0 20.25 16.28 0.0 7.21 14.32 0.0 22.36 22.0 8.49 26.08 12.65 0.0 17.46 11.0 22.36 8.06 14.42 8.49 11.7 20.25 18.79 6.0 21.63 22.36 22.36 6.0 7.21 12.65 18.79 22.0 21.63 8.49 18.97 14.32 17.46 26.08 14.32 6.0 6.0 8.49 18.79 12.0 22.0 6.0 6.71 22.36 14.42 0.0 7.21 7.21 16.28
7.0 7.21 12.65 4.0 7.0 4.0 17.0 4.0 23.35 7.21 14.0 14.0 14.0 4.0 12.17 24.04 12.65 23.0 6.4 9.22 13.45 0.0 18.44 7.21 13.45 13.89 9.22 18.44 0.0 6.4 12.65 18.44 28.0 12.17 9.22 7.21 18.44 6.4 28.28 28.28 6.4 7.0 24.04 18.44 12.17 6.4 5.0 12.17 18.44 9.22 24.04 9.22 7.21 0.0 13.45 7.21 28.0 28.28 12.17 29.73 6.0 7.21 23.0 9.22 28.0 6.4 18.44 12.17 17.0 24.04 23.35 4.0 15.23 28.0 28.0 12.65 0.0 6.0 23.35 28.28 15.23 12.17 14.0 13.45 23.0 29.73 13.45 12.65 12.65 12.17 23.35 18.44 28.28 12.65 7.0 28.0 18.44 7.21 0.0 0.0 9.22
7.0 7.21 12.65 4.0 7.0 4.0 17.0 4.0 23.35 7.21 14.0 14.0 14.0 4.0 12.17 24.04 12.65 23.0 6.4 9.22 13.45 0.0 18.44 7.21 13.45 13.89 9.22 18.44 0.0 6.4 12.65 18.44 28.0 12.17 9.22 7.21 18.44 6.4 28.28 28.28 6.4 7.0 24.04 18.44 12.17 6.4 5.0 12.17 18.44 9.22 24.04 9.22 7.21 0.0 13.45 7.21 28.0 28.28 12.17 29.73 6.0 7.21 23.0 9.22 28.0 6.4 18.44 12.17 17.0 24.04 23.35 4.0 15.23 28.0 28.0 12.65 0.0 6.0 23.35 28.28 15.23 12.17 14.0 13.45 23.0 29.73 13.45 12.65 12.65 12.17 23.35 18.44 28.28 12.65 7.0 28.0 18.44 7.21 0.0 0.0 9.22
15.23 3.0 21.1 12.53 15.23 12.53 24.04 12.53 29.15 3.0 9.22 9.22 9.22 12.53 18.68 29.0 21.1 29.83 11.4 0.0 15.3 9.22 26.4 16.28 15.3 18.0 12.0 26.4 9.22 11.4 21.1 24.19 34.71 18.68 0.0 3.0 26.4 11.4 35.74 35.74 11.4 15.23 29.0 26.4 18.68 11.4 13.04 18.68 26.4 12.0 29.0 0.0 16.28 9.22 15.3 16.28 34.71 35.74 18.68 34.13 7.0 16.28 29.83 12.0 34.71 11.4 24.19 18.68 24.04 29.0 29.15 12.53 7.0 34.71 34.71 21.1 9.22 7.0 29.15 35.74 7.0 18.68 9.22 15.3 29.83 34.13 15.3 21.1 21.1 18.68 29.15 26.4 35.74 21.1 15.23 34.71 24.19 16.28 9.22 9.22 0.0
