0.0 21.1 15.23 15.23 15.23 15.0 9.22 24.04 6.71 26.93 7.0 21.84 28.16 21.0 6.71 26.93 32.76 3.0 3.0 9.22 28.86 21.0 12.53 8.6 28.16 28.16 8.6 7.0 18.25 21.0 21.1 0.0 32.76 12.53 12.53 24.04 12.37 18.25 12.37 6.71 21.84
21.1 0.0 12.37 24.19 24.19 6.32 24.33 6.4 14.42 5.83 18.44 26.0 12.81 20.59 14.42 5.83 11.66 19.7 19.7 24.33 10.77 20.59 24.0 13.6 12.81 12.81 13.6 18.44 8.0 20.59 0.0 21.1 11.66 24.0 24.0 6.4 10.0 8.0 10.0 14.42 26.0
15.23 12.37 0.0 12.0 12.0 7.81 13.89 18.38 11.0 17.0 9.22 13.89 24.6 9.22 11.0 17.0 22.2 12.53 12.53 13.89 23.09 9.22 12.37 7.07 24.6 24.6 7.07 9.22 16.28 9.22 12.37 15.23 22.2 12.37 12.37 18.38 12.53 16.28 12.53 11.0 13.89
15.23 24.19 12.0 0.0 0.0 18.68 7.0 29.83 16.28 29.0 9.22 7.0 35.74 9.22 16.28 29.0 34.13 12.53 12.53 7.0 34.71 9.22 3.0 13.04 35.74 35.74 13.04 9.22 26.4 9.22 24.19 15.23 34.13 3.0 3.0 29.83 21.1 26.4 21.1 16.28 7.0
15.23 24.19 12.0 0.0 0.0 18.68 7.0 29.83 16.28 29.0 9.22 7.0 35.74 9.22 16.28 29.0 34.13 12.53 12.53 7.0 34.71 9.22 3.0 13.04 35.74 35.74 13.04 9.22 26.4 9.22 24.19 15.23 34.13 3.0 3.0 29.83 21.1 26.4 21.1 16.28 7.0
15.0 6.32 7.81 18.68 18.68 0.0 18.11 11.18 8.49 12.08 12.17 21.63 17.09 16.97 8.49 12.08 17.89 13.42 13.42 18.11 16.12 16.97 18.11 7.28 17.09 17.09 7.28 12.17 8.49 16.97 6.32 15.0 17.89 18.11 18.11 11.18 6.0 8.49 6.0 8.49 21.63
9.22 24.33 13.89 7.0 7.0 18.11 0.0 29.0 12.65 29.83 6.0 14.0 34.23 15.23 12.65 29.83 35.44 7.21 7.21 0.0 34.0 15.23 4.0 11.0 34.23 34.23 11.0 6.0 24.33 15.23 24.33 9.22 35.44 4.0 4.0 29.0 18.44 24.33 18.44 12.65 14.0
24.04 6.4 18.38 29.83 29.83 11.18 29.0 0.0 17.46 7.0 23.0 32.2 6.4 26.93 17.46 7.0 11.18 23.35 23.35 29.0 5.0 26.93 29.27 18.0 6.4 6.4 18.0 23.0 6.4 26.93 6.4 24.04 11.18 29.27 29.27 0.0 11.7 6.4 11.7 17.46 32.2
6.71 14.42 11.0 16.28 16.28 8.49 12.65 17.46 0.0 20.25 7.21 21.63 22.0 18.97 0.0 20.25 26.08 6.0 6.0 12.65 22.36 18.97 14.42 4.12 22.0 22.0 4.12 7.21 12.0 18.97 14.42 6.71 26.08 14.42 14.42 17.46 6.0 12.0 6.0 0.0 21.63
26.93 5.83 17.0 29.0 29.0 12.08 29.83 7.0 20.25 0.0 24.04 29.83 12.08 24.04 20.25 0.0 5.83 25.5 25.5 29.83 8.6 24.04 29.15 19.31 12.08 12.08 19.31 24.04 12.08 24.04 5.83 26.93 5.83 29.15 29.15 7.0 15.56 12.08 15.56 20.25 29.83
7.0 18.44 9.22 9.22 9.22 12.17 6.0 23.0 7.21 24.04 0.0 15.23 28.28 14.0 7.21 24.04 29.73 4.0 4.0 6.0 28.0 14.0 7.21 5.0 28.28 28.28 5.0 0.0 18.44 14.0 18.44 7.0 29.73 7.21 7.21 23.0 12.65 18.44 12.65 7.21 15.23
21.84 26.0 13.89 7.0 7.0 21.63 14.0 32.2 21.63 29.83 15.23 0.0 38.47 6.0 21.63 29.83 34.23 18.97 18.97 14.0 36.77 6.0 10.0 17.8 38.47 38.47 17.8 15.23 30.0 6.0 26.0 21.84 34.23 10.0 10.0 32.2 25.46 30.0 25.46 21.63 0.0
28.16 12.81 24.6 35.74 35.74 17.09 34.23 6.4 22.0 12.08 28.28 38.47 0.0 33.29 22.0 12.08 14.0 28.0 28.0 34.23 4.0 33.29 34.93 23.35 0.0 0.0 23.35 28.28 10.0 33.29 12.81 28.16 14.0 34.93 34.93 6.4 16.0 10.0 16.0 22.0 38.47
21.0 20.59 9.22 9.22 9.22 16.97 15.23 26.93 18.97 24.04 14.0 6.0 33.29 0.0 18.97 24.04 28.28 18.0 18.0 15.23 31.3 0.0 11.66 14.87 33.29 33.29 14.87 14.0 25.46 0.0 20.59 21.0 28.28 11.66 11.66 26.93 21.63 25.46 21.63 18.97 6.0
6.71 14.42 11.0 16.28 16.28 8.49 12.65 17.46 0.0 20.25 7.21 21.63 22.0 18.97 0.0 20.25 26.08 6.0 6.0 12.65 22.36 18.97 14.42 4.12 22.0 22.0 4.12 7.21 12.0 18.97 14.42 6.71 26.08 14.42 14.42 17.46 6.0 12.0 6.0 0.0 21.63
26.93 5.83 17.0 29.0 29.0 12.08 29.83 7.0 20.25 0.0 24.04 29.83 12.08 24.04 20.25 0.0 5.83 25.5 25.5 29.83 8.6 24.04 29.15 19.31 12.08 12.08 19.31 24.04 12.08 24.04 5.83 26.93 5.83 29.15 29.15 7.0 15.56 12.08 15.56 20.25 29.83
32.76 11.66 22.2 34.13 34.13 17.89 35.44 11.18 26.08 5.83 29.73 34.23 14.0 28.28 26.08 5.83 0.0 31.3 31.3 35.44 10.0 28.28 34.53 25.08 14.0 14.0 25.08 29.73 17.2 28.28 11.66 32.76 0.0 34.53 34.53 11.18 21.26 17.2 21.26 26.08 34.23
3.0 19.7 12.53 12.53 12.53 13.42 7.21 23.35 6.0 25.5 4.0 18.97 28.0 18.0 6.0 25.5 31.3 0.0 0.0 7.21 28.28 18.0 10.0 6.4 28.0 28.0 6.4 4.0 18.0 18.0 19.7 3.0 31.3 10.0 10.0 23.35 12.0 18.0 12.0 6.0 18.97
3.0 19.7 12.53 12.53 12.53 13.42 7.21 23.35 6.0 25.5 4.0 18.97 28.0 18.0 6.0 25.5 31.3 0.0 0.0 7.21 28.28 18.0 10.0 6.4 28.0 28.0 6.4 4.0 18.0 18.0 19.7 3.0 31.3 10.0 10.0 23.35 12.0 18.0 12.0 6.0 18.97
9.22 24.33 13.89 7.0 7.0 18.11 0.0 29.0 12.65 29.83 6.0 14.0 34.23 15.23 12.65 29.83 35.44 7.21 7.21 0.0 34.0 15.23 4.0 11.0 34.23 34.23 11.0 6.0 24.33 15.23 24.33 9.22 35.44 4.0 4.0 29.0 18.44 24.33 18.44 12.65 14.0
28.86 10.77 23.09 34.71 34.71 16.12 34.0 5.0 22.36 8.6 28.0 36.77 4.0 31.3 22.36 8.6 10.0 28.28 28.28 34.0 0.0 31.3 34.23 23.0 4.0 4.0 23.0 28.0 10.77 31.3 10.77 28.86 10.0 34.23 34.23 5.0 16.49 10.77 16.49 22.36 36.77
21.0 20.59 9.22 9.22 9.22 16.97 15.23 26.93 18.97 24.04 14.0 6.0 33.29 0.0 18.97 24.04 28.28 18.0 18.0 15.23 31.3 0.0 11.66 14.87 33.29 33.29 14.87 14.0 25.46 0.0 20.59 21.0 28.28 11.66 11.66 26.93 21.63 25.46 21.63 18.97 6.0
12.53 24.0 12.37 3.0 3.0 18.11 4.0 29.27 14.42 29.15 7.21 10.0 34.93 11.66 14.42 29.15 34.53 10.0 10.0 4.0 34.23 11.66 0.0 11.7 34.93 34.93 11.7 7.21 25.3 11.66 24.0 12.53 34.53 0.0 0.0 29.27 19.7 25.3 19.7 14.42 10.0
8.6 13.6 7.07 13.04 13.04 7.28 11.0 18.0 4.12 19.31 5.0 17.8 23.35 14.87 4.12 19.31 25.08 6.4 6.4 11.0 23.0 14.87 11.7 0.0 23.35 23.35 0.0 5.0 13.6 14.87 13.6 8.6 25.08 11.7 11.7 18.0 8.06 13.6 8.06 4.12 17.8
28.16 12.81 24.6 35.74 35.74 17.09 34.23 6.4 22.0 12.08 28.28 38.47 0.0 33.29 22.0 12.08 14.0 28.0 28.0 34.23 4.0 33.29 34.93 23.35 0.0 0.0 23.35 28.28 10.0 33.29 12.81 28.16 14.0 34.93 34.93 6.4 16.0 10.0 16.0 22.0 38.47
28.16 12.81 24.6 35.74 35.74 17.09 34.23 6.4 22.0 12.08 28.28 38.47 0.0 33.29 22.0 12.08 14.0 28.0 28.0 34.23 4.0 33.29 34.93 23.35 0.0 0.0 23.35 28.28 10.0 33.29 12.81 28.16 14.0 34.93 34.93 6.4 16.0 10.0 16.0 22.0 38.47
8.6 13.6 7.07 13.04 13.04 7.28 11.0 18.0 4.12 19.31 5.0 17.8 23.35 14.87 4.12 19.31 25.08 6.4 6.4 11.0 23.0 14.87 11.7 0.0 23.35 23.35 0.0 5.0 13.6 14.87 13.6 8.6 25.08 11.7 11.7 18.0 8.06 13.6 8.06 4.12 17.8
7.0 18.44 9.22 9.22 9.22 12.17 6.0 23.0 7.21 24.04 0.0 15.23 28.28 14.0 7.21 24.04 29.73 4.0 4.0 6.0 28.0 14.0 7.21 5.0 28.28 28.28 5.0 0.0 18.44 14.0 18.44 7.0 29.73 7.21 7.21 23.0 12.65 18.44 12.65 7.21 15.23
18.25 8.0 16.28 26.4 26.4 8.49 24.33 6.4 12.0 12.08 18.44 30.0 10.0 25.46 12.0 12.08 17.2 18.0 18.0 24.33 10.77 25.46 25.3 13.6 10.0 10.0 13.6 18.44 0.0 25.46 8.0 18.25 17.2 25.3 25.3 6.4 6.0 0.0 6.0 12.0 30.0
21.0 20.59 9.22 9.22 9.22 16.97 15.23 26.93 18.97 24.04 14.0 6.0 33.29 0.0 18.97 24.04 28.28 18.0 18.0 15.23 31.3 0.0 11.66 14.87 33.29 33.29 14.87 14.0 25.46 0.0 20.59 21.0 28.28 11.66 11.66 26.93 21.63 25.46 21.63 18.97 6.0
21.1 0.0 12.37 24.19 24.19 6.32 24.33 6.4 14.42 5.83 18.44 26.0 12.81 20.59 14.42 5.83 11.66 19.7 19.7 24.33 10.77 20.59 24.0 13.6 12.81 12.81 13.6 18.44 8.0 20.59 0.0 21.1 11.66 24.0 24.0 6.4 10.0 8.0 10.0 14.42 26.0
0.0 21.1 15.23 15.23 15.23 15.0 9.22 24.04 6.71 26.93 7.0 21.84 28.16 21.0 6.71 26.93 32.76 3.0 3.0 9.22 28.86 21.0 12.53 8.6 28.16 28.16 8.6 7.0 18.25 21.0 21.1 0.0 32.76 12.53 12.53 24.04 12.37 18.25 12.37 6.71 21.84
32.76 11.66 22.2 34.13 34.13 17.89 35.44 11.18 26.08 5.83 29.73 34.23 14.0 28.28 26.08 5.83 0.0 31.3 31.3 35.44 10.0 28.28 34.53 25.08 14.0 14.0 25.08 29.73 17.2 28.28 11.66 32.76 0.0 34.53 34.53 11.18 21.26 17.2 21.26 26.08 34.23
12.53 24.0 12.37 3.0 3.0 18.11 4.0 29.27 14.42 29.15 7.21 10.0 34.93 11.66 14.42 29.15 34.53 10.0 10.0 4.0 34.23 11.66 0.0 11.7 34.93 34.93 11.7 7.21 25.3 11.66 24.0 12.53 34.53 0.0 0.0 29.27 19.7 25.3 19.7 14.42 10.0
12.53 24.0 12.37 3.0 3.0 18.11 4.0 29.27 14.42 29.15 7.21 10.0 34.93 11.66 14.42 29.15 34.53 10.0 10.0 4.0 34.23 11.66 0.0 11.7 34.93 34.93 11.7 7.21 25.3 11.66 24.0 12.53 34.53 0.0 0.0 29.27 19.7 25.3 19.7 14.42 10.0
24.04 6.4 18.38 29.83 29.83 11.18 29.0 0.0 17.46 7.0 23.0 32.2 6.4 26.93 17.46 7.0 11.18 23.35 23.35 29.0 5.0 26.93 29.27 18.0 6.4 6.4 18.0 23.0 6.4 26.93 6.4 24.04 11.18 29.27 29.27 0.0 11.7 6.4 11.7 17.46 32.2
12.37 10.0 12.53 21.1 21.1 6.0 18.44 11.7 6.0 15.56 12.65 25.46 16.0 21.63 6.0 15.56 21.26 12.0 12.0 18.44 16.49 21.63 19.7 8.06 16.0 16.0 8.06 12.65 6.0 21.63 10.0 12.37 21.26 19.7 19.7 11.7 0.0 6.0 0.0 6.0 25.46
18.25 8.0 16.28 26.4 26.4 8.49 24.33 6.4 12.0 12.08 18.44 30.0 10.0 25.46 12.0 12.08 17.2 18.0 18.0 24.33 10.77 25.46 25.3 13.6 10.0 10.0 13.6 18.44 0.0 25.46 8.0 18.25 17.2 25.3 25.3 6.4 6.0 0.0 6.0 12.0 30.0
12.37 10.0 12.53 21.1 21.1 6.0 18.44 11.7 6.0 15.56 12.65 25.46 16.0 21.63 6.0 15.56 21.26 12.0 12.0 18.44 16.49 21.63 19.7 8.06 16.0 16.0 8.06 12.65 6.0 21.63 10.0 12.37 21.26 19.7 19.7 11.7 0.0 6.0 0.0 6.0 25.46
6.71 14.42 11.0 16.28 16.28 8.49 12.65 17.46 0.0 20.25 7.21 21.63 22.0 18.97 0.0 20.25 26.08 6.0 6.0 12.65 22.36 18.97 14.42 4.12 22.0 22.0 4.12 7.21 12.0 18.97 14.42 6.71 26.08 14.42 14.42 17.46 6.0 12.0 6.0 0.0 21.63
21.84 26.0 13.89 7.0 7.0 21.63 14.0 32.2 21.63 29.83 15.23 0.0 38.47 6.0 21.63 29.83 34.23 18.97 18.97 14.0 36.77 6.0 10.0 17.8 38.47 38.47 17.8 15.23 30.0 6.0 26.0 21.84 34.23 10.0 10.0 32.2 25.46 30.0 25.46 21.63 0.0
