0.0 28.16 9.22 18.38 21.84 24.04 15.0 18.25 3.0 28.86 18.03 25.5 3.0 12.37 25.5 32.76 21.1 28.16 18.44 7.0 25.5 21.84 15.23 18.44 15.23 12.08 15.23 32.76 8.6 21.84 24.04 7.0 6.71 6.71 18.03 28.16 26.93 26.93 7.0 15.0 32.76 18.03 28.16 15.23 9.22 15.0 12.37 12.08 0.0 18.03 32.76 7.0 21.0 21.0 18.25 25.5 9.22 21.1 7.0 21.84 6.71 24.04 15.23 7.0 7.0 0.0 6.71 21.84 15.23 0.0 21.84 18.44 0.0 24.04 25.5 25.5 19.24 15.0 12.53 32.76 12.53
28.16 0.0 34.23 11.7 38.47 6.4 17.09 10.0 28.0 4.0 36.77 9.43 28.0 16.0 9.43 14.0 12.81 0.0 19.42 28.28 9.43 38.47 35.74 19.42 35.74 24.35 24.6 14.0 23.35 38.47 6.4 28.28 22.0 22.0 36.77 0.0 12.08 12.08 28.28 17.09 14.0 36.77 0.0 35.74 34.23 17.09 16.0 24.35 28.16 36.77 14.0 28.28 33.29 33.29 10.0 9.43 34.23 12.81 28.28 38.47 22.0 6.4 24.6 28.28 28.28 28.16 22.0 38.47 24.6 28.16 38.47 19.42 28.16 6.4 9.43 9.43 23.6 17.09 34.93 14.0 34.93
9.22 34.23 0.0 23.0 14.0 29.0 18.11 24.33 7.21 34.0 10.0 29.27 7.21 18.44 29.27 35.44 24.33 34.23 19.31 6.0 29.27 14.0 7.0 19.31 7.0 11.7 13.89 35.44 11.0 14.0 29.0 6.0 12.65 12.65 10.0 34.23 29.83 29.83 6.0 18.11 35.44 10.0 34.23 7.0 0.0 18.11 18.44 11.7 9.22 10.0 35.44 6.0 15.23 15.23 24.33 29.27 0.0 24.33 6.0 14.0 12.65 29.0 13.89 6.0 6.0 9.22 12.65 14.0 13.89 9.22 14.0 19.31 9.22 29.0 29.27 29.27 18.03 18.11 4.0 35.44 4.0
18.38 11.7 23.0 0.0 26.93 6.0 5.39 4.12 17.46 11.0 25.08 7.21 17.46 6.4 7.21 14.87 4.12 11.7 8.6 17.0 7.21 26.93 24.04 8.6 24.04 12.65 13.04 14.87 12.0 26.93 6.0 17.0 11.7 11.7 25.08 11.7 9.22 9.22 17.0 5.39 14.87 25.08 11.7 24.04 23.0 5.39 6.4 12.65 18.38 25.08 14.87 17.0 22.02 22.02 4.12 7.21 23.0 4.12 17.0 26.93 11.7 6.0 13.04 17.0 17.0 18.38 11.7 26.93 13.04 18.38 26.93 8.6 18.38 6.0 7.21 7.21 12.81 5.39 23.35 14.87 23.35
21.84 38.47 14.0 26.93 0.0 32.2 21.63 30.0 18.97 36.77 4.0 30.68 18.97 25.46 30.68 34.23 26.0 38.47 19.31 15.23 30.68 0.0 7.0 19.31 7.0 14.87 13.89 34.23 17.8 0.0 32.2 15.23 21.63 21.63 4.0 38.47 29.83 29.83 15.23 21.63 34.23 4.0 38.47 7.0 14.0 21.63 25.46 14.87 21.84 4.0 34.23 15.23 6.0 6.0 30.0 30.68 14.0 26.0 15.23 0.0 21.63 32.2 13.89 15.23 15.23 21.84 21.63 0.0 13.89 21.84 0.0 19.31 21.84 32.2 30.68 30.68 15.52 21.63 10.0 34.23 10.0
24.04 6.4 29.0 6.0 32.2 0.0 11.18 6.4 23.35 5.0 30.68 4.0 23.35 11.7 4.0 11.18 6.4 6.4 13.04 23.0 4.0 32.2 29.83 13.04 29.83 18.44 18.38 11.18 18.0 32.2 0.0 23.0 17.46 17.46 30.68 6.4 7.0 7.0 23.0 11.18 11.18 30.68 6.4 29.83 29.0 11.18 11.7 18.44 24.04 30.68 11.18 23.0 26.93 26.93 6.4 4.0 29.0 6.4 23.0 32.2 17.46 0.0 18.38 23.0 23.0 24.04 17.46 32.2 18.38 24.04 32.2 13.04 24.04 0.0 4.0 4.0 17.2 11.18 29.27 11.18 29.27
15.0 17.09 18.11 5.39 21.63 11.18 0.0 8.49 13.42 16.12 19.7 11.18 13.42 6.0 11.18 17.89 6.32 17.09 5.0 12.17 11.18 21.63 18.68 5.0 18.68 7.28 7.81 17.89 7.28 21.63 11.18 12.17 8.49 8.49 19.7 17.09 12.08 12.08 12.17 0.0 17.89 19.7 17.09 18.68 18.11 0.0 6.0 7.28 15.0 19.7 17.89 12.17 16.97 16.97 8.49 11.18 18.11 6.32 12.17 21.63 8.49 11.18 7.81 12.17 12.17 15.0 8.49 21.63 7.81 15.0 21.63 5.0 15.0 11.18 11.18 11.18 8.54 0.0 18.11 17.89 18.11
18.25 10.0 24.33 4.12 30.0 6.4 8.49 0.0 18.0 10.77 27.78 9.43 18.0 6.0 9.43 17.2 8.0 10.0 12.53 18.44 9.43 30.0 26.4 12.53 26.4 15.26 16.28 17.2 13.6 30.0 6.4 18.44 12.0 12.0 27.78 10.0 12.08 12.08 18.44 8.49 17.2 27.78 10.0 26.4 24.33 8.49 6.0 15.26 18.25 27.78 17.2 18.44 25.46 25.46 0.0 9.43 24.33 8.0 18.44 30.0 12.0 6.4 16.28 18.44 18.44 18.25 12.0 30.0 16.28 18.25 30.0 12.53 18.25 6.4 9.43 9.43 16.64 8.49 25.3 17.2 25.3
3.0 28.0 7.21 17.46 18.97 23.35 13.42 18.0 0.0 28.28 15.23 24.35 0.0 12.0 24.35 31.3 19.7 28.0 16.28 4.0 24.35 18.97 12.53 16.28 12.53 9.43 12.53 31.3 6.4 18.97 23.35 4.0 6.0 6.0 15.23 28.0 25.5 25.5 4.0 13.42 31.3 15.23 28.0 12.53 7.21 13.42 12.0 9.43 3.0 15.23 31.3 4.0 18.0 18.0 18.0 24.35 7.21 19.7 4.0 18.97 6.0 23.35 12.53 4.0 4.0 3.0 6.0 18.97 12.53 3.0 18.97 16.28 3.0 23.35 24.35 24.35 16.64 13.42 10.0 31.3 10.0
28.86 4.0 34.0 11.0 36.77 5.0 16.12 10.77 28.28 0.0 35.44 6.4 28.28 16.49 6.4 10.0 10.77 4.0 17.46 28.0 6.4 36.77 34.71 17.46 34.71 23.35 23.09 10.0 23.0 36.77 5.0 28.0 22.36 22.36 35.44 4.0 8.6 8.6 28.0 16.12 10.0 35.44 4.0 34.71 34.0 16.12 16.49 23.35 28.86 35.44 10.0 28.0 31.3 31.3 10.77 6.4 34.0 10.77 28.0 36.77 22.36 5.0 23.09 28.0 28.0 28.86 22.36 36.77 23.09 28.86 36.77 17.46 28.86 5.0 6.4 6.4 21.47 16.12 34.23 10.0 34.23
18.03 36.77 10.0 25.08 4.0 30.68 19.7 27.78 15.23 35.44 0.0 29.61 15.23 22.8 29.61 34.0 24.74 36.77 18.25 11.66 29.61 4.0 3.0 18.25 3.0 12.53 12.37 34.0 14.87 4.0 30.68 11.66 18.44 18.44 0.0 36.77 29.15 29.15 11.66 19.7 34.0 0.0 36.77 3.0 10.0 19.7 22.8 12.53 18.03 0.0 34.0 11.66 7.21 7.21 27.78 29.61 10.0 24.74 11.66 4.0 18.44 30.68 12.37 11.66 11.66 18.03 18.44 4.0 12.37 18.03 4.0 18.25 18.03 30.68 29.61 29.61 15.0 19.7 6.0 34.0 6.0
25.5 9.43 29.27 7.21 30.68 4.0 11.18 9.43 24.35 6.4 29.61 0.0 24.35 13.6 0.0 7.81 5.0 9.43 11.4 23.35 0.0 30.68 29.15 11.4 29.15 18.0 17.26 7.81 18.44 30.68 4.0 23.35 18.79 18.79 29.61 9.43 3.0 3.0 23.35 11.18 7.81 29.61 9.43 29.15 29.27 11.18 13.6 18.0 25.5 29.61 7.81 23.35 25.08 25.08 9.43 0.0 29.27 5.0 23.35 30.68 18.79 4.0 17.26 23.35 23.35 25.5 18.79 30.68 17.26 25.5 30.68 11.4 25.5 4.0 0.0 0.0 15.23 11.18 29.0 7.81 29.0
3.0 28.0 7.21 17.46 18.97 23.35 13.42 18.0 0.0 28.28 15.23 24.35 0.0 12.0 24.35 31.3 19.7 28.0 16.28 4.0 24.35 18.97 12.53 16.28 12.53 9.43 12.53 31.3 6.4 18.97 23.35 4.0 6.0 6.0 15.23 28.0 25.5 25.5 4.0 13.42 31.3 15.23 28.0 12.53 7.21 13.42 12.0 9.43 3.0 15.23 31.3 4.0 18.0 18.0 18.0 24.35 7.21 19.7 4.0 18.97 6.0 23.35 12.53 4.0 4.0 3.0 6.0 18.97 12.53 3.0 18.97 16.28 3.0 23.35 24.35 24.35 16.64 13.42 10.0 31.3 10.0
12.37 16.0 18.44 6.4 25.46 11.7 6.0 6.0 12.0 16.49 22.8 13.6 12.0 0.0 13.6 21.26 10.0 16.0 11.0 12.65 13.6 25.46 21.1 11.0 21.1 10.63 12.53 21.26 8.06 25.46 11.7 12.65 6.0 6.0 22.8 16.0 15.56 15.56 12.65 6.0 21.26 22.8 16.0 21.1 18.44 6.0 0.0 10.63 12.37 22.8 21.26 12.65 21.63 21.63 6.0 13.6 18.44 10.0 12.65 25.46 6.0 11.7 12.53 12.65 12.65 12.37 6.0 25.46 12.53 12.37 25.46 11.0 12.37 11.7 13.6 13.6 14.32 6.0 19.7 21.26 19.7
25.5 9.43 29.27 7.21 30.68 4.0 11.18 9.43 24.35 6.4 29.61 0.0 24.35 13.6 0.0 7.81 5.0 9.43 11.4 23.35 0.0 30.68 29.15 11.4 29.15 18.0 17.26 7.81 18.44 30.68 4.0 23.35 18.79 18.79 29.61 9.43 3.0 3.0 23.35 11.18 7.81 29.61 9.43 29.15 29.27 11.18 13.6 18.0 25.5 29.61 7.81 23.35 25.08 25.08 9.43 0.0 29.27 5.0 23.35 30.68 18.79 4.0 17.26 23.35 23.35 25.5 18.79 30.68 17.26 25.5 30.68 11.4 25.5 4.0 0.0 0.0 15.23 11.18 29.0 7.81 29.0
32.76 14.0 35.44 14.87 34.23 11.18 17.89 17.2 31.3 10.0 34.0 7.81 31.3 21.26 7.81 0.0 11.66 14.0 16.28 29.73 7.81 34.23 34.13 16.28 34.13 23.77 22.2 0.0 25.08 34.23 11.18 29.73 26.08 26.08 34.0 14.0 5.83 5.83 29.73 17.89 0.0 34.0 14.0 34.13 35.44 17.89 21.26 23.77 32.76 34.0 0.0 29.73 28.28 28.28 17.2 7.81 35.44 11.66 29.73 34.23 26.08 11.18 22.2 29.73 29.73 32.76 26.08 34.23 22.2 32.76 34.23 16.28 32.76 11.18 7.81 7.81 19.0 17.89 34.53 0.0 34.53
21.1 12.81 24.33 4.12 26.0 6.4 6.32 8.0 19.7 10.77 24.74 5.0 19.7 10.0 5.0 11.66 0.0 12.81 6.71 18.44 5.0 26.0 24.19 6.71 24.19 13.0 12.37 11.66 13.6 26.0 6.4 18.44 14.42 14.42 24.74 12.81 5.83 5.83 18.44 6.32 11.66 24.74 12.81 24.19 24.33 6.32 10.0 13.0 21.1 24.74 11.66 18.44 20.59 20.59 8.0 5.0 24.33 0.0 18.44 26.0 14.42 6.4 12.37 18.44 18.44 21.1 14.42 26.0 12.37 21.1 26.0 6.71 21.1 6.4 5.0 5.0 10.82 6.32 24.0 11.66 24.0
28.16 0.0 34.23 11.7 38.47 6.4 17.09 10.0 28.0 4.0 36.77 9.43 28.0 16.0 9.43 14.0 12.81 0.0 19.42 28.28 9.43 38.47 35.74 19.42 35.74 24.35 24.6 14.0 23.35 38.47 6.4 28.28 22.0 22.0 36.77 0.0 12.08 12.08 28.28 17.09 14.0 36.77 0.0 35.74 34.23 17.09 16.0 24.35 28.16 36.77 14.0 28.28 33.29 33.29 10.0 9.43 34.23 12.81 28.28 38.47 22.0 6.4 24.6 28.28 28.28 28.16 22.0 38.47 24.6 28.16 38.47 19.42 28.16 6.4 9.43 9.43 23.6 17.09 34.93 14.0 34.93
18.44 19.42 19.31 8.6 19.31 13.04 5.0 12.53 16.28 17.46 18.25 11.4 16.28 11.0 11.4 16.28 6.71 19.42 0.0 13.89 11.4 19.31 18.0 0.0 18.0 7.62 6.0 16.28 9.9 19.31 13.04 13.89 12.53 12.53 18.25 19.42 11.0 11.0 13.89 5.0 16.28 18.25 19.42 18.0 19.31 5.0 11.0 7.62 18.44 18.25 16.28 13.89 13.89 13.89 12.53 11.4 19.31 6.71 13.89 19.31 12.53 13.04 6.0 13.89 13.89 18.44 12.53 19.31 6.0 18.44 19.31 0.0 18.44 13.04 11.4 11.4 4.24 5.0 18.25 16.28 18.25
7.0 28.28 6.0 17.0 15.23 23.0 12.17 18.44 4.0 28.0 11.66 23.35 4.0 12.65 23.35 29.73 18.44 28.28 13.89 0.0 23.35 15.23 9.22 13.89 9.22 6.4 9.22 29.73 5.0 15.23 23.0 0.0 7.21 7.21 11.66 28.28 24.04 24.04 0.0 12.17 29.73 11.66 28.28 9.22 6.0 12.17 12.65 6.4 7.0 11.66 29.73 0.0 14.0 14.0 18.44 23.35 6.0 18.44 0.0 15.23 7.21 23.0 9.22 0.0 0.0 7.0 7.21 15.23 9.22 7.0 15.23 13.89 7.0 23.0 23.35 23.35 13.45 12.17 7.21 29.73 7.21
25.5 9.43 29.27 7.21 30.68 4.0 11.18 9.43 24.35 6.4 29.61 0.0 24.35 13.6 0.0 7.81 5.0 9.43 11.4 23.35 0.0 30.68 29.15 11.4 29.15 18.0 17.26 7.81 18.44 30.68 4.0 23.35 18.79 18.79 29.61 9.43 3.0 3.0 23.35 11.18 7.81 29.61 9.43 29.15 29.27 11.18 13.6 18.0 25.5 29.61 7.81 23.35 25.08 25.08 9.43 0.0 29.27 5.0 23.35 30.68 18.79 4.0 17.26 23.35 23.35 25.5 18.79 30.68 17.26 25.5 30.68 11.4 25.5 4.0 0.0 0.0 15.23 11.18 29.0 7.81 29.0
21.84 38.47 14.0 26.93 0.0 32.2 21.63 30.0 18.97 36.77 4.0 30.68 18.97 25.46 30.68 34.23 26.0 38.47 19.31 15.23 30.68 0.0 7.0 19.31 7.0 14.87 13.89 34.23 17.8 0.0 32.2 15.23 21.63 21.63 4.0 38.47 29.83 29.83 15.23 21.63 34.23 4.0 38.47 7.0 14.0 21.63 25.46 14.87 21.84 4.0 34.23 15.23 6.0 6.0 30.0 30.68 14.0 26.0 15.23 0.0 21.63 32.2 13.89 15.23 15.23 21.84 21.63 0.0 13.89 21.84 0.0 19.31 21.84 32.2 30.68 30.68 15.52 21.63 10.0 34.23 10.0
15.23 35.74 7.0 24.04 7.0 29.83 18.68 26.4 12.53 34.71 3.0 29.15 12.53 21.1 29.15 34.13 24.19 35.74 18.0 9.22 29.15 7.0 0.0 18.0 0.0 11.4 12.0 34.13 13.04 7.0 29.83 9.22 16.28 16.28 3.0 35.74 29.0 29.0 9.22 18.68 34.13 3.0 35.74 0.0 7.0 18.68 21.1 11.4 15.23 3.0 34.13 9.22 9.22 9.22 26.4 29.15 7.0 24.19 9.22 7.0 16.28 29.83 12.0 9.22 9.22 15.23 16.28 7.0 12.0 15.23 7.0 18.0 15.23 29.83 29.15 29.15 15.3 18.68 3.0 34.13 3.0
18.44 19.42 19.31 8.6 19.31 13.04 5.0 12.53 16.28 17.46 18.25 11.4 16.28 11.0 11.4 16.28 6.71 19.42 0.0 13.89 11.4 19.31 18.0 0.0 18.0 7.62 6.0 16.28 9.9 19.31 13.04 13.89 12.53 12.53 18.25 19.42 11.0 11.0 13.89 5.0 16.28 18.25 19.42 18.0 19.31 5.0 11.0 7.62 18.44 18.25 16.28 13.89 13.89 13.89 12.53 11.4 19.31 6.71 13.89 19.31 12.53 13.04 6.0 13.89 13.89 18.44 12.53 19.31 6.0 18.44 19.31 0.0 18.44 13.04 11.4 11.4 4.24 5.0 18.25 16.28 18.25
15.23 35.74 7.0 24.04 7.0 29.83 18.68 26.4 12.53 34.71 3.0 29.15 12.53 21.1 29.15 34.13 24.19 35.74 18.0 9.22 29.15 7.0 0.0 18.0 0.0 11.4 12.0 34.13 13.04 7.0 29.83 9.22 16.28 16.28 3.0 35.74 29.0 29.0 9.22 18.68 34.13 3.0 35.74 0.0 7.0 18.68 21.1 11.4 15.23 3.0 34.13 9.22 9.22 9.22 26.4 29.15 7.0 24.19 9.22 7.0 16.28 29.83 12.0 9.22 9.22 15.23 16.28 7.0 12.0 15.23 7.0 18.0 15.23 29.83 29.15 29.15 15.3 18.68 3.0 34.13 3.0
12.08 24.35 11.7 12.65 14.87 18.44 7.28 15.26 9.43 23.35 12.53 18.0 9.43 10.63 18.0 23.77 13.0 24.35 7.62 6.4 18.0 14.87 11.4 7.62 11.4 0.0 3.16 23.77 4.0 14.87 18.44 6.4 8.06 8.06 12.53 24.35 18.25 18.25 6.4 7.28 23.77 12.53 24.35 11.4 11.7 7.28 10.63 0.0 12.08 12.53 23.77 6.4 11.18 11.18 15.26 18.0 11.7 13.0 6.4 14.87 8.06 18.44 3.16 6.4 6.4 12.08 8.06 14.87 3.16 12.08 14.87 7.62 12.08 18.44 18.0 18.0 7.21 7.28 11.0 23.77 11.0
15.23 24.6 13.89 13.04 13.89 18.38 7.81 16.28 12.53 23.09 12.37 17.26 12.53 12.53 17.26 22.2 12.37 24.6 6.0 9.22 17.26 13.89 12.0 6.0 12.0 3.16 0.0 22.2 7.07 13.89 18.38 9.22 11.0 11.0 12.37 24.6 17.0 17.0 9.22 7.81 22.2 12.37 24.6 12.0 13.89 7.81 12.53 3.16 15.23 12.37 22.2 9.22 9.22 9.22 16.28 17.26 13.89 12.37 9.22 13.89 11.0 18.38 0.0 9.22 9.22 15.23 11.0 13.89 0.0 15.23 13.89 6.0 15.23 18.38 17.26 17.26 4.24 7.81 12.37 22.2 12.37
32.76 14.0 35.44 14.87 34.23 11.18 17.89 17.2 31.3 10.0 34.0 7.81 31.3 21.26 7.81 0.0 11.66 14.0 16.28 29.73 7.81 34.23 34.13 16.28 34.13 23.77 22.2 0.0 25.08 34.23 11.18 29.73 26.08 26.08 34.0 14.0 5.83 5.83 29.73 17.89 0.0 34.0 14.0 34.13 35.44 17.89 21.26 23.77 32.76 34.0 0.0 29.73 28.28 28.28 17.2 7.81 35.44 11.66 29.73 34.23 26.08 11.18 22.2 29.73 29.73 32.76 26.08 34.23 22.2 32.76 34.23 16.28 32.76 11.18 7.81 7.81 19.0 17.89 34.53 0.0 34.53
8.6 23.35 11.0 12.0 17.8 18.0 7.28 13.6 6.4 23.0 14.87 18.44 6.4 8.06 18.44 25.08 13.6 23.35 9.9 5.0 18.44 17.8 13.04 9.9 13.04 4.0 7.07 25.08 0.0 17.8 18.0 5.0 4.12 4.12 14.87 23.35 19.31 19.31 5.0 7.28 25.08 14.87 23.35 13.04 11.0 7.28 8.06 4.0 8.6 14.87 25.08 5.0 14.87 14.87 13.6 18.44 11.0 13.6 5.0 17.8 4.12 18.0 7.07 5.0 5.0 8.6 4.12 17.8 7.07 8.6 17.8 9.9 8.6 18.0 18.44 18.44 10.77 7.28 11.7 25.08 11.7
21.84 38.47 14.0 26.93 0.0 32.2 21.63 30.0 18.97 36.77 4.0 30.68 18.97 25.46 30.68 34.23 26.0 38.47 19.31 15.23 30.68 0.0 7.0 19.31 7.0 14.87 13.89 34.23 17.8 0.0 32.2 15.23 21.63 21.63 4.0 38.47 29.83 29.83 15.23 21.63 34.23 4.0 38.47 7.0 14.0 21.63 25.46 14.87 21.84 4.0 34.23 15.23 6.0 6.0 30.0 30.68 14.0 26.0 15.23 0.0 21.63 32.2 13.89 15.23 15.23 21.84 21.63 0.0 13.89 21.84 0.0 19.31 21.84 32.2 30.68 30.68 15.52 21.63 10.0 34.23 10.0
24.04 6.4 29.0 6.0 32.2 0.0 11.18 6.4 23.35 5.0 30.68 4.0 23.35 11.7 4.0 11.18 6.4 6.4 13.04 23.0 4.0 32.2 29.83 13.04 29.83 18.44 18.38 11.18 18.0 32.2 0.0 23.0 17.46 17.46 30.68 6.4 7.0 7.0 23.0 11.18 11.18 30.68 6.4 29.83 29.0 11.18 11.7 18.44 24.04 30.68 11.18 23.0 26.93 26.93 6.4 4.0 29.0 6.4 23.0 32.2 17.46 0.0 18.38 23.0 23.0 24.04 17.46 32.2 18.38 24.04 32.2 13.04 24.04 0.0 4.0 4.0 17.2 11.18 29.27 11.18 29.27
7.0 28.28 6.0 17.0 15.23 23.0 12.17 18.44 4.0 28.0 11.66 23.35 4.0 12.65 23.35 29.73 18.44 28.28 13.89 0.0 23.35 15.23 9.22 13.89 9.22 6.4 9.22 29.73 5.0 15.23 23.0 0.0 7.21 7.21 11.66 28.28 24.04 24.04 0.0 12.17 29.73 11.66 28.28 9.22 6.0 12.17 12.65 6.4 7.0 11.66 29.73 0.0 14.0 14.0 18.44 23.35 6.0 18.44 0.0 15.23 7.21 23.0 9.22 0.0 0.0 7.0 7.21 15.23 9.22 7.0 15.23 13.89 7.0 23.0 23.35 23.35 13.45 12.17 7.21 29.73 7.21
6.71 22.0 12.65 11.7 21.63 17.46 8.49 12.0 6.0 22.36 18.44 18.79 6.0 6.0 18.79 26.08 14.42 22.0 12.53 7.21 18.79 21.63 16.28 12.53 16.28 8.06 11.0 26.08 4.12 21.63 17.46 7.21 0.0 0.0 18.44 22.0 20.25 20.25 7.21 8.49 26.08 18.44 22.0 16.28 12.65 8.49 6.0 8.06 6.71 18.44 26.08 7.21 18.97 18.97 12.0 18.79 12.65 14.42 7.21 21.63 0.0 17.46 11.0 7.21 7.21 6.71 0.0 21.63 11.0 6.71 21.63 12.53 6.71 17.46 18.79 18.79 14.32 8.49 14.42 26.08 14.42
6.71 22.0 12.65 11.7 21.63 17.46 8.49 12.0 6.0 22.36 18.44 18.79 6.0 6.0 18.79 26.08 14.42 22.0 12.53 7.21 18.79 21.63 16.28 12.53 16.28 8.06 11.0 26.08 4.12 21.63 17.46 7.21 0.0 0.0 18.44 22.0 20.25 20.25 7.21 8.49 26.08 18.44 22.0 16.28 12.65 8.49 6.0 8.06 6.71 18.44 26.08 7.21 18.97 18.97 12.0 18.79 12.65 14.42 7.21 21.63 0.0 17.46 11.0 7.21 7.21 6.71 0.0 21.63 11.0 6.71 21.63 12.53 6.71 17.46 18.79 18.79 14.32 8.49 14.42 26.08 14.42
18.03 36.77 10.0 25.08 4.0 30.68 19.7 27.78 15.23 35.44 0.0 29.61 15.23 22.8 29.61 34.0 24.74 36.77 18.25 11.66 29.61 4.0 3.0 18.25 3.0 12.53 12.37 34.0 14.87 4.0 30.68 11.66 18.44 18.44 0.0 36.77 29.15 29.15 11.66 19.7 34.0 0.0 36.77 3.0 10.0 19.7 22.8 12.53 18.03 0.0 34.0 11.66 7.21 7.21 27.78 29.61 10.0 24.74 11.66 4.0 18.44 30.68 12.37 11.66 11.66 18.03 18.44 4.0 12.37 18.03 4.0 18.25 18.03 30.68 29.61 29.61 15.0 19.7 6.0 34.0 6.0
28.16 0.0 34.23 11.7 38.47 6.4 17.09 10.0 28.0 4.0 36.77 9.43 28.0 16.0 9.43 14.0 12.81 0.0 19.42 28.28 9.43 38.47 35.74 19.42 35.74 24.35 24.6 14.0 23.35 38.47 6.4 28.28 22.0 22.0 36.77 0.0 12.08 12.08 28.28 17.09 14.0 36.77 0.0 35.74 34.23 17.09 16.0 24.35 28.16 36.77 14.0 28.28 33.29 33.29 10.0 9.43 34.23 12.81 28.28 38.47 22.0 6.4 24.6 28.28 28.28 28.16 22.0 38.47 24.6 28.16 38.47 19.42 28.16 6.4 9.43 9.43 23.6 17.09 34.93 14.0 34.93
26.93 12.08 29.83 9.22 29.83 7.0 12.08 12.08 25.5 8.6 29.15 3.0 25.5 15.56 3.0 5.83 5.83 12.08 11.0 24.04 3.0 29.83 29.0 11.0 29.0 18.25 17.0 5.83 19.31 29.83 7.0 24.04 20.25 20.25 29.15 12.08 0.0 0.0 24.04 12.08 5.83 29.15 12.08 29.0 29.83 12.08 15.56 18.25 26.93 29.15 5.83 24.04 24.04 24.04 12.08 3.0 29.83 5.83 24.04 29.83 20.25 7.0 17.0 24.04 24.04 26.93 20.25 29.83 17.0 26.93 29.83 11.0 26.93 7.0 3.0 3.0 14.32 12.08 29.15 5.83 29.15
26.93 12.08 29.83 9.22 29.83 7.0 12.08 12.08 25.5 8.6 29.15 3.0 25.5 15.56 3.0 5.83 5.83 12.08 11.0 24.04 3.0 29.83 29.0 11.0 29.0 18.25 17.0 5.83 19.31 29.83 7.0 24.04 20.25 20.25 29.15 12.08 0.0 0.0 24.04 12.08 5.83 29.15 12.08 29.0 29.83 12.08 15.56 18.25 26.93 29.15 5.83 24.04 24.04 24.04 12.08 3.0 29.83 5.83 24.04 29.83 20.25 7.0 17.0 24.04 24.04 26.93 20.25 29.83 17.0 26.93 29.83 11.0 26.93 7.0 3.0 3.0 14.32 12.08 29.15 5.83 29.15
7.0 28.28 6.0 17.0 15.23 23.0 12.17 18.44 4.0 28.0 11.66 23.35 4.0 12.65 23.35 29.73 18.44 28.28 13.89 0.0 23.35 15.23 9.22 13.89 9.22 6.4 9.22 29.73 5.0 15.23 23.0 0.0 7.21 7.21 11.66 28.28 24.04 24.04 0.0 12.17 29.73 11.66 28.28 9.22 6.0 12.17 12.65 6.4 7.0 11.66 29.73 0.0 14.0 14.0 18.44 23.35 6.0 18.44 0.0 15.23 7.21 23.0 9.22 0.0 0.0 7.0 7.21 15.23 9.22 7.0 15.23 13.89 7.0 23.0 23.35 23.35 13.45 12.17 7.21 29.73 7.21
15.0 17.09 18.11 5.39 21.63 11.18 0.0 8.49 13.42 16.12 19.7 11.18 13.42 6.0 11.18 17.89 6.32 17.09 5.0 12.17 11.18 21.63 18.68 5.0 18.68 7.28 7.81 17.89 7.28 21.63 11.18 12.17 8.49 8.49 19.7 17.09 12.08 12.08 12.17 0.0 17.89 19.7 17.09 18.68 18.11 0.0 6.0 7.28 15.0 19.7 17.89 12.17 16.97 16.97 8.49 11.18 18.11 6.32 12.17 21.63 8.49 11.18 7.81 12.17 12.17 15.0 8.49 21.63 7.81 15.0 21.63 5.0 15.0 11.18 11.18 11.18 8.54 0.0 18.11 17.89 18.11
32.76 14.0 35.44 14.87 34.23 11.18 17.89 17.2 31.3 10.0 34.0 7.81 31.3 21.26 7.81 0.0 11.66 14.0 16.28 29.73 7.81 34.23 34.13 16.28 34.13 23.77 22.2 0.0 25.08 34.23 11.18 29.73 26.08 26.08 34.0 14.0 5.83 5.83 29.73 17.89 0.0 34.0 14.0 34.13 35.44 17.89 21.26 23.77 32.76 34.0 0.0 29.73 28.28 28.28 17.2 7.81 35.44 11.66 29.73 34.23 26.08 11.18 22.2 29.73 29.73 32.76 26.08 34.23 22.2 32.76 34.23 16.28 32.76 11.18 7.81 7.81 19.0 17.89 34.53 0.0 34.53
18.03 36.77 10.0 25.08 4.0 30.68 19.7 27.78 15.23 35.44 0.0 29.61 15.23 22.8 29.61 34.0 24.74 36.77 18.25 11.66 29.61 4.0 3.0 18.25 3.0 12.53 12.37 34.0 14.87 4.0 30.68 11.66 18.44 18.44 0.0 36.77 29.15 29.15 11.66 19.7 34.0 0.0 36.77 3.0 10.0 19.7 22.8 12.53 18.03 0.0 34.0 11.66 7.21 7.21 27.78 29.61 10.0 24.74 11.66 4.0 18.44 30.68 12.37 11.66 11.66 18.03 18.44 4.0 12.37 18.03 4.0 18.25 18.03 30.68 29.61 29.61 15.0 19.7 6.0 34.0 6.0
28.16 0.0 34.23 11.7 38.47 6.4 17.09 10.0 28.0 4.0 36.77 9.43 28.0 16.0 9.43 14.0 12.81 0.0 19.42 28.28 9.43 38.47 35.74 19.42 35.74 24.35 24.6 14.0 23.35 38.47 6.4 28.28 22.0 22.0 36.77 0.0 12.08 12.08 28.28 17.09 14.0 36.77 0.0 35.74 34.23 17.09 16.0 24.35 28.16 36.77 14.0 28.28 33.29 33.29 10.0 9.43 34.23 12.81 28.28 38.47 22.0 6.4 24.6 28.28 28.28 28.16 22.0 38.47 24.6 28.16 38.47 19.42 28.16 6.4 9.43 9.43 23.6 17.09 34.93 14.0 34.93
15.23 35.74 7.0 24.04 7.0 29.83 18.68 26.4 12.53 34.71 3.0 29.15 12.53 21.1 29.15 34.13 24.19 35.74 18.0 9.22 29.15 7.0 0.0 18.0 0.0 11.4 12.0 34.13 13.04 7.0 29.83 9.22 16.28 16.28 3.0 35.74 29.0 29.0 9.22 18.68 34.13 3.0 35.74 0.0 7.0 18.68 21.1 11.4 15.23 3.0 34.13 9.22 9.22 9.22 26.4 29.15 7.0 24.19 9.22 7.0 16.28 29.83 12.0 9.22 9.22 15.23 16.28 7.0 12.0 15.23 7.0 18.0 15.23 29.83 29.15 29.15 15.3 18.68 3.0 34.13 3.0
9.22 34.23 0.0 23.0 14.0 29.0 18.11 24.33 7.21 34.0 10.0 29.27 7.21 18.44 29.27 35.44 24.33 34.23 19.31 6.0 29.27 14.0 7.0 19.31 7.0 11.7 13.89 35.44 11.0 14.0 29.0 6.0 12.65 12.65 10.0 34.23 29.83 29.83 6.0 18.11 35.44 10.0 34.23 7.0 0.0 18.11 18.44 11.7 9.22 10.0 35.44 6.0 15.23 15.23 24.33 29.27 0.0 24.33 6.0 14.0 12.65 29.0 13.89 6.0 6.0 9.22 12.65 14.0 13.89 9.22 14.0 19.31 9.22 29.0 29.27 29.27 18.03 18.11 4.0 35.44 4.0
15.0 17.09 18.11 5.39 21.63 11.18 0.0 8.49 13.42 16.12 19.7 11.18 13.42 6.0 11.18 17.89 6.32 17.09 5.0 12.17 11.18 21.63 18.68 5.0 18.68 7.28 7.81 17.89 7.28 21.63 11.18 12.17 8.49 8.49 19.7 17.09 12.08 12.08 12.17 0.0 17.89 19.7 17.09 18.68 18.11 0.0 6.0 7.28 15.0 19.7 17.89 12.17 16.97 16.97 8.49 11.18 18.11 6.32 12.17 21.63 8.49 11.18 7.81 12.17 12.17 15.0 8.49 21.63 7.81 15.0 21.63 5.0 15.0 11.18 11.18 11.18 8.54 0.0 18.11 17.89 18.11
12.37 16.0 18.44 6.4 25.46 11.7 6.0 6.0 12.0 16.49 22.8 13.6 12.0 0.0 13.6 21.26 10.0 16.0 11.0 12.65 13.6 25.46 21.1 11.0 21.1 10.63 12.53 21.26 8.06 25.46 11.7 12.65 6.0 6.0 22.8 16.0 15.56 15.56 12.65 6.0 21.26 22.8 16.0 21.1 18.44 6.0 0.0 10.63 12.37 22.8 21.26 12.65 21.63 21.63 6.0 13.6 18.44 10.0 12.65 25.46 6.0 11.7 12.53 12.65 12.65 12.37 6.0 25.46 12.53 12.37 25.46 11.0 12.37 11.7 13.6 13.6 14.32 6.0 19.7 21.26 19.7
12.08 24.35 11.7 12.65 14.87 18.44 7.28 15.26 9.43 23.35 12.53 18.0 9.43 10.63 18.0 23.77 13.0 24.35 7.62 6.4 18.0 14.87 11.4 7.62 11.4 0.0 3.16 23.77 4.0 14.87 18.44 6.4 8.06 8.06 12.53 24.35 18.25 18.25 6.4 7.28 23.77 12.53 24.35 11.4 11.7 7.28 10.63 0.0 12.08 12.53 23.77 6.4 11.18 11.18 15.26 18.0 11.7 13.0 6.4 14.87 8.06 18.44 3.16 6.4 6.4 12.08 8.06 14.87 3.16 12.08 14.87 7.62 12.08 18.44 18.0 18.0 7.21 7.28 11.0 23.77 11.0
0.0 28.16 9.22 18.38 21.84 24.04 15.0 18.25 3.0 28.86 18.03 25.5 3.0 12.37 25.5 32.76 21.1 28.16 18.44 7.0 25.5 21.84 15.23 18.44 15.23 12.08 15.23 32.76 8.6 21.84 24.04 7.0 6.71 6.71 18.03 28.16 26.93 26.93 7.0 15.0 32.76 18.03 28.16 15.23 9.22 15.0 12.37 12.08 0.0 18.03 32.76 7.0 21.0 21.0 18.25 25.5 9.22 21.1 7.0 21.84 6.71 24.04 15.23 7.0 7.0 0.0 6.71 21.84 15.23 0.0 21.84 18.44 0.0 24.04 25.5 25.5 19.24 15.0 12.53 32.76 12.53
18.03 36.77 10.0 25.08 4.0 30.68 19.7 27.78 15.23 35.44 0.0 29.61 15.23 22.8 29.61 34.0 24.74 36.77 18.25 11.66 29.61 4.0 3.0 18.25 3.0 12.53 12.37 34.0 14.87 4.0 30.68 11.66 18.44 18.44 0.0 36.77 29.15 29.15 11.66 19.7 34.0 0.0 36.77 3.0 10.0 19.7 22.8 12.53 18.03 0.0 34.0 11.66 7.21 7.21 27.78 29.61 10.0 24.74 11.66 4.0 18.44 30.68 12.37 11.66 11.66 18.03 18.44 4.0 12.37 18.03 4.0 18.25 18.03 30.68 29.61 29.61 15.0 19.7 6.0 34.0 6.0
32.76 14.0 35.44 14.87 34.23 11.18 17.89 17.2 31.3 10.0 34.0 7.81 31.3 21.26 7.81 0.0 11.66 14.0 16.28 29.73 7.81 34.23 34.13 16.28 34.13 23.77 22.2 0.0 25.08 34.23 11.18 29.73 26.08 26.08 34.0 14.0 5.83 5.83 29.73 17.89 0.0 34.0 14.0 34.13 35.44 17.89 21.26 23.77 32.76 34.0 0.0 29.73 28.28 28.28 17.2 7.81 35.44 11.66 29.73 34.23 26.08 11.18 22.2 29.73 29.73 32.76 26.08 34.23 22.2 32.76 34.23 16.28 32.76 11.18 7.81 7.81 19.0 17.89 34.53 0.0 34.53
7.0 28.28 6.0 17.0 15.23 23.0 12.17 18.44 4.0 28.0 11.66 23.35 4.0 12.65 23.35 29.73 18.44 28.28 13.89 0.0 23.35 15.23 9.22 13.89 9.22 6.4 9.22 29.73 5.0 15.23 23.0 0.0 7.21 7.21 11.66 28.28 24.04 24.04 0.0 12.17 29.73 11.66 28.28 9.22 6.0 12.17 12.65 6.4 7.0 11.66 29.73 0.0 14.0 14.0 18.44 23.35 6.0 18.44 0.0 15.23 7.21 23.0 9.22 0.0 0.0 7.0 7.21 15.23 9.22 7.0 15.23 13.89 7.0 23.0 23.35 23.35 13.45 12.17 7.21 29.73 7.21
21.0 33.29 15.23 22.02 6.0 26.93 16.97 25.46 18.0 31.3 7.21 25.08 18.0 21.63 25.08 28.28 20.59 33.29 13.89 14.0 25.08 6.0 9.22 13.89 9.22 11.18 9.22 28.28 14.87 6.0 26.93 14.0 18.97 18.97 7.21 33.29 24.04 24.04 14.0 16.97 28.28 7.21 33.29 9.22 15.23 16.97 21.63 11.18 21.0 7.21 28.28 14.0 0.0 0.0 25.46 25.08 15.23 20.59 14.0 6.0 18.97 26.93 9.22 14.0 14.0 21.0 18.97 6.0 9.22 21.0 6.0 13.89 21.0 26.93 25.08 25.08 9.85 16.97 11.66 28.28 11.66
21.0 33.29 15.23 22.02 6.0 26.93 16.97 25.46 18.0 31.3 7.21 25.08 18.0 21.63 25.08 28.28 20.59 33.29 13.89 14.0 25.08 6.0 9.22 13.89 9.22 11.18 9.22 28.28 14.87 6.0 26.93 14.0 18.97 18.97 7.21 33.29 24.04 24.04 14.0 16.97 28.28 7.21 33.29 9.22 15.23 16.97 21.63 11.18 21.0 7.21 28.28 14.0 0.0 0.0 25.46 25.08 15.23 20.59 14.0 6.0 18.97 26.93 9.22 14.0 14.0 21.0 18.97 6.0 9.22 21.0 6.0 13.89 21.0 26.93 25.08 25.08 9.85 16.97 11.66 28.28 11.66
18.25 10.0 24.33 4.12 30.0 6.4 8.49 0.0 18.0 10.77 27.78 9.43 18.0 6.0 9.43 17.2 8.0 10.0 12.53 18.44 9.43 30.0 26.4 12.53 26.4 15.26 16.28 17.2 13.6 30.0 6.4 18.44 12.0 12.0 27.78 10.0 12.08 12.08 18.44 8.49 17.2 27.78 10.0 26.4 24.33 8.49 6.0 15.26 18.25 27.78 17.2 18.44 25.46 25.46 0.0 9.43 24.33 8.0 18.44 30.0 12.0 6.4 16.28 18.44 18.44 18.25 12.0 30.0 16.28 18.25 30.0 12.53 18.25 6.4 9.43 9.43 16.64 8.49 25.3 17.2 25.3
25.5 9.43 29.27 7.21 30.68 4.0 11.18 9.43 24.35 6.4 29.61 0.0 24.35 13.6 0.0 7.81 5.0 9.43 11.4 23.35 0.0 30.68 29.15 11.4 29.15 18.0 17.26 7.81 18.44 30.68 4.0 23.35 18.79 18.79 29.61 9.43 3.0 3.0 23.35 11.18 7.81 29.61 9.43 29.15 29.27 11.18 13.6 18.0 25.5 29.61 7.81 23.35 25.08 25.08 9.43 0.0 29.27 5.0 23.35 30.68 18.79 4.0 17.26 23.35 23.35 25.5 18.79 30.68 17.26 25.5 30.68 11.4 25.5 4.0 0.0 0.0 15.23 11.18 29.0 7.81 29.0
9.22 34.23 0.0 23.0 14.0 29.0 18.11 24.33 7.21 34.0 10.0 29.27 7.21 18.44 29.27 35.44 24.33 34.23 19.31 6.0 29.27 14.0 7.0 19.31 7.0 11.7 13.89 35.44 11.0 14.0 29.0 6.0 12.65 12.65 10.0 34.23 29.83 29.83 6.0 18.11 35.44 10.0 34.23 7.0 0.0 18.11 18.44 11.7 9.22 10.0 35.44 6.0 15.23 15.23 24.33 29.27 0.0 24.33 6.0 14.0 12.65 29.0 13.89 6.0 6.0 9.22 12.65 14.0 13.89 9.22 14.0 19.31 9.22 29.0 29.27 29.27 18.03 18.11 4.0 35.44 4.0
21.1 12.81 24.33 4.12 26.0 6.4 6.32 8.0 19.7 10.77 24.74 5.0 19.7 10.0 5.0 11.66 0.0 12.81 6.71 18.44 5.0 26.0 24.19 6.71 24.19 13.0 12.37 11.66 13.6 26.0 6.4 18.44 14.42 14.42 24.74 12.81 5.83 5.83 18.44 6.32 11.66 24.74 12.81 24.19 24.33 6.32 10.0 13.0 21.1 24.74 11.66 18.44 20.59 20.59 8.0 5.0 24.33 0.0 18.44 26.0 14.42 6.4 12.37 18.44 18.44 21.1 14.42 26.0 12.37 21.1 26.0 6.71 21.1 6.4 5.0 5.0 10.82 6.32 24.0 11.66 24.0
7.0 28.28 6.0 17.0 15.23 23.0 12.17 18.44 4.0 28.0 11.66 23.35 4.0 12.65 23.35 29.73 18.44 28.28 13.89 0.0 23.35 15.23 9.22 13.89 9.22 6.4 9.22 29.73 5.0 15.23 23.0 0.0 7.21 7.21 11.66 28.28 24.04 24.04 0.0 12.17 29.73 11.66 28.28 9.22 6.0 12.17 12.65 6.4 7.0 11.66 29.73 0.0 14.0 14.0 18.44 23.35 6.0 18.44 0.0 15.23 7.21 23.0 9.22 0.0 0.0 7.0 7.21 15.23 9.22 7.0 15.23 13.89 7.0 23.0 23.35 23.35 13.45 12.17 7.21 29.73 7.21
21.84 38.47 14.0 26.93 0.0 32.2 21.63 30.0 18.97 36.77 4.0 30.68 18.97 25.46 30.68 34.23 26.0 38.47 19.31 15.23 30.68 0.0 7.0 19.31 7.0 14.87 13.89 34.23 17.8 0.0 32.2 15.23 21.63 21.63 4.0 38.47 29.83 29.83 15.23 21.63 34.23 4.0 38.47 7.0 14.0 21.63 25.46 14.87 21.84 4.0 34.23 15.23 6.0 6.0 30.0 30.68 14.0 26.0 15.23 0.0 21.63 32.2 13.89 15.23 15.23 21.84 21.63 0.0 13.89 21.84 0.0 19.31 21.84 32.2 30.68 30.68 15.52 21.63 10.0 34.23 10.0
6.71 22.0 12.65 11.7 21.63 17.46 8.49 12.0 6.0 22.36 18.44 18.79 6.0 6.0 18.79 26.08 14.42 22.0 12.53 7.21 18.79 21.63 16.28 12.53 16.28 8.06 11.0 26.08 4.12 21.63 17.46 7.21 0.0 0.0 18.44 22.0 20.25 20.25 7.21 8.49 26.08 18.44 22.0 16.28 12.65 8.49 6.0 8.06 6.71 18.44 26.08 7.21 18.97 18.97 12.0 18.79 12.65 14.42 7.21 21.63 0.0 17.46 11.0 7.21 7.21 6.71 0.0 21.63 11.0 6.71 21.63 12.53 6.71 17.46 18.79 18.79 14.32 8.49 14.42 26.08 14.42
24.04 6.4 29.0 6.0 32.2 0.0 11.18 6.4 23.35 5.0 30.68 4.0 23.35 11.7 4.0 11.18 6.4 6.4 13.04 23.0 4.0 32.2 29.83 13.04 29.83 18.44 18.38 11.18 18.0 32.2 0.0 23.0 17.46 17.46 30.68 6.4 7.0 7.0 23.0 11.18 11.18 30.68 6.4 29.83 29.0 11.18 11.7 18.44 24.04 30.68 11.18 23.0 26.93 26.93 6.4 4.0 29.0 6.4 23.0 32.2 17.46 0.0 18.38 23.0 23.0 24.04 17.46 32.2 18.38 24.04 32.2 13.04 24.04 0.0 4.0 4.0 17.2 11.18 29.27 11.18 29.27
15.23 24.6 13.89 13.04 13.89 18.38 7.81 16.28 12.53 23.09 12.37 17.26 12.53 12.53 17.26 22.2 12.37 24.6 6.0 9.22 17.26 13.89 12.0 6.0 12.0 3.16 0.0 22.2 7.07 13.89 18.38 9.22 11.0 11.0 12.37 24.6 17.0 17.0 9.22 7.81 22.2 12.37 24.6 12.0 13.89 7.81 12.53 3.16 15.23 12.37 22.2 9.22 9.22 9.22 16.28 17.26 13.89 12.37 9.22 13.89 11.0 18.38 0.0 9.22 9.22 15.23 11.0 13.89 0.0 15.23 13.89 6.0 15.23 18.38 17.26 17.26 4.24 7.81 12.37 22.2 12.37
7.0 28.28 6.0 17.0 15.23 23.0 12.17 18.44 4.0 28.0 11.66 23.35 4.0 12.65 23.35 29.73 18.44 28.28 13.89 0.0 23.35 15.23 9.22 13.89 9.22 6.4 9.22 29.73 5.0 15.23 23.0 0.0 7.21 7.21 11.66 28.28 24.04 24.04 0.0 12.17 29.73 11.66 28.28 9.22 6.0 12.17 12.65 6.4 7.0 11.66 29.73 0.0 14.0 14.0 18.44 23.35 6.0 18.44 0.0 15.23 7.21 23.0 9.22 0.0 0.0 7.0 7.21 15.23 9.22 7.0 15.23 13.89 7.0 23.0 23.35 23.35 13.45 12.17 7.21 29.73 7.21
7.0 28.28 6.0 17.0 15.23 23.0 12.17 18.44 4.0 28.0 11.66 23.35 4.0 12.65 23.35 29.73 18.44 28.28 13.89 0.0 23.35 15.23 9.22 13.89 9.22 6.4 9.22 29.73 5.0 15.23 23.0 0.0 7.21 7.21 11.66 28.28 24.04 24.04 0.0 12.17 29.73 11.66 28.28 9.22 6.0 12.17 12.65 6.4 7.0 11.66 29.73 0.0 14.0 14.0 18.44 23.35 6.0 18.44 0.0 15.23 7.21 23.0 9.22 0.0 0.0 7.0 7.21 15.23 9.22 7.0 15.23 13.89 7.0 23.0 23.35 23.35 13.45 12.17 7.21 29.73 7.21
0.0 28.16 9.22 18.38 21.84 24.04 15.0 18.25 3.0 28.86 18.03 25.5 3.0 12.37 25.5 32.76 21.1 28.16 18.44 7.0 25.5 21.84 15.23 18.44 15.23 12.08 15.23 32.76 8.6 21.84 24.04 7.0 6.71 6.71 18.03 28.16 26.93 26.93 7.0 15.0 32.76 18.03 28.16 15.23 9.22 15.0 12.37 12.08 0.0 18.03 32.76 7.0 21.0 21.0 18.25 25.5 9.22 21.1 7.0 21.84 6.71 24.04 15.23 7.0 7.0 0.0 6.71 21.84 15.23 0.0 21.84 18.44 0.0 24.04 25.5 25.5 19.24 15.0 12.53 32.76 12.53
6.71 22.0 12.65 11.7 21.63 17.46 8.49 12.0 6.0 22.36 18.44 18.79 6.0 6.0 18.79 26.08 14.42 22.0 12.53 7.21 18.79 21.63 16.28 12.53 16.28 8.06 11.0 26.08 4.12 21.63 17.46 7.21 0.0 0.0 18.44 22.0 20.25 20.25 7.21 8.49 26.08 18.44 22.0 16.28 12.65 8.49 6.0 8.06 6.71 18.44 26.08 7.21 18.97 18.97 12.0 18.79 12.65 14.42 7.21 21.63 0.0 17.46 11.0 7.21 7.21 6.71 0.0 21.63 11.0 6.71 21.63 12.53 6.71 17.46 18.79 18.79 14.32 8.49 14.42 26.08 14.42
21.84 38.47 14.0 26.93 0.0 32.2 21.63 30.0 18.97 36.77 4.0 30.68 18.97 25.46 30.68 34.23 26.0 38.47 19.31 15.23 30.68 0.0 7.0 19.31 7.0 14.87 13.89 34.23 17.8 0.0 32.2 15.23 21.63 21.63 4.0 38.47 29.83 29.83 15.23 21.63 34.23 4.0 38.47 7.0 14.0 21.63 25.46 14.87 21.84 4.0 34.23 15.23 6.0 6.0 30.0 30.68 14.0 26.0 15.23 0.0 21.63 32.2 13.89 15.23 15.23 21.84 21.63 0.0 13.89 21.84 0.0 19.31 21.84 32.2 30.68 30.68 15.52 21.63 10.0 34.23 10.0
15.23 24.6 13.89 13.04 13.89 18.38 7.81 16.28 12.53 23.09 12.37 17.26 12.53 12.53 17.26 22.2 12.37 24.6 6.0 9.22 17.26 13.89 12.0 6.0 12.0 3.16 0.0 22.2 7.07 13.89 18.38 9.22 11.0 11.0 12.37 24.6 17.0 17.0 9.22 7.81 22.2 12.37 24.6 12.0 13.89 7.81 12.53 3.16 15.23 12.37 22.2 9.22 9.22 9.22 16.28 17.26 13.89 12.37 9.22 13.89 11.0 18.38 0.0 9.22 9.22 15.23 11.0 13.89 0.0 15.23 13.89 6.0 15.23 18.38 17.26 17.26 4.24 7.81 12.37 22.2 12.37
0.0 28.16 9.22 18.38 21.84 24.04 15.0 18.25 3.0 28.86 18.03 25.5 3.0 12.37 25.5 32.76 21.1 28.16 18.44 7.0 25.5 21.84 15.23 18.44 15.23 12.08 15.23 32.76 8.6 21.84 24.04 7.0 6.71 6.71 18.03 28.16 26.93 26.93 7.0 15.0 32.76 18.03 28.16 15.23 9.22 15.0 12.37 12.08 0.0 18.03 32.76 7.0 21.0 21.0 18.25 25.5 9.22 21.1 7.0 21.84 6.71 24.04 15.23 7.0 7.0 0.0 6.71 21.84 15.23 0.0 21.84 18.44 0.0 24.04 25.5 25.5 19.24 15.0 12.53 32.76 12.53
21.84 38.47 14.0 26.93 0.0 32.2 21.63 30.0 18.97 36.77 4.0 30.68 18.97 25.46 30.68 34.23 26.0 38.47 19.31 15.23 30.68 0.0 7.0 19.31 7.0 14.87 13.89 34.23 17.8 0.0 32.2 15.23 21.63 21.63 4.0 38.47 29.83 29.83 15.23 21.63 34.23 4.0 38.47 7.0 14.0 21.63 25.46 14.87 21.84 4.0 34.23 15.23 6.0 6.0 30.0 30.68 14.0 26.0 15.23 0.0 21.63 32.2 13.89 15.23 15.23 21.84 21.63 0.0 13.89 21.84 0.0 19.31 21.84 32.2 30.68 30.68 15.52 21.63 10.0 34.23 10.0
18.44 19.42 19.31 8.6 19.31 13.04 5.0 12.53 16.28 17.46 18.25 11.4 16.28 11.0 11.4 16.28 6.71 19.42 0.0 13.89 11.4 19.31 18.0 0.0 18.0 7.62 6.0 16.28 9.9 19.31 13.04 13.89 12.53 12.53 18.25 19.42 11.0 11.0 13.89 5.0 16.28 18.25 19.42 18.0 19.31 5.0 11.0 7.62 18.44 18.25 16.28 13.89 13.89 13.89 12.53 11.4 19.31 6.71 13.89 19.31 12.53 13.04 6.0 13.89 13.89 18.44 12.53 19.31 6.0 18.44 19.31 0.0 18.44 13.04 11.4 11.4 4.24 5.0 18.25 16.28 18.25
0.0 28.16 9.22 18.38 21.84 24.04 15.0 18.25 3.0 28.86 18.03 25.5 3.0 12.37 25.5 32.76 21.1 28.16 18.44 7.0 25.5 21.84 15.23 18.44 15.23 12.08 15.23 32.76 8.6 21.84 24.04 7.0 6.71 6.71 18.03 28.16 26.93 26.93 7.0 15.0 32.76 18.03 28.16 15.23 9.22 15.0 12.37 12.08 0.0 18.03 32.76 7.0 21.0 21.0 18.25 25.5 9.22 21.1 7.0 21.84 6.71 24.04 15.23 7.0 7.0 0.0 6.71 21.84 15.23 0.0 21.84 18.44 0.0 24.04 25.5 25.5 19.24 15.0 12.53 32.76 12.53
24.04 6.4 29.0 6.0 32.2 0.0 11.18 6.4 23.35 5.0 30.68 4.0 23.35 11.7 4.0 11.18 6.4 6.4 13.04 23.0 4.0 32.2 29.83 13.04 29.83 18.44 18.38 11.18 18.0 32.2 0.0 23.0 17.46 17.46 30.68 6.4 7.0 7.0 23.0 11.18 11.18 30.68 6.4 29.83 29.0 11.18 11.7 18.44 24.04 30.68 11.18 23.0 26.93 26.93 6.4 4.0 29.0 6.4 23.0 32.2 17.46 0.0 18.38 23.0 23.0 24.04 17.46 32.2 18.38 24.04 32.2 13.04 24.04 0.0 4.0 4.0 17.2 11.18 29.27 11.18 29.27
25.5 9.43 29.27 7.21 30.68 4.0 11.18 9.43 24.35 6.4 29.61 0.0 24.35 13.6 0.0 7.81 5.0 9.43 11.4 23.35 0.0 30.68 29.15 11.4 29.15 18.0 17.26 7.81 18.44 30.68 4.0 23.35 18.79 18.79 29.61 9.43 3.0 3.0 23.35 11.18 7.81 29.61 9.43 29.15 29.27 11.18 13.6 18.0 25.5 29.61 7.81 23.35 25.08 25.08 9.43 0.0 29.27 5.0 23.35 30.68 18.79 4.0 17.26 23.35 23.35 25.5 18.79 30.68 17.26 25.5 30.68 11.4 25.5 4.0 0.0 0.0 15.23 11.18 29.0 7.81 29.0
25.5 9.43 29.27 7.21 30.68 4.0 11.18 9.43 24.35 6.4 29.61 0.0 24.35 13.6 0.0 7.81 5.0 9.43 11.4 23.35 0.0 30.68 29.15 11.4 29.15 18.0 17.26 7.81 18.44 30.68 4.0 23.35 18.79 18.79 29.61 9.43 3.0 3.0 23.35 11.18 7.81 29.61 9.43 29.15 29.27 11.18 13.6 18.0 25.5 29.61 7.81 23.35 25.08 25.08 9.43 0.0 29.27 5.0 23.35 30.68 18.79 4.0 17.26 23.35 23.35 25.5 18.79 30.68 17.26 25.5 30.68 11.4 25.5 4.0 0.0 0.0 15.23 11.18 29.0 7.81 29.0
19.24 23.6 18.03 12.81 15.52 17.2 8.54 16.64 16.64 21.47 15.0 15.23 16.64 14.32 15.23 19.0 10.82 23.6 4.24 13.45 15.23 15.52 15.3 4.24 15.3 7.21 4.24 19.0 10.77 15.52 17.2 13.45 14.32 14.32 15.0 23.6 14.32 14.32 13.45 8.54 19.0 15.0 23.6 15.3 18.03 8.54 14.32 7.21 19.24 15.0 19.0 13.45 9.85 9.85 16.64 15.23 18.03 10.82 13.45 15.52 14.32 17.2 4.24 13.45 13.45 19.24 14.32 15.52 4.24 19.24 15.52 4.24 19.24 17.2 15.23 15.23 0.0 8.54 16.16 19.0 16.16
15.0 17.09 18.11 5.39 21.63 11.18 0.0 8.49 13.42 16.12 19.7 11.18 13.42 6.0 11.18 17.89 6.32 17.09 5.0 12.17 11.18 21.63 18.68 5.0 18.68 7.28 7.81 17.89 7.28 21.63 11.18 12.17 8.49 8.49 19.7 17.09 12.08 12.08 12.17 0.0 17.89 19.7 17.09 18.68 18.11 0.0 6.0 7.28 15.0 19.7 17.89 12.17 16.97 16.97 8.49 11.18 18.11 6.32 12.17 21.63 8.49 11.18 7.81 12.17 12.17 15.0 8.49 21.63 7.81 15.0 21.63 5.0 15.0 11.18 11.18 11.18 8.54 0.0 18.11 17.89 18.11
12.53 34.93 4.0 23.35 10.0 29.27 18.11 25.3 10.0 34.23 6.0 29.0 10.0 19.7 29.0 34.53 24.0 34.93 18.25 7.21 29.0 10.0 3.0 18.25 3.0 11.0 12.37 34.53 11.7 10.0 29.27 7.21 14.42 14.42 6.0 34.93 29.15 29.15 7.21 18.11 34.53 6.0 34.93 3.0 4.0 18.11 19.7 11.0 12.53 6.0 34.53 7.21 11.66 11.66 25.3 29.0 4.0 24.0 7.21 10.0 14.42 29.27 12.37 7.21 7.21 12.53 14.42 10.0 12.37 12.53 10.0 18.25 12.53 29.27 29.0 29.0 16.16 18.11 0.0 34.53 0.0
32.76 14.0 35.44 14.87 34.23 11.18 17.89 17.2 31.3 10.0 34.0 7.81 31.3 21.26 7.81 0.0 11.66 14.0 16.28 29.73 7.81 34.23 34.13 16.28 34.13 23.77 22.2 0.0 25.08 34.23 11.18 29.73 26.08 26.08 34.0 14.0 5.83 5.83 29.73 17.89 0.0 34.0 14.0 34.13 35.44 17.89 21.26 23.77 32.76 34.0 0.0 29.73 28.28 28.28 17.2 7.81 35.44 11.66 29.73 34.23 26.08 11.18 22.2 29.73 29.73 32.76 26.08 34.23 22.2 32.76 34.23 16.28 32.76 11.18 7.81 7.81 19.0 17.89 34.53 0.0 34.53
12.53 34.93 4.0 23.35 10.0 29.27 18.11 25.3 10.0 34.23 6.0 29.0 10.0 19.7 29.0 34.53 24.0 34.93 18.25 7.21 29.0 10.0 3.0 18.25 3.0 11.0 12.37 34.53 11.7 10.0 29.27 7.21 14.42 14.42 6.0 34.93 29.15 29.15 7.21 18.11 34.53 6.0 34.93 3.0 4.0 18.11 19.7 11.0 12.53 6.0 34.53 7.21 11.66 11.66 25.3 29.0 4.0 24.0 7.21 10.0 14.42 29.27 12.37 7.21 7.21 12.53 14.42 10.0 12.37 12.53 10.0 18.25 12.53 29.27 29.0 29.0 16.16 18.11 0.0 34.53 0.0
