0.0 12.37 32.76 8.6 21.84 7.0 6.71 21.84 21.0 21.84 15.23 3.0 24.04 12.53 15.23 12.37 12.37 19.24 18.25 21.0 7.0 18.38 12.37 25.5 12.08 26.93 18.25 21.84 18.44 6.71 32.76 21.0 8.6 19.24 3.0 28.16 3.0 9.22 8.6 18.25 28.16 28.16 3.0 0.0 12.08 18.25 9.22 21.84 15.0 26.93 0.0 12.08 15.23 21.1 8.6 18.25 21.84 0.0 12.53 28.16 28.86
12.37 0.0 21.26 8.06 25.46 12.65 6.0 25.46 21.63 25.46 21.1 12.0 11.7 19.7 21.1 0.0 0.0 14.32 6.0 21.63 12.65 6.4 0.0 13.6 10.63 15.56 6.0 25.46 11.0 6.0 21.26 21.63 8.06 14.32 12.0 16.0 12.0 18.44 8.06 6.0 16.0 16.0 12.0 12.37 10.63 6.0 18.44 25.46 6.0 15.56 12.37 10.63 12.53 10.0 8.06 6.0 25.46 12.37 19.7 16.0 16.49
32.76 21.26 0.0 25.08 34.23 29.73 26.08 34.23 28.28 34.23 34.13 31.3 11.18 34.53 34.13 21.26 21.26 19.0 17.2 28.28 29.73 14.87 21.26 7.81 23.77 5.83 17.2 34.23 16.28 26.08 0.0 28.28 25.08 19.0 31.3 14.0 31.3 35.44 25.08 17.2 14.0 14.0 31.3 32.76 23.77 17.2 35.44 34.23 17.89 5.83 32.76 23.77 22.2 11.66 25.08 17.2 34.23 32.76 34.53 14.0 10.0
8.6 8.06 25.08 0.0 17.8 5.0 4.12 17.8 14.87 17.8 13.04 6.4 18.0 11.7 13.04 8.06 8.06 10.77 13.6 14.87 5.0 12.0 8.06 18.44 4.0 19.31 13.6 17.8 9.9 4.12 25.08 14.87 0.0 10.77 6.4 23.35 6.4 11.0 0.0 13.6 23.35 23.35 6.4 8.6 4.0 13.6 11.0 17.8 7.28 19.31 8.6 4.0 7.07 13.6 0.0 13.6 17.8 8.6 11.7 23.35 23.0
21.84 25.46 34.23 17.8 0.0 15.23 21.63 0.0 6.0 0.0 7.0 18.97 32.2 10.0 7.0 25.46 25.46 15.52 30.0 6.0 15.23 26.93 25.46 30.68 14.87 29.83 30.0 0.0 19.31 21.63 34.23 6.0 17.8 15.52 18.97 38.47 18.97 14.0 17.8 30.0 38.47 38.47 18.97 21.84 14.87 30.0 14.0 0.0 21.63 29.83 21.84 14.87 13.89 26.0 17.8 30.0 0.0 21.84 10.0 38.47 36.77
7.0 12.65 29.73 5.0 15.23 0.0 7.21 15.23 14.0 15.23 9.22 4.0 23.0 7.21 9.22 12.65 12.65 13.45 18.44 14.0 0.0 17.0 12.65 23.35 6.4 24.04 18.44 15.23 13.89 7.21 29.73 14.0 5.0 13.45 4.0 28.28 4.0 6.0 5.0 18.44 28.28 28.28 4.0 7.0 6.4 18.44 6.0 15.23 12.17 24.04 7.0 6.4 9.22 18.44 5.0 18.44 15.23 7.0 7.21 28.28 28.0
6.71 6.0 26.08 4.12 21.63 7.21 0.0 21.63 18.97 21.63 16.28 6.0 17.46 14.42 16.28 6.0 6.0 14.32 12.0 18.97 7.21 11.7 6.0 18.79 8.06 20.25 12.0 21.63 12.53 0.0 26.08 18.97 4.12 14.32 6.0 22.0 6.0 12.65 4.12 12.0 22.0 22.0 6.0 6.71 8.06 12.0 12.65 21.63 8.49 20.25 6.71 8.06 11.0 14.42 4.12 12.0 21.63 6.71 14.42 22.0 22.36
21.84 25.46 34.23 17.8 0.0 15.23 21.63 0.0 6.0 0.0 7.0 18.97 32.2 10.0 7.0 25.46 25.46 15.52 30.0 6.0 15.23 26.93 25.46 30.68 14.87 29.83 30.0 0.0 19.31 21.63 34.23 6.0 17.8 15.52 18.97 38.47 18.97 14.0 17.8 30.0 38.47 38.47 18.97 21.84 14.87 30.0 14.0 0.0 21.63 29.83 21.84 14.87 13.89 26.0 17.8 30.0 0.0 21.84 10.0 38.47 36.77
21.0 21.63 28.28 14.87 6.0 14.0 18.97 6.0 0.0 6.0 9.22 18.0 26.93 11.66 9.22 21.63 21.63 9.85 25.46 0.0 14.0 22.02 21.63 25.08 11.18 24.04 25.46 6.0 13.89 18.97 28.28 0.0 14.87 9.85 18.0 33.29 18.0 15.23 14.87 25.46 33.29 33.29 18.0 21.0 11.18 25.46 15.23 6.0 16.97 24.04 21.0 11.18 9.22 20.59 14.87 25.46 6.0 21.0 11.66 33.29 31.3
21.84 25.46 34.23 17.8 0.0 15.23 21.63 0.0 6.0 0.0 7.0 18.97 32.2 10.0 7.0 25.46 25.46 15.52 30.0 6.0 15.23 26.93 25.46 30.68 14.87 29.83 30.0 0.0 19.31 21.63 34.23 6.0 17.8 15.52 18.97 38.47 18.97 14.0 17.8 30.0 38.47 38.47 18.97 21.84 14.87 30.0 14.0 0.0 21.63 29.83 21.84 14.87 13.89 26.0 17.8 30.0 0.0 21.84 10.0 38.47 36.77
15.23 21.1 34.13 13.04 7.0 9.22 16.28 7.0 9.22 7.0 0.0 12.53 29.83 3.0 0.0 21.1 21.1 15.3 26.4 9.22 9.22 24.04 21.1 29.15 11.4 29.0 26.4 7.0 18.0 16.28 34.13 9.22 13.04 15.3 12.53 35.74 12.53 7.0 13.04 26.4 35.74 35.74 12.53 15.23 11.4 26.4 7.0 7.0 18.68 29.0 15.23 11.4 12.0 24.19 13.04 26.4 7.0 15.23 3.0 35.74 34.71
3.0 12.0 31.3 6.4 18.97 4.0 6.0 18.97 18.0 18.97 12.53 0.0 23.35 10.0 12.53 12.0 12.0 16.64 18.0 18.0 4.0 17.46 12.0 24.35 9.43 25.5 18.0 18.97 16.28 6.0 31.3 18.0 6.4 16.64 0.0 28.0 0.0 7.21 6.4 18.0 28.0 28.0 0.0 3.0 9.43 18.0 7.21 18.97 13.42 25.5 3.0 9.43 12.53 19.7 6.4 18.0 18.97 3.0 10.0 28.0 28.28
24.04 11.7 11.18 18.0 32.2 23.0 17.46 32.2 26.93 32.2 29.83 23.35 0.0 29.27 29.83 11.7 11.7 17.2 6.4 26.93 23.0 6.0 11.7 4.0 18.44 7.0 6.4 32.2 13.04 17.46 11.18 26.93 18.0 17.2 23.35 6.4 23.35 29.0 18.0 6.4 6.4 6.4 23.35 24.04 18.44 6.4 29.0 32.2 11.18 7.0 24.04 18.44 18.38 6.4 18.0 6.4 32.2 24.04 29.27 6.4 5.0
12.53 19.7 34.53 11.7 10.0 7.21 14.42 10.0 11.66 10.0 3.0 10.0 29.27 0.0 3.0 19.7 19.7 16.16 25.3 11.66 7.21 23.35 19.7 29.0 11.0 29.15 25.3 10.0 18.25 14.42 34.53 11.66 11.7 16.16 10.0 34.93 10.0 4.0 11.7 25.3 34.93 34.93 10.0 12.53 11.0 25.3 4.0 10.0 18.11 29.15 12.53 11.0 12.37 24.0 11.7 25.3 10.0 12.53 0.0 34.93 34.23
15.23 21.1 34.13 13.04 7.0 9.22 16.28 7.0 9.22 7.0 0.0 12.53 29.83 3.0 0.0 21.1 21.1 15.3 26.4 9.22 9.22 24.04 21.1 29.15 11.4 29.0 26.4 7.0 18.0 16.28 34.13 9.22 13.04 15.3 12.53 35.74 12.53 7.0 13.04 26.4 35.74 35.74 12.53 15.23 11.4 26.4 7.0 7.0 18.68 29.0 15.23 11.4 12.0 24.19 13.04 26.4 7.0 15.23 3.0 35.74 34.71
12.37 0.0 21.26 8.06 25.46 12.65 6.0 25.46 21.63 25.46 21.1 12.0 11.7 19.7 21.1 0.0 0.0 14.32 6.0 21.63 12.65 6.4 0.0 13.6 10.63 15.56 6.0 25.46 11.0 6.0 21.26 21.63 8.06 14.32 12.0 16.0 12.0 18.44 8.06 6.0 16.0 16.0 12.0 12.37 10.63 6.0 18.44 25.46 6.0 15.56 12.37 10.63 12.53 10.0 8.06 6.0 25.46 12.37 19.7 16.0 16.49
12.37 0.0 21.26 8.06 25.46 12.65 6.0 25.46 21.63 25.46 21.1 12.0 11.7 19.7 21.1 0.0 0.0 14.32 6.0 21.63 12.65 6.4 0.0 13.6 10.63 15.56 6.0 25.46 11.0 6.0 21.26 21.63 8.06 14.32 12.0 16.0 12.0 18.44 8.06 6.0 16.0 16.0 12.0 12.37 10.63 6.0 18.44 25.46 6.0 15.56 12.37 10.63 12.53 10.0 8.06 6.0 25.46 12.37 19.7 16.0 16.49
19.24 14.32 19.0 10.77 15.52 13.45 14.32 15.52 9.85 15.52 15.3 16.64 17.2 16.16 15.3 14.32 14.32 0.0 16.64 9.85 13.45 12.81 14.32 15.23 7.21 14.32 16.64 15.52 4.24 14.32 19.0 9.85 10.77 0.0 16.64 23.6 16.64 18.03 10.77 16.64 23.6 23.6 16.64 19.24 7.21 16.64 18.03 15.52 8.54 14.32 19.24 7.21 4.24 10.82 10.77 16.64 15.52 19.24 16.16 23.6 21.47
18.25 6.0 17.2 13.6 30.0 18.44 12.0 30.0 25.46 30.0 26.4 18.0 6.4 25.3 26.4 6.0 6.0 16.64 0.0 25.46 18.44 4.12 6.0 9.43 15.26 12.08 0.0 30.0 12.53 12.0 17.2 25.46 13.6 16.64 18.0 10.0 18.0 24.33 13.6 0.0 10.0 10.0 18.0 18.25 15.26 0.0 24.33 30.0 8.49 12.08 18.25 15.26 16.28 8.0 13.6 0.0 30.0 18.25 25.3 10.0 10.77
21.0 21.63 28.28 14.87 6.0 14.0 18.97 6.0 0.0 6.0 9.22 18.0 26.93 11.66 9.22 21.63 21.63 9.85 25.46 0.0 14.0 22.02 21.63 25.08 11.18 24.04 25.46 6.0 13.89 18.97 28.28 0.0 14.87 9.85 18.0 33.29 18.0 15.23 14.87 25.46 33.29 33.29 18.0 21.0 11.18 25.46 15.23 6.0 16.97 24.04 21.0 11.18 9.22 20.59 14.87 25.46 6.0 21.0 11.66 33.29 31.3
7.0 12.65 29.73 5.0 15.23 0.0 7.21 15.23 14.0 15.23 9.22 4.0 23.0 7.21 9.22 12.65 12.65 13.45 18.44 14.0 0.0 17.0 12.65 23.35 6.4 24.04 18.44 15.23 13.89 7.21 29.73 14.0 5.0 13.45 4.0 28.28 4.0 6.0 5.0 18.44 28.28 28.28 4.0 7.0 6.4 18.44 6.0 15.23 12.17 24.04 7.0 6.4 9.22 18.44 5.0 18.44 15.23 7.0 7.21 28.28 28.0
18.38 6.4 14.87 12.0 26.93 17.0 11.7 26.93 22.02 26.93 24.04 17.46 6.0 23.35 24.04 6.4 6.4 12.81 4.12 22.02 17.0 0.0 6.4 7.21 12.65 9.22 4.12 26.93 8.6 11.7 14.87 22.02 12.0 12.81 17.46 11.7 17.46 23.0 12.0 4.12 11.7 11.7 17.46 18.38 12.65 4.12 23.0 26.93 5.39 9.22 18.38 12.65 13.04 4.12 12.0 4.12 26.93 18.38 23.35 11.7 11.0
12.37 0.0 21.26 8.06 25.46 12.65 6.0 25.46 21.63 25.46 21.1 12.0 11.7 19.7 21.1 0.0 0.0 14.32 6.0 21.63 12.65 6.4 0.0 13.6 10.63 15.56 6.0 25.46 11.0 6.0 21.26 21.63 8.06 14.32 12.0 16.0 12.0 18.44 8.06 6.0 16.0 16.0 12.0 12.37 10.63 6.0 18.44 25.46 6.0 15.56 12.37 10.63 12.53 10.0 8.06 6.0 25.46 12.37 19.7 16.0 16.49
25.5 13.6 7.81 18.44 30.68 23.35 18.79 30.68 25.08 30.68 29.15 24.35 4.0 29.0 29.15 13.6 13.6 15.23 9.43 25.08 23.35 7.21 13.6 0.0 18.0 3.0 9.43 30.68 11.4 18.79 7.81 25.08 18.44 15.23 24.35 9.43 24.35 29.27 18.44 9.43 9.43 9.43 24.35 25.5 18.0 9.43 29.27 30.68 11.18 3.0 25.5 18.0 17.26 5.0 18.44 9.43 30.68 25.5 29.0 9.43 6.4
12.08 10.63 23.77 4.0 14.87 6.4 8.06 14.87 11.18 14.87 11.4 9.43 18.44 11.0 11.4 10.63 10.63 7.21 15.26 11.18 6.4 12.65 10.63 18.0 0.0 18.25 15.26 14.87 7.62 8.06 23.77 11.18 4.0 7.21 9.43 24.35 9.43 11.7 4.0 15.26 24.35 24.35 9.43 12.08 0.0 15.26 11.7 14.87 7.28 18.25 12.08 0.0 3.16 13.0 4.0 15.26 14.87 12.08 11.0 24.35 23.35
26.93 15.56 5.83 19.31 29.83 24.04 20.25 29.83 24.04 29.83 29.0 25.5 7.0 29.15 29.0 15.56 15.56 14.32 12.08 24.04 24.04 9.22 15.56 3.0 18.25 0.0 12.08 29.83 11.0 20.25 5.83 24.04 19.31 14.32 25.5 12.08 25.5 29.83 19.31 12.08 12.08 12.08 25.5 26.93 18.25 12.08 29.83 29.83 12.08 0.0 26.93 18.25 17.0 5.83 19.31 12.08 29.83 26.93 29.15 12.08 8.6
18.25 6.0 17.2 13.6 30.0 18.44 12.0 30.0 25.46 30.0 26.4 18.0 6.4 25.3 26.4 6.0 6.0 16.64 0.0 25.46 18.44 4.12 6.0 9.43 15.26 12.08 0.0 30.0 12.53 12.0 17.2 25.46 13.6 16.64 18.0 10.0 18.0 24.33 13.6 0.0 10.0 10.0 18.0 18.25 15.26 0.0 24.33 30.0 8.49 12.08 18.25 15.26 16.28 8.0 13.6 0.0 30.0 18.25 25.3 10.0 10.77
21.84 25.46 34.23 17.8 0.0 15.23 21.63 0.0 6.0 0.0 7.0 18.97 32.2 10.0 7.0 25.46 25.46 15.52 30.0 6.0 15.23 26.93 25.46 30.68 14.87 29.83 30.0 0.0 19.31 21.63 34.23 6.0 17.8 15.52 18.97 38.47 18.97 14.0 17.8 30.0 38.47 38.47 18.97 21.84 14.87 30.0 14.0 0.0 21.63 29.83 21.84 14.87 13.89 26.0 17.8 30.0 0.0 21.84 10.0 38.47 36.77
18.44 11.0 16.28 9.9 19.31 13.89 12.53 19.31 13.89 19.31 18.0 16.28 13.04 18.25 18.0 11.0 11.0 4.24 12.53 13.89 13.89 8.6 11.0 11.4 7.62 11.0 12.53 19.31 0.0 12.53 16.28 13.89 9.9 4.24 16.28 19.42 16.28 19.31 9.9 12.53 19.42 19.42 16.28 18.44 7.62 12.53 19.31 19.31 5.0 11.0 18.44 7.62 6.0 6.71 9.9 12.53 19.31 18.44 18.25 19.42 17.46
6.71 6.0 26.08 4.12 21.63 7.21 0.0 21.63 18.97 21.63 16.28 6.0 17.46 14.42 16.28 6.0 6.0 14.32 12.0 18.97 7.21 11.7 6.0 18.79 8.06 20.25 12.0 21.63 12.53 0.0 26.08 18.97 4.12 14.32 6.0 22.0 6.0 12.65 4.12 12.0 22.0 22.0 6.0 6.71 8.06 12.0 12.65 21.63 8.49 20.25 6.71 8.06 11.0 14.42 4.12 12.0 21.63 6.71 14.42 22.0 22.36
32.76 21.26 0.0 25.08 34.23 29.73 26.08 34.23 28.28 34.23 34.13 31.3 11.18 34.53 34.13 21.26 21.26 19.0 17.2 28.28 29.73 14.87 21.26 7.81 23.77 5.83 17.2 34.23 16.28 26.08 0.0 28.28 25.08 19.0 31.3 14.0 31.3 35.44 25.08 17.2 14.0 14.0 31.3 32.76 23.77 17.2 35.44 34.23 17.89 5.83 32.76 23.77 22.2 11.66 25.08 17.2 34.23 32.76 34.53 14.0 10.0
21.0 21.63 28.28 14.87 6.0 14.0 18.97 6.0 0.0 6.0 9.22 18.0 26.93 11.66 9.22 21.63 21.63 9.85 25.46 0.0 14.0 22.02 21.63 25.08 11.18 24.04 25.46 6.0 13.89 18.97 28.28 0.0 14.87 9.85 18.0 33.29 18.0 15.23 14.87 25.46 33.29 33.29 18.0 21.0 11.18 25.46 15.23 6.0 16.97 24.04 21.0 11.18 9.22 20.59 14.87 25.46 6.0 21.0 11.66 33.29 31.3
8.6 8.06 25.08 0.0 17.8 5.0 4.12 17.8 14.87 17.8 13.04 6.4 18.0 11.7 13.04 8.06 8.06 10.77 13.6 14.87 5.0 12.0 8.06 18.44 4.0 19.31 13.6 17.8 9.9 4.12 25.08 14.87 0.0 10.77 6.4 23.35 6.4 11.0 0.0 13.6 23.35 23.35 6.4 8.6 4.0 13.6 11.0 17.8 7.28 19.31 8.6 4.0 7.07 13.6 0.0 13.6 17.8 8.6 11.7 23.35 23.0
19.24 14.32 19.0 10.77 15.52 13.45 14.32 15.52 9.85 15.52 15.3 16.64 17.2 16.16 15.3 14.32 14.32 0.0 16.64 9.85 13.45 12.81 14.32 15.23 7.21 14.32 16.64 15.52 4.24 14.32 19.0 9.85 10.77 0.0 16.64 23.6 16.64 18.03 10.77 16.64 23.6 23.6 16.64 19.24 7.21 16.64 18.03 15.52 8.54 14.32 19.24 7.21 4.24 10.82 10.77 16.64 15.52 19.24 16.16 23.6 21.47
3.0 12.0 31.3 6.4 18.97 4.0 6.0 18.97 18.0 18.97 12.53 0.0 23.35 10.0 12.53 12.0 12.0 16.64 18.0 18.0 4.0 17.46 12.0 24.35 9.43 25.5 18.0 18.97 16.28 6.0 31.3 18.0 6.4 16.64 0.0 28.0 0.0 7.21 6.4 18.0 28.0 28.0 0.0 3.0 9.43 18.0 7.21 18.97 13.42 25.5 3.0 9.43 12.53 19.7 6.4 18.0 18.97 3.0 10.0 28.0 28.28
28.16 16.0 14.0 23.35 38.47 28.28 22.0 38.47 33.29 38.47 35.74 28.0 6.4 34.93 35.74 16.0 16.0 23.6 10.0 33.29 28.28 11.7 16.0 9.43 24.35 12.08 10.0 38.47 19.42 22.0 14.0 33.29 23.35 23.6 28.0 0.0 28.0 34.23 23.35 10.0 0.0 0.0 28.0 28.16 24.35 10.0 34.23 38.47 17.09 12.08 28.16 24.35 24.6 12.81 23.35 10.0 38.47 28.16 34.93 0.0 4.0
3.0 12.0 31.3 6.4 18.97 4.0 6.0 18.97 18.0 18.97 12.53 0.0 23.35 10.0 12.53 12.0 12.0 16.64 18.0 18.0 4.0 17.46 12.0 24.35 9.43 25.5 18.0 18.97 16.28 6.0 31.3 18.0 6.4 16.64 0.0 28.0 0.0 7.21 6.4 18.0 28.0 28.0 0.0 3.0 9.43 18.0 7.21 18.97 13.42 25.5 3.0 9.43 12.53 19.7 6.4 18.0 18.97 3.0 10.0 28.0 28.28
9.22 18.44 35.44 11.0 14.0 6.0 12.65 14.0 15.23 14.0 7.0 7.21 29.0 4.0 7.0 18.44 18.44 18.03 24.33 15.23 6.0 23.0 18.44 29.27 11.7 29.83 24.33 14.0 19.31 12.65 35.44 15.23 11.0 18.03 7.21 34.23 7.21 0.0 11.0 24.33 34.23 34.23 7.21 9.22 11.7 24.33 0.0 14.0 18.11 29.83 9.22 11.7 13.89 24.33 11.0 24.33 14.0 9.22 4.0 34.23 34.0
8.6 8.06 25.08 0.0 17.8 5.0 4.12 17.8 14.87 17.8 13.04 6.4 18.0 11.7 13.04 8.06 8.06 10.77 13.6 14.87 5.0 12.0 8.06 18.44 4.0 19.31 13.6 17.8 9.9 4.12 25.08 14.87 0.0 10.77 6.4 23.35 6.4 11.0 0.0 13.6 23.35 23.35 6.4 8.6 4.0 13.6 11.0 17.8 7.28 19.31 8.6 4.0 7.07 13.6 0.0 13.6 17.8 8.6 11.7 23.35 23.0
18.25 6.0 17.2 13.6 30.0 18.44 12.0 30.0 25.46 30.0 26.4 18.0 6.4 25.3 26.4 6.0 6.0 16.64 0.0 25.46 18.44 4.12 6.0 9.43 15.26 12.08 0.0 30.0 12.53 12.0 17.2 25.46 13.6 16.64 18.0 10.0 18.0 24.33 13.6 0.0 10.0 10.0 18.0 18.25 15.26 0.0 24.33 30.0 8.49 12.08 18.25 15.26 16.28 8.0 13.6 0.0 30.0 18.25 25.3 10.0 10.77
28.16 16.0 14.0 23.35 38.47 28.28 22.0 38.47 33.29 38.47 35.74 28.0 6.4 34.93 35.74 16.0 16.0 23.6 10.0 33.29 28.28 11.7 16.0 9.43 24.35 12.08 10.0 38.47 19.42 22.0 14.0 33.29 23.35 23.6 28.0 0.0 28.0 34.23 23.35 10.0 0.0 0.0 28.0 28.16 24.35 10.0 34.23 38.47 17.09 12.08 28.16 24.35 24.6 12.81 23.35 10.0 38.47 28.16 34.93 0.0 4.0
28.16 16.0 14.0 23.35 38.47 28.28 22.0 38.47 33.29 38.47 35.74 28.0 6.4 34.93 35.74 16.0 16.0 23.6 10.0 33.29 28.28 11.7 16.0 9.43 24.35 12.08 10.0 38.47 19.42 22.0 14.0 33.29 23.35 23.6 28.0 0.0 28.0 34.23 23.35 10.0 0.0 0.0 28.0 28.16 24.35 10.0 34.23 38.47 17.09 12.08 28.16 24.35 24.6 12.81 23.35 10.0 38.47 28.16 34.93 0.0 4.0
3.0 12.0 31.3 6.4 18.97 4.0 6.0 18.97 18.0 18.97 12.53 0.0 23.35 10.0 12.53 12.0 12.0 16.64 18.0 18.0 4.0 17.46 12.0 24.35 9.43 25.5 18.0 18.97 16.28 6.0 31.3 18.0 6.4 16.64 0.0 28.0 0.0 7.21 6.4 18.0 28.0 28.0 0.0 3.0 9.43 18.0 7.21 18.97 13.42 25.5 3.0 9.43 12.53 19.7 6.4 18.0 18.97 3.0 10.0 28.0 28.28
0.0 12.37 32.76 8.6 21.84 7.0 6.71 21.84 21.0 21.84 15.23 3.0 24.04 12.53 15.23 12.37 12.37 19.24 18.25 21.0 7.0 18.38 12.37 25.5 12.08 26.93 18.25 21.84 18.44 6.71 32.76 21.0 8.6 19.24 3.0 28.16 3.0 9.22 8.6 18.25 28.16 28.16 3.0 0.0 12.08 18.25 9.22 21.84 15.0 26.93 0.0 12.08 15.23 21.1 8.6 18.25 21.84 0.0 12.53 28.16 28.86
12.08 10.63 23.77 4.0 14.87 6.4 8.06 14.87 11.18 14.87 11.4 9.43 18.44 11.0 11.4 10.63 10.63 7.21 15.26 11.18 6.4 12.65 10.63 18.0 0.0 18.25 15.26 14.87 7.62 8.06 23.77 11.18 4.0 7.21 9.43 24.35 9.43 11.7 4.0 15.26 24.35 24.35 9.43 12.08 0.0 15.26 11.7 14.87 7.28 18.25 12.08 0.0 3.16 13.0 4.0 15.26 14.87 12.08 11.0 24.35 23.35
18.25 6.0 17.2 13.6 30.0 18.44 12.0 30.0 25.46 30.0 26.4 18.0 6.4 25.3 26.4 6.0 6.0 16.64 0.0 25.46 18.44 4.12 6.0 9.43 15.26 12.08 0.0 30.0 12.53 12.0 17.2 25.46 13.6 16.64 18.0 10.0 18.0 24.33 13.6 0.0 10.0 10.0 18.0 18.25 15.26 0.0 24.33 30.0 8.49 12.08 18.25 15.26 16.28 8.0 13.6 0.0 30.0 18.25 25.3 10.0 10.77
9.22 18.44 35.44 11.0 14.0 6.0 12.65 14.0 15.23 14.0 7.0 7.21 29.0 4.0 7.0 18.44 18.44 18.03 24.33 15.23 6.0 23.0 18.44 29.27 11.7 29.83 24.33 14.0 19.31 12.65 35.44 15.23 11.0 18.03 7.21 34.23 7.21 0.0 11.0 24.33 34.23 34.23 7.21 9.22 11.7 24.33 0.0 14.0 18.11 29.83 9.22 11.7 13.89 24.33 11.0 24.33 14.0 9.22 4.0 34.23 34.0
21.84 25.46 34.23 17.8 0.0 15.23 21.63 0.0 6.0 0.0 7.0 18.97 32.2 10.0 7.0 25.46 25.46 15.52 30.0 6.0 15.23 26.93 25.46 30.68 14.87 29.83 30.0 0.0 19.31 21.63 34.23 6.0 17.8 15.52 18.97 38.47 18.97 14.0 17.8 30.0 38.47 38.47 18.97 21.84 14.87 30.0 14.0 0.0 21.63 29.83 21.84 14.87 13.89 26.0 17.8 30.0 0.0 21.84 10.0 38.47 36.77
15.0 6.0 17.89 7.28 21.63 12.17 8.49 21.63 16.97 21.63 18.68 13.42 11.18 18.11 18.68 6.0 6.0 8.54 8.49 16.97 12.17 5.39 6.0 11.18 7.28 12.08 8.49 21.63 5.0 8.49 17.89 16.97 7.28 8.54 13.42 17.09 13.42 18.11 7.28 8.49 17.09 17.09 13.42 15.0 7.28 8.49 18.11 21.63 0.0 12.08 15.0 7.28 7.81 6.32 7.28 8.49 21.63 15.0 18.11 17.09 16.12
26.93 15.56 5.83 19.31 29.83 24.04 20.25 29.83 24.04 29.83 29.0 25.5 7.0 29.15 29.0 15.56 15.56 14.32 12.08 24.04 24.04 9.22 15.56 3.0 18.25 0.0 12.08 29.83 11.0 20.25 5.83 24.04 19.31 14.32 25.5 12.08 25.5 29.83 19.31 12.08 12.08 12.08 25.5 26.93 18.25 12.08 29.83 29.83 12.08 0.0 26.93 18.25 17.0 5.83 19.31 12.08 29.83 26.93 29.15 12.08 8.6
0.0 12.37 32.76 8.6 21.84 7.0 6.71 21.84 21.0 21.84 15.23 3.0 24.04 12.53 15.23 12.37 12.37 19.24 18.25 21.0 7.0 18.38 12.37 25.5 12.08 26.93 18.25 21.84 18.44 6.71 32.76 21.0 8.6 19.24 3.0 28.16 3.0 9.22 8.6 18.25 28.16 28.16 3.0 0.0 12.08 18.25 9.22 21.84 15.0 26.93 0.0 12.08 15.23 21.1 8.6 18.25 21.84 0.0 12.53 28.16 28.86
12.08 10.63 23.77 4.0 14.87 6.4 8.06 14.87 11.18 14.87 11.4 9.43 18.44 11.0 11.4 10.63 10.63 7.21 15.26 11.18 6.4 12.65 10.63 18.0 0.0 18.25 15.26 14.87 7.62 8.06 23.77 11.18 4.0 7.21 9.43 24.35 9.43 11.7 4.0 15.26 24.35 24.35 9.43 12.08 0.0 15.26 11.7 14.87 7.28 18.25 12.08 0.0 3.16 13.0 4.0 15.26 14.87 12.08 11.0 24.35 23.35
15.23 12.53 22.2 7.07 13.89 9.22 11.0 13.89 9.22 13.89 12.0 12.53 18.38 12.37 12.0 12.53 12.53 4.24 16.28 9.22 9.22 13.04 12.53 17.26 3.16 17.0 16.28 13.89 6.0 11.0 22.2 9.22 7.07 4.24 12.53 24.6 12.53 13.89 7.07 16.28 24.6 24.6 12.53 15.23 3.16 16.28 13.89 13.89 7.81 17.0 15.23 3.16 0.0 12.37 7.07 16.28 13.89 15.23 12.37 24.6 23.09
21.1 10.0 11.66 13.6 26.0 18.44 14.42 26.0 20.59 26.0 24.19 19.7 6.4 24.0 24.19 10.0 10.0 10.82 8.0 20.59 18.44 4.12 10.0 5.0 13.0 5.83 8.0 26.0 6.71 14.42 11.66 20.59 13.6 10.82 19.7 12.81 19.7 24.33 13.6 8.0 12.81 12.81 19.7 21.1 13.0 8.0 24.33 26.0 6.32 5.83 21.1 13.0 12.37 0.0 13.6 8.0 26.0 21.1 24.0 12.81 10.77
8.6 8.06 25.08 0.0 17.8 5.0 4.12 17.8 14.87 17.8 13.04 6.4 18.0 11.7 13.04 8.06 8.06 10.77 13.6 14.87 5.0 12.0 8.06 18.44 4.0 19.31 13.6 17.8 9.9 4.12 25.08 14.87 0.0 10.77 6.4 23.35 6.4 11.0 0.0 13.6 23.35 23.35 6.4 8.6 4.0 13.6 11.0 17.8 7.28 19.31 8.6 4.0 7.07 13.6 0.0 13.6 17.8 8.6 11.7 23.35 23.0
18.25 6.0 17.2 13.6 30.0 18.44 12.0 30.0 25.46 30.0 26.4 18.0 6.4 25.3 26.4 6.0 6.0 16.64 0.0 25.46 18.44 4.12 6.0 9.43 15.26 12.08 0.0 30.0 12.53 12.0 17.2 25.46 13.6 16.64 18.0 10.0 18.0 24.33 13.6 0.0 10.0 10.0 18.0 18.25 15.26 0.0 24.33 30.0 8.49 12.08 18.25 15.26 16.28 8.0 13.6 0.0 30.0 18.25 25.3 10.0 10.77
21.84 25.46 34.23 17.8 0.0 15.23 21.63 0.0 6.0 0.0 7.0 18.97 32.2 10.0 7.0 25.46 25.46 15.52 30.0 6.0 15.23 26.93 25.46 30.68 14.87 29.83 30.0 0.0 19.31 21.63 34.23 6.0 17.8 15.52 18.97 38.47 18.97 14.0 17.8 30.0 38.47 38.47 18.97 21.84 14.87 30.0 14.0 0.0 21.63 29.83 21.84 14.87 13.89 26.0 17.8 30.0 0.0 21.84 10.0 38.47 36.77
0.0 12.37 32.76 8.6 21.84 7.0 6.71 21.84 21.0 21.84 15.23 3.0 24.04 12.53 15.23 12.37 12.37 19.24 18.25 21.0 7.0 18.38 12.37 25.5 12.08 26.93 18.25 21.84 18.44 6.71 32.76 21.0 8.6 19.24 3.0 28.16 3.0 9.22 8.6 18.25 28.16 28.16 3.0 0.0 12.08 18.25 9.22 21.84 15.0 26.93 0.0 12.08 15.23 21.1 8.6 18.25 21.84 0.0 12.53 28.16 28.86
12.53 19.7 34.53 11.7 10.0 7.21 14.42 10.0 11.66 10.0 3.0 10.0 29.27 0.0 3.0 19.7 19.7 16.16 25.3 11.66 7.21 23.35 19.7 29.0 11.0 29.15 25.3 10.0 18.25 14.42 34.53 11.66 11.7 16.16 10.0 34.93 10.0 4.0 11.7 25.3 34.93 34.93 10.0 12.53 11.0 25.3 4.0 10.0 18.11 29.15 12.53 11.0 12.37 24.0 11.7 25.3 10.0 12.53 0.0 34.93 34.23
28.16 16.0 14.0 23.35 38.47 28.28 22.0 38.47 33.29 38.47 35.74 28.0 6.4 34.93 35.74 16.0 16.0 23.6 10.0 33.29 28.28 11.7 16.0 9.43 24.35 12.08 10.0 38.47 19.42 22.0 14.0 33.29 23.35 23.6 28.0 0.0 28.0 34.23 23.35 10.0 0.0 0.0 28.0 28.16 24.35 10.0 34.23 38.47 17.09 12.08 28.16 24.35 24.6 12.81 23.35 10.0 38.47 28.16 34.93 0.0 4.0
28.86 16.49 10.0 23.0 36.77 28.0 22.36 36.77 31.3 36.77 34.71 28.28 5.0 34.23 34.71 16.49 16.49 21.47 10.77 31.3 28.0 11.0 16.49 6.4 23.35 8.6 10.77 36.77 17.46 22.36 10.0 31.3 23.0 21.47 28.28 4.0 28.28 34.0 23.0 10.77 4.0 4.0 28.28 28.86 23.35 10.77 34.0 36.77 16.12 8.6 28.86 23.35 23.09 10.77 23.0 10.77 36.77 28.86 34.23 4.0 0.0
