0.0 18.79 10.09 6.75 26.34 16.77 6.75 6.0 10.09 16.77 16.77 16.77 0.0 26.34 16.77 16.77 23.84 9.75 20.19 13.12 25.47 6.75 18.26 16.77 20.19 15.61 0.0 3.75 23.84 6.0 9.75 7.72 13.52 16.77 13.12 13.12 7.72 9.75 16.05 20.19 6.0 18.79 9.75 0.0 20.19 18.79 10.09 0.0 9.75 3.75 9.75 23.84 16.77 6.75 26.34 13.52 16.77 10.2 16.77 13.12 16.05
18.79 0.0 9.86 13.27 8.25 2.12 13.27 16.77 9.86 2.12 2.12 2.12 18.79 8.25 2.12 2.12 5.3 16.52 2.7 10.01 8.78 13.27 3.09 2.12 2.7 3.75 18.79 17.32 5.3 16.77 16.52 11.07 5.46 2.12 10.01 10.01 11.07 16.52 3.82 2.7 16.77 0.0 16.52 18.79 2.7 0.0 9.86 18.79 16.52 17.32 16.52 5.3 2.12 13.27 8.25 5.46 2.12 13.52 2.12 10.01 3.82
10.09 9.86 0.0 7.5 18.06 8.25 7.5 6.91 0.0 8.25 8.25 8.25 10.09 18.06 8.25 8.25 15.17 7.12 12.0 3.75 18.06 7.5 10.61 8.25 12.0 6.18 10.09 7.72 15.17 6.91 7.12 3.75 4.5 8.25 3.75 3.75 3.75 7.12 6.41 12.0 6.91 9.86 7.12 10.09 12.0 9.86 0.0 10.09 7.12 7.72 7.12 15.17 8.25 7.5 18.06 4.5 8.25 4.37 8.25 3.75 6.41
6.75 13.27 7.5 0.0 20.12 11.15 0.0 9.03 7.5 11.15 11.15 11.15 6.75 20.12 11.15 11.15 17.89 11.86 14.15 11.25 18.97 0.0 12.09 11.15 14.15 10.82 6.75 7.72 17.89 9.03 11.86 3.75 8.75 11.15 11.25 11.25 3.75 11.86 11.45 14.15 9.03 13.27 11.86 6.75 14.15 13.27 7.5 6.75 11.86 7.72 11.86 17.89 11.15 0.0 20.12 8.75 11.15 10.45 11.15 11.25 11.45
26.34 8.25 18.06 20.12 0.0 9.86 20.12 24.93 18.06 9.86 9.86 9.86 26.34 0.0 9.86 9.86 3.09 24.76 6.18 18.14 3.0 20.12 8.08 9.86 6.18 12.0 26.34 25.3 3.09 24.93 24.76 18.75 13.58 9.86 18.14 18.14 18.75 24.76 12.02 6.18 24.93 8.25 24.76 26.34 6.18 8.25 18.06 26.34 24.76 25.3 24.76 3.09 9.86 20.12 0.0 13.58 9.86 21.76 9.86 18.14 12.02
16.77 2.12 8.25 11.15 9.86 0.0 11.15 15.07 8.25 0.0 0.0 0.0 16.77 9.86 0.0 0.0 7.12 15.17 3.75 9.06 9.86 11.15 2.7 0.0 3.75 2.7 16.77 15.46 7.12 15.07 15.17 9.06 3.75 0.0 9.06 9.06 9.06 15.17 3.18 3.75 15.07 2.12 15.17 16.77 3.75 2.12 8.25 16.77 15.17 15.46 15.17 7.12 0.0 11.15 9.86 3.75 0.0 12.21 0.0 9.06 3.18
6.75 13.27 7.5 0.0 20.12 11.15 0.0 9.03 7.5 11.15 11.15 11.15 6.75 20.12 11.15 11.15 17.89 11.86 14.15 11.25 18.97 0.0 12.09 11.15 14.15 10.82 6.75 7.72 17.89 9.03 11.86 3.75 8.75 11.15 11.25 11.25 3.75 11.86 11.45 14.15 9.03 13.27 11.86 6.75 14.15 13.27 7.5 6.75 11.86 7.72 11.86 17.89 11.15 0.0 20.12 8.75 11.15 10.45 11.15 11.25 11.45
6.0 16.77 6.91 9.03 24.93 15.07 9.03 0.0 6.91 15.07 15.07 15.07 6.0 24.93 15.07 15.07 22.07 3.75 18.81 8.55 24.75 9.03 17.25 15.07 18.81 13.1 6.0 2.25 22.07 0.0 3.75 7.12 11.35 15.07 8.55 8.55 7.12 3.75 13.29 18.81 0.0 16.77 3.75 6.0 18.81 16.77 6.91 6.0 3.75 2.25 3.75 22.07 15.07 9.03 24.93 11.35 15.07 4.8 15.07 8.55 13.29
10.09 9.86 0.0 7.5 18.06 8.25 7.5 6.91 0.0 8.25 8.25 8.25 10.09 18.06 8.25 8.25 15.17 7.12 12.0 3.75 18.06 7.5 10.61 8.25 12.0 6.18 10.09 7.72 15.17 6.91 7.12 3.75 4.5 8.25 3.75 3.75 3.75 7.12 6.41 12.0 6.91 9.86 7.12 10.09 12.0 9.86 0.0 10.09 7.12 7.72 7.12 15.17 8.25 7.5 18.06 4.5 8.25 4.37 8.25 3.75 6.41
16.77 2.12 8.25 11.15 9.86 0.0 11.15 15.07 8.25 0.0 0.0 0.0 16.77 9.86 0.0 0.0 7.12 15.17 3.75 9.06 9.86 11.15 2.7 0.0 3.75 2.7 16.77 15.46 7.12 15.07 15.17 9.06 3.75 0.0 9.06 9.06 9.06 15.17 3.18 3.75 15.07 2.12 15.17 16.77 3.75 2.12 8.25 16.77 15.17 15.46 15.17 7.12 0.0 11.15 9.86 3.75 0.0 12.21 0.0 9.06 3.18
16.77 2.12 8.25 11.15 9.86 0.0 11.15 15.07 8.25 0.0 0.0 0.0 16.77 9.86 0.0 0.0 7.12 15.17 3.75 9.06 9.86 11.15 2.7 0.0 3.75 2.7 16.77 15.46 7.12 15.07 15.17 9.06 3.75 0.0 9.06 9.06 9.06 15.17 3.18 3.75 15.07 2.12 15.17 16.77 3.75 2.12 8.25 16.77 15.17 15.46 15.17 7.12 0.0 11.15 9.86 3.75 0.0 12.21 0.0 9.06 3.18
16.77 2.12 8.25 11.15 9.86 0.0 11.15 15.07 8.25 0.0 0.0 0.0 16.77 9.86 0.0 0.0 7.12 15.17 3.75 9.06 9.86 11.15 2.7 0.0 3.75 2.7 16.77 15.46 7.12 15.07 15.17 9.06 3.75 0.0 9.06 9.06 9.06 15.17 3.18 3.75 15.07 2.12 15.17 16.77 3.75 2.12 8.25 16.77 15.17 15.46 15.17 7.12 0.0 11.15 9.86 3.75 0.0 12.21 0.0 9.06 3.18
0.0 18.79 10.09 6.75 26.34 16.77 6.75 6.0 10.09 16.77 16.77 16.77 0.0 26.34 16.77 16.77 23.84 9.75 20.19 13.12 25.47 6.75 18.26 16.77 20.19 15.61 0.0 3.75 23.84 6.0 9.75 7.72 13.52 16.77 13.12 13.12 7.72 9.75 16.05 20.19 6.0 18.79 9.75 0.0 20.19 18.79 10.09 0.0 9.75 3.75 9.75 23.84 16.77 6.75 26.34 13.52 16.77 10.2 16.77 13.12 16.05
26.34 8.25 18.06 20.12 0.0 9.86 20.12 24.93 18.06 9.86 9.86 9.86 26.34 0.0 9.86 9.86 3.09 24.76 6.18 18.14 3.0 20.12 8.08 9.86 6.18 12.0 26.34 25.3 3.09 24.93 24.76 18.75 13.58 9.86 18.14 18.14 18.75 24.76 12.02 6.18 24.93 8.25 24.76 26.34 6.18 8.25 18.06 26.34 24.76 25.3 24.76 3.09 9.86 20.12 0.0 13.58 9.86 21.76 9.86 18.14 12.02
16.77 2.12 8.25 11.15 9.86 0.0 11.15 15.07 8.25 0.0 0.0 0.0 16.77 9.86 0.0 0.0 7.12 15.17 3.75 9.06 9.86 11.15 2.7 0.0 3.75 2.7 16.77 15.46 7.12 15.07 15.17 9.06 3.75 0.0 9.06 9.06 9.06 15.17 3.18 3.75 15.07 2.12 15.17 16.77 3.75 2.12 8.25 16.77 15.17 15.46 15.17 7.12 0.0 11.15 9.86 3.75 0.0 12.21 0.0 9.06 3.18
16.77 2.12 8.25 11.15 9.86 0.0 11.15 15.07 8.25 0.0 0.0 0.0 16.77 9.86 0.0 0.0 7.12 15.17 3.75 9.06 9.86 11.15 2.7 0.0 3.75 2.7 16.77 15.46 7.12 15.07 15.17 9.06 3.75 0.0 9.06 9.06 9.06 15.17 3.18 3.75 15.07 2.12 15.17 16.77 3.75 2.12 8.25 16.77 15.17 15.46 15.17 7.12 0.0 11.15 9.86 3.75 0.0 12.21 0.0 9.06 3.18
23.84 5.3 15.17 17.89 3.09 7.12 17.89 22.07 15.17 7.12 7.12 7.12 23.84 3.09 7.12 7.12 0.0 21.75 3.75 15.07 4.8 17.89 5.86 7.12 3.75 9.03 23.84 22.56 0.0 22.07 21.75 16.16 10.74 7.12 15.07 15.07 16.16 21.75 9.0 3.75 22.07 5.3 21.75 23.84 3.75 5.3 15.17 23.84 21.75 22.56 21.75 0.0 7.12 17.89 3.09 10.74 7.12 18.75 7.12 15.07 9.0
9.75 16.52 7.12 11.86 24.76 15.17 11.86 3.75 7.12 15.17 15.17 15.17 9.75 24.76 15.17 15.17 21.75 0.0 18.88 6.91 25.03 11.86 17.65 15.17 18.88 12.77 9.75 6.0 21.75 3.75 0.0 9.03 11.47 15.17 6.91 6.91 9.03 0.0 12.75 18.88 3.75 16.52 0.0 9.75 18.88 16.52 7.12 9.75 0.0 6.0 0.0 21.75 15.17 11.86 24.76 11.47 15.17 3.0 15.17 6.91 12.75
20.19 2.7 12.0 14.15 6.18 3.75 14.15 18.81 12.0 3.75 3.75 3.75 20.19 6.18 3.75 3.75 3.75 18.88 0.0 12.57 6.18 14.15 2.12 3.75 0.0 6.18 20.19 19.12 3.75 18.81 18.88 12.57 7.5 3.75 12.57 12.57 12.57 18.88 6.41 0.0 18.81 2.7 18.88 20.19 0.0 2.7 12.0 20.19 18.88 19.12 18.88 3.75 3.75 14.15 6.18 7.5 3.75 15.91 3.75 12.57 6.41
13.12 10.01 3.75 11.25 18.14 9.06 11.25 8.55 3.75 9.06 9.06 9.06 13.12 18.14 9.06 9.06 15.07 6.91 12.57 0.0 18.75 11.25 11.74 9.06 12.57 6.41 13.12 10.09 15.07 8.55 6.91 7.5 5.86 9.06 0.0 0.0 7.5 6.91 6.18 12.57 8.55 10.01 6.91 13.12 12.57 10.01 3.75 13.12 6.91 10.09 6.91 15.07 9.06 11.25 18.14 5.86 9.06 4.04 9.06 0.0 6.18
25.47 8.78 18.06 18.97 3.0 9.86 18.97 24.75 18.06 9.86 9.86 9.86 25.47 3.0 9.86 9.86 4.8 25.03 6.18 18.75 0.0 18.97 7.5 9.86 6.18 12.37 25.47 24.85 4.8 24.75 25.03 18.14 13.58 9.86 18.75 18.75 18.14 25.03 12.57 6.18 24.75 8.78 25.03 25.47 6.18 8.78 18.06 25.47 25.03 24.85 25.03 4.8 9.86 18.97 3.0 13.58 9.86 22.07 9.86 18.75 12.57
6.75 13.27 7.5 0.0 20.12 11.15 0.0 9.03 7.5 11.15 11.15 11.15 6.75 20.12 11.15 11.15 17.89 11.86 14.15 11.25 18.97 0.0 12.09 11.15 14.15 10.82 6.75 7.72 17.89 9.03 11.86 3.75 8.75 11.15 11.25 11.25 3.75 11.86 11.45 14.15 9.03 13.27 11.86 6.75 14.15 13.27 7.5 6.75 11.86 7.72 11.86 17.89 11.15 0.0 20.12 8.75 11.15 10.45 11.15 11.25 11.45
18.26 3.09 10.61 12.09 8.08 2.7 12.09 17.25 10.61 2.7 2.7 2.7 18.26 8.08 2.7 2.7 5.86 17.65 2.12 11.74 7.5 12.09 0.0 2.7 2.12 5.41 18.26 17.4 5.86 17.25 17.65 10.74 6.18 2.7 11.74 11.74 10.74 17.65 5.86 2.12 17.25 3.09 17.65 18.26 2.12 3.09 10.61 18.26 17.65 17.4 17.65 5.86 2.7 12.09 8.08 6.18 2.7 14.74 2.7 11.74 5.86
16.77 2.12 8.25 11.15 9.86 0.0 11.15 15.07 8.25 0.0 0.0 0.0 16.77 9.86 0.0 0.0 7.12 15.17 3.75 9.06 9.86 11.15 2.7 0.0 3.75 2.7 16.77 15.46 7.12 15.07 15.17 9.06 3.75 0.0 9.06 9.06 9.06 15.17 3.18 3.75 15.07 2.12 15.17 16.77 3.75 2.12 8.25 16.77 15.17 15.46 15.17 7.12 0.0 11.15 9.86 3.75 0.0 12.21 0.0 9.06 3.18
20.19 2.7 12.0 14.15 6.18 3.75 14.15 18.81 12.0 3.75 3.75 3.75 20.19 6.18 3.75 3.75 3.75 18.88 0.0 12.57 6.18 14.15 2.12 3.75 0.0 6.18 20.19 19.12 3.75 18.81 18.88 12.57 7.5 3.75 12.57 12.57 12.57 18.88 6.41 0.0 18.81 2.7 18.88 20.19 0.0 2.7 12.0 20.19 18.88 19.12 18.88 3.75 3.75 14.15 6.18 7.5 3.75 15.91 3.75 12.57 6.41
15.61 3.75 6.18 10.82 12.0 2.7 10.82 13.1 6.18 2.7 2.7 2.7 15.61 12.0 2.7 2.7 9.03 12.77 6.18 6.41 12.37 10.82 5.41 2.7 6.18 0.0 15.61 13.79 9.03 13.1 12.77 7.97 2.12 2.7 6.41 6.41 7.97 12.77 0.75 6.18 13.1 3.75 12.77 15.61 6.18 3.75 6.18 15.61 12.77 13.79 12.77 9.03 2.7 10.82 12.0 2.12 2.7 9.78 2.7 6.41 0.75
0.0 18.79 10.09 6.75 26.34 16.77 6.75 6.0 10.09 16.77 16.77 16.77 0.0 26.34 16.77 16.77 23.84 9.75 20.19 13.12 25.47 6.75 18.26 16.77 20.19 15.61 0.0 3.75 23.84 6.0 9.75 7.72 13.52 16.77 13.12 13.12 7.72 9.75 16.05 20.19 6.0 18.79 9.75 0.0 20.19 18.79 10.09 0.0 9.75 3.75 9.75 23.84 16.77 6.75 26.34 13.52 16.77 10.2 16.77 13.12 16.05
3.75 17.32 7.72 7.72 25.3 15.46 7.72 2.25 7.72 15.46 15.46 15.46 3.75 25.3 15.46 15.46 22.56 6.0 19.12 10.09 24.85 7.72 17.4 15.46 19.12 13.79 3.75 0.0 22.56 2.25 6.0 6.75 11.86 15.46 10.09 10.09 6.75 6.0 14.09 19.12 2.25 17.32 6.0 3.75 19.12 17.32 7.72 3.75 6.0 0.0 6.0 22.56 15.46 7.72 25.3 11.86 15.46 6.71 15.46 10.09 14.09
23.84 5.3 15.17 17.89 3.09 7.12 17.89 22.07 15.17 7.12 7.12 7.12 23.84 3.09 7.12 7.12 0.0 21.75 3.75 15.07 4.8 17.89 5.86 7.12 3.75 9.03 23.84 22.56 0.0 22.07 21.75 16.16 10.74 7.12 15.07 15.07 16.16 21.75 9.0 3.75 22.07 5.3 21.75 23.84 3.75 5.3 15.17 23.84 21.75 22.56 21.75 0.0 7.12 17.89 3.09 10.74 7.12 18.75 7.12 15.07 9.0
6.0 16.77 6.91 9.03 24.93 15.07 9.03 0.0 6.91 15.07 15.07 15.07 6.0 24.93 15.07 15.07 22.07 3.75 18.81 8.55 24.75 9.03 17.25 15.07 18.81 13.1 6.0 2.25 22.07 0.0 3.75 7.12 11.35 15.07 8.55 8.55 7.12 3.75 13.29 18.81 0.0 16.77 3.75 6.0 18.81 16.77 6.91 6.0 3.75 2.25 3.75 22.07 15.07 9.03 24.93 11.35 15.07 4.8 15.07 8.55 13.29
9.75 16.52 7.12 11.86 24.76 15.17 11.86 3.75 7.12 15.17 15.17 15.17 9.75 24.76 15.17 15.17 21.75 0.0 18.88 6.91 25.03 11.86 17.65 15.17 18.88 12.77 9.75 6.0 21.75 3.75 0.0 9.03 11.47 15.17 6.91 6.91 9.03 0.0 12.75 18.88 3.75 16.52 0.0 9.75 18.88 16.52 7.12 9.75 0.0 6.0 0.0 21.75 15.17 11.86 24.76 11.47 15.17 3.0 15.17 6.91 12.75
7.72 11.07 3.75 3.75 18.75 9.06 3.75 7.12 3.75 9.06 9.06 9.06 7.72 18.75 9.06 9.06 16.16 9.03 12.57 7.5 18.14 3.75 10.74 9.06 12.57 7.97 7.72 6.75 16.16 7.12 9.03 0.0 5.86 9.06 7.5 7.5 0.0 9.03 8.49 12.57 7.12 11.07 9.03 7.72 12.57 11.07 3.75 7.72 9.03 6.75 9.03 16.16 9.06 3.75 18.75 5.86 9.06 7.08 9.06 7.5 8.49
13.52 5.46 4.5 8.75 13.58 3.75 8.75 11.35 4.5 3.75 3.75 3.75 13.52 13.58 3.75 3.75 10.74 11.47 7.5 5.86 13.58 8.75 6.18 3.75 7.5 2.12 13.52 11.86 10.74 11.35 11.47 5.86 0.0 3.75 5.86 5.86 5.86 11.47 2.7 7.5 11.35 5.46 11.47 13.52 7.5 5.46 4.5 13.52 11.47 11.86 11.47 10.74 3.75 8.75 13.58 0.0 3.75 8.55 3.75 5.86 2.7
16.77 2.12 8.25 11.15 9.86 0.0 11.15 15.07 8.25 0.0 0.0 0.0 16.77 9.86 0.0 0.0 7.12 15.17 3.75 9.06 9.86 11.15 2.7 0.0 3.75 2.7 16.77 15.46 7.12 15.07 15.17 9.06 3.75 0.0 9.06 9.06 9.06 15.17 3.18 3.75 15.07 2.12 15.17 16.77 3.75 2.12 8.25 16.77 15.17 15.46 15.17 7.12 0.0 11.15 9.86 3.75 0.0 12.21 0.0 9.06 3.18
13.12 10.01 3.75 11.25 18.14 9.06 11.25 8.55 3.75 9.06 9.06 9.06 13.12 18.14 9.06 9.06 15.07 6.91 12.57 0.0 18.75 11.25 11.74 9.06 12.57 6.41 13.12 10.09 15.07 8.55 6.91 7.5 5.86 9.06 0.0 0.0 7.5 6.91 6.18 12.57 8.55 10.01 6.91 13.12 12.57 10.01 3.75 13.12 6.91 10.09 6.91 15.07 9.06 11.25 18.14 5.86 9.06 4.04 9.06 0.0 6.18
13.12 10.01 3.75 11.25 18.14 9.06 11.25 8.55 3.75 9.06 9.06 9.06 13.12 18.14 9.06 9.06 15.07 6.91 12.57 0.0 18.75 11.25 11.74 9.06 12.57 6.41 13.12 10.09 15.07 8.55 6.91 7.5 5.86 9.06 0.0 0.0 7.5 6.91 6.18 12.57 8.55 10.01 6.91 13.12 12.57 10.01 3.75 13.12 6.91 10.09 6.91 15.07 9.06 11.25 18.14 5.86 9.06 4.04 9.06 0.0 6.18
7.72 11.07 3.75 3.75 18.75 9.06 3.75 7.12 3.75 9.06 9.06 9.06 7.72 18.75 9.06 9.06 16.16 9.03 12.57 7.5 18.14 3.75 10.74 9.06 12.57 7.97 7.72 6.75 16.16 7.12 9.03 0.0 5.86 9.06 7.5 7.5 0.0 9.03 8.49 12.57 7.12 11.07 9.03 7.72 12.57 11.07 3.75 7.72 9.03 6.75 9.03 16.16 9.06 3.75 18.75 5.86 9.06 7.08 9.06 7.5 8.49
9.75 16.52 7.12 11.86 24.76 15.17 11.86 3.75 7.12 15.17 15.17 15.17 9.75 24.76 15.17 15.17 21.75 0.0 18.88 6.91 25.03 11.86 17.65 15.17 18.88 12.77 9.75 6.0 21.75 3.75 0.0 9.03 11.47 15.17 6.91 6.91 9.03 0.0 12.75 18.88 3.75 16.52 0.0 9.75 18.88 16.52 7.12 9.75 0.0 6.0 0.0 21.75 15.17 11.86 24.76 11.47 15.17 3.0 15.17 6.91 12.75
16.05 3.82 6.41 11.45 12.02 3.18 11.45 13.29 6.41 3.18 3.18 3.18 16.05 12.02 3.18 3.18 9.0 12.75 6.41 6.18 12.57 11.45 5.86 3.18 6.41 0.75 16.05 14.09 9.0 13.29 12.75 8.49 2.7 3.18 6.18 6.18 8.49 12.75 0.0 6.41 13.29 3.82 12.75 16.05 6.41 3.82 6.41 16.05 12.75 14.09 12.75 9.0 3.18 11.45 12.02 2.7 3.18 9.75 3.18 6.18 0.0
20.19 2.7 12.0 14.15 6.18 3.75 14.15 18.81 12.0 3.75 3.75 3.75 20.19 6.18 3.75 3.75 3.75 18.88 0.0 12.57 6.18 14.15 2.12 3.75 0.0 6.18 20.19 19.12 3.75 18.81 18.88 12.57 7.5 3.75 12.57 12.57 12.57 18.88 6.41 0.0 18.81 2.7 18.88 20.19 0.0 2.7 12.0 20.19 18.88 19.12 18.88 3.75 3.75 14.15 6.18 7.5 3.75 15.91 3.75 12.57 6.41
6.0 16.77 6.91 9.03 24.93 15.07 9.03 0.0 6.91 15.07 15.07 15.07 6.0 24.93 15.07 15.07 22.07 3.75 18.81 8.55 24.75 9.03 17.25 15.07 18.81 13.1 6.0 2.25 22.07 0.0 3.75 7.12 11.35 15.07 8.55 8.55 7.12 3.75 13.29 18.81 0.0 16.77 3.75 6.0 18.81 16.77 6.91 6.0 3.75 2.25 3.75 22.07 15.07 9.03 24.93 11.35 15.07 4.8 15.07 8.55 13.29
18.79 0.0 9.86 13.27 8.25 2.12 13.27 16.77 9.86 2.12 2.12 2.12 18.79 8.25 2.12 2.12 5.3 16.52 2.7 10.01 8.78 13.27 3.09 2.12 2.7 3.75 18.79 17.32 5.3 16.77 16.52 11.07 5.46 2.12 10.01 10.01 11.07 16.52 3.82 2.7 16.77 0.0 16.52 18.79 2.7 0.0 9.86 18.79 16.52 17.32 16.52 5.3 2.12 13.27 8.25 5.46 2.12 13.52 2.12 10.01 3.82
9.75 16.52 7.12 11.86 24.76 15.17 11.86 3.75 7.12 15.17 15.17 15.17 9.75 24.76 15.17 15.17 21.75 0.0 18.88 6.91 25.03 11.86 17.65 15.17 18.88 12.77 9.75 6.0 21.75 3.75 0.0 9.03 11.47 15.17 6.91 6.91 9.03 0.0 12.75 18.88 3.75 16.52 0.0 9.75 18.88 16.52 7.12 9.75 0.0 6.0 0.0 21.75 15.17 11.86 24.76 11.47 15.17 3.0 15.17 6.91 12.75
0.0 18.79 10.09 6.75 26.34 16.77 6.75 6.0 10.09 16.77 16.77 16.77 0.0 26.34 16.77 16.77 23.84 9.75 20.19 13.12 25.47 6.75 18.26 16.77 20.19 15.61 0.0 3.75 23.84 6.0 9.75 7.72 13.52 16.77 13.12 13.12 7.72 9.75 16.05 20.19 6.0 18.79 9.75 0.0 20.19 18.79 10.09 0.0 9.75 3.75 9.75 23.84 16.77 6.75 26.34 13.52 16.77 10.2 16.77 13.12 16.05
20.19 2.7 12.0 14.15 6.18 3.75 14.15 18.81 12.0 3.75 3.75 3.75 20.19 6.18 3.75 3.75 3.75 18.88 0.0 12.57 6.18 14.15 2.12 3.75 0.0 6.18 20.19 19.12 3.75 18.81 18.88 12.57 7.5 3.75 12.57 12.57 12.57 18.88 6.41 0.0 18.81 2.7 18.88 20.19 0.0 2.7 12.0 20.19 18.88 19.12 18.88 3.75 3.75 14.15 6.18 7.5 3.75 15.91 3.75 12.57 6.41
18.79 0.0 9.86 13.27 8.25 2.12 13.27 16.77 9.86 2.12 2.12 2.12 18.79 8.25 2.12 2.12 5.3 16.52 2.7 10.01 8.78 13.27 3.09 2.12 2.7 3.75 18.79 17.32 5.3 16.77 16.52 11.07 5.46 2.12 10.01 10.01 11.07 16.52 3.82 2.7 16.77 0.0 16.52 18.79 2.7 0.0 9.86 18.79 16.52 17.32 16.52 5.3 2.12 13.27 8.25 5.46 2.12 13.52 2.12 10.01 3.82
10.09 9.86 0.0 7.5 18.06 8.25 7.5 6.91 0.0 8.25 8.25 8.25 10.09 18.06 8.25 8.25 15.17 7.12 12.0 3.75 18.06 7.5 10.61 8.25 12.0 6.18 10.09 7.72 15.17 6.91 7.12 3.75 4.5 8.25 3.75 3.75 3.75 7.12 6.41 12.0 6.91 9.86 7.12 10.09 12.0 9.86 0.0 10.09 7.12 7.72 7.12 15.17 8.25 7.5 18.06 4.5 8.25 4.37 8.25 3.75 6.41
0.0 18.79 10.09 6.75 26.34 16.77 6.75 6.0 10.09 16.77 16.77 16.77 0.0 26.34 16.77 16.77 23.84 9.75 20.19 13.12 25.47 6.75 18.26 16.77 20.19 15.61 0.0 3.75 23.84 6.0 9.75 7.72 13.52 16.77 13.12 13.12 7.72 9.75 16.05 20.19 6.0 18.79 9.75 0.0 20.19 18.79 10.09 0.0 9.75 3.75 9.75 23.84 16.77 6.75 26.34 13.52 16.77 10.2 16.77 13.12 16.05
9.75 16.52 7.12 11.86 24.76 15.17 11.86 3.75 7.12 15.17 15.17 15.17 9.75 24.76 15.17 15.17 21.75 0.0 18.88 6.91 25.03 11.86 17.65 15.17 18.88 12.77 9.75 6.0 21.75 3.75 0.0 9.03 11.47 15.17 6.91 6.91 9.03 0.0 12.75 18.88 3.75 16.52 0.0 9.75 18.88 16.52 7.12 9.75 0.0 6.0 0.0 21.75 15.17 11.86 24.76 11.47 15.17 3.0 15.17 6.91 12.75
3.75 17.32 7.72 7.72 25.3 15.46 7.72 2.25 7.72 15.46 15.46 15.46 3.75 25.3 15.46 15.46 22.56 6.0 19.12 10.09 24.85 7.72 17.4 15.46 19.12 13.79 3.75 0.0 22.56 2.25 6.0 6.75 11.86 15.46 10.09 10.09 6.75 6.0 14.09 19.12 2.25 17.32 6.0 3.75 19.12 17.32 7.72 3.75 6.0 0.0 6.0 22.56 15.46 7.72 25.3 11.86 15.46 6.71 15.46 10.09 14.09
9.75 16.52 7.12 11.86 24.76 15.17 11.86 3.75 7.12 15.17 15.17 15.17 9.75 24.76 15.17 15.17 21.75 0.0 18.88 6.91 25.03 11.86 17.65 15.17 18.88 12.77 9.75 6.0 21.75 3.75 0.0 9.03 11.47 15.17 6.91 6.91 9.03 0.0 12.75 18.88 3.75 16.52 0.0 9.75 18.88 16.52 7.12 9.75 0.0 6.0 0.0 21.75 15.17 11.86 24.76 11.47 15.17 3.0 15.17 6.91 12.75
23.84 5.3 15.17 17.89 3.09 7.12 17.89 22.07 15.17 7.12 7.12 7.12 23.84 3.09 7.12 7.12 0.0 21.75 3.75 15.07 4.8 17.89 5.86 7.12 3.75 9.03 23.84 22.56 0.0 22.07 21.75 16.16 10.74 7.12 15.07 15.07 16.16 21.75 9.0 3.75 22.07 5.3 21.75 23.84 3.75 5.3 15.17 23.84 21.75 22.56 21.75 0.0 7.12 17.89 3.09 10.74 7.12 18.75 7.12 15.07 9.0
16.77 2.12 8.25 11.15 9.86 0.0 11.15 15.07 8.25 0.0 0.0 0.0 16.77 9.86 0.0 0.0 7.12 15.17 3.75 9.06 9.86 11.15 2.7 0.0 3.75 2.7 16.77 15.46 7.12 15.07 15.17 9.06 3.75 0.0 9.06 9.06 9.06 15.17 3.18 3.75 15.07 2.12 15.17 16.77 3.75 2.12 8.25 16.77 15.17 15.46 15.17 7.12 0.0 11.15 9.86 3.75 0.0 12.21 0.0 9.06 3.18
6.75 13.27 7.5 0.0 20.12 11.15 0.0 9.03 7.5 11.15 11.15 11.15 6.75 20.12 11.15 11.15 17.89 11.86 14.15 11.25 18.97 0.0 12.09 11.15 14.15 10.82 6.75 7.72 17.89 9.03 11.86 3.75 8.75 11.15 11.25 11.25 3.75 11.86 11.45 14.15 9.03 13.27 11.86 6.75 14.15 13.27 7.5 6.75 11.86 7.72 11.86 17.89 11.15 0.0 20.12 8.75 11.15 10.45 11.15 11.25 11.45
26.34 8.25 18.06 20.12 0.0 9.86 20.12 24.93 18.06 9.86 9.86 9.86 26.34 0.0 9.86 9.86 3.09 24.76 6.18 18.14 3.0 20.12 8.08 9.86 6.18 12.0 26.34 25.3 3.09 24.93 24.76 18.75 13.58 9.86 18.14 18.14 18.75 24.76 12.02 6.18 24.93 8.25 24.76 26.34 6.18 8.25 18.06 26.34 24.76 25.3 24.76 3.09 9.86 20.12 0.0 13.58 9.86 21.76 9.86 18.14 12.02
13.52 5.46 4.5 8.75 13.58 3.75 8.75 11.35 4.5 3.75 3.75 3.75 13.52 13.58 3.75 3.75 10.74 11.47 7.5 5.86 13.58 8.75 6.18 3.75 7.5 2.12 13.52 11.86 10.74 11.35 11.47 5.86 0.0 3.75 5.86 5.86 5.86 11.47 2.7 7.5 11.35 5.46 11.47 13.52 7.5 5.46 4.5 13.52 11.47 11.86 11.47 10.74 3.75 8.75 13.58 0.0 3.75 8.55 3.75 5.86 2.7
16.77 2.12 8.25 11.15 9.86 0.0 11.15 15.07 8.25 0.0 0.0 0.0 16.77 9.86 0.0 0.0 7.12 15.17 3.75 9.06 9.86 11.15 2.7 0.0 3.75 2.7 16.77 15.46 7.12 15.07 15.17 9.06 3.75 0.0 9.06 9.06 9.06 15.17 3.18 3.75 15.07 2.12 15.17 16.77 3.75 2.12 8.25 16.77 15.17 15.46 15.17 7.12 0.0 11.15 9.86 3.75 0.0 12.21 0.0 9.06 3.18
10.2 13.52 4.37 10.45 21.76 12.21 10.45 4.8 4.37 12.21 12.21 12.21 10.2 21.76 12.21 12.21 18.75 3.0 15.91 4.04 22.07 10.45 14.74 12.21 15.91 9.78 10.2 6.71 18.75 4.8 3.0 7.08 8.55 12.21 4.04 4.04 7.08 3.0 9.75 15.91 4.8 13.52 3.0 10.2 15.91 13.52 4.37 10.2 3.0 6.71 3.0 18.75 12.21 10.45 21.76 8.55 12.21 0.0 12.21 4.04 9.75
16.77 2.12 8.25 11.15 9.86 0.0 11.15 15.07 8.25 0.0 0.0 0.0 16.77 9.86 0.0 0.0 7.12 15.17 3.75 9.06 9.86 11.15 2.7 0.0 3.75 2.7 16.77 15.46 7.12 15.07 15.17 9.06 3.75 0.0 9.06 9.06 9.06 15.17 3.18 3.75 15.07 2.12 15.17 16.77 3.75 2.12 8.25 16.77 15.17 15.46 15.17 7.12 0.0 11.15 9.86 3.75 0.0 12.21 0.0 9.06 3.18
13.12 10.01 3.75 11.25 18.14 9.06 11.25 8.55 3.75 9.06 9.06 9.06 13.12 18.14 9.06 9.06 15.07 6.91 12.57 0.0 18.75 11.25 11.74 9.06 12.57 6.41 13.12 10.09 15.07 8.55 6.91 7.5 5.86 9.06 0.0 0.0 7.5 6.91 6.18 12.57 8.55 10.01 6.91 13.12 12.57 10.01 3.75 13.12 6.91 10.09 6.91 15.07 9.06 11.25 18.14 5.86 9.06 4.04 9.06 0.0 6.18
16.05 3.82 6.41 11.45 12.02 3.18 11.45 13.29 6.41 3.18 3.18 3.18 16.05 12.02 3.18 3.18 9.0 12.75 6.41 6.18 12.57 11.45 5.86 3.18 6.41 0.75 16.05 14.09 9.0 13.29 12.75 8.49 2.7 3.18 6.18 6.18 8.49 12.75 0.0 6.41 13.29 3.82 12.75 16.05 6.41 3.82 6.41 16.05 12.75 14.09 12.75 9.0 3.18 11.45 12.02 2.7 3.18 9.75 3.18 6.18 0.0
