0.0 15.61 18.26 18.79 7.72 16.77 6.75 20.19 15.61 6.0 19.97 25.47 16.97 18.26 19.97 6.75 26.34 18.79 10.2 6.0 3.75 9.75 0.0 23.84 25.47 18.26 18.26 16.97 15.61 25.47 13.12 26.34 10.09 23.84 26.34 16.77 23.84 6.75 13.52 16.05 26.34 25.47 23.84 16.97 18.79 10.2 13.52 16.05 6.75 10.2 23.84 13.12 25.47 18.26 13.52 13.12 26.34 16.97 23.84 16.05 6.75 10.2 19.97 6.0 13.12 6.0 3.75 6.0 3.75 16.97 15.61 23.84 16.77 7.72 18.26 10.2 0.0 9.75 10.2 0.0 26.34 16.97 13.52 19.97 6.0 20.19 25.47 16.05 18.26 7.72 6.75 18.79 18.26 25.47 26.34 19.97 0.0 10.09 7.72 26.34 13.12
15.61 0.0 5.41 3.75 7.97 2.7 10.82 6.18 0.0 13.1 4.37 12.37 3.09 5.41 4.37 10.82 12.0 3.75 9.78 13.1 13.79 12.77 15.61 9.03 12.37 5.41 5.41 3.09 0.0 12.37 6.41 12.0 6.18 9.03 12.0 2.7 9.03 10.82 2.12 0.75 12.0 12.37 9.03 3.09 3.75 9.78 2.12 0.75 10.82 9.78 9.03 6.41 12.37 5.41 2.12 6.41 12.0 3.09 9.03 0.75 10.82 9.78 4.37 13.1 6.41 13.1 13.79 13.1 13.79 3.09 0.0 9.03 2.7 7.97 5.41 9.78 15.61 12.77 9.78 15.61 12.0 3.09 2.12 4.37 13.1 6.18 12.37 0.75 5.41 7.97 10.82 3.75 5.41 12.37 12.0 4.37 15.61 6.18 7.97 12.0 6.41
18.26 5.41 0.0 3.09 10.74 2.7 12.09 2.12 5.41 17.25 5.3 7.5 7.97 0.0 5.3 12.09 8.08 3.09 14.74 17.25 17.4 17.65 18.26 5.86 7.5 0.0 0.0 7.97 5.41 7.5 11.74 8.08 10.61 5.86 8.08 2.7 5.86 12.09 6.18 5.86 8.08 7.5 5.86 7.97 3.09 14.74 6.18 5.86 12.09 14.74 5.86 11.74 7.5 0.0 6.18 11.74 8.08 7.97 5.86 5.86 12.09 14.74 5.3 17.25 11.74 17.25 17.4 17.25 17.4 7.97 5.41 5.86 2.7 10.74 0.0 14.74 18.26 17.65 14.74 18.26 8.08 7.97 6.18 5.3 17.25 2.12 7.5 5.86 0.0 10.74 12.09 3.09 0.0 7.5 8.08 5.3 18.26 10.61 10.74 8.08 11.74
18.79 3.75 3.09 0.0 11.07 2.12 13.27 2.7 3.75 16.77 2.25 8.78 5.41 3.09 2.25 13.27 8.25 0.0 13.52 16.77 17.32 16.52 18.79 5.3 8.78 3.09 3.09 5.41 3.75 8.78 10.01 8.25 9.86 5.3 8.25 2.12 5.3 13.27 5.46 3.82 8.25 8.78 5.3 5.41 0.0 13.52 5.46 3.82 13.27 13.52 5.3 10.01 8.78 3.09 5.46 10.01 8.25 5.41 5.3 3.82 13.27 13.52 2.25 16.77 10.01 16.77 17.32 16.77 17.32 5.41 3.75 5.3 2.12 11.07 3.09 13.52 18.79 16.52 13.52 18.79 8.25 5.41 5.46 2.25 16.77 2.7 8.78 3.82 3.09 11.07 13.27 0.0 3.09 8.78 8.25 2.25 18.79 9.86 11.07 8.25 10.01
7.72 7.97 10.74 11.07 0.0 9.06 3.75 12.57 7.97 7.12 12.3 18.14 9.78 10.74 12.3 3.75 18.75 11.07 7.08 7.12 6.75 9.03 7.72 16.16 18.14 10.74 10.74 9.78 7.97 18.14 7.5 18.75 3.75 16.16 18.75 9.06 16.16 3.75 5.86 8.49 18.75 18.14 16.16 9.78 11.07 7.08 5.86 8.49 3.75 7.08 16.16 7.5 18.14 10.74 5.86 7.5 18.75 9.78 16.16 8.49 3.75 7.08 12.3 7.12 7.5 7.12 6.75 7.12 6.75 9.78 7.97 16.16 9.06 0.0 10.74 7.08 7.72 9.03 7.08 7.72 18.75 9.78 5.86 12.3 7.12 12.57 18.14 8.49 10.74 0.0 3.75 11.07 10.74 18.14 18.75 12.3 7.72 3.75 0.0 18.75 7.5
16.77 2.7 2.7 2.12 9.06 0.0 11.15 3.75 2.7 15.07 4.04 9.86 5.41 2.7 4.04 11.15 9.86 2.12 12.21 15.07 15.46 15.17 16.77 7.12 9.86 2.7 2.7 5.41 2.7 9.86 9.06 9.86 8.25 7.12 9.86 0.0 7.12 11.15 3.75 3.18 9.86 9.86 7.12 5.41 2.12 12.21 3.75 3.18 11.15 12.21 7.12 9.06 9.86 2.7 3.75 9.06 9.86 5.41 7.12 3.18 11.15 12.21 4.04 15.07 9.06 15.07 15.46 15.07 15.46 5.41 2.7 7.12 0.0 9.06 2.7 12.21 16.77 15.17 12.21 16.77 9.86 5.41 3.75 4.04 15.07 3.75 9.86 3.18 2.7 9.06 11.15 2.12 2.7 9.86 9.86 4.04 16.77 8.25 9.06 9.86 9.06
6.75 10.82 12.09 13.27 3.75 11.15 0.0 14.15 10.82 9.03 14.89 18.97 13.1 12.09 14.89 0.0 20.12 13.27 10.45 9.03 7.72 11.86 6.75 17.89 18.97 12.09 12.09 13.1 10.82 18.97 11.25 20.12 7.5 17.89 20.12 11.15 17.89 0.0 8.75 11.45 20.12 18.97 17.89 13.1 13.27 10.45 8.75 11.45 0.0 10.45 17.89 11.25 18.97 12.09 8.75 11.25 20.12 13.1 17.89 11.45 0.0 10.45 14.89 9.03 11.25 9.03 7.72 9.03 7.72 13.1 10.82 17.89 11.15 3.75 12.09 10.45 6.75 11.86 10.45 6.75 20.12 13.1 8.75 14.89 9.03 14.15 18.97 11.45 12.09 3.75 0.0 13.27 12.09 18.97 20.12 14.89 6.75 7.5 3.75 20.12 11.25
20.19 6.18 2.12 2.7 12.57 3.75 14.15 0.0 6.18 18.81 4.37 6.18 8.11 2.12 4.37 14.15 6.18 2.7 15.91 18.81 19.12 18.88 20.19 3.75 6.18 2.12 2.12 8.11 6.18 6.18 12.57 6.18 12.0 3.75 6.18 3.75 3.75 14.15 7.5 6.41 6.18 6.18 3.75 8.11 2.7 15.91 7.5 6.41 14.15 15.91 3.75 12.57 6.18 2.12 7.5 12.57 6.18 8.11 3.75 6.41 14.15 15.91 4.37 18.81 12.57 18.81 19.12 18.81 19.12 8.11 6.18 3.75 3.75 12.57 2.12 15.91 20.19 18.88 15.91 20.19 6.18 8.11 7.5 4.37 18.81 0.0 6.18 6.41 2.12 12.57 14.15 2.7 2.12 6.18 6.18 4.37 20.19 12.0 12.57 6.18 12.57
15.61 0.0 5.41 3.75 7.97 2.7 10.82 6.18 0.0 13.1 4.37 12.37 3.09 5.41 4.37 10.82 12.0 3.75 9.78 13.1 13.79 12.77 15.61 9.03 12.37 5.41 5.41 3.09 0.0 12.37 6.41 12.0 6.18 9.03 12.0 2.7 9.03 10.82 2.12 0.75 12.0 12.37 9.03 3.09 3.75 9.78 2.12 0.75 10.82 9.78 9.03 6.41 12.37 5.41 2.12 6.41 12.0 3.09 9.03 0.75 10.82 9.78 4.37 13.1 6.41 13.1 13.79 13.1 13.79 3.09 0.0 9.03 2.7 7.97 5.41 9.78 15.61 12.77 9.78 15.61 12.0 3.09 2.12 4.37 13.1 6.18 12.37 0.75 5.41 7.97 10.82 3.75 5.41 12.37 12.0 4.37 15.61 6.18 7.97 12.0 6.41
6.0 13.1 17.25 16.77 7.12 15.07 9.03 18.81 13.1 0.0 17.32 24.75 13.42 17.25 17.32 9.03 24.93 16.77 4.8 0.0 2.25 3.75 6.0 22.07 24.75 17.25 17.25 13.42 13.1 24.75 8.55 24.93 6.91 22.07 24.93 15.07 22.07 9.03 11.35 13.29 24.93 24.75 22.07 13.42 16.77 4.8 11.35 13.29 9.03 4.8 22.07 8.55 24.75 17.25 11.35 8.55 24.93 13.42 22.07 13.29 9.03 4.8 17.32 0.0 8.55 0.0 2.25 0.0 2.25 13.42 13.1 22.07 15.07 7.12 17.25 4.8 6.0 3.75 4.8 6.0 24.93 13.42 11.35 17.32 0.0 18.81 24.75 13.29 17.25 7.12 9.03 16.77 17.25 24.75 24.93 17.32 6.0 6.91 7.12 24.93 8.55
19.97 4.37 5.3 2.25 12.3 4.04 14.89 4.37 4.37 17.32 0.0 9.78 4.56 5.3 0.0 14.89 8.55 2.25 13.58 17.32 18.12 16.57 19.97 5.46 9.78 5.3 5.3 4.56 4.37 9.78 9.75 8.55 10.45 5.46 8.55 4.04 5.46 14.89 6.45 4.04 8.55 9.78 5.46 4.56 2.25 13.58 6.45 4.04 14.89 13.58 5.46 9.75 9.78 5.3 6.45 9.75 8.55 4.56 5.46 4.04 14.89 13.58 0.0 17.32 9.75 17.32 18.12 17.32 18.12 4.56 4.37 5.46 4.04 12.3 5.3 13.58 19.97 16.57 13.58 19.97 8.55 4.56 6.45 0.0 17.32 4.37 9.78 4.04 5.3 12.3 14.89 2.25 5.3 9.78 8.55 0.0 19.97 10.45 12.3 8.55 9.75
25.47 12.37 7.5 8.78 18.14 9.86 18.97 6.18 12.37 24.75 9.78 0.0 14.09 7.5 9.78 18.97 3.0 8.78 22.07 24.75 24.85 25.03 25.47 4.8 0.0 7.5 7.5 14.09 12.37 0.0 18.75 3.0 18.06 4.8 3.0 9.86 4.8 18.97 13.58 12.57 3.0 0.0 4.8 14.09 8.78 22.07 13.58 12.57 18.97 22.07 4.8 18.75 0.0 7.5 13.58 18.75 3.0 14.09 4.8 12.57 18.97 22.07 9.78 24.75 18.75 24.75 24.85 24.75 24.85 14.09 12.37 4.8 9.86 18.14 7.5 22.07 25.47 25.03 22.07 25.47 3.0 14.09 13.58 9.78 24.75 6.18 0.0 12.57 7.5 18.14 18.97 8.78 7.5 0.0 3.0 9.78 25.47 18.06 18.14 3.0 18.75
16.97 3.09 7.97 5.41 9.78 5.41 13.1 8.11 3.09 13.42 4.56 14.09 0.0 7.97 4.56 13.1 13.1 5.41 9.28 13.42 14.56 12.21 16.97 10.01 14.09 7.97 7.97 0.0 3.09 14.09 5.3 13.1 6.91 10.01 13.1 5.41 10.01 13.1 4.56 2.37 13.1 14.09 10.01 0.0 5.41 9.28 4.56 2.37 13.1 9.28 10.01 5.3 14.09 7.97 4.56 5.3 13.1 0.0 10.01 2.37 13.1 9.28 4.56 13.42 5.3 13.42 14.56 13.42 14.56 0.0 3.09 10.01 5.41 9.78 7.97 9.28 16.97 12.21 9.28 16.97 13.1 0.0 4.56 4.56 13.42 8.11 14.09 2.37 7.97 9.78 13.1 5.41 7.97 14.09 13.1 4.56 16.97 6.91 9.78 13.1 5.3
18.26 5.41 0.0 3.09 10.74 2.7 12.09 2.12 5.41 17.25 5.3 7.5 7.97 0.0 5.3 12.09 8.08 3.09 14.74 17.25 17.4 17.65 18.26 5.86 7.5 0.0 0.0 7.97 5.41 7.5 11.74 8.08 10.61 5.86 8.08 2.7 5.86 12.09 6.18 5.86 8.08 7.5 5.86 7.97 3.09 14.74 6.18 5.86 12.09 14.74 5.86 11.74 7.5 0.0 6.18 11.74 8.08 7.97 5.86 5.86 12.09 14.74 5.3 17.25 11.74 17.25 17.4 17.25 17.4 7.97 5.41 5.86 2.7 10.74 0.0 14.74 18.26 17.65 14.74 18.26 8.08 7.97 6.18 5.3 17.25 2.12 7.5 5.86 0.0 10.74 12.09 3.09 0.0 7.5 8.08 5.3 18.26 10.61 10.74 8.08 11.74
19.97 4.37 5.3 2.25 12.3 4.04 14.89 4.37 4.37 17.32 0.0 9.78 4.56 5.3 0.0 14.89 8.55 2.25 13.58 17.32 18.12 16.57 19.97 5.46 9.78 5.3 5.3 4.56 4.37 9.78 9.75 8.55 10.45 5.46 8.55 4.04 5.46 14.89 6.45 4.04 8.55 9.78 5.46 4.56 2.25 13.58 6.45 4.04 14.89 13.58 5.46 9.75 9.78 5.3 6.45 9.75 8.55 4.56 5.46 4.04 14.89 13.58 0.0 17.32 9.75 17.32 18.12 17.32 18.12 4.56 4.37 5.46 4.04 12.3 5.3 13.58 19.97 16.57 13.58 19.97 8.55 4.56 6.45 0.0 17.32 4.37 9.78 4.04 5.3 12.3 14.89 2.25 5.3 9.78 8.55 0.0 19.97 10.45 12.3 8.55 9.75
6.75 10.82 12.09 13.27 3.75 11.15 0.0 14.15 10.82 9.03 14.89 18.97 13.1 12.09 14.89 0.0 20.12 13.27 10.45 9.03 7.72 11.86 6.75 17.89 18.97 12.09 12.09 13.1 10.82 18.97 11.25 20.12 7.5 17.89 20.12 11.15 17.89 0.0 8.75 11.45 20.12 18.97 17.89 13.1 13.27 10.45 8.75 11.45 0.0 10.45 17.89 11.25 18.97 12.09 8.75 11.25 20.12 13.1 17.89 11.45 0.0 10.45 14.89 9.03 11.25 9.03 7.72 9.03 7.72 13.1 10.82 17.89 11.15 3.75 12.09 10.45 6.75 11.86 10.45 6.75 20.12 13.1 8.75 14.89 9.03 14.15 18.97 11.45 12.09 3.75 0.0 13.27 12.09 18.97 20.12 14.89 6.75 7.5 3.75 20.12 11.25
26.34 12.0 8.08 8.25 18.75 9.86 20.12 6.18 12.0 24.93 8.55 3.0 13.1 8.08 8.55 20.12 0.0 8.25 21.76 24.93 25.3 24.76 26.34 3.09 3.0 8.08 8.08 13.1 12.0 3.0 18.14 0.0 18.06 3.09 0.0 9.86 3.09 20.12 13.58 12.02 0.0 3.0 3.09 13.1 8.25 21.76 13.58 12.02 20.12 21.76 3.09 18.14 3.0 8.08 13.58 18.14 0.0 13.1 3.09 12.02 20.12 21.76 8.55 24.93 18.14 24.93 25.3 24.93 25.3 13.1 12.0 3.09 9.86 18.75 8.08 21.76 26.34 24.76 21.76 26.34 0.0 13.1 13.58 8.55 24.93 6.18 3.0 12.02 8.08 18.75 20.12 8.25 8.08 3.0 0.0 8.55 26.34 18.06 18.75 0.0 18.14
18.79 3.75 3.09 0.0 11.07 2.12 13.27 2.7 3.75 16.77 2.25 8.78 5.41 3.09 2.25 13.27 8.25 0.0 13.52 16.77 17.32 16.52 18.79 5.3 8.78 3.09 3.09 5.41 3.75 8.78 10.01 8.25 9.86 5.3 8.25 2.12 5.3 13.27 5.46 3.82 8.25 8.78 5.3 5.41 0.0 13.52 5.46 3.82 13.27 13.52 5.3 10.01 8.78 3.09 5.46 10.01 8.25 5.41 5.3 3.82 13.27 13.52 2.25 16.77 10.01 16.77 17.32 16.77 17.32 5.41 3.75 5.3 2.12 11.07 3.09 13.52 18.79 16.52 13.52 18.79 8.25 5.41 5.46 2.25 16.77 2.7 8.78 3.82 3.09 11.07 13.27 0.0 3.09 8.78 8.25 2.25 18.79 9.86 11.07 8.25 10.01
10.2 9.78 14.74 13.52 7.08 12.21 10.45 15.91 9.78 4.8 13.58 22.07 9.28 14.74 13.58 10.45 21.76 13.52 0.0 4.8 6.71 3.0 10.2 18.75 22.07 14.74 14.74 9.28 9.78 22.07 4.04 21.76 4.37 18.75 21.76 12.21 18.75 10.45 8.55 9.75 21.76 22.07 18.75 9.28 13.52 0.0 8.55 9.75 10.45 0.0 18.75 4.04 22.07 14.74 8.55 4.04 21.76 9.28 18.75 9.75 10.45 0.0 13.58 4.8 4.04 4.8 6.71 4.8 6.71 9.28 9.78 18.75 12.21 7.08 14.74 0.0 10.2 3.0 0.0 10.2 21.76 9.28 8.55 13.58 4.8 15.91 22.07 9.75 14.74 7.08 10.45 13.52 14.74 22.07 21.76 13.58 10.2 4.37 7.08 21.76 4.04
6.0 13.1 17.25 16.77 7.12 15.07 9.03 18.81 13.1 0.0 17.32 24.75 13.42 17.25 17.32 9.03 24.93 16.77 4.8 0.0 2.25 3.75 6.0 22.07 24.75 17.25 17.25 13.42 13.1 24.75 8.55 24.93 6.91 22.07 24.93 15.07 22.07 9.03 11.35 13.29 24.93 24.75 22.07 13.42 16.77 4.8 11.35 13.29 9.03 4.8 22.07 8.55 24.75 17.25 11.35 8.55 24.93 13.42 22.07 13.29 9.03 4.8 17.32 0.0 8.55 0.0 2.25 0.0 2.25 13.42 13.1 22.07 15.07 7.12 17.25 4.8 6.0 3.75 4.8 6.0 24.93 13.42 11.35 17.32 0.0 18.81 24.75 13.29 17.25 7.12 9.03 16.77 17.25 24.75 24.93 17.32 6.0 6.91 7.12 24.93 8.55
3.75 13.79 17.4 17.32 6.75 15.46 7.72 19.12 13.79 2.25 18.12 24.85 14.56 17.4 18.12 7.72 25.3 17.32 6.71 2.25 0.0 6.0 3.75 22.56 24.85 17.4 17.4 14.56 13.79 24.85 10.09 25.3 7.72 22.56 25.3 15.46 22.56 7.72 11.86 14.09 25.3 24.85 22.56 14.56 17.32 6.71 11.86 14.09 7.72 6.71 22.56 10.09 24.85 17.4 11.86 10.09 25.3 14.56 22.56 14.09 7.72 6.71 18.12 2.25 10.09 2.25 0.0 2.25 0.0 14.56 13.79 22.56 15.46 6.75 17.4 6.71 3.75 6.0 6.71 3.75 25.3 14.56 11.86 18.12 2.25 19.12 24.85 14.09 17.4 6.75 7.72 17.32 17.4 24.85 25.3 18.12 3.75 7.72 6.75 25.3 10.09
9.75 12.77 17.65 16.52 9.03 15.17 11.86 18.88 12.77 3.75 16.57 25.03 12.21 17.65 16.57 11.86 24.76 16.52 3.0 3.75 6.0 0.0 9.75 21.75 25.03 17.65 17.65 12.21 12.77 25.03 6.91 24.76 7.12 21.75 24.76 15.17 21.75 11.86 11.47 12.75 24.76 25.03 21.75 12.21 16.52 3.0 11.47 12.75 11.86 3.0 21.75 6.91 25.03 17.65 11.47 6.91 24.76 12.21 21.75 12.75 11.86 3.0 16.57 3.75 6.91 3.75 6.0 3.75 6.0 12.21 12.77 21.75 15.17 9.03 17.65 3.0 9.75 0.0 3.0 9.75 24.76 12.21 11.47 16.57 3.75 18.88 25.03 12.75 17.65 9.03 11.86 16.52 17.65 25.03 24.76 16.57 9.75 7.12 9.03 24.76 6.91
0.0 15.61 18.26 18.79 7.72 16.77 6.75 20.19 15.61 6.0 19.97 25.47 16.97 18.26 19.97 6.75 26.34 18.79 10.2 6.0 3.75 9.75 0.0 23.84 25.47 18.26 18.26 16.97 15.61 25.47 13.12 26.34 10.09 23.84 26.34 16.77 23.84 6.75 13.52 16.05 26.34 25.47 23.84 16.97 18.79 10.2 13.52 16.05 6.75 10.2 23.84 13.12 25.47 18.26 13.52 13.12 26.34 16.97 23.84 16.05 6.75 10.2 19.97 6.0 13.12 6.0 3.75 6.0 3.75 16.97 15.61 23.84 16.77 7.72 18.26 10.2 0.0 9.75 10.2 0.0 26.34 16.97 13.52 19.97 6.0 20.19 25.47 16.05 18.26 7.72 6.75 18.79 18.26 25.47 26.34 19.97 0.0 10.09 7.72 26.34 13.12
23.84 9.03 5.86 5.3 16.16 7.12 17.89 3.75 9.03 22.07 5.46 4.8 10.01 5.86 5.46 17.89 3.09 5.3 18.75 22.07 22.56 21.75 23.84 0.0 4.8 5.86 5.86 10.01 9.03 4.8 15.07 3.09 15.17 0.0 3.09 7.12 0.0 17.89 10.74 9.0 3.09 4.8 0.0 10.01 5.3 18.75 10.74 9.0 17.89 18.75 0.0 15.07 4.8 5.86 10.74 15.07 3.09 10.01 0.0 9.0 17.89 18.75 5.46 22.07 15.07 22.07 22.56 22.07 22.56 10.01 9.03 0.0 7.12 16.16 5.86 18.75 23.84 21.75 18.75 23.84 3.09 10.01 10.74 5.46 22.07 3.75 4.8 9.0 5.86 16.16 17.89 5.3 5.86 4.8 3.09 5.46 23.84 15.17 16.16 3.09 15.07
25.47 12.37 7.5 8.78 18.14 9.86 18.97 6.18 12.37 24.75 9.78 0.0 14.09 7.5 9.78 18.97 3.0 8.78 22.07 24.75 24.85 25.03 25.47 4.8 0.0 7.5 7.5 14.09 12.37 0.0 18.75 3.0 18.06 4.8 3.0 9.86 4.8 18.97 13.58 12.57 3.0 0.0 4.8 14.09 8.78 22.07 13.58 12.57 18.97 22.07 4.8 18.75 0.0 7.5 13.58 18.75 3.0 14.09 4.8 12.57 18.97 22.07 9.78 24.75 18.75 24.75 24.85 24.75 24.85 14.09 12.37 4.8 9.86 18.14 7.5 22.07 25.47 25.03 22.07 25.47 3.0 14.09 13.58 9.78 24.75 6.18 0.0 12.57 7.5 18.14 18.97 8.78 7.5 0.0 3.0 9.78 25.47 18.06 18.14 3.0 18.75
18.26 5.41 0.0 3.09 10.74 2.7 12.09 2.12 5.41 17.25 5.3 7.5 7.97 0.0 5.3 12.09 8.08 3.09 14.74 17.25 17.4 17.65 18.26 5.86 7.5 0.0 0.0 7.97 5.41 7.5 11.74 8.08 10.61 5.86 8.08 2.7 5.86 12.09 6.18 5.86 8.08 7.5 5.86 7.97 3.09 14.74 6.18 5.86 12.09 14.74 5.86 11.74 7.5 0.0 6.18 11.74 8.08 7.97 5.86 5.86 12.09 14.74 5.3 17.25 11.74 17.25 17.4 17.25 17.4 7.97 5.41 5.86 2.7 10.74 0.0 14.74 18.26 17.65 14.74 18.26 8.08 7.97 6.18 5.3 17.25 2.12 7.5 5.86 0.0 10.74 12.09 3.09 0.0 7.5 8.08 5.3 18.26 10.61 10.74 8.08 11.74
18.26 5.41 0.0 3.09 10.74 2.7 12.09 2.12 5.41 17.25 5.3 7.5 7.97 0.0 5.3 12.09 8.08 3.09 14.74 17.25 17.4 17.65 18.26 5.86 7.5 0.0 0.0 7.97 5.41 7.5 11.74 8.08 10.61 5.86 8.08 2.7 5.86 12.09 6.18 5.86 8.08 7.5 5.86 7.97 3.09 14.74 6.18 5.86 12.09 14.74 5.86 11.74 7.5 0.0 6.18 11.74 8.08 7.97 5.86 5.86 12.09 14.74 5.3 17.25 11.74 17.25 17.4 17.25 17.4 7.97 5.41 5.86 2.7 10.74 0.0 14.74 18.26 17.65 14.74 18.26 8.08 7.97 6.18 5.3 17.25 2.12 7.5 5.86 0.0 10.74 12.09 3.09 0.0 7.5 8.08 5.3 18.26 10.61 10.74 8.08 11.74
16.97 3.09 7.97 5.41 9.78 5.41 13.1 8.11 3.09 13.42 4.56 14.09 0.0 7.97 4.56 13.1 13.1 5.41 9.28 13.42 14.56 12.21 16.97 10.01 14.09 7.97 7.97 0.0 3.09 14.09 5.3 13.1 6.91 10.01 13.1 5.41 10.01 13.1 4.56 2.37 13.1 14.09 10.01 0.0 5.41 9.28 4.56 2.37 13.1 9.28 10.01 5.3 14.09 7.97 4.56 5.3 13.1 0.0 10.01 2.37 13.1 9.28 4.56 13.42 5.3 13.42 14.56 13.42 14.56 0.0 3.09 10.01 5.41 9.78 7.97 9.28 16.97 12.21 9.28 16.97 13.1 0.0 4.56 4.56 13.42 8.11 14.09 2.37 7.97 9.78 13.1 5.41 7.97 14.09 13.1 4.56 16.97 6.91 9.78 13.1 5.3
15.61 0.0 5.41 3.75 7.97 2.7 10.82 6.18 0.0 13.1 4.37 12.37 3.09 5.41 4.37 10.82 12.0 3.75 9.78 13.1 13.79 12.77 15.61 9.03 12.37 5.41 5.41 3.09 0.0 12.37 6.41 12.0 6.18 9.03 12.0 2.7 9.03 10.82 2.12 0.75 12.0 12.37 9.03 3.09 3.75 9.78 2.12 0.75 10.82 9.78 9.03 6.41 12.37 5.41 2.12 6.41 12.0 3.09 9.03 0.75 10.82 9.78 4.37 13.1 6.41 13.1 13.79 13.1 13.79 3.09 0.0 9.03 2.7 7.97 5.41 9.78 15.61 12.77 9.78 15.61 12.0 3.09 2.12 4.37 13.1 6.18 12.37 0.75 5.41 7.97 10.82 3.75 5.41 12.37 12.0 4.37 15.61 6.18 7.97 12.0 6.41
25.47 12.37 7.5 8.78 18.14 9.86 18.97 6.18 12.37 24.75 9.78 0.0 14.09 7.5 9.78 18.97 3.0 8.78 22.07 24.75 24.85 25.03 25.47 4.8 0.0 7.5 7.5 14.09 12.37 0.0 18.75 3.0 18.06 4.8 3.0 9.86 4.8 18.97 13.58 12.57 3.0 0.0 4.8 14.09 8.78 22.07 13.58 12.57 18.97 22.07 4.8 18.75 0.0 7.5 13.58 18.75 3.0 14.09 4.8 12.57 18.97 22.07 9.78 24.75 18.75 24.75 24.85 24.75 24.85 14.09 12.37 4.8 9.86 18.14 7.5 22.07 25.47 25.03 22.07 25.47 3.0 14.09 13.58 9.78 24.75 6.18 0.0 12.57 7.5 18.14 18.97 8.78 7.5 0.0 3.0 9.78 25.47 18.06 18.14 3.0 18.75
13.12 6.41 11.74 10.01 7.5 9.06 11.25 12.57 6.41 8.55 9.75 18.75 5.3 11.74 9.75 11.25 18.14 10.01 4.04 8.55 10.09 6.91 13.12 15.07 18.75 11.74 11.74 5.3 6.41 18.75 0.0 18.14 3.75 15.07 18.14 9.06 15.07 11.25 5.86 6.18 18.14 18.75 15.07 5.3 10.01 4.04 5.86 6.18 11.25 4.04 15.07 0.0 18.75 11.74 5.86 0.0 18.14 5.3 15.07 6.18 11.25 4.04 9.75 8.55 0.0 8.55 10.09 8.55 10.09 5.3 6.41 15.07 9.06 7.5 11.74 4.04 13.12 6.91 4.04 13.12 18.14 5.3 5.86 9.75 8.55 12.57 18.75 6.18 11.74 7.5 11.25 10.01 11.74 18.75 18.14 9.75 13.12 3.75 7.5 18.14 0.0
26.34 12.0 8.08 8.25 18.75 9.86 20.12 6.18 12.0 24.93 8.55 3.0 13.1 8.08 8.55 20.12 0.0 8.25 21.76 24.93 25.3 24.76 26.34 3.09 3.0 8.08 8.08 13.1 12.0 3.0 18.14 0.0 18.06 3.09 0.0 9.86 3.09 20.12 13.58 12.02 0.0 3.0 3.09 13.1 8.25 21.76 13.58 12.02 20.12 21.76 3.09 18.14 3.0 8.08 13.58 18.14 0.0 13.1 3.09 12.02 20.12 21.76 8.55 24.93 18.14 24.93 25.3 24.93 25.3 13.1 12.0 3.09 9.86 18.75 8.08 21.76 26.34 24.76 21.76 26.34 0.0 13.1 13.58 8.55 24.93 6.18 3.0 12.02 8.08 18.75 20.12 8.25 8.08 3.0 0.0 8.55 26.34 18.06 18.75 0.0 18.14
10.09 6.18 10.61 9.86 3.75 8.25 7.5 12.0 6.18 6.91 10.45 18.06 6.91 10.61 10.45 7.5 18.06 9.86 4.37 6.91 7.72 7.12 10.09 15.17 18.06 10.61 10.61 6.91 6.18 18.06 3.75 18.06 0.0 15.17 18.06 8.25 15.17 7.5 4.5 6.41 18.06 18.06 15.17 6.91 9.86 4.37 4.5 6.41 7.5 4.37 15.17 3.75 18.06 10.61 4.5 3.75 18.06 6.91 15.17 6.41 7.5 4.37 10.45 6.91 3.75 6.91 7.72 6.91 7.72 6.91 6.18 15.17 8.25 3.75 10.61 4.37 10.09 7.12 4.37 10.09 18.06 6.91 4.5 10.45 6.91 12.0 18.06 6.41 10.61 3.75 7.5 9.86 10.61 18.06 18.06 10.45 10.09 0.0 3.75 18.06 3.75
23.84 9.03 5.86 5.3 16.16 7.12 17.89 3.75 9.03 22.07 5.46 4.8 10.01 5.86 5.46 17.89 3.09 5.3 18.75 22.07 22.56 21.75 23.84 0.0 4.8 5.86 5.86 10.01 9.03 4.8 15.07 3.09 15.17 0.0 3.09 7.12 0.0 17.89 10.74 9.0 3.09 4.8 0.0 10.01 5.3 18.75 10.74 9.0 17.89 18.75 0.0 15.07 4.8 5.86 10.74 15.07 3.09 10.01 0.0 9.0 17.89 18.75 5.46 22.07 15.07 22.07 22.56 22.07 22.56 10.01 9.03 0.0 7.12 16.16 5.86 18.75 23.84 21.75 18.75 23.84 3.09 10.01 10.74 5.46 22.07 3.75 4.8 9.0 5.86 16.16 17.89 5.3 5.86 4.8 3.09 5.46 23.84 15.17 16.16 3.09 15.07
26.34 12.0 8.08 8.25 18.75 9.86 20.12 6.18 12.0 24.93 8.55 3.0 13.1 8.08 8.55 20.12 0.0 8.25 21.76 24.93 25.3 24.76 26.34 3.09 3.0 8.08 8.08 13.1 12.0 3.0 18.14 0.0 18.06 3.09 0.0 9.86 3.09 20.12 13.58 12.02 0.0 3.0 3.09 13.1 8.25 21.76 13.58 12.02 20.12 21.76 3.09 18.14 3.0 8.08 13.58 18.14 0.0 13.1 3.09 12.02 20.12 21.76 8.55 24.93 18.14 24.93 25.3 24.93 25.3 13.1 12.0 3.09 9.86 18.75 8.08 21.76 26.34 24.76 21.76 26.34 0.0 13.1 13.58 8.55 24.93 6.18 3.0 12.02 8.08 18.75 20.12 8.25 8.08 3.0 0.0 8.55 26.34 18.06 18.75 0.0 18.14
16.77 2.7 2.7 2.12 9.06 0.0 11.15 3.75 2.7 15.07 4.04 9.86 5.41 2.7 4.04 11.15 9.86 2.12 12.21 15.07 15.46 15.17 16.77 7.12 9.86 2.7 2.7 5.41 2.7 9.86 9.06 9.86 8.25 7.12 9.86 0.0 7.12 11.15 3.75 3.18 9.86 9.86 7.12 5.41 2.12 12.21 3.75 3.18 11.15 12.21 7.12 9.06 9.86 2.7 3.75 9.06 9.86 5.41 7.12 3.18 11.15 12.21 4.04 15.07 9.06 15.07 15.46 15.07 15.46 5.41 2.7 7.12 0.0 9.06 2.7 12.21 16.77 15.17 12.21 16.77 9.86 5.41 3.75 4.04 15.07 3.75 9.86 3.18 2.7 9.06 11.15 2.12 2.7 9.86 9.86 4.04 16.77 8.25 9.06 9.86 9.06
23.84 9.03 5.86 5.3 16.16 7.12 17.89 3.75 9.03 22.07 5.46 4.8 10.01 5.86 5.46 17.89 3.09 5.3 18.75 22.07 22.56 21.75 23.84 0.0 4.8 5.86 5.86 10.01 9.03 4.8 15.07 3.09 15.17 0.0 3.09 7.12 0.0 17.89 10.74 9.0 3.09 4.8 0.0 10.01 5.3 18.75 10.74 9.0 17.89 18.75 0.0 15.07 4.8 5.86 10.74 15.07 3.09 10.01 0.0 9.0 17.89 18.75 5.46 22.07 15.07 22.07 22.56 22.07 22.56 10.01 9.03 0.0 7.12 16.16 5.86 18.75 23.84 21.75 18.75 23.84 3.09 10.01 10.74 5.46 22.07 3.75 4.8 9.0 5.86 16.16 17.89 5.3 5.86 4.8 3.09 5.46 23.84 15.17 16.16 3.09 15.07
6.75 10.82 12.09 13.27 3.75 11.15 0.0 14.15 10.82 9.03 14.89 18.97 13.1 12.09 14.89 0.0 20.12 13.27 10.45 9.03 7.72 11.86 6.75 17.89 18.97 12.09 12.09 13.1 10.82 18.97 11.25 20.12 7.5 17.89 20.12 11.15 17.89 0.0 8.75 11.45 20.12 18.97 17.89 13.1 13.27 10.45 8.75 11.45 0.0 10.45 17.89 11.25 18.97 12.09 8.75 11.25 20.12 13.1 17.89 11.45 0.0 10.45 14.89 9.03 11.25 9.03 7.72 9.03 7.72 13.1 10.82 17.89 11.15 3.75 12.09 10.45 6.75 11.86 10.45 6.75 20.12 13.1 8.75 14.89 9.03 14.15 18.97 11.45 12.09 3.75 0.0 13.27 12.09 18.97 20.12 14.89 6.75 7.5 3.75 20.12 11.25
13.52 2.12 6.18 5.46 5.86 3.75 8.75 7.5 2.12 11.35 6.45 13.58 4.56 6.18 6.45 8.75 13.58 5.46 8.55 11.35 11.86 11.47 13.52 10.74 13.58 6.18 6.18 4.56 2.12 13.58 5.86 13.58 4.5 10.74 13.58 3.75 10.74 8.75 0.0 2.7 13.58 13.58 10.74 4.56 5.46 8.55 0.0 2.7 8.75 8.55 10.74 5.86 13.58 6.18 0.0 5.86 13.58 4.56 10.74 2.7 8.75 8.55 6.45 11.35 5.86 11.35 11.86 11.35 11.86 4.56 2.12 10.74 3.75 5.86 6.18 8.55 13.52 11.47 8.55 13.52 13.58 4.56 0.0 6.45 11.35 7.5 13.58 2.7 6.18 5.86 8.75 5.46 6.18 13.58 13.58 6.45 13.52 4.5 5.86 13.58 5.86
16.05 0.75 5.86 3.82 8.49 3.18 11.45 6.41 0.75 13.29 4.04 12.57 2.37 5.86 4.04 11.45 12.02 3.82 9.75 13.29 14.09 12.75 16.05 9.0 12.57 5.86 5.86 2.37 0.75 12.57 6.18 12.02 6.41 9.0 12.02 3.18 9.0 11.45 2.7 0.0 12.02 12.57 9.0 2.37 3.82 9.75 2.7 0.0 11.45 9.75 9.0 6.18 12.57 5.86 2.7 6.18 12.02 2.37 9.0 0.0 11.45 9.75 4.04 13.29 6.18 13.29 14.09 13.29 14.09 2.37 0.75 9.0 3.18 8.49 5.86 9.75 16.05 12.75 9.75 16.05 12.02 2.37 2.7 4.04 13.29 6.41 12.57 0.0 5.86 8.49 11.45 3.82 5.86 12.57 12.02 4.04 16.05 6.41 8.49 12.02 6.18
26.34 12.0 8.08 8.25 18.75 9.86 20.12 6.18 12.0 24.93 8.55 3.0 13.1 8.08 8.55 20.12 0.0 8.25 21.76 24.93 25.3 24.76 26.34 3.09 3.0 8.08 8.08 13.1 12.0 3.0 18.14 0.0 18.06 3.09 0.0 9.86 3.09 20.12 13.58 12.02 0.0 3.0 3.09 13.1 8.25 21.76 13.58 12.02 20.12 21.76 3.09 18.14 3.0 8.08 13.58 18.14 0.0 13.1 3.09 12.02 20.12 21.76 8.55 24.93 18.14 24.93 25.3 24.93 25.3 13.1 12.0 3.09 9.86 18.75 8.08 21.76 26.34 24.76 21.76 26.34 0.0 13.1 13.58 8.55 24.93 6.18 3.0 12.02 8.08 18.75 20.12 8.25 8.08 3.0 0.0 8.55 26.34 18.06 18.75 0.0 18.14
25.47 12.37 7.5 8.78 18.14 9.86 18.97 6.18 12.37 24.75 9.78 0.0 14.09 7.5 9.78 18.97 3.0 8.78 22.07 24.75 24.85 25.03 25.47 4.8 0.0 7.5 7.5 14.09 12.37 0.0 18.75 3.0 18.06 4.8 3.0 9.86 4.8 18.97 13.58 12.57 3.0 0.0 4.8 14.09 8.78 22.07 13.58 12.57 18.97 22.07 4.8 18.75 0.0 7.5 13.58 18.75 3.0 14.09 4.8 12.57 18.97 22.07 9.78 24.75 18.75 24.75 24.85 24.75 24.85 14.09 12.37 4.8 9.86 18.14 7.5 22.07 25.47 25.03 22.07 25.47 3.0 14.09 13.58 9.78 24.75 6.18 0.0 12.57 7.5 18.14 18.97 8.78 7.5 0.0 3.0 9.78 25.47 18.06 18.14 3.0 18.75
23.84 9.03 5.86 5.3 16.16 7.12 17.89 3.75 9.03 22.07 5.46 4.8 10.01 5.86 5.46 17.89 3.09 5.3 18.75 22.07 22.56 21.75 23.84 0.0 4.8 5.86 5.86 10.01 9.03 4.8 15.07 3.09 15.17 0.0 3.09 7.12 0.0 17.89 10.74 9.0 3.09 4.8 0.0 10.01 5.3 18.75 10.74 9.0 17.89 18.75 0.0 15.07 4.8 5.86 10.74 15.07 3.09 10.01 0.0 9.0 17.89 18.75 5.46 22.07 15.07 22.07 22.56 22.07 22.56 10.01 9.03 0.0 7.12 16.16 5.86 18.75 23.84 21.75 18.75 23.84 3.09 10.01 10.74 5.46 22.07 3.75 4.8 9.0 5.86 16.16 17.89 5.3 5.86 4.8 3.09 5.46 23.84 15.17 16.16 3.09 15.07
16.97 3.09 7.97 5.41 9.78 5.41 13.1 8.11 3.09 13.42 4.56 14.09 0.0 7.97 4.56 13.1 13.1 5.41 9.28 13.42 14.56 12.21 16.97 10.01 14.09 7.97 7.97 0.0 3.09 14.09 5.3 13.1 6.91 10.01 13.1 5.41 10.01 13.1 4.56 2.37 13.1 14.09 10.01 0.0 5.41 9.28 4.56 2.37 13.1 9.28 10.01 5.3 14.09 7.97 4.56 5.3 13.1 0.0 10.01 2.37 13.1 9.28 4.56 13.42 5.3 13.42 14.56 13.42 14.56 0.0 3.09 10.01 5.41 9.78 7.97 9.28 16.97 12.21 9.28 16.97 13.1 0.0 4.56 4.56 13.42 8.11 14.09 2.37 7.97 9.78 13.1 5.41 7.97 14.09 13.1 4.56 16.97 6.91 9.78 13.1 5.3
18.79 3.75 3.09 0.0 11.07 2.12 13.27 2.7 3.75 16.77 2.25 8.78 5.41 3.09 2.25 13.27 8.25 0.0 13.52 16.77 17.32 16.52 18.79 5.3 8.78 3.09 3.09 5.41 3.75 8.78 10.01 8.25 9.86 5.3 8.25 2.12 5.3 13.27 5.46 3.82 8.25 8.78 5.3 5.41 0.0 13.52 5.46 3.82 13.27 13.52 5.3 10.01 8.78 3.09 5.46 10.01 8.25 5.41 5.3 3.82 13.27 13.52 2.25 16.77 10.01 16.77 17.32 16.77 17.32 5.41 3.75 5.3 2.12 11.07 3.09 13.52 18.79 16.52 13.52 18.79 8.25 5.41 5.46 2.25 16.77 2.7 8.78 3.82 3.09 11.07 13.27 0.0 3.09 8.78 8.25 2.25 18.79 9.86 11.07 8.25 10.01
10.2 9.78 14.74 13.52 7.08 12.21 10.45 15.91 9.78 4.8 13.58 22.07 9.28 14.74 13.58 10.45 21.76 13.52 0.0 4.8 6.71 3.0 10.2 18.75 22.07 14.74 14.74 9.28 9.78 22.07 4.04 21.76 4.37 18.75 21.76 12.21 18.75 10.45 8.55 9.75 21.76 22.07 18.75 9.28 13.52 0.0 8.55 9.75 10.45 0.0 18.75 4.04 22.07 14.74 8.55 4.04 21.76 9.28 18.75 9.75 10.45 0.0 13.58 4.8 4.04 4.8 6.71 4.8 6.71 9.28 9.78 18.75 12.21 7.08 14.74 0.0 10.2 3.0 0.0 10.2 21.76 9.28 8.55 13.58 4.8 15.91 22.07 9.75 14.74 7.08 10.45 13.52 14.74 22.07 21.76 13.58 10.2 4.37 7.08 21.76 4.04
13.52 2.12 6.18 5.46 5.86 3.75 8.75 7.5 2.12 11.35 6.45 13.58 4.56 6.18 6.45 8.75 13.58 5.46 8.55 11.35 11.86 11.47 13.52 10.74 13.58 6.18 6.18 4.56 2.12 13.58 5.86 13.58 4.5 10.74 13.58 3.75 10.74 8.75 0.0 2.7 13.58 13.58 10.74 4.56 5.46 8.55 0.0 2.7 8.75 8.55 10.74 5.86 13.58 6.18 0.0 5.86 13.58 4.56 10.74 2.7 8.75 8.55 6.45 11.35 5.86 11.35 11.86 11.35 11.86 4.56 2.12 10.74 3.75 5.86 6.18 8.55 13.52 11.47 8.55 13.52 13.58 4.56 0.0 6.45 11.35 7.5 13.58 2.7 6.18 5.86 8.75 5.46 6.18 13.58 13.58 6.45 13.52 4.5 5.86 13.58 5.86
16.05 0.75 5.86 3.82 8.49 3.18 11.45 6.41 0.75 13.29 4.04 12.57 2.37 5.86 4.04 11.45 12.02 3.82 9.75 13.29 14.09 12.75 16.05 9.0 12.57 5.86 5.86 2.37 0.75 12.57 6.18 12.02 6.41 9.0 12.02 3.18 9.0 11.45 2.7 0.0 12.02 12.57 9.0 2.37 3.82 9.75 2.7 0.0 11.45 9.75 9.0 6.18 12.57 5.86 2.7 6.18 12.02 2.37 9.0 0.0 11.45 9.75 4.04 13.29 6.18 13.29 14.09 13.29 14.09 2.37 0.75 9.0 3.18 8.49 5.86 9.75 16.05 12.75 9.75 16.05 12.02 2.37 2.7 4.04 13.29 6.41 12.57 0.0 5.86 8.49 11.45 3.82 5.86 12.57 12.02 4.04 16.05 6.41 8.49 12.02 6.18
6.75 10.82 12.09 13.27 3.75 11.15 0.0 14.15 10.82 9.03 14.89 18.97 13.1 12.09 14.89 0.0 20.12 13.27 10.45 9.03 7.72 11.86 6.75 17.89 18.97 12.09 12.09 13.1 10.82 18.97 11.25 20.12 7.5 17.89 20.12 11.15 17.89 0.0 8.75 11.45 20.12 18.97 17.89 13.1 13.27 10.45 8.75 11.45 0.0 10.45 17.89 11.25 18.97 12.09 8.75 11.25 20.12 13.1 17.89 11.45 0.0 10.45 14.89 9.03 11.25 9.03 7.72 9.03 7.72 13.1 10.82 17.89 11.15 3.75 12.09 10.45 6.75 11.86 10.45 6.75 20.12 13.1 8.75 14.89 9.03 14.15 18.97 11.45 12.09 3.75 0.0 13.27 12.09 18.97 20.12 14.89 6.75 7.5 3.75 20.12 11.25
10.2 9.78 14.74 13.52 7.08 12.21 10.45 15.91 9.78 4.8 13.58 22.07 9.28 14.74 13.58 10.45 21.76 13.52 0.0 4.8 6.71 3.0 10.2 18.75 22.07 14.74 14.74 9.28 9.78 22.07 4.04 21.76 4.37 18.75 21.76 12.21 18.75 10.45 8.55 9.75 21.76 22.07 18.75 9.28 13.52 0.0 8.55 9.75 10.45 0.0 18.75 4.04 22.07 14.74 8.55 4.04 21.76 9.28 18.75 9.75 10.45 0.0 13.58 4.8 4.04 4.8 6.71 4.8 6.71 9.28 9.78 18.75 12.21 7.08 14.74 0.0 10.2 3.0 0.0 10.2 21.76 9.28 8.55 13.58 4.8 15.91 22.07 9.75 14.74 7.08 10.45 13.52 14.74 22.07 21.76 13.58 10.2 4.37 7.08 21.76 4.04
23.84 9.03 5.86 5.3 16.16 7.12 17.89 3.75 9.03 22.07 5.46 4.8 10.01 5.86 5.46 17.89 3.09 5.3 18.75 22.07 22.56 21.75 23.84 0.0 4.8 5.86 5.86 10.01 9.03 4.8 15.07 3.09 15.17 0.0 3.09 7.12 0.0 17.89 10.74 9.0 3.09 4.8 0.0 10.01 5.3 18.75 10.74 9.0 17.89 18.75 0.0 15.07 4.8 5.86 10.74 15.07 3.09 10.01 0.0 9.0 17.89 18.75 5.46 22.07 15.07 22.07 22.56 22.07 22.56 10.01 9.03 0.0 7.12 16.16 5.86 18.75 23.84 21.75 18.75 23.84 3.09 10.01 10.74 5.46 22.07 3.75 4.8 9.0 5.86 16.16 17.89 5.3 5.86 4.8 3.09 5.46 23.84 15.17 16.16 3.09 15.07
13.12 6.41 11.74 10.01 7.5 9.06 11.25 12.57 6.41 8.55 9.75 18.75 5.3 11.74 9.75 11.25 18.14 10.01 4.04 8.55 10.09 6.91 13.12 15.07 18.75 11.74 11.74 5.3 6.41 18.75 0.0 18.14 3.75 15.07 18.14 9.06 15.07 11.25 5.86 6.18 18.14 18.75 15.07 5.3 10.01 4.04 5.86 6.18 11.25 4.04 15.07 0.0 18.75 11.74 5.86 0.0 18.14 5.3 15.07 6.18 11.25 4.04 9.75 8.55 0.0 8.55 10.09 8.55 10.09 5.3 6.41 15.07 9.06 7.5 11.74 4.04 13.12 6.91 4.04 13.12 18.14 5.3 5.86 9.75 8.55 12.57 18.75 6.18 11.74 7.5 11.25 10.01 11.74 18.75 18.14 9.75 13.12 3.75 7.5 18.14 0.0
25.47 12.37 7.5 8.78 18.14 9.86 18.97 6.18 12.37 24.75 9.78 0.0 14.09 7.5 9.78 18.97 3.0 8.78 22.07 24.75 24.85 25.03 25.47 4.8 0.0 7.5 7.5 14.09 12.37 0.0 18.75 3.0 18.06 4.8 3.0 9.86 4.8 18.97 13.58 12.57 3.0 0.0 4.8 14.09 8.78 22.07 13.58 12.57 18.97 22.07 4.8 18.75 0.0 7.5 13.58 18.75 3.0 14.09 4.8 12.57 18.97 22.07 9.78 24.75 18.75 24.75 24.85 24.75 24.85 14.09 12.37 4.8 9.86 18.14 7.5 22.07 25.47 25.03 22.07 25.47 3.0 14.09 13.58 9.78 24.75 6.18 0.0 12.57 7.5 18.14 18.97 8.78 7.5 0.0 3.0 9.78 25.47 18.06 18.14 3.0 18.75
18.26 5.41 0.0 3.09 10.74 2.7 12.09 2.12 5.41 17.25 5.3 7.5 7.97 0.0 5.3 12.09 8.08 3.09 14.74 17.25 17.4 17.65 18.26 5.86 7.5 0.0 0.0 7.97 5.41 7.5 11.74 8.08 10.61 5.86 8.08 2.7 5.86 12.09 6.18 5.86 8.08 7.5 5.86 7.97 3.09 14.74 6.18 5.86 12.09 14.74 5.86 11.74 7.5 0.0 6.18 11.74 8.08 7.97 5.86 5.86 12.09 14.74 5.3 17.25 11.74 17.25 17.4 17.25 17.4 7.97 5.41 5.86 2.7 10.74 0.0 14.74 18.26 17.65 14.74 18.26 8.08 7.97 6.18 5.3 17.25 2.12 7.5 5.86 0.0 10.74 12.09 3.09 0.0 7.5 8.08 5.3 18.26 10.61 10.74 8.08 11.74
13.52 2.12 6.18 5.46 5.86 3.75 8.75 7.5 2.12 11.35 6.45 13.58 4.56 6.18 6.45 8.75 13.58 5.46 8.55 11.35 11.86 11.47 13.52 10.74 13.58 6.18 6.18 4.56 2.12 13.58 5.86 13.58 4.5 10.74 13.58 3.75 10.74 8.75 0.0 2.7 13.58 13.58 10.74 4.56 5.46 8.55 0.0 2.7 8.75 8.55 10.74 5.86 13.58 6.18 0.0 5.86 13.58 4.56 10.74 2.7 8.75 8.55 6.45 11.35 5.86 11.35 11.86 11.35 11.86 4.56 2.12 10.74 3.75 5.86 6.18 8.55 13.52 11.47 8.55 13.52 13.58 4.56 0.0 6.45 11.35 7.5 13.58 2.7 6.18 5.86 8.75 5.46 6.18 13.58 13.58 6.45 13.52 4.5 5.86 13.58 5.86
13.12 6.41 11.74 10.01 7.5 9.06 11.25 12.57 6.41 8.55 9.75 18.75 5.3 11.74 9.75 11.25 18.14 10.01 4.04 8.55 10.09 6.91 13.12 15.07 18.75 11.74 11.74 5.3 6.41 18.75 0.0 18.14 3.75 15.07 18.14 9.06 15.07 11.25 5.86 6.18 18.14 18.75 15.07 5.3 10.01 4.04 5.86 6.18 11.25 4.04 15.07 0.0 18.75 11.74 5.86 0.0 18.14 5.3 15.07 6.18 11.25 4.04 9.75 8.55 0.0 8.55 10.09 8.55 10.09 5.3 6.41 15.07 9.06 7.5 11.74 4.04 13.12 6.91 4.04 13.12 18.14 5.3 5.86 9.75 8.55 12.57 18.75 6.18 11.74 7.5 11.25 10.01 11.74 18.75 18.14 9.75 13.12 3.75 7.5 18.14 0.0
26.34 12.0 8.08 8.25 18.75 9.86 20.12 6.18 12.0 24.93 8.55 3.0 13.1 8.08 8.55 20.12 0.0 8.25 21.76 24.93 25.3 24.76 26.34 3.09 3.0 8.08 8.08 13.1 12.0 3.0 18.14 0.0 18.06 3.09 0.0 9.86 3.09 20.12 13.58 12.02 0.0 3.0 3.09 13.1 8.25 21.76 13.58 12.02 20.12 21.76 3.09 18.14 3.0 8.08 13.58 18.14 0.0 13.1 3.09 12.02 20.12 21.76 8.55 24.93 18.14 24.93 25.3 24.93 25.3 13.1 12.0 3.09 9.86 18.75 8.08 21.76 26.34 24.76 21.76 26.34 0.0 13.1 13.58 8.55 24.93 6.18 3.0 12.02 8.08 18.75 20.12 8.25 8.08 3.0 0.0 8.55 26.34 18.06 18.75 0.0 18.14
16.97 3.09 7.97 5.41 9.78 5.41 13.1 8.11 3.09 13.42 4.56 14.09 0.0 7.97 4.56 13.1 13.1 5.41 9.28 13.42 14.56 12.21 16.97 10.01 14.09 7.97 7.97 0.0 3.09 14.09 5.3 13.1 6.91 10.01 13.1 5.41 10.01 13.1 4.56 2.37 13.1 14.09 10.01 0.0 5.41 9.28 4.56 2.37 13.1 9.28 10.01 5.3 14.09 7.97 4.56 5.3 13.1 0.0 10.01 2.37 13.1 9.28 4.56 13.42 5.3 13.42 14.56 13.42 14.56 0.0 3.09 10.01 5.41 9.78 7.97 9.28 16.97 12.21 9.28 16.97 13.1 0.0 4.56 4.56 13.42 8.11 14.09 2.37 7.97 9.78 13.1 5.41 7.97 14.09 13.1 4.56 16.97 6.91 9.78 13.1 5.3
23.84 9.03 5.86 5.3 16.16 7.12 17.89 3.75 9.03 22.07 5.46 4.8 10.01 5.86 5.46 17.89 3.09 5.3 18.75 22.07 22.56 21.75 23.84 0.0 4.8 5.86 5.86 10.01 9.03 4.8 15.07 3.09 15.17 0.0 3.09 7.12 0.0 17.89 10.74 9.0 3.09 4.8 0.0 10.01 5.3 18.75 10.74 9.0 17.89 18.75 0.0 15.07 4.8 5.86 10.74 15.07 3.09 10.01 0.0 9.0 17.89 18.75 5.46 22.07 15.07 22.07 22.56 22.07 22.56 10.01 9.03 0.0 7.12 16.16 5.86 18.75 23.84 21.75 18.75 23.84 3.09 10.01 10.74 5.46 22.07 3.75 4.8 9.0 5.86 16.16 17.89 5.3 5.86 4.8 3.09 5.46 23.84 15.17 16.16 3.09 15.07
16.05 0.75 5.86 3.82 8.49 3.18 11.45 6.41 0.75 13.29 4.04 12.57 2.37 5.86 4.04 11.45 12.02 3.82 9.75 13.29 14.09 12.75 16.05 9.0 12.57 5.86 5.86 2.37 0.75 12.57 6.18 12.02 6.41 9.0 12.02 3.18 9.0 11.45 2.7 0.0 12.02 12.57 9.0 2.37 3.82 9.75 2.7 0.0 11.45 9.75 9.0 6.18 12.57 5.86 2.7 6.18 12.02 2.37 9.0 0.0 11.45 9.75 4.04 13.29 6.18 13.29 14.09 13.29 14.09 2.37 0.75 9.0 3.18 8.49 5.86 9.75 16.05 12.75 9.75 16.05 12.02 2.37 2.7 4.04 13.29 6.41 12.57 0.0 5.86 8.49 11.45 3.82 5.86 12.57 12.02 4.04 16.05 6.41 8.49 12.02 6.18
6.75 10.82 12.09 13.27 3.75 11.15 0.0 14.15 10.82 9.03 14.89 18.97 13.1 12.09 14.89 0.0 20.12 13.27 10.45 9.03 7.72 11.86 6.75 17.89 18.97 12.09 12.09 13.1 10.82 18.97 11.25 20.12 7.5 17.89 20.12 11.15 17.89 0.0 8.75 11.45 20.12 18.97 17.89 13.1 13.27 10.45 8.75 11.45 0.0 10.45 17.89 11.25 18.97 12.09 8.75 11.25 20.12 13.1 17.89 11.45 0.0 10.45 14.89 9.03 11.25 9.03 7.72 9.03 7.72 13.1 10.82 17.89 11.15 3.75 12.09 10.45 6.75 11.86 10.45 6.75 20.12 13.1 8.75 14.89 9.03 14.15 18.97 11.45 12.09 3.75 0.0 13.27 12.09 18.97 20.12 14.89 6.75 7.5 3.75 20.12 11.25
10.2 9.78 14.74 13.52 7.08 12.21 10.45 15.91 9.78 4.8 13.58 22.07 9.28 14.74 13.58 10.45 21.76 13.52 0.0 4.8 6.71 3.0 10.2 18.75 22.07 14.74 14.74 9.28 9.78 22.07 4.04 21.76 4.37 18.75 21.76 12.21 18.75 10.45 8.55 9.75 21.76 22.07 18.75 9.28 13.52 0.0 8.55 9.75 10.45 0.0 18.75 4.04 22.07 14.74 8.55 4.04 21.76 9.28 18.75 9.75 10.45 0.0 13.58 4.8 4.04 4.8 6.71 4.8 6.71 9.28 9.78 18.75 12.21 7.08 14.74 0.0 10.2 3.0 0.0 10.2 21.76 9.28 8.55 13.58 4.8 15.91 22.07 9.75 14.74 7.08 10.45 13.52 14.74 22.07 21.76 13.58 10.2 4.37 7.08 21.76 4.04
19.97 4.37 5.3 2.25 12.3 4.04 14.89 4.37 4.37 17.32 0.0 9.78 4.56 5.3 0.0 14.89 8.55 2.25 13.58 17.32 18.12 16.57 19.97 5.46 9.78 5.3 5.3 4.56 4.37 9.78 9.75 8.55 10.45 5.46 8.55 4.04 5.46 14.89 6.45 4.04 8.55 9.78 5.46 4.56 2.25 13.58 6.45 4.04 14.89 13.58 5.46 9.75 9.78 5.3 6.45 9.75 8.55 4.56 5.46 4.04 14.89 13.58 0.0 17.32 9.75 17.32 18.12 17.32 18.12 4.56 4.37 5.46 4.04 12.3 5.3 13.58 19.97 16.57 13.58 19.97 8.55 4.56 6.45 0.0 17.32 4.37 9.78 4.04 5.3 12.3 14.89 2.25 5.3 9.78 8.55 0.0 19.97 10.45 12.3 8.55 9.75
6.0 13.1 17.25 16.77 7.12 15.07 9.03 18.81 13.1 0.0 17.32 24.75 13.42 17.25 17.32 9.03 24.93 16.77 4.8 0.0 2.25 3.75 6.0 22.07 24.75 17.25 17.25 13.42 13.1 24.75 8.55 24.93 6.91 22.07 24.93 15.07 22.07 9.03 11.35 13.29 24.93 24.75 22.07 13.42 16.77 4.8 11.35 13.29 9.03 4.8 22.07 8.55 24.75 17.25 11.35 8.55 24.93 13.42 22.07 13.29 9.03 4.8 17.32 0.0 8.55 0.0 2.25 0.0 2.25 13.42 13.1 22.07 15.07 7.12 17.25 4.8 6.0 3.75 4.8 6.0 24.93 13.42 11.35 17.32 0.0 18.81 24.75 13.29 17.25 7.12 9.03 16.77 17.25 24.75 24.93 17.32 6.0 6.91 7.12 24.93 8.55
13.12 6.41 11.74 10.01 7.5 9.06 11.25 12.57 6.41 8.55 9.75 18.75 5.3 11.74 9.75 11.25 18.14 10.01 4.04 8.55 10.09 6.91 13.12 15.07 18.75 11.74 11.74 5.3 6.41 18.75 0.0 18.14 3.75 15.07 18.14 9.06 15.07 11.25 5.86 6.18 18.14 18.75 15.07 5.3 10.01 4.04 5.86 6.18 11.25 4.04 15.07 0.0 18.75 11.74 5.86 0.0 18.14 5.3 15.07 6.18 11.25 4.04 9.75 8.55 0.0 8.55 10.09 8.55 10.09 5.3 6.41 15.07 9.06 7.5 11.74 4.04 13.12 6.91 4.04 13.12 18.14 5.3 5.86 9.75 8.55 12.57 18.75 6.18 11.74 7.5 11.25 10.01 11.74 18.75 18.14 9.75 13.12 3.75 7.5 18.14 0.0
6.0 13.1 17.25 16.77 7.12 15.07 9.03 18.81 13.1 0.0 17.32 24.75 13.42 17.25 17.32 9.03 24.93 16.77 4.8 0.0 2.25 3.75 6.0 22.07 24.75 17.25 17.25 13.42 13.1 24.75 8.55 24.93 6.91 22.07 24.93 15.07 22.07 9.03 11.35 13.29 24.93 24.75 22.07 13.42 16.77 4.8 11.35 13.29 9.03 4.8 22.07 8.55 24.75 17.25 11.35 8.55 24.93 13.42 22.07 13.29 9.03 4.8 17.32 0.0 8.55 0.0 2.25 0.0 2.25 13.42 13.1 22.07 15.07 7.12 17.25 4.8 6.0 3.75 4.8 6.0 24.93 13.42 11.35 17.32 0.0 18.81 24.75 13.29 17.25 7.12 9.03 16.77 17.25 24.75 24.93 17.32 6.0 6.91 7.12 24.93 8.55
3.75 13.79 17.4 17.32 6.75 15.46 7.72 19.12 13.79 2.25 18.12 24.85 14.56 17.4 18.12 7.72 25.3 17.32 6.71 2.25 0.0 6.0 3.75 22.56 24.85 17.4 17.4 14.56 13.79 24.85 10.09 25.3 7.72 22.56 25.3 15.46 22.56 7.72 11.86 14.09 25.3 24.85 22.56 14.56 17.32 6.71 11.86 14.09 7.72 6.71 22.56 10.09 24.85 17.4 11.86 10.09 25.3 14.56 22.56 14.09 7.72 6.71 18.12 2.25 10.09 2.25 0.0 2.25 0.0 14.56 13.79 22.56 15.46 6.75 17.4 6.71 3.75 6.0 6.71 3.75 25.3 14.56 11.86 18.12 2.25 19.12 24.85 14.09 17.4 6.75 7.72 17.32 17.4 24.85 25.3 18.12 3.75 7.72 6.75 25.3 10.09
6.0 13.1 17.25 16.77 7.12 15.07 9.03 18.81 13.1 0.0 17.32 24.75 13.42 17.25 17.32 9.03 24.93 16.77 4.8 0.0 2.25 3.75 6.0 22.07 24.75 17.25 17.25 13.42 13.1 24.75 8.55 24.93 6.91 22.07 24.93 15.07 22.07 9.03 11.35 13.29 24.93 24.75 22.07 13.42 16.77 4.8 11.35 13.29 9.03 4.8 22.07 8.55 24.75 17.25 11.35 8.55 24.93 13.42 22.07 13.29 9.03 4.8 17.32 0.0 8.55 0.0 2.25 0.0 2.25 13.42 13.1 22.07 15.07 7.12 17.25 4.8 6.0 3.75 4.8 6.0 24.93 13.42 11.35 17.32 0.0 18.81 24.75 13.29 17.25 7.12 9.03 16.77 17.25 24.75 24.93 17.32 6.0 6.91 7.12 24.93 8.55
3.75 13.79 17.4 17.32 6.75 15.46 7.72 19.12 13.79 2.25 18.12 24.85 14.56 17.4 18.12 7.72 25.3 17.32 6.71 2.25 0.0 6.0 3.75 22.56 24.85 17.4 17.4 14.56 13.79 24.85 10.09 25.3 7.72 22.56 25.3 15.46 22.56 7.72 11.86 14.09 25.3 24.85 22.56 14.56 17.32 6.71 11.86 14.09 7.72 6.71 22.56 10.09 24.85 17.4 11.86 10.09 25.3 14.56 22.56 14.09 7.72 6.71 18.12 2.25 10.09 2.25 0.0 2.25 0.0 14.56 13.79 22.56 15.46 6.75 17.4 6.71 3.75 6.0 6.71 3.75 25.3 14.56 11.86 18.12 2.25 19.12 24.85 14.09 17.4 6.75 7.72 17.32 17.4 24.85 25.3 18.12 3.75 7.72 6.75 25.3 10.09
16.97 3.09 7.97 5.41 9.78 5.41 13.1 8.11 3.09 13.42 4.56 14.09 0.0 7.97 4.56 13.1 13.1 5.41 9.28 13.42 14.56 12.21 16.97 10.01 14.09 7.97 7.97 0.0 3.09 14.09 5.3 13.1 6.91 10.01 13.1 5.41 10.01 13.1 4.56 2.37 13.1 14.09 10.01 0.0 5.41 9.28 4.56 2.37 13.1 9.28 10.01 5.3 14.09 7.97 4.56 5.3 13.1 0.0 10.01 2.37 13.1 9.28 4.56 13.42 5.3 13.42 14.56 13.42 14.56 0.0 3.09 10.01 5.41 9.78 7.97 9.28 16.97 12.21 9.28 16.97 13.1 0.0 4.56 4.56 13.42 8.11 14.09 2.37 7.97 9.78 13.1 5.41 7.97 14.09 13.1 4.56 16.97 6.91 9.78 13.1 5.3
15.61 0.0 5.41 3.75 7.97 2.7 10.82 6.18 0.0 13.1 4.37 12.37 3.09 5.41 4.37 10.82 12.0 3.75 9.78 13.1 13.79 12.77 15.61 9.03 12.37 5.41 5.41 3.09 0.0 12.37 6.41 12.0 6.18 9.03 12.0 2.7 9.03 10.82 2.12 0.75 12.0 12.37 9.03 3.09 3.75 9.78 2.12 0.75 10.82 9.78 9.03 6.41 12.37 5.41 2.12 6.41 12.0 3.09 9.03 0.75 10.82 9.78 4.37 13.1 6.41 13.1 13.79 13.1 13.79 3.09 0.0 9.03 2.7 7.97 5.41 9.78 15.61 12.77 9.78 15.61 12.0 3.09 2.12 4.37 13.1 6.18 12.37 0.75 5.41 7.97 10.82 3.75 5.41 12.37 12.0 4.37 15.61 6.18 7.97 12.0 6.41
23.84 9.03 5.86 5.3 16.16 7.12 17.89 3.75 9.03 22.07 5.46 4.8 10.01 5.86 5.46 17.89 3.09 5.3 18.75 22.07 22.56 21.75 23.84 0.0 4.8 5.86 5.86 10.01 9.03 4.8 15.07 3.09 15.17 0.0 3.09 7.12 0.0 17.89 10.74 9.0 3.09 4.8 0.0 10.01 5.3 18.75 10.74 9.0 17.89 18.75 0.0 15.07 4.8 5.86 10.74 15.07 3.09 10.01 0.0 9.0 17.89 18.75 5.46 22.07 15.07 22.07 22.56 22.07 22.56 10.01 9.03 0.0 7.12 16.16 5.86 18.75 23.84 21.75 18.75 23.84 3.09 10.01 10.74 5.46 22.07 3.75 4.8 9.0 5.86 16.16 17.89 5.3 5.86 4.8 3.09 5.46 23.84 15.17 16.16 3.09 15.07
16.77 2.7 2.7 2.12 9.06 0.0 11.15 3.75 2.7 15.07 4.04 9.86 5.41 2.7 4.04 11.15 9.86 2.12 12.21 15.07 15.46 15.17 16.77 7.12 9.86 2.7 2.7 5.41 2.7 9.86 9.06 9.86 8.25 7.12 9.86 0.0 7.12 11.15 3.75 3.18 9.86 9.86 7.12 5.41 2.12 12.21 3.75 3.18 11.15 12.21 7.12 9.06 9.86 2.7 3.75 9.06 9.86 5.41 7.12 3.18 11.15 12.21 4.04 15.07 9.06 15.07 15.46 15.07 15.46 5.41 2.7 7.12 0.0 9.06 2.7 12.21 16.77 15.17 12.21 16.77 9.86 5.41 3.75 4.04 15.07 3.75 9.86 3.18 2.7 9.06 11.15 2.12 2.7 9.86 9.86 4.04 16.77 8.25 9.06 9.86 9.06
7.72 7.97 10.74 11.07 0.0 9.06 3.75 12.57 7.97 7.12 12.3 18.14 9.78 10.74 12.3 3.75 18.75 11.07 7.08 7.12 6.75 9.03 7.72 16.16 18.14 10.74 10.74 9.78 7.97 18.14 7.5 18.75 3.75 16.16 18.75 9.06 16.16 3.75 5.86 8.49 18.75 18.14 16.16 9.78 11.07 7.08 5.86 8.49 3.75 7.08 16.16 7.5 18.14 10.74 5.86 7.5 18.75 9.78 16.16 8.49 3.75 7.08 12.3 7.12 7.5 7.12 6.75 7.12 6.75 9.78 7.97 16.16 9.06 0.0 10.74 7.08 7.72 9.03 7.08 7.72 18.75 9.78 5.86 12.3 7.12 12.57 18.14 8.49 10.74 0.0 3.75 11.07 10.74 18.14 18.75 12.3 7.72 3.75 0.0 18.75 7.5
18.26 5.41 0.0 3.09 10.74 2.7 12.09 2.12 5.41 17.25 5.3 7.5 7.97 0.0 5.3 12.09 8.08 3.09 14.74 17.25 17.4 17.65 18.26 5.86 7.5 0.0 0.0 7.97 5.41 7.5 11.74 8.08 10.61 5.86 8.08 2.7 5.86 12.09 6.18 5.86 8.08 7.5 5.86 7.97 3.09 14.74 6.18 5.86 12.09 14.74 5.86 11.74 7.5 0.0 6.18 11.74 8.08 7.97 5.86 5.86 12.09 14.74 5.3 17.25 11.74 17.25 17.4 17.25 17.4 7.97 5.41 5.86 2.7 10.74 0.0 14.74 18.26 17.65 14.74 18.26 8.08 7.97 6.18 5.3 17.25 2.12 7.5 5.86 0.0 10.74 12.09 3.09 0.0 7.5 8.08 5.3 18.26 10.61 10.74 8.08 11.74
10.2 9.78 14.74 13.52 7.08 12.21 10.45 15.91 9.78 4.8 13.58 22.07 9.28 14.74 13.58 10.45 21.76 13.52 0.0 4.8 6.71 3.0 10.2 18.75 22.07 14.74 14.74 9.28 9.78 22.07 4.04 21.76 4.37 18.75 21.76 12.21 18.75 10.45 8.55 9.75 21.76 22.07 18.75 9.28 13.52 0.0 8.55 9.75 10.45 0.0 18.75 4.04 22.07 14.74 8.55 4.04 21.76 9.28 18.75 9.75 10.45 0.0 13.58 4.8 4.04 4.8 6.71 4.8 6.71 9.28 9.78 18.75 12.21 7.08 14.74 0.0 10.2 3.0 0.0 10.2 21.76 9.28 8.55 13.58 4.8 15.91 22.07 9.75 14.74 7.08 10.45 13.52 14.74 22.07 21.76 13.58 10.2 4.37 7.08 21.76 4.04
0.0 15.61 18.26 18.79 7.72 16.77 6.75 20.19 15.61 6.0 19.97 25.47 16.97 18.26 19.97 6.75 26.34 18.79 10.2 6.0 3.75 9.75 0.0 23.84 25.47 18.26 18.26 16.97 15.61 25.47 13.12 26.34 10.09 23.84 26.34 16.77 23.84 6.75 13.52 16.05 26.34 25.47 23.84 16.97 18.79 10.2 13.52 16.05 6.75 10.2 23.84 13.12 25.47 18.26 13.52 13.12 26.34 16.97 23.84 16.05 6.75 10.2 19.97 6.0 13.12 6.0 3.75 6.0 3.75 16.97 15.61 23.84 16.77 7.72 18.26 10.2 0.0 9.75 10.2 0.0 26.34 16.97 13.52 19.97 6.0 20.19 25.47 16.05 18.26 7.72 6.75 18.79 18.26 25.47 26.34 19.97 0.0 10.09 7.72 26.34 13.12
9.75 12.77 17.65 16.52 9.03 15.17 11.86 18.88 12.77 3.75 16.57 25.03 12.21 17.65 16.57 11.86 24.76 16.52 3.0 3.75 6.0 0.0 9.75 21.75 25.03 17.65 17.65 12.21 12.77 25.03 6.91 24.76 7.12 21.75 24.76 15.17 21.75 11.86 11.47 12.75 24.76 25.03 21.75 12.21 16.52 3.0 11.47 12.75 11.86 3.0 21.75 6.91 25.03 17.65 11.47 6.91 24.76 12.21 21.75 12.75 11.86 3.0 16.57 3.75 6.91 3.75 6.0 3.75 6.0 12.21 12.77 21.75 15.17 9.03 17.65 3.0 9.75 0.0 3.0 9.75 24.76 12.21 11.47 16.57 3.75 18.88 25.03 12.75 17.65 9.03 11.86 16.52 17.65 25.03 24.76 16.57 9.75 7.12 9.03 24.76 6.91
10.2 9.78 14.74 13.52 7.08 12.21 10.45 15.91 9.78 4.8 13.58 22.07 9.28 14.74 13.58 10.45 21.76 13.52 0.0 4.8 6.71 3.0 10.2 18.75 22.07 14.74 14.74 9.28 9.78 22.07 4.04 21.76 4.37 18.75 21.76 12.21 18.75 10.45 8.55 9.75 21.76 22.07 18.75 9.28 13.52 0.0 8.55 9.75 10.45 0.0 18.75 4.04 22.07 14.74 8.55 4.04 21.76 9.28 18.75 9.75 10.45 0.0 13.58 4.8 4.04 4.8 6.71 4.8 6.71 9.28 9.78 18.75 12.21 7.08 14.74 0.0 10.2 3.0 0.0 10.2 21.76 9.28 8.55 13.58 4.8 15.91 22.07 9.75 14.74 7.08 10.45 13.52 14.74 22.07 21.76 13.58 10.2 4.37 7.08 21.76 4.04
0.0 15.61 18.26 18.79 7.72 16.77 6.75 20.19 15.61 6.0 19.97 25.47 16.97 18.26 19.97 6.75 26.34 18.79 10.2 6.0 3.75 9.75 0.0 23.84 25.47 18.26 18.26 16.97 15.61 25.47 13.12 26.34 10.09 23.84 26.34 16.77 23.84 6.75 13.52 16.05 26.34 25.47 23.84 16.97 18.79 10.2 13.52 16.05 6.75 10.2 23.84 13.12 25.47 18.26 13.52 13.12 26.34 16.97 23.84 16.05 6.75 10.2 19.97 6.0 13.12 6.0 3.75 6.0 3.75 16.97 15.61 23.84 16.77 7.72 18.26 10.2 0.0 9.75 10.2 0.0 26.34 16.97 13.52 19.97 6.0 20.19 25.47 16.05 18.26 7.72 6.75 18.79 18.26 25.47 26.34 19.97 0.0 10.09 7.72 26.34 13.12
26.34 12.0 8.08 8.25 18.75 9.86 20.12 6.18 12.0 24.93 8.55 3.0 13.1 8.08 8.55 20.12 0.0 8.25 21.76 24.93 25.3 24.76 26.34 3.09 3.0 8.08 8.08 13.1 12.0 3.0 18.14 0.0 18.06 3.09 0.0 9.86 3.09 20.12 13.58 12.02 0.0 3.0 3.09 13.1 8.25 21.76 13.58 12.02 20.12 21.76 3.09 18.14 3.0 8.08 13.58 18.14 0.0 13.1 3.09 12.02 20.12 21.76 8.55 24.93 18.14 24.93 25.3 24.93 25.3 13.1 12.0 3.09 9.86 18.75 8.08 21.76 26.34 24.76 21.76 26.34 0.0 13.1 13.58 8.55 24.93 6.18 3.0 12.02 8.08 18.75 20.12 8.25 8.08 3.0 0.0 8.55 26.34 18.06 18.75 0.0 18.14
16.97 3.09 7.97 5.41 9.78 5.41 13.1 8.11 3.09 13.42 4.56 14.09 0.0 7.97 4.56 13.1 13.1 5.41 9.28 13.42 14.56 12.21 16.97 10.01 14.09 7.97 7.97 0.0 3.09 14.09 5.3 13.1 6.91 10.01 13.1 5.41 10.01 13.1 4.56 2.37 13.1 14.09 10.01 0.0 5.41 9.28 4.56 2.37 13.1 9.28 10.01 5.3 14.09 7.97 4.56 5.3 13.1 0.0 10.01 2.37 13.1 9.28 4.56 13.42 5.3 13.42 14.56 13.42 14.56 0.0 3.09 10.01 5.41 9.78 7.97 9.28 16.97 12.21 9.28 16.97 13.1 0.0 4.56 4.56 13.42 8.11 14.09 2.37 7.97 9.78 13.1 5.41 7.97 14.09 13.1 4.56 16.97 6.91 9.78 13.1 5.3
13.52 2.12 6.18 5.46 5.86 3.75 8.75 7.5 2.12 11.35 6.45 13.58 4.56 6.18 6.45 8.75 13.58 5.46 8.55 11.35 11.86 11.47 13.52 10.74 13.58 6.18 6.18 4.56 2.12 13.58 5.86 13.58 4.5 10.74 13.58 3.75 10.74 8.75 0.0 2.7 13.58 13.58 10.74 4.56 5.46 8.55 0.0 2.7 8.75 8.55 10.74 5.86 13.58 6.18 0.0 5.86 13.58 4.56 10.74 2.7 8.75 8.55 6.45 11.35 5.86 11.35 11.86 11.35 11.86 4.56 2.12 10.74 3.75 5.86 6.18 8.55 13.52 11.47 8.55 13.52 13.58 4.56 0.0 6.45 11.35 7.5 13.58 2.7 6.18 5.86 8.75 5.46 6.18 13.58 13.58 6.45 13.52 4.5 5.86 13.58 5.86
19.97 4.37 5.3 2.25 12.3 4.04 14.89 4.37 4.37 17.32 0.0 9.78 4.56 5.3 0.0 14.89 8.55 2.25 13.58 17.32 18.12 16.57 19.97 5.46 9.78 5.3 5.3 4.56 4.37 9.78 9.75 8.55 10.45 5.46 8.55 4.04 5.46 14.89 6.45 4.04 8.55 9.78 5.46 4.56 2.25 13.58 6.45 4.04 14.89 13.58 5.46 9.75 9.78 5.3 6.45 9.75 8.55 4.56 5.46 4.04 14.89 13.58 0.0 17.32 9.75 17.32 18.12 17.32 18.12 4.56 4.37 5.46 4.04 12.3 5.3 13.58 19.97 16.57 13.58 19.97 8.55 4.56 6.45 0.0 17.32 4.37 9.78 4.04 5.3 12.3 14.89 2.25 5.3 9.78 8.55 0.0 19.97 10.45 12.3 8.55 9.75
6.0 13.1 17.25 16.77 7.12 15.07 9.03 18.81 13.1 0.0 17.32 24.75 13.42 17.25 17.32 9.03 24.93 16.77 4.8 0.0 2.25 3.75 6.0 22.07 24.75 17.25 17.25 13.42 13.1 24.75 8.55 24.93 6.91 22.07 24.93 15.07 22.07 9.03 11.35 13.29 24.93 24.75 22.07 13.42 16.77 4.8 11.35 13.29 9.03 4.8 22.07 8.55 24.75 17.25 11.35 8.55 24.93 13.42 22.07 13.29 9.03 4.8 17.32 0.0 8.55 0.0 2.25 0.0 2.25 13.42 13.1 22.07 15.07 7.12 17.25 4.8 6.0 3.75 4.8 6.0 24.93 13.42 11.35 17.32 0.0 18.81 24.75 13.29 17.25 7.12 9.03 16.77 17.25 24.75 24.93 17.32 6.0 6.91 7.12 24.93 8.55
20.19 6.18 2.12 2.7 12.57 3.75 14.15 0.0 6.18 18.81 4.37 6.18 8.11 2.12 4.37 14.15 6.18 2.7 15.91 18.81 19.12 18.88 20.19 3.75 6.18 2.12 2.12 8.11 6.18 6.18 12.57 6.18 12.0 3.75 6.18 3.75 3.75 14.15 7.5 6.41 6.18 6.18 3.75 8.11 2.7 15.91 7.5 6.41 14.15 15.91 3.75 12.57 6.18 2.12 7.5 12.57 6.18 8.11 3.75 6.41 14.15 15.91 4.37 18.81 12.57 18.81 19.12 18.81 19.12 8.11 6.18 3.75 3.75 12.57 2.12 15.91 20.19 18.88 15.91 20.19 6.18 8.11 7.5 4.37 18.81 0.0 6.18 6.41 2.12 12.57 14.15 2.7 2.12 6.18 6.18 4.37 20.19 12.0 12.57 6.18 12.57
25.47 12.37 7.5 8.78 18.14 9.86 18.97 6.18 12.37 24.75 9.78 0.0 14.09 7.5 9.78 18.97 3.0 8.78 22.07 24.75 24.85 25.03 25.47 4.8 0.0 7.5 7.5 14.09 12.37 0.0 18.75 3.0 18.06 4.8 3.0 9.86 4.8 18.97 13.58 12.57 3.0 0.0 4.8 14.09 8.78 22.07 13.58 12.57 18.97 22.07 4.8 18.75 0.0 7.5 13.58 18.75 3.0 14.09 4.8 12.57 18.97 22.07 9.78 24.75 18.75 24.75 24.85 24.75 24.85 14.09 12.37 4.8 9.86 18.14 7.5 22.07 25.47 25.03 22.07 25.47 3.0 14.09 13.58 9.78 24.75 6.18 0.0 12.57 7.5 18.14 18.97 8.78 7.5 0.0 3.0 9.78 25.47 18.06 18.14 3.0 18.75
16.05 0.75 5.86 3.82 8.49 3.18 11.45 6.41 0.75 13.29 4.04 12.57 2.37 5.86 4.04 11.45 12.02 3.82 9.75 13.29 14.09 12.75 16.05 9.0 12.57 5.86 5.86 2.37 0.75 12.57 6.18 12.02 6.41 9.0 12.02 3.18 9.0 11.45 2.7 0.0 12.02 12.57 9.0 2.37 3.82 9.75 2.7 0.0 11.45 9.75 9.0 6.18 12.57 5.86 2.7 6.18 12.02 2.37 9.0 0.0 11.45 9.75 4.04 13.29 6.18 13.29 14.09 13.29 14.09 2.37 0.75 9.0 3.18 8.49 5.86 9.75 16.05 12.75 9.75 16.05 12.02 2.37 2.7 4.04 13.29 6.41 12.57 0.0 5.86 8.49 11.45 3.82 5.86 12.57 12.02 4.04 16.05 6.41 8.49 12.02 6.18
18.26 5.41 0.0 3.09 10.74 2.7 12.09 2.12 5.41 17.25 5.3 7.5 7.97 0.0 5.3 12.09 8.08 3.09 14.74 17.25 17.4 17.65 18.26 5.86 7.5 0.0 0.0 7.97 5.41 7.5 11.74 8.08 10.61 5.86 8.08 2.7 5.86 12.09 6.18 5.86 8.08 7.5 5.86 7.97 3.09 14.74 6.18 5.86 12.09 14.74 5.86 11.74 7.5 0.0 6.18 11.74 8.08 7.97 5.86 5.86 12.09 14.74 5.3 17.25 11.74 17.25 17.4 17.25 17.4 7.97 5.41 5.86 2.7 10.74 0.0 14.74 18.26 17.65 14.74 18.26 8.08 7.97 6.18 5.3 17.25 2.12 7.5 5.86 0.0 10.74 12.09 3.09 0.0 7.5 8.08 5.3 18.26 10.61 10.74 8.08 11.74
7.72 7.97 10.74 11.07 0.0 9.06 3.75 12.57 7.97 7.12 12.3 18.14 9.78 10.74 12.3 3.75 18.75 11.07 7.08 7.12 6.75 9.03 7.72 16.16 18.14 10.74 10.74 9.78 7.97 18.14 7.5 18.75 3.75 16.16 18.75 9.06 16.16 3.75 5.86 8.49 18.75 18.14 16.16 9.78 11.07 7.08 5.86 8.49 3.75 7.08 16.16 7.5 18.14 10.74 5.86 7.5 18.75 9.78 16.16 8.49 3.75 7.08 12.3 7.12 7.5 7.12 6.75 7.12 6.75 9.78 7.97 16.16 9.06 0.0 10.74 7.08 7.72 9.03 7.08 7.72 18.75 9.78 5.86 12.3 7.12 12.57 18.14 8.49 10.74 0.0 3.75 11.07 10.74 18.14 18.75 12.3 7.72 3.75 0.0 18.75 7.5
6.75 10.82 12.09 13.27 3.75 11.15 0.0 14.15 10.82 9.03 14.89 18.97 13.1 12.09 14.89 0.0 20.12 13.27 10.45 9.03 7.72 11.86 6.75 17.89 18.97 12.09 12.09 13.1 10.82 18.97 11.25 20.12 7.5 17.89 20.12 11.15 17.89 0.0 8.75 11.45 20.12 18.97 17.89 13.1 13.27 10.45 8.75 11.45 0.0 10.45 17.89 11.25 18.97 12.09 8.75 11.25 20.12 13.1 17.89 11.45 0.0 10.45 14.89 9.03 11.25 9.03 7.72 9.03 7.72 13.1 10.82 17.89 11.15 3.75 12.09 10.45 6.75 11.86 10.45 6.75 20.12 13.1 8.75 14.89 9.03 14.15 18.97 11.45 12.09 3.75 0.0 13.27 12.09 18.97 20.12 14.89 6.75 7.5 3.75 20.12 11.25
18.79 3.75 3.09 0.0 11.07 2.12 13.27 2.7 3.75 16.77 2.25 8.78 5.41 3.09 2.25 13.27 8.25 0.0 13.52 16.77 17.32 16.52 18.79 5.3 8.78 3.09 3.09 5.41 3.75 8.78 10.01 8.25 9.86 5.3 8.25 2.12 5.3 13.27 5.46 3.82 8.25 8.78 5.3 5.41 0.0 13.52 5.46 3.82 13.27 13.52 5.3 10.01 8.78 3.09 5.46 10.01 8.25 5.41 5.3 3.82 13.27 13.52 2.25 16.77 10.01 16.77 17.32 16.77 17.32 5.41 3.75 5.3 2.12 11.07 3.09 13.52 18.79 16.52 13.52 18.79 8.25 5.41 5.46 2.25 16.77 2.7 8.78 3.82 3.09 11.07 13.27 0.0 3.09 8.78 8.25 2.25 18.79 9.86 11.07 8.25 10.01
18.26 5.41 0.0 3.09 10.74 2.7 12.09 2.12 5.41 17.25 5.3 7.5 7.97 0.0 5.3 12.09 8.08 3.09 14.74 17.25 17.4 17.65 18.26 5.86 7.5 0.0 0.0 7.97 5.41 7.5 11.74 8.08 10.61 5.86 8.08 2.7 5.86 12.09 6.18 5.86 8.08 7.5 5.86 7.97 3.09 14.74 6.18 5.86 12.09 14.74 5.86 11.74 7.5 0.0 6.18 11.74 8.08 7.97 5.86 5.86 12.09 14.74 5.3 17.25 11.74 17.25 17.4 17.25 17.4 7.97 5.41 5.86 2.7 10.74 0.0 14.74 18.26 17.65 14.74 18.26 8.08 7.97 6.18 5.3 17.25 2.12 7.5 5.86 0.0 10.74 12.09 3.09 0.0 7.5 8.08 5.3 18.26 10.61 10.74 8.08 11.74
25.47 12.37 7.5 8.78 18.14 9.86 18.97 6.18 12.37 24.75 9.78 0.0 14.09 7.5 9.78 18.97 3.0 8.78 22.07 24.75 24.85 25.03 25.47 4.8 0.0 7.5 7.5 14.09 12.37 0.0 18.75 3.0 18.06 4.8 3.0 9.86 4.8 18.97 13.58 12.57 3.0 0.0 4.8 14.09 8.78 22.07 13.58 12.57 18.97 22.07 4.8 18.75 0.0 7.5 13.58 18.75 3.0 14.09 4.8 12.57 18.97 22.07 9.78 24.75 18.75 24.75 24.85 24.75 24.85 14.09 12.37 4.8 9.86 18.14 7.5 22.07 25.47 25.03 22.07 25.47 3.0 14.09 13.58 9.78 24.75 6.18 0.0 12.57 7.5 18.14 18.97 8.78 7.5 0.0 3.0 9.78 25.47 18.06 18.14 3.0 18.75
26.34 12.0 8.08 8.25 18.75 9.86 20.12 6.18 12.0 24.93 8.55 3.0 13.1 8.08 8.55 20.12 0.0 8.25 21.76 24.93 25.3 24.76 26.34 3.09 3.0 8.08 8.08 13.1 12.0 3.0 18.14 0.0 18.06 3.09 0.0 9.86 3.09 20.12 13.58 12.02 0.0 3.0 3.09 13.1 8.25 21.76 13.58 12.02 20.12 21.76 3.09 18.14 3.0 8.08 13.58 18.14 0.0 13.1 3.09 12.02 20.12 21.76 8.55 24.93 18.14 24.93 25.3 24.93 25.3 13.1 12.0 3.09 9.86 18.75 8.08 21.76 26.34 24.76 21.76 26.34 0.0 13.1 13.58 8.55 24.93 6.18 3.0 12.02 8.08 18.75 20.12 8.25 8.08 3.0 0.0 8.55 26.34 18.06 18.75 0.0 18.14
19.97 4.37 5.3 2.25 12.3 4.04 14.89 4.37 4.37 17.32 0.0 9.78 4.56 5.3 0.0 14.89 8.55 2.25 13.58 17.32 18.12 16.57 19.97 5.46 9.78 5.3 5.3 4.56 4.37 9.78 9.75 8.55 10.45 5.46 8.55 4.04 5.46 14.89 6.45 4.04 8.55 9.78 5.46 4.56 2.25 13.58 6.45 4.04 14.89 13.58 5.46 9.75 9.78 5.3 6.45 9.75 8.55 4.56 5.46 4.04 14.89 13.58 0.0 17.32 9.75 17.32 18.12 17.32 18.12 4.56 4.37 5.46 4.04 12.3 5.3 13.58 19.97 16.57 13.58 19.97 8.55 4.56 6.45 0.0 17.32 4.37 9.78 4.04 5.3 12.3 14.89 2.25 5.3 9.78 8.55 0.0 19.97 10.45 12.3 8.55 9.75
0.0 15.61 18.26 18.79 7.72 16.77 6.75 20.19 15.61 6.0 19.97 25.47 16.97 18.26 19.97 6.75 26.34 18.79 10.2 6.0 3.75 9.75 0.0 23.84 25.47 18.26 18.26 16.97 15.61 25.47 13.12 26.34 10.09 23.84 26.34 16.77 23.84 6.75 13.52 16.05 26.34 25.47 23.84 16.97 18.79 10.2 13.52 16.05 6.75 10.2 23.84 13.12 25.47 18.26 13.52 13.12 26.34 16.97 23.84 16.05 6.75 10.2 19.97 6.0 13.12 6.0 3.75 6.0 3.75 16.97 15.61 23.84 16.77 7.72 18.26 10.2 0.0 9.75 10.2 0.0 26.34 16.97 13.52 19.97 6.0 20.19 25.47 16.05 18.26 7.72 6.75 18.79 18.26 25.47 26.34 19.97 0.0 10.09 7.72 26.34 13.12
10.09 6.18 10.61 9.86 3.75 8.25 7.5 12.0 6.18 6.91 10.45 18.06 6.91 10.61 10.45 7.5 18.06 9.86 4.37 6.91 7.72 7.12 10.09 15.17 18.06 10.61 10.61 6.91 6.18 18.06 3.75 18.06 0.0 15.17 18.06 8.25 15.17 7.5 4.5 6.41 18.06 18.06 15.17 6.91 9.86 4.37 4.5 6.41 7.5 4.37 15.17 3.75 18.06 10.61 4.5 3.75 18.06 6.91 15.17 6.41 7.5 4.37 10.45 6.91 3.75 6.91 7.72 6.91 7.72 6.91 6.18 15.17 8.25 3.75 10.61 4.37 10.09 7.12 4.37 10.09 18.06 6.91 4.5 10.45 6.91 12.0 18.06 6.41 10.61 3.75 7.5 9.86 10.61 18.06 18.06 10.45 10.09 0.0 3.75 18.06 3.75
7.72 7.97 10.74 11.07 0.0 9.06 3.75 12.57 7.97 7.12 12.3 18.14 9.78 10.74 12.3 3.75 18.75 11.07 7.08 7.12 6.75 9.03 7.72 16.16 18.14 10.74 10.74 9.78 7.97 18.14 7.5 18.75 3.75 16.16 18.75 9.06 16.16 3.75 5.86 8.49 18.75 18.14 16.16 9.78 11.07 7.08 5.86 8.49 3.75 7.08 16.16 7.5 18.14 10.74 5.86 7.5 18.75 9.78 16.16 8.49 3.75 7.08 12.3 7.12 7.5 7.12 6.75 7.12 6.75 9.78 7.97 16.16 9.06 0.0 10.74 7.08 7.72 9.03 7.08 7.72 18.75 9.78 5.86 12.3 7.12 12.57 18.14 8.49 10.74 0.0 3.75 11.07 10.74 18.14 18.75 12.3 7.72 3.75 0.0 18.75 7.5
26.34 12.0 8.08 8.25 18.75 9.86 20.12 6.18 12.0 24.93 8.55 3.0 13.1 8.08 8.55 20.12 0.0 8.25 21.76 24.93 25.3 24.76 26.34 3.09 3.0 8.08 8.08 13.1 12.0 3.0 18.14 0.0 18.06 3.09 0.0 9.86 3.09 20.12 13.58 12.02 0.0 3.0 3.09 13.1 8.25 21.76 13.58 12.02 20.12 21.76 3.09 18.14 3.0 8.08 13.58 18.14 0.0 13.1 3.09 12.02 20.12 21.76 8.55 24.93 18.14 24.93 25.3 24.93 25.3 13.1 12.0 3.09 9.86 18.75 8.08 21.76 26.34 24.76 21.76 26.34 0.0 13.1 13.58 8.55 24.93 6.18 3.0 12.02 8.08 18.75 20.12 8.25 8.08 3.0 0.0 8.55 26.34 18.06 18.75 0.0 18.14
13.12 6.41 11.74 10.01 7.5 9.06 11.25 12.57 6.41 8.55 9.75 18.75 5.3 11.74 9.75 11.25 18.14 10.01 4.04 8.55 10.09 6.91 13.12 15.07 18.75 11.74 11.74 5.3 6.41 18.75 0.0 18.14 3.75 15.07 18.14 9.06 15.07 11.25 5.86 6.18 18.14 18.75 15.07 5.3 10.01 4.04 5.86 6.18 11.25 4.04 15.07 0.0 18.75 11.74 5.86 0.0 18.14 5.3 15.07 6.18 11.25 4.04 9.75 8.55 0.0 8.55 10.09 8.55 10.09 5.3 6.41 15.07 9.06 7.5 11.74 4.04 13.12 6.91 4.04 13.12 18.14 5.3 5.86 9.75 8.55 12.57 18.75 6.18 11.74 7.5 11.25 10.01 11.74 18.75 18.14 9.75 13.12 3.75 7.5 18.14 0.0
