0.0 25.47 19.97 16.77 23.84 19.97 16.05 16.05 13.12 18.79 0.0 10.2 19.97 16.05 6.75 26.34 23.84 13.52 9.75 3.75 18.79 0.0 7.72 9.75 10.09 18.79 18.79 7.72 25.47 16.97 3.75 0.0 15.61 15.61 16.05 9.75 15.61 20.19 0.0 13.52 20.19
25.47 0.0 9.78 9.86 4.8 9.78 12.57 12.57 18.75 8.78 25.47 22.07 9.78 12.57 18.97 3.0 4.8 13.58 25.03 24.85 8.78 25.47 18.14 25.03 18.06 8.78 8.78 18.14 0.0 14.09 24.85 25.47 12.37 12.37 12.57 25.03 12.37 6.18 25.47 13.58 6.18
19.97 9.78 0.0 4.04 5.46 0.0 4.04 4.04 9.75 2.25 19.97 13.58 0.0 4.04 14.89 8.55 5.46 6.45 16.57 18.12 2.25 19.97 12.3 16.57 10.45 2.25 2.25 12.3 9.78 4.56 18.12 19.97 4.37 4.37 4.04 16.57 4.37 4.37 19.97 6.45 4.37
16.77 9.86 4.04 0.0 7.12 4.04 3.18 3.18 9.06 2.12 16.77 12.21 4.04 3.18 11.15 9.86 7.12 3.75 15.17 15.46 2.12 16.77 9.06 15.17 8.25 2.12 2.12 9.06 9.86 5.41 15.46 16.77 2.7 2.7 3.18 15.17 2.7 3.75 16.77 3.75 3.75
23.84 4.8 5.46 7.12 0.0 5.46 9.0 9.0 15.07 5.3 23.84 18.75 5.46 9.0 17.89 3.09 0.0 10.74 21.75 22.56 5.3 23.84 16.16 21.75 15.17 5.3 5.3 16.16 4.8 10.01 22.56 23.84 9.03 9.03 9.0 21.75 9.03 3.75 23.84 10.74 3.75
19.97 9.78 0.0 4.04 5.46 0.0 4.04 4.04 9.75 2.25 19.97 13.58 0.0 4.04 14.89 8.55 5.46 6.45 16.57 18.12 2.25 19.97 12.3 16.57 10.45 2.25 2.25 12.3 9.78 4.56 18.12 19.97 4.37 4.37 4.04 16.57 4.37 4.37 19.97 6.45 4.37
16.05 12.57 4.04 3.18 9.0 4.04 0.0 0.0 6.18 3.82 16.05 9.75 4.04 0.0 11.45 12.02 9.0 2.7 12.75 14.09 3.82 16.05 8.49 12.75 6.41 3.82 3.82 8.49 12.57 2.37 14.09 16.05 0.75 0.75 0.0 12.75 0.75 6.41 16.05 2.7 6.41
16.05 12.57 4.04 3.18 9.0 4.04 0.0 0.0 6.18 3.82 16.05 9.75 4.04 0.0 11.45 12.02 9.0 2.7 12.75 14.09 3.82 16.05 8.49 12.75 6.41 3.82 3.82 8.49 12.57 2.37 14.09 16.05 0.75 0.75 0.0 12.75 0.75 6.41 16.05 2.7 6.41
13.12 18.75 9.75 9.06 15.07 9.75 6.18 6.18 0.0 10.01 13.12 4.04 9.75 6.18 11.25 18.14 15.07 5.86 6.91 10.09 10.01 13.12 7.5 6.91 3.75 10.01 10.01 7.5 18.75 5.3 10.09 13.12 6.41 6.41 6.18 6.91 6.41 12.57 13.12 5.86 12.57
18.79 8.78 2.25 2.12 5.3 2.25 3.82 3.82 10.01 0.0 18.79 13.52 2.25 3.82 13.27 8.25 5.3 5.46 16.52 17.32 0.0 18.79 11.07 16.52 9.86 0.0 0.0 11.07 8.78 5.41 17.32 18.79 3.75 3.75 3.82 16.52 3.75 2.7 18.79 5.46 2.7
0.0 25.47 19.97 16.77 23.84 19.97 16.05 16.05 13.12 18.79 0.0 10.2 19.97 16.05 6.75 26.34 23.84 13.52 9.75 3.75 18.79 0.0 7.72 9.75 10.09 18.79 18.79 7.72 25.47 16.97 3.75 0.0 15.61 15.61 16.05 9.75 15.61 20.19 0.0 13.52 20.19
10.2 22.07 13.58 12.21 18.75 13.58 9.75 9.75 4.04 13.52 10.2 0.0 13.58 9.75 10.45 21.76 18.75 8.55 3.0 6.71 13.52 10.2 7.08 3.0 4.37 13.52 13.52 7.08 22.07 9.28 6.71 10.2 9.78 9.78 9.75 3.0 9.78 15.91 10.2 8.55 15.91
19.97 9.78 0.0 4.04 5.46 0.0 4.04 4.04 9.75 2.25 19.97 13.58 0.0 4.04 14.89 8.55 5.46 6.45 16.57 18.12 2.25 19.97 12.3 16.57 10.45 2.25 2.25 12.3 9.78 4.56 18.12 19.97 4.37 4.37 4.04 16.57 4.37 4.37 19.97 6.45 4.37
16.05 12.57 4.04 3.18 9.0 4.04 0.0 0.0 6.18 3.82 16.05 9.75 4.04 0.0 11.45 12.02 9.0 2.7 12.75 14.09 3.82 16.05 8.49 12.75 6.41 3.82 3.82 8.49 12.57 2.37 14.09 16.05 0.75 0.75 0.0 12.75 0.75 6.41 16.05 2.7 6.41
6.75 18.97 14.89 11.15 17.89 14.89 11.45 11.45 11.25 13.27 6.75 10.45 14.89 11.45 0.0 20.12 17.89 8.75 11.86 7.72 13.27 6.75 3.75 11.86 7.5 13.27 13.27 3.75 18.97 13.1 7.72 6.75 10.82 10.82 11.45 11.86 10.82 14.15 6.75 8.75 14.15
26.34 3.0 8.55 9.86 3.09 8.55 12.02 12.02 18.14 8.25 26.34 21.76 8.55 12.02 20.12 0.0 3.09 13.58 24.76 25.3 8.25 26.34 18.75 24.76 18.06 8.25 8.25 18.75 3.0 13.1 25.3 26.34 12.0 12.0 12.02 24.76 12.0 6.18 26.34 13.58 6.18
23.84 4.8 5.46 7.12 0.0 5.46 9.0 9.0 15.07 5.3 23.84 18.75 5.46 9.0 17.89 3.09 0.0 10.74 21.75 22.56 5.3 23.84 16.16 21.75 15.17 5.3 5.3 16.16 4.8 10.01 22.56 23.84 9.03 9.03 9.0 21.75 9.03 3.75 23.84 10.74 3.75
13.52 13.58 6.45 3.75 10.74 6.45 2.7 2.7 5.86 5.46 13.52 8.55 6.45 2.7 8.75 13.58 10.74 0.0 11.47 11.86 5.46 13.52 5.86 11.47 4.5 5.46 5.46 5.86 13.58 4.56 11.86 13.52 2.12 2.12 2.7 11.47 2.12 7.5 13.52 0.0 7.5
9.75 25.03 16.57 15.17 21.75 16.57 12.75 12.75 6.91 16.52 9.75 3.0 16.57 12.75 11.86 24.76 21.75 11.47 0.0 6.0 16.52 9.75 9.03 0.0 7.12 16.52 16.52 9.03 25.03 12.21 6.0 9.75 12.77 12.77 12.75 0.0 12.77 18.88 9.75 11.47 18.88
3.75 24.85 18.12 15.46 22.56 18.12 14.09 14.09 10.09 17.32 3.75 6.71 18.12 14.09 7.72 25.3 22.56 11.86 6.0 0.0 17.32 3.75 6.75 6.0 7.72 17.32 17.32 6.75 24.85 14.56 0.0 3.75 13.79 13.79 14.09 6.0 13.79 19.12 3.75 11.86 19.12
18.79 8.78 2.25 2.12 5.3 2.25 3.82 3.82 10.01 0.0 18.79 13.52 2.25 3.82 13.27 8.25 5.3 5.46 16.52 17.32 0.0 18.79 11.07 16.52 9.86 0.0 0.0 11.07 8.78 5.41 17.32 18.79 3.75 3.75 3.82 16.52 3.75 2.7 18.79 5.46 2.7
0.0 25.47 19.97 16.77 23.84 19.97 16.05 16.05 13.12 18.79 0.0 10.2 19.97 16.05 6.75 26.34 23.84 13.52 9.75 3.75 18.79 0.0 7.72 9.75 10.09 18.79 18.79 7.72 25.47 16.97 3.75 0.0 15.61 15.61 16.05 9.75 15.61 20.19 0.0 13.52 20.19
7.72 18.14 12.3 9.06 16.16 12.3 8.49 8.49 7.5 11.07 7.72 7.08 12.3 8.49 3.75 18.75 16.16 5.86 9.03 6.75 11.07 7.72 0.0 9.03 3.75 11.07 11.07 0.0 18.14 9.78 6.75 7.72 7.97 7.97 8.49 9.03 7.97 12.57 7.72 5.86 12.57
9.75 25.03 16.57 15.17 21.75 16.57 12.75 12.75 6.91 16.52 9.75 3.0 16.57 12.75 11.86 24.76 21.75 11.47 0.0 6.0 16.52 9.75 9.03 0.0 7.12 16.52 16.52 9.03 25.03 12.21 6.0 9.75 12.77 12.77 12.75 0.0 12.77 18.88 9.75 11.47 18.88
10.09 18.06 10.45 8.25 15.17 10.45 6.41 6.41 3.75 9.86 10.09 4.37 10.45 6.41 7.5 18.06 15.17 4.5 7.12 7.72 9.86 10.09 3.75 7.12 0.0 9.86 9.86 3.75 18.06 6.91 7.72 10.09 6.18 6.18 6.41 7.12 6.18 12.0 10.09 4.5 12.0
18.79 8.78 2.25 2.12 5.3 2.25 3.82 3.82 10.01 0.0 18.79 13.52 2.25 3.82 13.27 8.25 5.3 5.46 16.52 17.32 0.0 18.79 11.07 16.52 9.86 0.0 0.0 11.07 8.78 5.41 17.32 18.79 3.75 3.75 3.82 16.52 3.75 2.7 18.79 5.46 2.7
18.79 8.78 2.25 2.12 5.3 2.25 3.82 3.82 10.01 0.0 18.79 13.52 2.25 3.82 13.27 8.25 5.3 5.46 16.52 17.32 0.0 18.79 11.07 16.52 9.86 0.0 0.0 11.07 8.78 5.41 17.32 18.79 3.75 3.75 3.82 16.52 3.75 2.7 18.79 5.46 2.7
7.72 18.14 12.3 9.06 16.16 12.3 8.49 8.49 7.5 11.07 7.72 7.08 12.3 8.49 3.75 18.75 16.16 5.86 9.03 6.75 11.07 7.72 0.0 9.03 3.75 11.07 11.07 0.0 18.14 9.78 6.75 7.72 7.97 7.97 8.49 9.03 7.97 12.57 7.72 5.86 12.57
25.47 0.0 9.78 9.86 4.8 9.78 12.57 12.57 18.75 8.78 25.47 22.07 9.78 12.57 18.97 3.0 4.8 13.58 25.03 24.85 8.78 25.47 18.14 25.03 18.06 8.78 8.78 18.14 0.0 14.09 24.85 25.47 12.37 12.37 12.57 25.03 12.37 6.18 25.47 13.58 6.18
16.97 14.09 4.56 5.41 10.01 4.56 2.37 2.37 5.3 5.41 16.97 9.28 4.56 2.37 13.1 13.1 10.01 4.56 12.21 14.56 5.41 16.97 9.78 12.21 6.91 5.41 5.41 9.78 14.09 0.0 14.56 16.97 3.09 3.09 2.37 12.21 3.09 8.11 16.97 4.56 8.11
3.75 24.85 18.12 15.46 22.56 18.12 14.09 14.09 10.09 17.32 3.75 6.71 18.12 14.09 7.72 25.3 22.56 11.86 6.0 0.0 17.32 3.75 6.75 6.0 7.72 17.32 17.32 6.75 24.85 14.56 0.0 3.75 13.79 13.79 14.09 6.0 13.79 19.12 3.75 11.86 19.12
0.0 25.47 19.97 16.77 23.84 19.97 16.05 16.05 13.12 18.79 0.0 10.2 19.97 16.05 6.75 26.34 23.84 13.52 9.75 3.75 18.79 0.0 7.72 9.75 10.09 18.79 18.79 7.72 25.47 16.97 3.75 0.0 15.61 15.61 16.05 9.75 15.61 20.19 0.0 13.52 20.19
15.61 12.37 4.37 2.7 9.03 4.37 0.75 0.75 6.41 3.75 15.61 9.78 4.37 0.75 10.82 12.0 9.03 2.12 12.77 13.79 3.75 15.61 7.97 12.77 6.18 3.75 3.75 7.97 12.37 3.09 13.79 15.61 0.0 0.0 0.75 12.77 0.0 6.18 15.61 2.12 6.18
15.61 12.37 4.37 2.7 9.03 4.37 0.75 0.75 6.41 3.75 15.61 9.78 4.37 0.75 10.82 12.0 9.03 2.12 12.77 13.79 3.75 15.61 7.97 12.77 6.18 3.75 3.75 7.97 12.37 3.09 13.79 15.61 0.0 0.0 0.75 12.77 0.0 6.18 15.61 2.12 6.18
16.05 12.57 4.04 3.18 9.0 4.04 0.0 0.0 6.18 3.82 16.05 9.75 4.04 0.0 11.45 12.02 9.0 2.7 12.75 14.09 3.82 16.05 8.49 12.75 6.41 3.82 3.82 8.49 12.57 2.37 14.09 16.05 0.75 0.75 0.0 12.75 0.75 6.41 16.05 2.7 6.41
9.75 25.03 16.57 15.17 21.75 16.57 12.75 12.75 6.91 16.52 9.75 3.0 16.57 12.75 11.86 24.76 21.75 11.47 0.0 6.0 16.52 9.75 9.03 0.0 7.12 16.52 16.52 9.03 25.03 12.21 6.0 9.75 12.77 12.77 12.75 0.0 12.77 18.88 9.75 11.47 18.88
15.61 12.37 4.37 2.7 9.03 4.37 0.75 0.75 6.41 3.75 15.61 9.78 4.37 0.75 10.82 12.0 9.03 2.12 12.77 13.79 3.75 15.61 7.97 12.77 6.18 3.75 3.75 7.97 12.37 3.09 13.79 15.61 0.0 0.0 0.75 12.77 0.0 6.18 15.61 2.12 6.18
20.19 6.18 4.37 3.75 3.75 4.37 6.41 6.41 12.57 2.7 20.19 15.91 4.37 6.41 14.15 6.18 3.75 7.5 18.88 19.12 2.7 20.19 12.57 18.88 12.0 2.7 2.7 12.57 6.18 8.11 19.12 20.19 6.18 6.18 6.41 18.88 6.18 0.0 20.19 7.5 0.0
0.0 25.47 19.97 16.77 23.84 19.97 16.05 16.05 13.12 18.79 0.0 10.2 19.97 16.05 6.75 26.34 23.84 13.52 9.75 3.75 18.79 0.0 7.72 9.75 10.09 18.79 18.79 7.72 25.47 16.97 3.75 0.0 15.61 15.61 16.05 9.75 15.61 20.19 0.0 13.52 20.19
13.52 13.58 6.45 3.75 10.74 6.45 2.7 2.7 5.86 5.46 13.52 8.55 6.45 2.7 8.75 13.58 10.74 0.0 11.47 11.86 5.46 13.52 5.86 11.47 4.5 5.46 5.46 5.86 13.58 4.56 11.86 13.52 2.12 2.12 2.7 11.47 2.12 7.5 13.52 0.0 7.5
20.19 6.18 4.37 3.75 3.75 4.37 6.41 6.41 12.57 2.7 20.19 15.91 4.37 6.41 14.15 6.18 3.75 7.5 18.88 19.12 2.7 20.19 12.57 18.88 12.0 2.7 2.7 12.57 6.18 8.11 19.12 20.19 6.18 6.18 6.41 18.88 6.18 0.0 20.19 7.5 0.0
