6 200 480 6 0
0 0.0 0 0.0 480 480
1 2.0 1 135.0 150.0 33.92
2 2.0 1 200.0 215.0 16.47
3 2.0 1 100.0 115.0 44.83
4 2.0 1 65.0 80.0 20.72
5 2.0 1 110.0 125.0 38.35
6 2.0 1 110.0 125.0 16.47
7 2.0 2 75.0 90.0 24.45
8 2.0 1 195.0 210.0 46.6
9 2.0 1 75.0 90.0 54.0
10 2.0 2 100.0 115.0 20.03
11 2.0 1 225.0 240.0 13.08
12 2.0 1 110.0 125.0 16.47
13 2.0 1 145.0 160.0 57.47
14 2.0 1 85.0 100.0 22.38
15 2.0 1 195.0 210.0 33.07
16 2.0 2 180.0 195.0 34.3
17 2.0 1 200.0 215.0 16.73
18 2.0 1 195.0 210.0 36.48
19 2.0 1 85.0 100.0 20.03
20 2.0 1 85.0 100.0 37.55
21 2.0 3 235.0 250.0 56.03
22 2.0 1 195.0 210.0 30.65
23 2.0 1 65.0 80.0 44.38
24 2.0 1 70.0 85.0 12.95
25 2.0 1 95.0 110.0 16.47
26 2.0 1 100.0 115.0 30.0
27 2.0 1 215.0 230.0 16.47
28 2.0 3 220.0 235.0 45.28
29 2.0 3 100.0 115.0 45.28
30 2.0 2 70.0 85.0 46.5
31 2.0 1 90.0 105.0 41.5
32 2.0 1 220.0 235.0 41.52
33 2.0 1 110.0 125.0 58.13
34 2.0 1 205.0 220.0 32.65
35 2.0 1 170.0 185.0 45.15
36 2.0 2 145.0 160.0 29.95
37 2.0 1 180.0 195.0 51.78
38 2.0 1 155.0 170.0 51.47
39 2.0 1 220.0 235.0 51.87
40 2.0 1 175.0 190.0 20.72
41 2.0 1 140.0 155.0 27.23
42 2.0 1 165.0 180.0 32.6
43 2.0 1 135.0 150.0 40.8
44 2.0 1 110.0 125.0 20.72
45 2.0 1 205.0 220.0 54.03
46 2.0 3 130.0 145.0 48.58
47 2.0 1 80.0 95.0 58.13
48 2.0 1 200.0 215.0 27.2
49 2.0 1 135.0 150.0 35.82
50 2.0 2 95.0 110.0 27.1
51 2.0 1 225.0 240.0 38.35
52 2.0 1 150.0 165.0 41.98
53 2.0 1 105.0 120.0 54.03
54 2.0 2 70.0 85.0 51.87
55 2.0 1 225.0 240.0 14.77
56 2.0 1 240.0 255.0 48.58
57 2.0 1 220.0 235.0 33.08
58 2.0 1 200.0 215.0 24.45
59 2.0 1 115.0 130.0 14.77
60 2.0 2 190.0 205.0 30.87
61 2.0 1 85.0 100.0 46.6
62 2.0 1 195.0 210.0 22.38
63 2.0 2 200.0 215.0 39.92
64 2.0 1 230.0 245.0 39.5
65 2.0 1 140.0 155.0 51.55
66 2.0 1 155.0 170.0 20.53
67 2.0 1 120.0 135.0 38.23
68 2.0 1 230.0 245.0 56.85
69 2.0 1 195.0 210.0 32.6
70 2.0 1 200.0 215.0 16.47
71 2.0 1 130.0 145.0 37.92
72 2.0 2 85.0 100.0 64.05
73 2.0 1 130.0 145.0 41.52
74 2.0 1 60.0 75.0 45.13
75 2.0 1 205.0 220.0 36.05
76 2.0 2 180.0 195.0 9.7
77 2.0 1 155.0 170.0 51.47
78 2.0 2 210.0 225.0 40.8
79 2.0 1 185.0 200.0 38.23
80 2.0 1 220.0 235.0 27.23
81 2.0 1 110.0 125.0 30.7
82 2.0 1 110.0 125.0 29.95
83 2.0 1 190.0 205.0 14.5
84 2.0 1 165.0 180.0 55.52
85 2.0 2 105.0 120.0 32.62
86 2.0 1 65.0 80.0 45.83
87 2.0 1 135.0 150.0 32.53
88 2.0 1 75.0 90.0 34.3
89 2.0 2 185.0 200.0 44.47
90 2.0 1 150.0 165.0 42.0
91 2.0 1 160.0 175.0 56.03
92 2.0 1 220.0 235.0 31.07
93 2.0 1 215.0 230.0 34.1
94 2.0 1 145.0 160.0 21.92
95 2.0 1 135.0 150.0 34.4
96 2.0 1 195.0 210.0 51.55
97 2.0 2 85.0 100.0 35.67
98 2.0 1 65.0 80.0 32.48
99 2.0 2 160.0 175.0 51.87
100 2.0 1 145.0 160.0 46.35
101 2.0 -1 150.92 183.92 33.92
102 2.0 -1 205.47 231.47 16.47
103 2.0 -1 123.83 159.83 44.83
104 2.0 -1 72.72 100.72 20.72
105 2.0 -1 129.35 163.35 38.35
106 2.0 -1 115.47 141.47 16.47
107 2.0 -2 84.45 114.45 24.45
108 2.0 -1 220.6 256.6 46.6
109 2.0 -1 106.0 144.0 54.0
110 2.0 -2 107.03 135.03 20.03
111 2.0 -1 229.08 253.08 13.08
112 2.0 -1 115.47 141.47 16.47
113 2.0 -1 179.47 217.47 57.47
114 2.0 -1 93.38 122.38 22.38
115 2.0 -1 210.07 243.07 33.07
116 2.0 -2 196.3 229.3 34.3
117 2.0 -1 205.73 231.73 16.73
118 2.0 -1 212.48 246.48 36.48
119 2.0 -1 92.03 120.03 20.03
120 2.0 -1 103.55 137.55 37.55
121 2.0 -3 268.03 306.03 56.03
122 2.0 -1 208.65 240.65 30.65
123 2.0 -1 88.38 124.38 44.38
124 2.0 -1 73.95 97.95 12.95
125 2.0 -1 100.47 126.47 16.47
126 2.0 -1 113.0 145.0 30.0
127 2.0 -1 220.47 246.47 16.47
128 2.0 -3 244.28 280.28 45.28
129 2.0 -3 124.28 160.28 45.28
130 2.0 -2 95.5 131.5 46.5
131 2.0 -1 111.5 146.5 41.5
132 2.0 -1 241.52 276.52 41.52
133 2.0 -1 145.13 183.13 58.13
134 2.0 -1 219.65 252.65 32.65
135 2.0 -1 194.15 230.15 45.15
136 2.0 -2 157.95 189.95 29.95
137 2.0 -1 209.78 246.78 51.78
138 2.0 -1 184.47 221.47 51.47
139 2.0 -1 249.87 286.87 51.87
140 2.0 -1 182.72 210.72 20.72
141 2.0 -1 151.23 182.23 27.23
142 2.0 -1 179.6 212.6 32.6
143 2.0 -1 155.8 190.8 40.8
144 2.0 -1 117.72 145.72 20.72
145 2.0 -1 236.03 274.03 54.03
146 2.0 -3 156.58 193.58 48.58
147 2.0 -1 115.13 153.13 58.13
148 2.0 -1 211.2 242.2 27.2
149 2.0 -1 151.82 185.82 35.82
150 2.0 -2 106.1 137.1 27.1
151 2.0 -1 244.35 278.35 38.35
152 2.0 -1 171.98 206.98 41.98
153 2.0 -1 136.03 174.03 54.03
154 2.0 -2 99.87 136.87 51.87
155 2.0 -1 229.77 254.77 14.77
156 2.0 -1 266.58 303.58 48.58
157 2.0 -1 235.08 268.08 33.08
158 2.0 -1 209.45 239.45 24.45
159 2.0 -1 119.77 144.77 14.77
160 2.0 -2 203.87 235.87 30.87
161 2.0 -1 110.6 146.6 46.6
162 2.0 -1 203.38 232.38 22.38
163 2.0 -2 219.92 254.92 39.92
164 2.0 -1 249.5 284.5 39.5
165 2.0 -1 169.55 206.55 51.55
166 2.0 -1 162.53 190.53 20.53
167 2.0 -1 139.23 173.23 38.23
168 2.0 -1 263.85 301.85 56.85
169 2.0 -1 209.6 242.6 32.6
170 2.0 -1 205.47 231.47 16.47
171 2.0 -1 148.92 182.92 37.92
172 2.0 -2 125.05 164.05 64.05
173 2.0 -1 151.52 186.52 41.52
174 2.0 -1 84.13 120.13 45.13
175 2.0 -1 222.05 256.05 36.05
176 2.0 -2 182.7 204.7 9.7
177 2.0 -1 184.47 221.47 51.47
178 2.0 -2 230.8 265.8 40.8
179 2.0 -1 204.23 238.23 38.23
180 2.0 -1 231.23 262.23 27.23
181 2.0 -1 123.7 155.7 30.7
182 2.0 -1 122.95 154.95 29.95
183 2.0 -1 194.5 219.5 14.5
184 2.0 -1 197.52 235.52 55.52
185 2.0 -2 119.62 152.62 32.62
186 2.0 -1 89.83 125.83 45.83
187 2.0 -1 149.53 182.53 32.53
188 2.0 -1 91.3 124.3 34.3
189 2.0 -2 208.47 244.47 44.47
190 2.0 -1 172.0 207.0 42.0
191 2.0 -1 193.03 231.03 56.03
192 2.0 -1 234.07 266.07 31.07
193 2.0 -1 231.1 264.1 34.1
194 2.0 -1 152.92 181.92 21.92
195 2.0 -1 151.4 184.4 34.4
196 2.0 -1 224.55 261.55 51.55
197 2.0 -2 101.67 135.67 35.67
198 2.0 -1 79.48 112.48 32.48
199 2.0 -2 189.87 226.87 51.87
200 2.0 -1 170.35 206.35 46.35
201 0.0 0 0.0 480 480
