0.0 18.79 13.12 6.0 7.72 13.12 10.2 26.34 19.97 7.72 13.52 10.2 6.75 0.0 23.84 9.75 15.61 18.26 23.84 16.97 19.97 13.12 20.19 0.0 26.34 20.19 19.97 10.2 16.77 13.12 16.97 23.84 3.75 6.0 18.79 10.2 20.19 23.84 13.52 13.12 7.72 19.97 7.72 16.05 0.0 10.2 10.09 18.26 13.12 18.26 9.75 6.0 6.0 16.05 9.75 19.97 6.75 9.75 13.52 9.75 13.12 7.72 13.52 6.75 6.0 6.0 13.12 9.75 3.75 6.0 6.0 15.61 18.26 10.2 13.52 16.97 10.2 25.47 10.2 20.19 25.47
18.79 0.0 10.01 16.77 11.07 10.01 13.52 8.25 2.25 11.07 5.46 13.52 13.27 18.79 5.3 16.52 3.75 3.09 5.3 5.41 2.25 10.01 2.7 18.79 8.25 2.7 2.25 13.52 2.12 10.01 5.41 5.3 17.32 16.77 0.0 13.52 2.7 5.3 5.46 10.01 11.07 2.25 11.07 3.82 18.79 13.52 9.86 3.09 10.01 3.09 16.52 16.77 16.77 3.82 16.52 2.25 13.27 16.52 5.46 16.52 10.01 11.07 5.46 13.27 16.77 16.77 10.01 16.52 17.32 16.77 16.77 3.75 3.09 13.52 5.46 5.41 13.52 8.78 13.52 2.7 8.78
13.12 10.01 0.0 8.55 7.5 0.0 4.04 18.14 9.75 7.5 5.86 4.04 11.25 13.12 15.07 6.91 6.41 11.74 15.07 5.3 9.75 0.0 12.57 13.12 18.14 12.57 9.75 4.04 9.06 0.0 5.3 15.07 10.09 8.55 10.01 4.04 12.57 15.07 5.86 0.0 7.5 9.75 7.5 6.18 13.12 4.04 3.75 11.74 0.0 11.74 6.91 8.55 8.55 6.18 6.91 9.75 11.25 6.91 5.86 6.91 0.0 7.5 5.86 11.25 8.55 8.55 0.0 6.91 10.09 8.55 8.55 6.41 11.74 4.04 5.86 5.3 4.04 18.75 4.04 12.57 18.75
6.0 16.77 8.55 0.0 7.12 8.55 4.8 24.93 17.32 7.12 11.35 4.8 9.03 6.0 22.07 3.75 13.1 17.25 22.07 13.42 17.32 8.55 18.81 6.0 24.93 18.81 17.32 4.8 15.07 8.55 13.42 22.07 2.25 0.0 16.77 4.8 18.81 22.07 11.35 8.55 7.12 17.32 7.12 13.29 6.0 4.8 6.91 17.25 8.55 17.25 3.75 0.0 0.0 13.29 3.75 17.32 9.03 3.75 11.35 3.75 8.55 7.12 11.35 9.03 0.0 0.0 8.55 3.75 2.25 0.0 0.0 13.1 17.25 4.8 11.35 13.42 4.8 24.75 4.8 18.81 24.75
7.72 11.07 7.5 7.12 0.0 7.5 7.08 18.75 12.3 0.0 5.86 7.08 3.75 7.72 16.16 9.03 7.97 10.74 16.16 9.78 12.3 7.5 12.57 7.72 18.75 12.57 12.3 7.08 9.06 7.5 9.78 16.16 6.75 7.12 11.07 7.08 12.57 16.16 5.86 7.5 0.0 12.3 0.0 8.49 7.72 7.08 3.75 10.74 7.5 10.74 9.03 7.12 7.12 8.49 9.03 12.3 3.75 9.03 5.86 9.03 7.5 0.0 5.86 3.75 7.12 7.12 7.5 9.03 6.75 7.12 7.12 7.97 10.74 7.08 5.86 9.78 7.08 18.14 7.08 12.57 18.14
13.12 10.01 0.0 8.55 7.5 0.0 4.04 18.14 9.75 7.5 5.86 4.04 11.25 13.12 15.07 6.91 6.41 11.74 15.07 5.3 9.75 0.0 12.57 13.12 18.14 12.57 9.75 4.04 9.06 0.0 5.3 15.07 10.09 8.55 10.01 4.04 12.57 15.07 5.86 0.0 7.5 9.75 7.5 6.18 13.12 4.04 3.75 11.74 0.0 11.74 6.91 8.55 8.55 6.18 6.91 9.75 11.25 6.91 5.86 6.91 0.0 7.5 5.86 11.25 8.55 8.55 0.0 6.91 10.09 8.55 8.55 6.41 11.74 4.04 5.86 5.3 4.04 18.75 4.04 12.57 18.75
10.2 13.52 4.04 4.8 7.08 4.04 0.0 21.76 13.58 7.08 8.55 0.0 10.45 10.2 18.75 3.0 9.78 14.74 18.75 9.28 13.58 4.04 15.91 10.2 21.76 15.91 13.58 0.0 12.21 4.04 9.28 18.75 6.71 4.8 13.52 0.0 15.91 18.75 8.55 4.04 7.08 13.58 7.08 9.75 10.2 0.0 4.37 14.74 4.04 14.74 3.0 4.8 4.8 9.75 3.0 13.58 10.45 3.0 8.55 3.0 4.04 7.08 8.55 10.45 4.8 4.8 4.04 3.0 6.71 4.8 4.8 9.78 14.74 0.0 8.55 9.28 0.0 22.07 0.0 15.91 22.07
26.34 8.25 18.14 24.93 18.75 18.14 21.76 0.0 8.55 18.75 13.58 21.76 20.12 26.34 3.09 24.76 12.0 8.08 3.09 13.1 8.55 18.14 6.18 26.34 0.0 6.18 8.55 21.76 9.86 18.14 13.1 3.09 25.3 24.93 8.25 21.76 6.18 3.09 13.58 18.14 18.75 8.55 18.75 12.02 26.34 21.76 18.06 8.08 18.14 8.08 24.76 24.93 24.93 12.02 24.76 8.55 20.12 24.76 13.58 24.76 18.14 18.75 13.58 20.12 24.93 24.93 18.14 24.76 25.3 24.93 24.93 12.0 8.08 21.76 13.58 13.1 21.76 3.0 21.76 6.18 3.0
19.97 2.25 9.75 17.32 12.3 9.75 13.58 8.55 0.0 12.3 6.45 13.58 14.89 19.97 5.46 16.57 4.37 5.3 5.46 4.56 0.0 9.75 4.37 19.97 8.55 4.37 0.0 13.58 4.04 9.75 4.56 5.46 18.12 17.32 2.25 13.58 4.37 5.46 6.45 9.75 12.3 0.0 12.3 4.04 19.97 13.58 10.45 5.3 9.75 5.3 16.57 17.32 17.32 4.04 16.57 0.0 14.89 16.57 6.45 16.57 9.75 12.3 6.45 14.89 17.32 17.32 9.75 16.57 18.12 17.32 17.32 4.37 5.3 13.58 6.45 4.56 13.58 9.78 13.58 4.37 9.78
7.72 11.07 7.5 7.12 0.0 7.5 7.08 18.75 12.3 0.0 5.86 7.08 3.75 7.72 16.16 9.03 7.97 10.74 16.16 9.78 12.3 7.5 12.57 7.72 18.75 12.57 12.3 7.08 9.06 7.5 9.78 16.16 6.75 7.12 11.07 7.08 12.57 16.16 5.86 7.5 0.0 12.3 0.0 8.49 7.72 7.08 3.75 10.74 7.5 10.74 9.03 7.12 7.12 8.49 9.03 12.3 3.75 9.03 5.86 9.03 7.5 0.0 5.86 3.75 7.12 7.12 7.5 9.03 6.75 7.12 7.12 7.97 10.74 7.08 5.86 9.78 7.08 18.14 7.08 12.57 18.14
13.52 5.46 5.86 11.35 5.86 5.86 8.55 13.58 6.45 5.86 0.0 8.55 8.75 13.52 10.74 11.47 2.12 6.18 10.74 4.56 6.45 5.86 7.5 13.52 13.58 7.5 6.45 8.55 3.75 5.86 4.56 10.74 11.86 11.35 5.46 8.55 7.5 10.74 0.0 5.86 5.86 6.45 5.86 2.7 13.52 8.55 4.5 6.18 5.86 6.18 11.47 11.35 11.35 2.7 11.47 6.45 8.75 11.47 0.0 11.47 5.86 5.86 0.0 8.75 11.35 11.35 5.86 11.47 11.86 11.35 11.35 2.12 6.18 8.55 0.0 4.56 8.55 13.58 8.55 7.5 13.58
10.2 13.52 4.04 4.8 7.08 4.04 0.0 21.76 13.58 7.08 8.55 0.0 10.45 10.2 18.75 3.0 9.78 14.74 18.75 9.28 13.58 4.04 15.91 10.2 21.76 15.91 13.58 0.0 12.21 4.04 9.28 18.75 6.71 4.8 13.52 0.0 15.91 18.75 8.55 4.04 7.08 13.58 7.08 9.75 10.2 0.0 4.37 14.74 4.04 14.74 3.0 4.8 4.8 9.75 3.0 13.58 10.45 3.0 8.55 3.0 4.04 7.08 8.55 10.45 4.8 4.8 4.04 3.0 6.71 4.8 4.8 9.78 14.74 0.0 8.55 9.28 0.0 22.07 0.0 15.91 22.07
6.75 13.27 11.25 9.03 3.75 11.25 10.45 20.12 14.89 3.75 8.75 10.45 0.0 6.75 17.89 11.86 10.82 12.09 17.89 13.1 14.89 11.25 14.15 6.75 20.12 14.15 14.89 10.45 11.15 11.25 13.1 17.89 7.72 9.03 13.27 10.45 14.15 17.89 8.75 11.25 3.75 14.89 3.75 11.45 6.75 10.45 7.5 12.09 11.25 12.09 11.86 9.03 9.03 11.45 11.86 14.89 0.0 11.86 8.75 11.86 11.25 3.75 8.75 0.0 9.03 9.03 11.25 11.86 7.72 9.03 9.03 10.82 12.09 10.45 8.75 13.1 10.45 18.97 10.45 14.15 18.97
0.0 18.79 13.12 6.0 7.72 13.12 10.2 26.34 19.97 7.72 13.52 10.2 6.75 0.0 23.84 9.75 15.61 18.26 23.84 16.97 19.97 13.12 20.19 0.0 26.34 20.19 19.97 10.2 16.77 13.12 16.97 23.84 3.75 6.0 18.79 10.2 20.19 23.84 13.52 13.12 7.72 19.97 7.72 16.05 0.0 10.2 10.09 18.26 13.12 18.26 9.75 6.0 6.0 16.05 9.75 19.97 6.75 9.75 13.52 9.75 13.12 7.72 13.52 6.75 6.0 6.0 13.12 9.75 3.75 6.0 6.0 15.61 18.26 10.2 13.52 16.97 10.2 25.47 10.2 20.19 25.47
23.84 5.3 15.07 22.07 16.16 15.07 18.75 3.09 5.46 16.16 10.74 18.75 17.89 23.84 0.0 21.75 9.03 5.86 0.0 10.01 5.46 15.07 3.75 23.84 3.09 3.75 5.46 18.75 7.12 15.07 10.01 0.0 22.56 22.07 5.3 18.75 3.75 0.0 10.74 15.07 16.16 5.46 16.16 9.0 23.84 18.75 15.17 5.86 15.07 5.86 21.75 22.07 22.07 9.0 21.75 5.46 17.89 21.75 10.74 21.75 15.07 16.16 10.74 17.89 22.07 22.07 15.07 21.75 22.56 22.07 22.07 9.03 5.86 18.75 10.74 10.01 18.75 4.8 18.75 3.75 4.8
9.75 16.52 6.91 3.75 9.03 6.91 3.0 24.76 16.57 9.03 11.47 3.0 11.86 9.75 21.75 0.0 12.77 17.65 21.75 12.21 16.57 6.91 18.88 9.75 24.76 18.88 16.57 3.0 15.17 6.91 12.21 21.75 6.0 3.75 16.52 3.0 18.88 21.75 11.47 6.91 9.03 16.57 9.03 12.75 9.75 3.0 7.12 17.65 6.91 17.65 0.0 3.75 3.75 12.75 0.0 16.57 11.86 0.0 11.47 0.0 6.91 9.03 11.47 11.86 3.75 3.75 6.91 0.0 6.0 3.75 3.75 12.77 17.65 3.0 11.47 12.21 3.0 25.03 3.0 18.88 25.03
15.61 3.75 6.41 13.1 7.97 6.41 9.78 12.0 4.37 7.97 2.12 9.78 10.82 15.61 9.03 12.77 0.0 5.41 9.03 3.09 4.37 6.41 6.18 15.61 12.0 6.18 4.37 9.78 2.7 6.41 3.09 9.03 13.79 13.1 3.75 9.78 6.18 9.03 2.12 6.41 7.97 4.37 7.97 0.75 15.61 9.78 6.18 5.41 6.41 5.41 12.77 13.1 13.1 0.75 12.77 4.37 10.82 12.77 2.12 12.77 6.41 7.97 2.12 10.82 13.1 13.1 6.41 12.77 13.79 13.1 13.1 0.0 5.41 9.78 2.12 3.09 9.78 12.37 9.78 6.18 12.37
18.26 3.09 11.74 17.25 10.74 11.74 14.74 8.08 5.3 10.74 6.18 14.74 12.09 18.26 5.86 17.65 5.41 0.0 5.86 7.97 5.3 11.74 2.12 18.26 8.08 2.12 5.3 14.74 2.7 11.74 7.97 5.86 17.4 17.25 3.09 14.74 2.12 5.86 6.18 11.74 10.74 5.3 10.74 5.86 18.26 14.74 10.61 0.0 11.74 0.0 17.65 17.25 17.25 5.86 17.65 5.3 12.09 17.65 6.18 17.65 11.74 10.74 6.18 12.09 17.25 17.25 11.74 17.65 17.4 17.25 17.25 5.41 0.0 14.74 6.18 7.97 14.74 7.5 14.74 2.12 7.5
23.84 5.3 15.07 22.07 16.16 15.07 18.75 3.09 5.46 16.16 10.74 18.75 17.89 23.84 0.0 21.75 9.03 5.86 0.0 10.01 5.46 15.07 3.75 23.84 3.09 3.75 5.46 18.75 7.12 15.07 10.01 0.0 22.56 22.07 5.3 18.75 3.75 0.0 10.74 15.07 16.16 5.46 16.16 9.0 23.84 18.75 15.17 5.86 15.07 5.86 21.75 22.07 22.07 9.0 21.75 5.46 17.89 21.75 10.74 21.75 15.07 16.16 10.74 17.89 22.07 22.07 15.07 21.75 22.56 22.07 22.07 9.03 5.86 18.75 10.74 10.01 18.75 4.8 18.75 3.75 4.8
16.97 5.41 5.3 13.42 9.78 5.3 9.28 13.1 4.56 9.78 4.56 9.28 13.1 16.97 10.01 12.21 3.09 7.97 10.01 0.0 4.56 5.3 8.11 16.97 13.1 8.11 4.56 9.28 5.41 5.3 0.0 10.01 14.56 13.42 5.41 9.28 8.11 10.01 4.56 5.3 9.78 4.56 9.78 2.37 16.97 9.28 6.91 7.97 5.3 7.97 12.21 13.42 13.42 2.37 12.21 4.56 13.1 12.21 4.56 12.21 5.3 9.78 4.56 13.1 13.42 13.42 5.3 12.21 14.56 13.42 13.42 3.09 7.97 9.28 4.56 0.0 9.28 14.09 9.28 8.11 14.09
19.97 2.25 9.75 17.32 12.3 9.75 13.58 8.55 0.0 12.3 6.45 13.58 14.89 19.97 5.46 16.57 4.37 5.3 5.46 4.56 0.0 9.75 4.37 19.97 8.55 4.37 0.0 13.58 4.04 9.75 4.56 5.46 18.12 17.32 2.25 13.58 4.37 5.46 6.45 9.75 12.3 0.0 12.3 4.04 19.97 13.58 10.45 5.3 9.75 5.3 16.57 17.32 17.32 4.04 16.57 0.0 14.89 16.57 6.45 16.57 9.75 12.3 6.45 14.89 17.32 17.32 9.75 16.57 18.12 17.32 17.32 4.37 5.3 13.58 6.45 4.56 13.58 9.78 13.58 4.37 9.78
13.12 10.01 0.0 8.55 7.5 0.0 4.04 18.14 9.75 7.5 5.86 4.04 11.25 13.12 15.07 6.91 6.41 11.74 15.07 5.3 9.75 0.0 12.57 13.12 18.14 12.57 9.75 4.04 9.06 0.0 5.3 15.07 10.09 8.55 10.01 4.04 12.57 15.07 5.86 0.0 7.5 9.75 7.5 6.18 13.12 4.04 3.75 11.74 0.0 11.74 6.91 8.55 8.55 6.18 6.91 9.75 11.25 6.91 5.86 6.91 0.0 7.5 5.86 11.25 8.55 8.55 0.0 6.91 10.09 8.55 8.55 6.41 11.74 4.04 5.86 5.3 4.04 18.75 4.04 12.57 18.75
20.19 2.7 12.57 18.81 12.57 12.57 15.91 6.18 4.37 12.57 7.5 15.91 14.15 20.19 3.75 18.88 6.18 2.12 3.75 8.11 4.37 12.57 0.0 20.19 6.18 0.0 4.37 15.91 3.75 12.57 8.11 3.75 19.12 18.81 2.7 15.91 0.0 3.75 7.5 12.57 12.57 4.37 12.57 6.41 20.19 15.91 12.0 2.12 12.57 2.12 18.88 18.81 18.81 6.41 18.88 4.37 14.15 18.88 7.5 18.88 12.57 12.57 7.5 14.15 18.81 18.81 12.57 18.88 19.12 18.81 18.81 6.18 2.12 15.91 7.5 8.11 15.91 6.18 15.91 0.0 6.18
0.0 18.79 13.12 6.0 7.72 13.12 10.2 26.34 19.97 7.72 13.52 10.2 6.75 0.0 23.84 9.75 15.61 18.26 23.84 16.97 19.97 13.12 20.19 0.0 26.34 20.19 19.97 10.2 16.77 13.12 16.97 23.84 3.75 6.0 18.79 10.2 20.19 23.84 13.52 13.12 7.72 19.97 7.72 16.05 0.0 10.2 10.09 18.26 13.12 18.26 9.75 6.0 6.0 16.05 9.75 19.97 6.75 9.75 13.52 9.75 13.12 7.72 13.52 6.75 6.0 6.0 13.12 9.75 3.75 6.0 6.0 15.61 18.26 10.2 13.52 16.97 10.2 25.47 10.2 20.19 25.47
26.34 8.25 18.14 24.93 18.75 18.14 21.76 0.0 8.55 18.75 13.58 21.76 20.12 26.34 3.09 24.76 12.0 8.08 3.09 13.1 8.55 18.14 6.18 26.34 0.0 6.18 8.55 21.76 9.86 18.14 13.1 3.09 25.3 24.93 8.25 21.76 6.18 3.09 13.58 18.14 18.75 8.55 18.75 12.02 26.34 21.76 18.06 8.08 18.14 8.08 24.76 24.93 24.93 12.02 24.76 8.55 20.12 24.76 13.58 24.76 18.14 18.75 13.58 20.12 24.93 24.93 18.14 24.76 25.3 24.93 24.93 12.0 8.08 21.76 13.58 13.1 21.76 3.0 21.76 6.18 3.0
20.19 2.7 12.57 18.81 12.57 12.57 15.91 6.18 4.37 12.57 7.5 15.91 14.15 20.19 3.75 18.88 6.18 2.12 3.75 8.11 4.37 12.57 0.0 20.19 6.18 0.0 4.37 15.91 3.75 12.57 8.11 3.75 19.12 18.81 2.7 15.91 0.0 3.75 7.5 12.57 12.57 4.37 12.57 6.41 20.19 15.91 12.0 2.12 12.57 2.12 18.88 18.81 18.81 6.41 18.88 4.37 14.15 18.88 7.5 18.88 12.57 12.57 7.5 14.15 18.81 18.81 12.57 18.88 19.12 18.81 18.81 6.18 2.12 15.91 7.5 8.11 15.91 6.18 15.91 0.0 6.18
19.97 2.25 9.75 17.32 12.3 9.75 13.58 8.55 0.0 12.3 6.45 13.58 14.89 19.97 5.46 16.57 4.37 5.3 5.46 4.56 0.0 9.75 4.37 19.97 8.55 4.37 0.0 13.58 4.04 9.75 4.56 5.46 18.12 17.32 2.25 13.58 4.37 5.46 6.45 9.75 12.3 0.0 12.3 4.04 19.97 13.58 10.45 5.3 9.75 5.3 16.57 17.32 17.32 4.04 16.57 0.0 14.89 16.57 6.45 16.57 9.75 12.3 6.45 14.89 17.32 17.32 9.75 16.57 18.12 17.32 17.32 4.37 5.3 13.58 6.45 4.56 13.58 9.78 13.58 4.37 9.78
10.2 13.52 4.04 4.8 7.08 4.04 0.0 21.76 13.58 7.08 8.55 0.0 10.45 10.2 18.75 3.0 9.78 14.74 18.75 9.28 13.58 4.04 15.91 10.2 21.76 15.91 13.58 0.0 12.21 4.04 9.28 18.75 6.71 4.8 13.52 0.0 15.91 18.75 8.55 4.04 7.08 13.58 7.08 9.75 10.2 0.0 4.37 14.74 4.04 14.74 3.0 4.8 4.8 9.75 3.0 13.58 10.45 3.0 8.55 3.0 4.04 7.08 8.55 10.45 4.8 4.8 4.04 3.0 6.71 4.8 4.8 9.78 14.74 0.0 8.55 9.28 0.0 22.07 0.0 15.91 22.07
16.77 2.12 9.06 15.07 9.06 9.06 12.21 9.86 4.04 9.06 3.75 12.21 11.15 16.77 7.12 15.17 2.7 2.7 7.12 5.41 4.04 9.06 3.75 16.77 9.86 3.75 4.04 12.21 0.0 9.06 5.41 7.12 15.46 15.07 2.12 12.21 3.75 7.12 3.75 9.06 9.06 4.04 9.06 3.18 16.77 12.21 8.25 2.7 9.06 2.7 15.17 15.07 15.07 3.18 15.17 4.04 11.15 15.17 3.75 15.17 9.06 9.06 3.75 11.15 15.07 15.07 9.06 15.17 15.46 15.07 15.07 2.7 2.7 12.21 3.75 5.41 12.21 9.86 12.21 3.75 9.86
13.12 10.01 0.0 8.55 7.5 0.0 4.04 18.14 9.75 7.5 5.86 4.04 11.25 13.12 15.07 6.91 6.41 11.74 15.07 5.3 9.75 0.0 12.57 13.12 18.14 12.57 9.75 4.04 9.06 0.0 5.3 15.07 10.09 8.55 10.01 4.04 12.57 15.07 5.86 0.0 7.5 9.75 7.5 6.18 13.12 4.04 3.75 11.74 0.0 11.74 6.91 8.55 8.55 6.18 6.91 9.75 11.25 6.91 5.86 6.91 0.0 7.5 5.86 11.25 8.55 8.55 0.0 6.91 10.09 8.55 8.55 6.41 11.74 4.04 5.86 5.3 4.04 18.75 4.04 12.57 18.75
16.97 5.41 5.3 13.42 9.78 5.3 9.28 13.1 4.56 9.78 4.56 9.28 13.1 16.97 10.01 12.21 3.09 7.97 10.01 0.0 4.56 5.3 8.11 16.97 13.1 8.11 4.56 9.28 5.41 5.3 0.0 10.01 14.56 13.42 5.41 9.28 8.11 10.01 4.56 5.3 9.78 4.56 9.78 2.37 16.97 9.28 6.91 7.97 5.3 7.97 12.21 13.42 13.42 2.37 12.21 4.56 13.1 12.21 4.56 12.21 5.3 9.78 4.56 13.1 13.42 13.42 5.3 12.21 14.56 13.42 13.42 3.09 7.97 9.28 4.56 0.0 9.28 14.09 9.28 8.11 14.09
23.84 5.3 15.07 22.07 16.16 15.07 18.75 3.09 5.46 16.16 10.74 18.75 17.89 23.84 0.0 21.75 9.03 5.86 0.0 10.01 5.46 15.07 3.75 23.84 3.09 3.75 5.46 18.75 7.12 15.07 10.01 0.0 22.56 22.07 5.3 18.75 3.75 0.0 10.74 15.07 16.16 5.46 16.16 9.0 23.84 18.75 15.17 5.86 15.07 5.86 21.75 22.07 22.07 9.0 21.75 5.46 17.89 21.75 10.74 21.75 15.07 16.16 10.74 17.89 22.07 22.07 15.07 21.75 22.56 22.07 22.07 9.03 5.86 18.75 10.74 10.01 18.75 4.8 18.75 3.75 4.8
3.75 17.32 10.09 2.25 6.75 10.09 6.71 25.3 18.12 6.75 11.86 6.71 7.72 3.75 22.56 6.0 13.79 17.4 22.56 14.56 18.12 10.09 19.12 3.75 25.3 19.12 18.12 6.71 15.46 10.09 14.56 22.56 0.0 2.25 17.32 6.71 19.12 22.56 11.86 10.09 6.75 18.12 6.75 14.09 3.75 6.71 7.72 17.4 10.09 17.4 6.0 2.25 2.25 14.09 6.0 18.12 7.72 6.0 11.86 6.0 10.09 6.75 11.86 7.72 2.25 2.25 10.09 6.0 0.0 2.25 2.25 13.79 17.4 6.71 11.86 14.56 6.71 24.85 6.71 19.12 24.85
6.0 16.77 8.55 0.0 7.12 8.55 4.8 24.93 17.32 7.12 11.35 4.8 9.03 6.0 22.07 3.75 13.1 17.25 22.07 13.42 17.32 8.55 18.81 6.0 24.93 18.81 17.32 4.8 15.07 8.55 13.42 22.07 2.25 0.0 16.77 4.8 18.81 22.07 11.35 8.55 7.12 17.32 7.12 13.29 6.0 4.8 6.91 17.25 8.55 17.25 3.75 0.0 0.0 13.29 3.75 17.32 9.03 3.75 11.35 3.75 8.55 7.12 11.35 9.03 0.0 0.0 8.55 3.75 2.25 0.0 0.0 13.1 17.25 4.8 11.35 13.42 4.8 24.75 4.8 18.81 24.75
18.79 0.0 10.01 16.77 11.07 10.01 13.52 8.25 2.25 11.07 5.46 13.52 13.27 18.79 5.3 16.52 3.75 3.09 5.3 5.41 2.25 10.01 2.7 18.79 8.25 2.7 2.25 13.52 2.12 10.01 5.41 5.3 17.32 16.77 0.0 13.52 2.7 5.3 5.46 10.01 11.07 2.25 11.07 3.82 18.79 13.52 9.86 3.09 10.01 3.09 16.52 16.77 16.77 3.82 16.52 2.25 13.27 16.52 5.46 16.52 10.01 11.07 5.46 13.27 16.77 16.77 10.01 16.52 17.32 16.77 16.77 3.75 3.09 13.52 5.46 5.41 13.52 8.78 13.52 2.7 8.78
10.2 13.52 4.04 4.8 7.08 4.04 0.0 21.76 13.58 7.08 8.55 0.0 10.45 10.2 18.75 3.0 9.78 14.74 18.75 9.28 13.58 4.04 15.91 10.2 21.76 15.91 13.58 0.0 12.21 4.04 9.28 18.75 6.71 4.8 13.52 0.0 15.91 18.75 8.55 4.04 7.08 13.58 7.08 9.75 10.2 0.0 4.37 14.74 4.04 14.74 3.0 4.8 4.8 9.75 3.0 13.58 10.45 3.0 8.55 3.0 4.04 7.08 8.55 10.45 4.8 4.8 4.04 3.0 6.71 4.8 4.8 9.78 14.74 0.0 8.55 9.28 0.0 22.07 0.0 15.91 22.07
20.19 2.7 12.57 18.81 12.57 12.57 15.91 6.18 4.37 12.57 7.5 15.91 14.15 20.19 3.75 18.88 6.18 2.12 3.75 8.11 4.37 12.57 0.0 20.19 6.18 0.0 4.37 15.91 3.75 12.57 8.11 3.75 19.12 18.81 2.7 15.91 0.0 3.75 7.5 12.57 12.57 4.37 12.57 6.41 20.19 15.91 12.0 2.12 12.57 2.12 18.88 18.81 18.81 6.41 18.88 4.37 14.15 18.88 7.5 18.88 12.57 12.57 7.5 14.15 18.81 18.81 12.57 18.88 19.12 18.81 18.81 6.18 2.12 15.91 7.5 8.11 15.91 6.18 15.91 0.0 6.18
23.84 5.3 15.07 22.07 16.16 15.07 18.75 3.09 5.46 16.16 10.74 18.75 17.89 23.84 0.0 21.75 9.03 5.86 0.0 10.01 5.46 15.07 3.75 23.84 3.09 3.75 5.46 18.75 7.12 15.07 10.01 0.0 22.56 22.07 5.3 18.75 3.75 0.0 10.74 15.07 16.16 5.46 16.16 9.0 23.84 18.75 15.17 5.86 15.07 5.86 21.75 22.07 22.07 9.0 21.75 5.46 17.89 21.75 10.74 21.75 15.07 16.16 10.74 17.89 22.07 22.07 15.07 21.75 22.56 22.07 22.07 9.03 5.86 18.75 10.74 10.01 18.75 4.8 18.75 3.75 4.8
13.52 5.46 5.86 11.35 5.86 5.86 8.55 13.58 6.45 5.86 0.0 8.55 8.75 13.52 10.74 11.47 2.12 6.18 10.74 4.56 6.45 5.86 7.5 13.52 13.58 7.5 6.45 8.55 3.75 5.86 4.56 10.74 11.86 11.35 5.46 8.55 7.5 10.74 0.0 5.86 5.86 6.45 5.86 2.7 13.52 8.55 4.5 6.18 5.86 6.18 11.47 11.35 11.35 2.7 11.47 6.45 8.75 11.47 0.0 11.47 5.86 5.86 0.0 8.75 11.35 11.35 5.86 11.47 11.86 11.35 11.35 2.12 6.18 8.55 0.0 4.56 8.55 13.58 8.55 7.5 13.58
13.12 10.01 0.0 8.55 7.5 0.0 4.04 18.14 9.75 7.5 5.86 4.04 11.25 13.12 15.07 6.91 6.41 11.74 15.07 5.3 9.75 0.0 12.57 13.12 18.14 12.57 9.75 4.04 9.06 0.0 5.3 15.07 10.09 8.55 10.01 4.04 12.57 15.07 5.86 0.0 7.5 9.75 7.5 6.18 13.12 4.04 3.75 11.74 0.0 11.74 6.91 8.55 8.55 6.18 6.91 9.75 11.25 6.91 5.86 6.91 0.0 7.5 5.86 11.25 8.55 8.55 0.0 6.91 10.09 8.55 8.55 6.41 11.74 4.04 5.86 5.3 4.04 18.75 4.04 12.57 18.75
7.72 11.07 7.5 7.12 0.0 7.5 7.08 18.75 12.3 0.0 5.86 7.08 3.75 7.72 16.16 9.03 7.97 10.74 16.16 9.78 12.3 7.5 12.57 7.72 18.75 12.57 12.3 7.08 9.06 7.5 9.78 16.16 6.75 7.12 11.07 7.08 12.57 16.16 5.86 7.5 0.0 12.3 0.0 8.49 7.72 7.08 3.75 10.74 7.5 10.74 9.03 7.12 7.12 8.49 9.03 12.3 3.75 9.03 5.86 9.03 7.5 0.0 5.86 3.75 7.12 7.12 7.5 9.03 6.75 7.12 7.12 7.97 10.74 7.08 5.86 9.78 7.08 18.14 7.08 12.57 18.14
19.97 2.25 9.75 17.32 12.3 9.75 13.58 8.55 0.0 12.3 6.45 13.58 14.89 19.97 5.46 16.57 4.37 5.3 5.46 4.56 0.0 9.75 4.37 19.97 8.55 4.37 0.0 13.58 4.04 9.75 4.56 5.46 18.12 17.32 2.25 13.58 4.37 5.46 6.45 9.75 12.3 0.0 12.3 4.04 19.97 13.58 10.45 5.3 9.75 5.3 16.57 17.32 17.32 4.04 16.57 0.0 14.89 16.57 6.45 16.57 9.75 12.3 6.45 14.89 17.32 17.32 9.75 16.57 18.12 17.32 17.32 4.37 5.3 13.58 6.45 4.56 13.58 9.78 13.58 4.37 9.78
7.72 11.07 7.5 7.12 0.0 7.5 7.08 18.75 12.3 0.0 5.86 7.08 3.75 7.72 16.16 9.03 7.97 10.74 16.16 9.78 12.3 7.5 12.57 7.72 18.75 12.57 12.3 7.08 9.06 7.5 9.78 16.16 6.75 7.12 11.07 7.08 12.57 16.16 5.86 7.5 0.0 12.3 0.0 8.49 7.72 7.08 3.75 10.74 7.5 10.74 9.03 7.12 7.12 8.49 9.03 12.3 3.75 9.03 5.86 9.03 7.5 0.0 5.86 3.75 7.12 7.12 7.5 9.03 6.75 7.12 7.12 7.97 10.74 7.08 5.86 9.78 7.08 18.14 7.08 12.57 18.14
16.05 3.82 6.18 13.29 8.49 6.18 9.75 12.02 4.04 8.49 2.7 9.75 11.45 16.05 9.0 12.75 0.75 5.86 9.0 2.37 4.04 6.18 6.41 16.05 12.02 6.41 4.04 9.75 3.18 6.18 2.37 9.0 14.09 13.29 3.82 9.75 6.41 9.0 2.7 6.18 8.49 4.04 8.49 0.0 16.05 9.75 6.41 5.86 6.18 5.86 12.75 13.29 13.29 0.0 12.75 4.04 11.45 12.75 2.7 12.75 6.18 8.49 2.7 11.45 13.29 13.29 6.18 12.75 14.09 13.29 13.29 0.75 5.86 9.75 2.7 2.37 9.75 12.57 9.75 6.41 12.57
0.0 18.79 13.12 6.0 7.72 13.12 10.2 26.34 19.97 7.72 13.52 10.2 6.75 0.0 23.84 9.75 15.61 18.26 23.84 16.97 19.97 13.12 20.19 0.0 26.34 20.19 19.97 10.2 16.77 13.12 16.97 23.84 3.75 6.0 18.79 10.2 20.19 23.84 13.52 13.12 7.72 19.97 7.72 16.05 0.0 10.2 10.09 18.26 13.12 18.26 9.75 6.0 6.0 16.05 9.75 19.97 6.75 9.75 13.52 9.75 13.12 7.72 13.52 6.75 6.0 6.0 13.12 9.75 3.75 6.0 6.0 15.61 18.26 10.2 13.52 16.97 10.2 25.47 10.2 20.19 25.47
10.2 13.52 4.04 4.8 7.08 4.04 0.0 21.76 13.58 7.08 8.55 0.0 10.45 10.2 18.75 3.0 9.78 14.74 18.75 9.28 13.58 4.04 15.91 10.2 21.76 15.91 13.58 0.0 12.21 4.04 9.28 18.75 6.71 4.8 13.52 0.0 15.91 18.75 8.55 4.04 7.08 13.58 7.08 9.75 10.2 0.0 4.37 14.74 4.04 14.74 3.0 4.8 4.8 9.75 3.0 13.58 10.45 3.0 8.55 3.0 4.04 7.08 8.55 10.45 4.8 4.8 4.04 3.0 6.71 4.8 4.8 9.78 14.74 0.0 8.55 9.28 0.0 22.07 0.0 15.91 22.07
10.09 9.86 3.75 6.91 3.75 3.75 4.37 18.06 10.45 3.75 4.5 4.37 7.5 10.09 15.17 7.12 6.18 10.61 15.17 6.91 10.45 3.75 12.0 10.09 18.06 12.0 10.45 4.37 8.25 3.75 6.91 15.17 7.72 6.91 9.86 4.37 12.0 15.17 4.5 3.75 3.75 10.45 3.75 6.41 10.09 4.37 0.0 10.61 3.75 10.61 7.12 6.91 6.91 6.41 7.12 10.45 7.5 7.12 4.5 7.12 3.75 3.75 4.5 7.5 6.91 6.91 3.75 7.12 7.72 6.91 6.91 6.18 10.61 4.37 4.5 6.91 4.37 18.06 4.37 12.0 18.06
18.26 3.09 11.74 17.25 10.74 11.74 14.74 8.08 5.3 10.74 6.18 14.74 12.09 18.26 5.86 17.65 5.41 0.0 5.86 7.97 5.3 11.74 2.12 18.26 8.08 2.12 5.3 14.74 2.7 11.74 7.97 5.86 17.4 17.25 3.09 14.74 2.12 5.86 6.18 11.74 10.74 5.3 10.74 5.86 18.26 14.74 10.61 0.0 11.74 0.0 17.65 17.25 17.25 5.86 17.65 5.3 12.09 17.65 6.18 17.65 11.74 10.74 6.18 12.09 17.25 17.25 11.74 17.65 17.4 17.25 17.25 5.41 0.0 14.74 6.18 7.97 14.74 7.5 14.74 2.12 7.5
13.12 10.01 0.0 8.55 7.5 0.0 4.04 18.14 9.75 7.5 5.86 4.04 11.25 13.12 15.07 6.91 6.41 11.74 15.07 5.3 9.75 0.0 12.57 13.12 18.14 12.57 9.75 4.04 9.06 0.0 5.3 15.07 10.09 8.55 10.01 4.04 12.57 15.07 5.86 0.0 7.5 9.75 7.5 6.18 13.12 4.04 3.75 11.74 0.0 11.74 6.91 8.55 8.55 6.18 6.91 9.75 11.25 6.91 5.86 6.91 0.0 7.5 5.86 11.25 8.55 8.55 0.0 6.91 10.09 8.55 8.55 6.41 11.74 4.04 5.86 5.3 4.04 18.75 4.04 12.57 18.75
18.26 3.09 11.74 17.25 10.74 11.74 14.74 8.08 5.3 10.74 6.18 14.74 12.09 18.26 5.86 17.65 5.41 0.0 5.86 7.97 5.3 11.74 2.12 18.26 8.08 2.12 5.3 14.74 2.7 11.74 7.97 5.86 17.4 17.25 3.09 14.74 2.12 5.86 6.18 11.74 10.74 5.3 10.74 5.86 18.26 14.74 10.61 0.0 11.74 0.0 17.65 17.25 17.25 5.86 17.65 5.3 12.09 17.65 6.18 17.65 11.74 10.74 6.18 12.09 17.25 17.25 11.74 17.65 17.4 17.25 17.25 5.41 0.0 14.74 6.18 7.97 14.74 7.5 14.74 2.12 7.5
9.75 16.52 6.91 3.75 9.03 6.91 3.0 24.76 16.57 9.03 11.47 3.0 11.86 9.75 21.75 0.0 12.77 17.65 21.75 12.21 16.57 6.91 18.88 9.75 24.76 18.88 16.57 3.0 15.17 6.91 12.21 21.75 6.0 3.75 16.52 3.0 18.88 21.75 11.47 6.91 9.03 16.57 9.03 12.75 9.75 3.0 7.12 17.65 6.91 17.65 0.0 3.75 3.75 12.75 0.0 16.57 11.86 0.0 11.47 0.0 6.91 9.03 11.47 11.86 3.75 3.75 6.91 0.0 6.0 3.75 3.75 12.77 17.65 3.0 11.47 12.21 3.0 25.03 3.0 18.88 25.03
6.0 16.77 8.55 0.0 7.12 8.55 4.8 24.93 17.32 7.12 11.35 4.8 9.03 6.0 22.07 3.75 13.1 17.25 22.07 13.42 17.32 8.55 18.81 6.0 24.93 18.81 17.32 4.8 15.07 8.55 13.42 22.07 2.25 0.0 16.77 4.8 18.81 22.07 11.35 8.55 7.12 17.32 7.12 13.29 6.0 4.8 6.91 17.25 8.55 17.25 3.75 0.0 0.0 13.29 3.75 17.32 9.03 3.75 11.35 3.75 8.55 7.12 11.35 9.03 0.0 0.0 8.55 3.75 2.25 0.0 0.0 13.1 17.25 4.8 11.35 13.42 4.8 24.75 4.8 18.81 24.75
6.0 16.77 8.55 0.0 7.12 8.55 4.8 24.93 17.32 7.12 11.35 4.8 9.03 6.0 22.07 3.75 13.1 17.25 22.07 13.42 17.32 8.55 18.81 6.0 24.93 18.81 17.32 4.8 15.07 8.55 13.42 22.07 2.25 0.0 16.77 4.8 18.81 22.07 11.35 8.55 7.12 17.32 7.12 13.29 6.0 4.8 6.91 17.25 8.55 17.25 3.75 0.0 0.0 13.29 3.75 17.32 9.03 3.75 11.35 3.75 8.55 7.12 11.35 9.03 0.0 0.0 8.55 3.75 2.25 0.0 0.0 13.1 17.25 4.8 11.35 13.42 4.8 24.75 4.8 18.81 24.75
16.05 3.82 6.18 13.29 8.49 6.18 9.75 12.02 4.04 8.49 2.7 9.75 11.45 16.05 9.0 12.75 0.75 5.86 9.0 2.37 4.04 6.18 6.41 16.05 12.02 6.41 4.04 9.75 3.18 6.18 2.37 9.0 14.09 13.29 3.82 9.75 6.41 9.0 2.7 6.18 8.49 4.04 8.49 0.0 16.05 9.75 6.41 5.86 6.18 5.86 12.75 13.29 13.29 0.0 12.75 4.04 11.45 12.75 2.7 12.75 6.18 8.49 2.7 11.45 13.29 13.29 6.18 12.75 14.09 13.29 13.29 0.75 5.86 9.75 2.7 2.37 9.75 12.57 9.75 6.41 12.57
9.75 16.52 6.91 3.75 9.03 6.91 3.0 24.76 16.57 9.03 11.47 3.0 11.86 9.75 21.75 0.0 12.77 17.65 21.75 12.21 16.57 6.91 18.88 9.75 24.76 18.88 16.57 3.0 15.17 6.91 12.21 21.75 6.0 3.75 16.52 3.0 18.88 21.75 11.47 6.91 9.03 16.57 9.03 12.75 9.75 3.0 7.12 17.65 6.91 17.65 0.0 3.75 3.75 12.75 0.0 16.57 11.86 0.0 11.47 0.0 6.91 9.03 11.47 11.86 3.75 3.75 6.91 0.0 6.0 3.75 3.75 12.77 17.65 3.0 11.47 12.21 3.0 25.03 3.0 18.88 25.03
19.97 2.25 9.75 17.32 12.3 9.75 13.58 8.55 0.0 12.3 6.45 13.58 14.89 19.97 5.46 16.57 4.37 5.3 5.46 4.56 0.0 9.75 4.37 19.97 8.55 4.37 0.0 13.58 4.04 9.75 4.56 5.46 18.12 17.32 2.25 13.58 4.37 5.46 6.45 9.75 12.3 0.0 12.3 4.04 19.97 13.58 10.45 5.3 9.75 5.3 16.57 17.32 17.32 4.04 16.57 0.0 14.89 16.57 6.45 16.57 9.75 12.3 6.45 14.89 17.32 17.32 9.75 16.57 18.12 17.32 17.32 4.37 5.3 13.58 6.45 4.56 13.58 9.78 13.58 4.37 9.78
6.75 13.27 11.25 9.03 3.75 11.25 10.45 20.12 14.89 3.75 8.75 10.45 0.0 6.75 17.89 11.86 10.82 12.09 17.89 13.1 14.89 11.25 14.15 6.75 20.12 14.15 14.89 10.45 11.15 11.25 13.1 17.89 7.72 9.03 13.27 10.45 14.15 17.89 8.75 11.25 3.75 14.89 3.75 11.45 6.75 10.45 7.5 12.09 11.25 12.09 11.86 9.03 9.03 11.45 11.86 14.89 0.0 11.86 8.75 11.86 11.25 3.75 8.75 0.0 9.03 9.03 11.25 11.86 7.72 9.03 9.03 10.82 12.09 10.45 8.75 13.1 10.45 18.97 10.45 14.15 18.97
9.75 16.52 6.91 3.75 9.03 6.91 3.0 24.76 16.57 9.03 11.47 3.0 11.86 9.75 21.75 0.0 12.77 17.65 21.75 12.21 16.57 6.91 18.88 9.75 24.76 18.88 16.57 3.0 15.17 6.91 12.21 21.75 6.0 3.75 16.52 3.0 18.88 21.75 11.47 6.91 9.03 16.57 9.03 12.75 9.75 3.0 7.12 17.65 6.91 17.65 0.0 3.75 3.75 12.75 0.0 16.57 11.86 0.0 11.47 0.0 6.91 9.03 11.47 11.86 3.75 3.75 6.91 0.0 6.0 3.75 3.75 12.77 17.65 3.0 11.47 12.21 3.0 25.03 3.0 18.88 25.03
13.52 5.46 5.86 11.35 5.86 5.86 8.55 13.58 6.45 5.86 0.0 8.55 8.75 13.52 10.74 11.47 2.12 6.18 10.74 4.56 6.45 5.86 7.5 13.52 13.58 7.5 6.45 8.55 3.75 5.86 4.56 10.74 11.86 11.35 5.46 8.55 7.5 10.74 0.0 5.86 5.86 6.45 5.86 2.7 13.52 8.55 4.5 6.18 5.86 6.18 11.47 11.35 11.35 2.7 11.47 6.45 8.75 11.47 0.0 11.47 5.86 5.86 0.0 8.75 11.35 11.35 5.86 11.47 11.86 11.35 11.35 2.12 6.18 8.55 0.0 4.56 8.55 13.58 8.55 7.5 13.58
9.75 16.52 6.91 3.75 9.03 6.91 3.0 24.76 16.57 9.03 11.47 3.0 11.86 9.75 21.75 0.0 12.77 17.65 21.75 12.21 16.57 6.91 18.88 9.75 24.76 18.88 16.57 3.0 15.17 6.91 12.21 21.75 6.0 3.75 16.52 3.0 18.88 21.75 11.47 6.91 9.03 16.57 9.03 12.75 9.75 3.0 7.12 17.65 6.91 17.65 0.0 3.75 3.75 12.75 0.0 16.57 11.86 0.0 11.47 0.0 6.91 9.03 11.47 11.86 3.75 3.75 6.91 0.0 6.0 3.75 3.75 12.77 17.65 3.0 11.47 12.21 3.0 25.03 3.0 18.88 25.03
13.12 10.01 0.0 8.55 7.5 0.0 4.04 18.14 9.75 7.5 5.86 4.04 11.25 13.12 15.07 6.91 6.41 11.74 15.07 5.3 9.75 0.0 12.57 13.12 18.14 12.57 9.75 4.04 9.06 0.0 5.3 15.07 10.09 8.55 10.01 4.04 12.57 15.07 5.86 0.0 7.5 9.75 7.5 6.18 13.12 4.04 3.75 11.74 0.0 11.74 6.91 8.55 8.55 6.18 6.91 9.75 11.25 6.91 5.86 6.91 0.0 7.5 5.86 11.25 8.55 8.55 0.0 6.91 10.09 8.55 8.55 6.41 11.74 4.04 5.86 5.3 4.04 18.75 4.04 12.57 18.75
7.72 11.07 7.5 7.12 0.0 7.5 7.08 18.75 12.3 0.0 5.86 7.08 3.75 7.72 16.16 9.03 7.97 10.74 16.16 9.78 12.3 7.5 12.57 7.72 18.75 12.57 12.3 7.08 9.06 7.5 9.78 16.16 6.75 7.12 11.07 7.08 12.57 16.16 5.86 7.5 0.0 12.3 0.0 8.49 7.72 7.08 3.75 10.74 7.5 10.74 9.03 7.12 7.12 8.49 9.03 12.3 3.75 9.03 5.86 9.03 7.5 0.0 5.86 3.75 7.12 7.12 7.5 9.03 6.75 7.12 7.12 7.97 10.74 7.08 5.86 9.78 7.08 18.14 7.08 12.57 18.14
13.52 5.46 5.86 11.35 5.86 5.86 8.55 13.58 6.45 5.86 0.0 8.55 8.75 13.52 10.74 11.47 2.12 6.18 10.74 4.56 6.45 5.86 7.5 13.52 13.58 7.5 6.45 8.55 3.75 5.86 4.56 10.74 11.86 11.35 5.46 8.55 7.5 10.74 0.0 5.86 5.86 6.45 5.86 2.7 13.52 8.55 4.5 6.18 5.86 6.18 11.47 11.35 11.35 2.7 11.47 6.45 8.75 11.47 0.0 11.47 5.86 5.86 0.0 8.75 11.35 11.35 5.86 11.47 11.86 11.35 11.35 2.12 6.18 8.55 0.0 4.56 8.55 13.58 8.55 7.5 13.58
6.75 13.27 11.25 9.03 3.75 11.25 10.45 20.12 14.89 3.75 8.75 10.45 0.0 6.75 17.89 11.86 10.82 12.09 17.89 13.1 14.89 11.25 14.15 6.75 20.12 14.15 14.89 10.45 11.15 11.25 13.1 17.89 7.72 9.03 13.27 10.45 14.15 17.89 8.75 11.25 3.75 14.89 3.75 11.45 6.75 10.45 7.5 12.09 11.25 12.09 11.86 9.03 9.03 11.45 11.86 14.89 0.0 11.86 8.75 11.86 11.25 3.75 8.75 0.0 9.03 9.03 11.25 11.86 7.72 9.03 9.03 10.82 12.09 10.45 8.75 13.1 10.45 18.97 10.45 14.15 18.97
6.0 16.77 8.55 0.0 7.12 8.55 4.8 24.93 17.32 7.12 11.35 4.8 9.03 6.0 22.07 3.75 13.1 17.25 22.07 13.42 17.32 8.55 18.81 6.0 24.93 18.81 17.32 4.8 15.07 8.55 13.42 22.07 2.25 0.0 16.77 4.8 18.81 22.07 11.35 8.55 7.12 17.32 7.12 13.29 6.0 4.8 6.91 17.25 8.55 17.25 3.75 0.0 0.0 13.29 3.75 17.32 9.03 3.75 11.35 3.75 8.55 7.12 11.35 9.03 0.0 0.0 8.55 3.75 2.25 0.0 0.0 13.1 17.25 4.8 11.35 13.42 4.8 24.75 4.8 18.81 24.75
6.0 16.77 8.55 0.0 7.12 8.55 4.8 24.93 17.32 7.12 11.35 4.8 9.03 6.0 22.07 3.75 13.1 17.25 22.07 13.42 17.32 8.55 18.81 6.0 24.93 18.81 17.32 4.8 15.07 8.55 13.42 22.07 2.25 0.0 16.77 4.8 18.81 22.07 11.35 8.55 7.12 17.32 7.12 13.29 6.0 4.8 6.91 17.25 8.55 17.25 3.75 0.0 0.0 13.29 3.75 17.32 9.03 3.75 11.35 3.75 8.55 7.12 11.35 9.03 0.0 0.0 8.55 3.75 2.25 0.0 0.0 13.1 17.25 4.8 11.35 13.42 4.8 24.75 4.8 18.81 24.75
13.12 10.01 0.0 8.55 7.5 0.0 4.04 18.14 9.75 7.5 5.86 4.04 11.25 13.12 15.07 6.91 6.41 11.74 15.07 5.3 9.75 0.0 12.57 13.12 18.14 12.57 9.75 4.04 9.06 0.0 5.3 15.07 10.09 8.55 10.01 4.04 12.57 15.07 5.86 0.0 7.5 9.75 7.5 6.18 13.12 4.04 3.75 11.74 0.0 11.74 6.91 8.55 8.55 6.18 6.91 9.75 11.25 6.91 5.86 6.91 0.0 7.5 5.86 11.25 8.55 8.55 0.0 6.91 10.09 8.55 8.55 6.41 11.74 4.04 5.86 5.3 4.04 18.75 4.04 12.57 18.75
9.75 16.52 6.91 3.75 9.03 6.91 3.0 24.76 16.57 9.03 11.47 3.0 11.86 9.75 21.75 0.0 12.77 17.65 21.75 12.21 16.57 6.91 18.88 9.75 24.76 18.88 16.57 3.0 15.17 6.91 12.21 21.75 6.0 3.75 16.52 3.0 18.88 21.75 11.47 6.91 9.03 16.57 9.03 12.75 9.75 3.0 7.12 17.65 6.91 17.65 0.0 3.75 3.75 12.75 0.0 16.57 11.86 0.0 11.47 0.0 6.91 9.03 11.47 11.86 3.75 3.75 6.91 0.0 6.0 3.75 3.75 12.77 17.65 3.0 11.47 12.21 3.0 25.03 3.0 18.88 25.03
3.75 17.32 10.09 2.25 6.75 10.09 6.71 25.3 18.12 6.75 11.86 6.71 7.72 3.75 22.56 6.0 13.79 17.4 22.56 14.56 18.12 10.09 19.12 3.75 25.3 19.12 18.12 6.71 15.46 10.09 14.56 22.56 0.0 2.25 17.32 6.71 19.12 22.56 11.86 10.09 6.75 18.12 6.75 14.09 3.75 6.71 7.72 17.4 10.09 17.4 6.0 2.25 2.25 14.09 6.0 18.12 7.72 6.0 11.86 6.0 10.09 6.75 11.86 7.72 2.25 2.25 10.09 6.0 0.0 2.25 2.25 13.79 17.4 6.71 11.86 14.56 6.71 24.85 6.71 19.12 24.85
6.0 16.77 8.55 0.0 7.12 8.55 4.8 24.93 17.32 7.12 11.35 4.8 9.03 6.0 22.07 3.75 13.1 17.25 22.07 13.42 17.32 8.55 18.81 6.0 24.93 18.81 17.32 4.8 15.07 8.55 13.42 22.07 2.25 0.0 16.77 4.8 18.81 22.07 11.35 8.55 7.12 17.32 7.12 13.29 6.0 4.8 6.91 17.25 8.55 17.25 3.75 0.0 0.0 13.29 3.75 17.32 9.03 3.75 11.35 3.75 8.55 7.12 11.35 9.03 0.0 0.0 8.55 3.75 2.25 0.0 0.0 13.1 17.25 4.8 11.35 13.42 4.8 24.75 4.8 18.81 24.75
6.0 16.77 8.55 0.0 7.12 8.55 4.8 24.93 17.32 7.12 11.35 4.8 9.03 6.0 22.07 3.75 13.1 17.25 22.07 13.42 17.32 8.55 18.81 6.0 24.93 18.81 17.32 4.8 15.07 8.55 13.42 22.07 2.25 0.0 16.77 4.8 18.81 22.07 11.35 8.55 7.12 17.32 7.12 13.29 6.0 4.8 6.91 17.25 8.55 17.25 3.75 0.0 0.0 13.29 3.75 17.32 9.03 3.75 11.35 3.75 8.55 7.12 11.35 9.03 0.0 0.0 8.55 3.75 2.25 0.0 0.0 13.1 17.25 4.8 11.35 13.42 4.8 24.75 4.8 18.81 24.75
15.61 3.75 6.41 13.1 7.97 6.41 9.78 12.0 4.37 7.97 2.12 9.78 10.82 15.61 9.03 12.77 0.0 5.41 9.03 3.09 4.37 6.41 6.18 15.61 12.0 6.18 4.37 9.78 2.7 6.41 3.09 9.03 13.79 13.1 3.75 9.78 6.18 9.03 2.12 6.41 7.97 4.37 7.97 0.75 15.61 9.78 6.18 5.41 6.41 5.41 12.77 13.1 13.1 0.75 12.77 4.37 10.82 12.77 2.12 12.77 6.41 7.97 2.12 10.82 13.1 13.1 6.41 12.77 13.79 13.1 13.1 0.0 5.41 9.78 2.12 3.09 9.78 12.37 9.78 6.18 12.37
18.26 3.09 11.74 17.25 10.74 11.74 14.74 8.08 5.3 10.74 6.18 14.74 12.09 18.26 5.86 17.65 5.41 0.0 5.86 7.97 5.3 11.74 2.12 18.26 8.08 2.12 5.3 14.74 2.7 11.74 7.97 5.86 17.4 17.25 3.09 14.74 2.12 5.86 6.18 11.74 10.74 5.3 10.74 5.86 18.26 14.74 10.61 0.0 11.74 0.0 17.65 17.25 17.25 5.86 17.65 5.3 12.09 17.65 6.18 17.65 11.74 10.74 6.18 12.09 17.25 17.25 11.74 17.65 17.4 17.25 17.25 5.41 0.0 14.74 6.18 7.97 14.74 7.5 14.74 2.12 7.5
10.2 13.52 4.04 4.8 7.08 4.04 0.0 21.76 13.58 7.08 8.55 0.0 10.45 10.2 18.75 3.0 9.78 14.74 18.75 9.28 13.58 4.04 15.91 10.2 21.76 15.91 13.58 0.0 12.21 4.04 9.28 18.75 6.71 4.8 13.52 0.0 15.91 18.75 8.55 4.04 7.08 13.58 7.08 9.75 10.2 0.0 4.37 14.74 4.04 14.74 3.0 4.8 4.8 9.75 3.0 13.58 10.45 3.0 8.55 3.0 4.04 7.08 8.55 10.45 4.8 4.8 4.04 3.0 6.71 4.8 4.8 9.78 14.74 0.0 8.55 9.28 0.0 22.07 0.0 15.91 22.07
13.52 5.46 5.86 11.35 5.86 5.86 8.55 13.58 6.45 5.86 0.0 8.55 8.75 13.52 10.74 11.47 2.12 6.18 10.74 4.56 6.45 5.86 7.5 13.52 13.58 7.5 6.45 8.55 3.75 5.86 4.56 10.74 11.86 11.35 5.46 8.55 7.5 10.74 0.0 5.86 5.86 6.45 5.86 2.7 13.52 8.55 4.5 6.18 5.86 6.18 11.47 11.35 11.35 2.7 11.47 6.45 8.75 11.47 0.0 11.47 5.86 5.86 0.0 8.75 11.35 11.35 5.86 11.47 11.86 11.35 11.35 2.12 6.18 8.55 0.0 4.56 8.55 13.58 8.55 7.5 13.58
16.97 5.41 5.3 13.42 9.78 5.3 9.28 13.1 4.56 9.78 4.56 9.28 13.1 16.97 10.01 12.21 3.09 7.97 10.01 0.0 4.56 5.3 8.11 16.97 13.1 8.11 4.56 9.28 5.41 5.3 0.0 10.01 14.56 13.42 5.41 9.28 8.11 10.01 4.56 5.3 9.78 4.56 9.78 2.37 16.97 9.28 6.91 7.97 5.3 7.97 12.21 13.42 13.42 2.37 12.21 4.56 13.1 12.21 4.56 12.21 5.3 9.78 4.56 13.1 13.42 13.42 5.3 12.21 14.56 13.42 13.42 3.09 7.97 9.28 4.56 0.0 9.28 14.09 9.28 8.11 14.09
10.2 13.52 4.04 4.8 7.08 4.04 0.0 21.76 13.58 7.08 8.55 0.0 10.45 10.2 18.75 3.0 9.78 14.74 18.75 9.28 13.58 4.04 15.91 10.2 21.76 15.91 13.58 0.0 12.21 4.04 9.28 18.75 6.71 4.8 13.52 0.0 15.91 18.75 8.55 4.04 7.08 13.58 7.08 9.75 10.2 0.0 4.37 14.74 4.04 14.74 3.0 4.8 4.8 9.75 3.0 13.58 10.45 3.0 8.55 3.0 4.04 7.08 8.55 10.45 4.8 4.8 4.04 3.0 6.71 4.8 4.8 9.78 14.74 0.0 8.55 9.28 0.0 22.07 0.0 15.91 22.07
25.47 8.78 18.75 24.75 18.14 18.75 22.07 3.0 9.78 18.14 13.58 22.07 18.97 25.47 4.8 25.03 12.37 7.5 4.8 14.09 9.78 18.75 6.18 25.47 3.0 6.18 9.78 22.07 9.86 18.75 14.09 4.8 24.85 24.75 8.78 22.07 6.18 4.8 13.58 18.75 18.14 9.78 18.14 12.57 25.47 22.07 18.06 7.5 18.75 7.5 25.03 24.75 24.75 12.57 25.03 9.78 18.97 25.03 13.58 25.03 18.75 18.14 13.58 18.97 24.75 24.75 18.75 25.03 24.85 24.75 24.75 12.37 7.5 22.07 13.58 14.09 22.07 0.0 22.07 6.18 0.0
10.2 13.52 4.04 4.8 7.08 4.04 0.0 21.76 13.58 7.08 8.55 0.0 10.45 10.2 18.75 3.0 9.78 14.74 18.75 9.28 13.58 4.04 15.91 10.2 21.76 15.91 13.58 0.0 12.21 4.04 9.28 18.75 6.71 4.8 13.52 0.0 15.91 18.75 8.55 4.04 7.08 13.58 7.08 9.75 10.2 0.0 4.37 14.74 4.04 14.74 3.0 4.8 4.8 9.75 3.0 13.58 10.45 3.0 8.55 3.0 4.04 7.08 8.55 10.45 4.8 4.8 4.04 3.0 6.71 4.8 4.8 9.78 14.74 0.0 8.55 9.28 0.0 22.07 0.0 15.91 22.07
20.19 2.7 12.57 18.81 12.57 12.57 15.91 6.18 4.37 12.57 7.5 15.91 14.15 20.19 3.75 18.88 6.18 2.12 3.75 8.11 4.37 12.57 0.0 20.19 6.18 0.0 4.37 15.91 3.75 12.57 8.11 3.75 19.12 18.81 2.7 15.91 0.0 3.75 7.5 12.57 12.57 4.37 12.57 6.41 20.19 15.91 12.0 2.12 12.57 2.12 18.88 18.81 18.81 6.41 18.88 4.37 14.15 18.88 7.5 18.88 12.57 12.57 7.5 14.15 18.81 18.81 12.57 18.88 19.12 18.81 18.81 6.18 2.12 15.91 7.5 8.11 15.91 6.18 15.91 0.0 6.18
25.47 8.78 18.75 24.75 18.14 18.75 22.07 3.0 9.78 18.14 13.58 22.07 18.97 25.47 4.8 25.03 12.37 7.5 4.8 14.09 9.78 18.75 6.18 25.47 3.0 6.18 9.78 22.07 9.86 18.75 14.09 4.8 24.85 24.75 8.78 22.07 6.18 4.8 13.58 18.75 18.14 9.78 18.14 12.57 25.47 22.07 18.06 7.5 18.75 7.5 25.03 24.75 24.75 12.57 25.03 9.78 18.97 25.03 13.58 25.03 18.75 18.14 13.58 18.97 24.75 24.75 18.75 25.03 24.85 24.75 24.75 12.37 7.5 22.07 13.58 14.09 22.07 0.0 22.07 6.18 0.0
