0.0 11.18 21.26 14.87 7.81 14.87 17.2 7.81 10.0 10.0 11.66 10.0 0.0 23.77 11.66 26.08 21.26 10.0 10.0 10.0 10.0 32.76 11.66 14.0 25.08 26.08 14.87 32.76 32.76 21.26 23.77 11.18 7.81 0.0 10.0 23.77 7.81 14.0 7.81 25.08 21.26 10.0 25.08 5.83 23.77 17.2 17.89 14.0 7.81 11.66 25.08 17.2 17.2 14.0 23.77 17.89 25.08 26.08 21.26 11.66 25.08 0.0 21.26 14.87 26.08 14.87 5.83 11.18 11.18 11.18 14.87 32.76 14.87 11.66 14.0 17.89 23.77 11.18 0.0 10.0 26.08
11.18 0.0 11.7 6.0 4.0 6.0 6.4 4.0 5.0 5.0 6.4 5.0 11.18 18.44 6.4 17.46 11.7 5.0 5.0 5.0 5.0 24.04 6.4 6.4 18.0 17.46 6.0 24.04 24.04 11.7 18.44 0.0 4.0 11.18 5.0 18.44 4.0 6.4 4.0 18.0 11.7 5.0 18.0 7.0 18.44 6.4 11.18 6.4 4.0 6.4 18.0 6.4 6.4 6.4 18.44 11.18 18.0 17.46 11.7 6.4 18.0 11.18 11.7 6.0 17.46 6.0 7.0 0.0 0.0 0.0 6.0 24.04 6.0 6.4 6.4 11.18 18.44 0.0 11.18 5.0 17.46
21.26 11.7 0.0 6.4 13.6 6.4 6.0 13.6 16.49 16.49 10.0 16.49 21.26 10.63 10.0 6.0 0.0 16.49 16.49 16.49 16.49 12.37 10.0 16.0 8.06 6.0 6.4 12.37 12.37 0.0 10.63 11.7 13.6 21.26 16.49 10.63 13.6 16.0 13.6 8.06 0.0 16.49 8.06 15.56 10.63 6.0 6.0 16.0 13.6 10.0 8.06 6.0 6.0 16.0 10.63 6.0 8.06 6.0 0.0 10.0 8.06 21.26 0.0 6.4 6.0 6.4 15.56 11.7 11.7 11.7 6.4 12.37 6.4 10.0 16.0 6.0 10.63 11.7 21.26 16.49 6.0
14.87 6.0 6.4 0.0 7.21 0.0 4.12 7.21 11.0 11.0 4.12 11.0 14.87 12.65 4.12 11.7 6.4 11.0 11.0 11.0 11.0 18.38 4.12 11.7 12.0 11.7 0.0 18.38 18.38 6.4 12.65 6.0 7.21 14.87 11.0 12.65 7.21 11.7 7.21 12.0 6.4 11.0 12.0 9.22 12.65 4.12 5.39 11.7 7.21 4.12 12.0 4.12 4.12 11.7 12.65 5.39 12.0 11.7 6.4 4.12 12.0 14.87 6.4 0.0 11.7 0.0 9.22 6.0 6.0 6.0 0.0 18.38 0.0 4.12 11.7 5.39 12.65 6.0 14.87 11.0 11.7
7.81 4.0 13.6 7.21 0.0 7.21 9.43 0.0 6.4 6.4 5.0 6.4 7.81 18.0 5.0 18.79 13.6 6.4 6.4 6.4 6.4 25.5 5.0 9.43 18.44 18.79 7.21 25.5 25.5 13.6 18.0 4.0 0.0 7.81 6.4 18.0 0.0 9.43 0.0 18.44 13.6 6.4 18.44 3.0 18.0 9.43 11.18 9.43 0.0 5.0 18.44 9.43 9.43 9.43 18.0 11.18 18.44 18.79 13.6 5.0 18.44 7.81 13.6 7.21 18.79 7.21 3.0 4.0 4.0 4.0 7.21 25.5 7.21 5.0 9.43 11.18 18.0 4.0 7.81 6.4 18.79
14.87 6.0 6.4 0.0 7.21 0.0 4.12 7.21 11.0 11.0 4.12 11.0 14.87 12.65 4.12 11.7 6.4 11.0 11.0 11.0 11.0 18.38 4.12 11.7 12.0 11.7 0.0 18.38 18.38 6.4 12.65 6.0 7.21 14.87 11.0 12.65 7.21 11.7 7.21 12.0 6.4 11.0 12.0 9.22 12.65 4.12 5.39 11.7 7.21 4.12 12.0 4.12 4.12 11.7 12.65 5.39 12.0 11.7 6.4 4.12 12.0 14.87 6.4 0.0 11.7 0.0 9.22 6.0 6.0 6.0 0.0 18.38 0.0 4.12 11.7 5.39 12.65 6.0 14.87 11.0 11.7
17.2 6.4 6.0 4.12 9.43 4.12 0.0 9.43 10.77 10.77 8.0 10.77 17.2 15.26 8.0 12.0 6.0 10.77 10.77 10.77 10.77 18.25 8.0 10.0 13.6 12.0 4.12 18.25 18.25 6.0 15.26 6.4 9.43 17.2 10.77 15.26 9.43 10.0 9.43 13.6 6.0 10.77 13.6 12.08 15.26 0.0 8.49 10.0 9.43 8.0 13.6 0.0 0.0 10.0 15.26 8.49 13.6 12.0 6.0 8.0 13.6 17.2 6.0 4.12 12.0 4.12 12.08 6.4 6.4 6.4 4.12 18.25 4.12 8.0 10.0 8.49 15.26 6.4 17.2 10.77 12.0
7.81 4.0 13.6 7.21 0.0 7.21 9.43 0.0 6.4 6.4 5.0 6.4 7.81 18.0 5.0 18.79 13.6 6.4 6.4 6.4 6.4 25.5 5.0 9.43 18.44 18.79 7.21 25.5 25.5 13.6 18.0 4.0 0.0 7.81 6.4 18.0 0.0 9.43 0.0 18.44 13.6 6.4 18.44 3.0 18.0 9.43 11.18 9.43 0.0 5.0 18.44 9.43 9.43 9.43 18.0 11.18 18.44 18.79 13.6 5.0 18.44 7.81 13.6 7.21 18.79 7.21 3.0 4.0 4.0 4.0 7.21 25.5 7.21 5.0 9.43 11.18 18.0 4.0 7.81 6.4 18.79
10.0 5.0 16.49 11.0 6.4 11.0 10.77 6.4 0.0 0.0 10.77 0.0 10.0 23.35 10.77 22.36 16.49 0.0 0.0 0.0 0.0 28.86 10.77 4.0 23.0 22.36 11.0 28.86 28.86 16.49 23.35 5.0 6.4 10.0 0.0 23.35 6.4 4.0 6.4 23.0 16.49 0.0 23.0 8.6 23.35 10.77 16.12 4.0 6.4 10.77 23.0 10.77 10.77 4.0 23.35 16.12 23.0 22.36 16.49 10.77 23.0 10.0 16.49 11.0 22.36 11.0 8.6 5.0 5.0 5.0 11.0 28.86 11.0 10.77 4.0 16.12 23.35 5.0 10.0 0.0 22.36
10.0 5.0 16.49 11.0 6.4 11.0 10.77 6.4 0.0 0.0 10.77 0.0 10.0 23.35 10.77 22.36 16.49 0.0 0.0 0.0 0.0 28.86 10.77 4.0 23.0 22.36 11.0 28.86 28.86 16.49 23.35 5.0 6.4 10.0 0.0 23.35 6.4 4.0 6.4 23.0 16.49 0.0 23.0 8.6 23.35 10.77 16.12 4.0 6.4 10.77 23.0 10.77 10.77 4.0 23.35 16.12 23.0 22.36 16.49 10.77 23.0 10.0 16.49 11.0 22.36 11.0 8.6 5.0 5.0 5.0 11.0 28.86 11.0 10.77 4.0 16.12 23.35 5.0 10.0 0.0 22.36
11.66 6.4 10.0 4.12 5.0 4.12 8.0 5.0 10.77 10.77 0.0 10.77 11.66 13.0 0.0 14.42 10.0 10.77 10.77 10.77 10.77 21.1 0.0 12.81 13.6 14.42 4.12 21.1 21.1 10.0 13.0 6.4 5.0 11.66 10.77 13.0 5.0 12.81 5.0 13.6 10.0 10.77 13.6 5.83 13.0 8.0 6.32 12.81 5.0 0.0 13.6 8.0 8.0 12.81 13.0 6.32 13.6 14.42 10.0 0.0 13.6 11.66 10.0 4.12 14.42 4.12 5.83 6.4 6.4 6.4 4.12 21.1 4.12 0.0 12.81 6.32 13.0 6.4 11.66 10.77 14.42
10.0 5.0 16.49 11.0 6.4 11.0 10.77 6.4 0.0 0.0 10.77 0.0 10.0 23.35 10.77 22.36 16.49 0.0 0.0 0.0 0.0 28.86 10.77 4.0 23.0 22.36 11.0 28.86 28.86 16.49 23.35 5.0 6.4 10.0 0.0 23.35 6.4 4.0 6.4 23.0 16.49 0.0 23.0 8.6 23.35 10.77 16.12 4.0 6.4 10.77 23.0 10.77 10.77 4.0 23.35 16.12 23.0 22.36 16.49 10.77 23.0 10.0 16.49 11.0 22.36 11.0 8.6 5.0 5.0 5.0 11.0 28.86 11.0 10.77 4.0 16.12 23.35 5.0 10.0 0.0 22.36
0.0 11.18 21.26 14.87 7.81 14.87 17.2 7.81 10.0 10.0 11.66 10.0 0.0 23.77 11.66 26.08 21.26 10.0 10.0 10.0 10.0 32.76 11.66 14.0 25.08 26.08 14.87 32.76 32.76 21.26 23.77 11.18 7.81 0.0 10.0 23.77 7.81 14.0 7.81 25.08 21.26 10.0 25.08 5.83 23.77 17.2 17.89 14.0 7.81 11.66 25.08 17.2 17.2 14.0 23.77 17.89 25.08 26.08 21.26 11.66 25.08 0.0 21.26 14.87 26.08 14.87 5.83 11.18 11.18 11.18 14.87 32.76 14.87 11.66 14.0 17.89 23.77 11.18 0.0 10.0 26.08
23.77 18.44 10.63 12.65 18.0 12.65 15.26 18.0 23.35 23.35 13.0 23.35 23.77 0.0 13.0 8.06 10.63 23.35 23.35 23.35 23.35 12.08 13.0 24.35 4.0 8.06 12.65 12.08 12.08 10.63 0.0 18.44 18.0 23.77 23.35 0.0 18.0 24.35 18.0 4.0 10.63 23.35 4.0 18.25 0.0 15.26 7.28 24.35 18.0 13.0 4.0 15.26 15.26 24.35 0.0 7.28 4.0 8.06 10.63 13.0 4.0 23.77 10.63 12.65 8.06 12.65 18.25 18.44 18.44 18.44 12.65 12.08 12.65 13.0 24.35 7.28 0.0 18.44 23.77 23.35 8.06
11.66 6.4 10.0 4.12 5.0 4.12 8.0 5.0 10.77 10.77 0.0 10.77 11.66 13.0 0.0 14.42 10.0 10.77 10.77 10.77 10.77 21.1 0.0 12.81 13.6 14.42 4.12 21.1 21.1 10.0 13.0 6.4 5.0 11.66 10.77 13.0 5.0 12.81 5.0 13.6 10.0 10.77 13.6 5.83 13.0 8.0 6.32 12.81 5.0 0.0 13.6 8.0 8.0 12.81 13.0 6.32 13.6 14.42 10.0 0.0 13.6 11.66 10.0 4.12 14.42 4.12 5.83 6.4 6.4 6.4 4.12 21.1 4.12 0.0 12.81 6.32 13.0 6.4 11.66 10.77 14.42
26.08 17.46 6.0 11.7 18.79 11.7 12.0 18.79 22.36 22.36 14.42 22.36 26.08 8.06 14.42 0.0 6.0 22.36 22.36 22.36 22.36 6.71 14.42 22.0 4.12 0.0 11.7 6.71 6.71 6.0 8.06 17.46 18.79 26.08 22.36 8.06 18.79 22.0 18.79 4.12 6.0 22.36 4.12 20.25 8.06 12.0 8.49 22.0 18.79 14.42 4.12 12.0 12.0 22.0 8.06 8.49 4.12 0.0 6.0 14.42 4.12 26.08 6.0 11.7 0.0 11.7 20.25 17.46 17.46 17.46 11.7 6.71 11.7 14.42 22.0 8.49 8.06 17.46 26.08 22.36 0.0
21.26 11.7 0.0 6.4 13.6 6.4 6.0 13.6 16.49 16.49 10.0 16.49 21.26 10.63 10.0 6.0 0.0 16.49 16.49 16.49 16.49 12.37 10.0 16.0 8.06 6.0 6.4 12.37 12.37 0.0 10.63 11.7 13.6 21.26 16.49 10.63 13.6 16.0 13.6 8.06 0.0 16.49 8.06 15.56 10.63 6.0 6.0 16.0 13.6 10.0 8.06 6.0 6.0 16.0 10.63 6.0 8.06 6.0 0.0 10.0 8.06 21.26 0.0 6.4 6.0 6.4 15.56 11.7 11.7 11.7 6.4 12.37 6.4 10.0 16.0 6.0 10.63 11.7 21.26 16.49 6.0
10.0 5.0 16.49 11.0 6.4 11.0 10.77 6.4 0.0 0.0 10.77 0.0 10.0 23.35 10.77 22.36 16.49 0.0 0.0 0.0 0.0 28.86 10.77 4.0 23.0 22.36 11.0 28.86 28.86 16.49 23.35 5.0 6.4 10.0 0.0 23.35 6.4 4.0 6.4 23.0 16.49 0.0 23.0 8.6 23.35 10.77 16.12 4.0 6.4 10.77 23.0 10.77 10.77 4.0 23.35 16.12 23.0 22.36 16.49 10.77 23.0 10.0 16.49 11.0 22.36 11.0 8.6 5.0 5.0 5.0 11.0 28.86 11.0 10.77 4.0 16.12 23.35 5.0 10.0 0.0 22.36
10.0 5.0 16.49 11.0 6.4 11.0 10.77 6.4 0.0 0.0 10.77 0.0 10.0 23.35 10.77 22.36 16.49 0.0 0.0 0.0 0.0 28.86 10.77 4.0 23.0 22.36 11.0 28.86 28.86 16.49 23.35 5.0 6.4 10.0 0.0 23.35 6.4 4.0 6.4 23.0 16.49 0.0 23.0 8.6 23.35 10.77 16.12 4.0 6.4 10.77 23.0 10.77 10.77 4.0 23.35 16.12 23.0 22.36 16.49 10.77 23.0 10.0 16.49 11.0 22.36 11.0 8.6 5.0 5.0 5.0 11.0 28.86 11.0 10.77 4.0 16.12 23.35 5.0 10.0 0.0 22.36
10.0 5.0 16.49 11.0 6.4 11.0 10.77 6.4 0.0 0.0 10.77 0.0 10.0 23.35 10.77 22.36 16.49 0.0 0.0 0.0 0.0 28.86 10.77 4.0 23.0 22.36 11.0 28.86 28.86 16.49 23.35 5.0 6.4 10.0 0.0 23.35 6.4 4.0 6.4 23.0 16.49 0.0 23.0 8.6 23.35 10.77 16.12 4.0 6.4 10.77 23.0 10.77 10.77 4.0 23.35 16.12 23.0 22.36 16.49 10.77 23.0 10.0 16.49 11.0 22.36 11.0 8.6 5.0 5.0 5.0 11.0 28.86 11.0 10.77 4.0 16.12 23.35 5.0 10.0 0.0 22.36
10.0 5.0 16.49 11.0 6.4 11.0 10.77 6.4 0.0 0.0 10.77 0.0 10.0 23.35 10.77 22.36 16.49 0.0 0.0 0.0 0.0 28.86 10.77 4.0 23.0 22.36 11.0 28.86 28.86 16.49 23.35 5.0 6.4 10.0 0.0 23.35 6.4 4.0 6.4 23.0 16.49 0.0 23.0 8.6 23.35 10.77 16.12 4.0 6.4 10.77 23.0 10.77 10.77 4.0 23.35 16.12 23.0 22.36 16.49 10.77 23.0 10.0 16.49 11.0 22.36 11.0 8.6 5.0 5.0 5.0 11.0 28.86 11.0 10.77 4.0 16.12 23.35 5.0 10.0 0.0 22.36
32.76 24.04 12.37 18.38 25.5 18.38 18.25 25.5 28.86 28.86 21.1 28.86 32.76 12.08 21.1 6.71 12.37 28.86 28.86 28.86 28.86 0.0 21.1 28.16 8.6 6.71 18.38 0.0 0.0 12.37 12.08 24.04 25.5 32.76 28.86 12.08 25.5 28.16 25.5 8.6 12.37 28.86 8.6 26.93 12.08 18.25 15.0 28.16 25.5 21.1 8.6 18.25 18.25 28.16 12.08 15.0 8.6 6.71 12.37 21.1 8.6 32.76 12.37 18.38 6.71 18.38 26.93 24.04 24.04 24.04 18.38 0.0 18.38 21.1 28.16 15.0 12.08 24.04 32.76 28.86 6.71
11.66 6.4 10.0 4.12 5.0 4.12 8.0 5.0 10.77 10.77 0.0 10.77 11.66 13.0 0.0 14.42 10.0 10.77 10.77 10.77 10.77 21.1 0.0 12.81 13.6 14.42 4.12 21.1 21.1 10.0 13.0 6.4 5.0 11.66 10.77 13.0 5.0 12.81 5.0 13.6 10.0 10.77 13.6 5.83 13.0 8.0 6.32 12.81 5.0 0.0 13.6 8.0 8.0 12.81 13.0 6.32 13.6 14.42 10.0 0.0 13.6 11.66 10.0 4.12 14.42 4.12 5.83 6.4 6.4 6.4 4.12 21.1 4.12 0.0 12.81 6.32 13.0 6.4 11.66 10.77 14.42
14.0 6.4 16.0 11.7 9.43 11.7 10.0 9.43 4.0 4.0 12.81 4.0 14.0 24.35 12.81 22.0 16.0 4.0 4.0 4.0 4.0 28.16 12.81 0.0 23.35 22.0 11.7 28.16 28.16 16.0 24.35 6.4 9.43 14.0 4.0 24.35 9.43 0.0 9.43 23.35 16.0 4.0 23.35 12.08 24.35 10.0 17.09 0.0 9.43 12.81 23.35 10.0 10.0 0.0 24.35 17.09 23.35 22.0 16.0 12.81 23.35 14.0 16.0 11.7 22.0 11.7 12.08 6.4 6.4 6.4 11.7 28.16 11.7 12.81 0.0 17.09 24.35 6.4 14.0 4.0 22.0
25.08 18.0 8.06 12.0 18.44 12.0 13.6 18.44 23.0 23.0 13.6 23.0 25.08 4.0 13.6 4.12 8.06 23.0 23.0 23.0 23.0 8.6 13.6 23.35 0.0 4.12 12.0 8.6 8.6 8.06 4.0 18.0 18.44 25.08 23.0 4.0 18.44 23.35 18.44 0.0 8.06 23.0 0.0 19.31 4.0 13.6 7.28 23.35 18.44 13.6 0.0 13.6 13.6 23.35 4.0 7.28 0.0 4.12 8.06 13.6 0.0 25.08 8.06 12.0 4.12 12.0 19.31 18.0 18.0 18.0 12.0 8.6 12.0 13.6 23.35 7.28 4.0 18.0 25.08 23.0 4.12
26.08 17.46 6.0 11.7 18.79 11.7 12.0 18.79 22.36 22.36 14.42 22.36 26.08 8.06 14.42 0.0 6.0 22.36 22.36 22.36 22.36 6.71 14.42 22.0 4.12 0.0 11.7 6.71 6.71 6.0 8.06 17.46 18.79 26.08 22.36 8.06 18.79 22.0 18.79 4.12 6.0 22.36 4.12 20.25 8.06 12.0 8.49 22.0 18.79 14.42 4.12 12.0 12.0 22.0 8.06 8.49 4.12 0.0 6.0 14.42 4.12 26.08 6.0 11.7 0.0 11.7 20.25 17.46 17.46 17.46 11.7 6.71 11.7 14.42 22.0 8.49 8.06 17.46 26.08 22.36 0.0
14.87 6.0 6.4 0.0 7.21 0.0 4.12 7.21 11.0 11.0 4.12 11.0 14.87 12.65 4.12 11.7 6.4 11.0 11.0 11.0 11.0 18.38 4.12 11.7 12.0 11.7 0.0 18.38 18.38 6.4 12.65 6.0 7.21 14.87 11.0 12.65 7.21 11.7 7.21 12.0 6.4 11.0 12.0 9.22 12.65 4.12 5.39 11.7 7.21 4.12 12.0 4.12 4.12 11.7 12.65 5.39 12.0 11.7 6.4 4.12 12.0 14.87 6.4 0.0 11.7 0.0 9.22 6.0 6.0 6.0 0.0 18.38 0.0 4.12 11.7 5.39 12.65 6.0 14.87 11.0 11.7
32.76 24.04 12.37 18.38 25.5 18.38 18.25 25.5 28.86 28.86 21.1 28.86 32.76 12.08 21.1 6.71 12.37 28.86 28.86 28.86 28.86 0.0 21.1 28.16 8.6 6.71 18.38 0.0 0.0 12.37 12.08 24.04 25.5 32.76 28.86 12.08 25.5 28.16 25.5 8.6 12.37 28.86 8.6 26.93 12.08 18.25 15.0 28.16 25.5 21.1 8.6 18.25 18.25 28.16 12.08 15.0 8.6 6.71 12.37 21.1 8.6 32.76 12.37 18.38 6.71 18.38 26.93 24.04 24.04 24.04 18.38 0.0 18.38 21.1 28.16 15.0 12.08 24.04 32.76 28.86 6.71
32.76 24.04 12.37 18.38 25.5 18.38 18.25 25.5 28.86 28.86 21.1 28.86 32.76 12.08 21.1 6.71 12.37 28.86 28.86 28.86 28.86 0.0 21.1 28.16 8.6 6.71 18.38 0.0 0.0 12.37 12.08 24.04 25.5 32.76 28.86 12.08 25.5 28.16 25.5 8.6 12.37 28.86 8.6 26.93 12.08 18.25 15.0 28.16 25.5 21.1 8.6 18.25 18.25 28.16 12.08 15.0 8.6 6.71 12.37 21.1 8.6 32.76 12.37 18.38 6.71 18.38 26.93 24.04 24.04 24.04 18.38 0.0 18.38 21.1 28.16 15.0 12.08 24.04 32.76 28.86 6.71
21.26 11.7 0.0 6.4 13.6 6.4 6.0 13.6 16.49 16.49 10.0 16.49 21.26 10.63 10.0 6.0 0.0 16.49 16.49 16.49 16.49 12.37 10.0 16.0 8.06 6.0 6.4 12.37 12.37 0.0 10.63 11.7 13.6 21.26 16.49 10.63 13.6 16.0 13.6 8.06 0.0 16.49 8.06 15.56 10.63 6.0 6.0 16.0 13.6 10.0 8.06 6.0 6.0 16.0 10.63 6.0 8.06 6.0 0.0 10.0 8.06 21.26 0.0 6.4 6.0 6.4 15.56 11.7 11.7 11.7 6.4 12.37 6.4 10.0 16.0 6.0 10.63 11.7 21.26 16.49 6.0
23.77 18.44 10.63 12.65 18.0 12.65 15.26 18.0 23.35 23.35 13.0 23.35 23.77 0.0 13.0 8.06 10.63 23.35 23.35 23.35 23.35 12.08 13.0 24.35 4.0 8.06 12.65 12.08 12.08 10.63 0.0 18.44 18.0 23.77 23.35 0.0 18.0 24.35 18.0 4.0 10.63 23.35 4.0 18.25 0.0 15.26 7.28 24.35 18.0 13.0 4.0 15.26 15.26 24.35 0.0 7.28 4.0 8.06 10.63 13.0 4.0 23.77 10.63 12.65 8.06 12.65 18.25 18.44 18.44 18.44 12.65 12.08 12.65 13.0 24.35 7.28 0.0 18.44 23.77 23.35 8.06
11.18 0.0 11.7 6.0 4.0 6.0 6.4 4.0 5.0 5.0 6.4 5.0 11.18 18.44 6.4 17.46 11.7 5.0 5.0 5.0 5.0 24.04 6.4 6.4 18.0 17.46 6.0 24.04 24.04 11.7 18.44 0.0 4.0 11.18 5.0 18.44 4.0 6.4 4.0 18.0 11.7 5.0 18.0 7.0 18.44 6.4 11.18 6.4 4.0 6.4 18.0 6.4 6.4 6.4 18.44 11.18 18.0 17.46 11.7 6.4 18.0 11.18 11.7 6.0 17.46 6.0 7.0 0.0 0.0 0.0 6.0 24.04 6.0 6.4 6.4 11.18 18.44 0.0 11.18 5.0 17.46
7.81 4.0 13.6 7.21 0.0 7.21 9.43 0.0 6.4 6.4 5.0 6.4 7.81 18.0 5.0 18.79 13.6 6.4 6.4 6.4 6.4 25.5 5.0 9.43 18.44 18.79 7.21 25.5 25.5 13.6 18.0 4.0 0.0 7.81 6.4 18.0 0.0 9.43 0.0 18.44 13.6 6.4 18.44 3.0 18.0 9.43 11.18 9.43 0.0 5.0 18.44 9.43 9.43 9.43 18.0 11.18 18.44 18.79 13.6 5.0 18.44 7.81 13.6 7.21 18.79 7.21 3.0 4.0 4.0 4.0 7.21 25.5 7.21 5.0 9.43 11.18 18.0 4.0 7.81 6.4 18.79
0.0 11.18 21.26 14.87 7.81 14.87 17.2 7.81 10.0 10.0 11.66 10.0 0.0 23.77 11.66 26.08 21.26 10.0 10.0 10.0 10.0 32.76 11.66 14.0 25.08 26.08 14.87 32.76 32.76 21.26 23.77 11.18 7.81 0.0 10.0 23.77 7.81 14.0 7.81 25.08 21.26 10.0 25.08 5.83 23.77 17.2 17.89 14.0 7.81 11.66 25.08 17.2 17.2 14.0 23.77 17.89 25.08 26.08 21.26 11.66 25.08 0.0 21.26 14.87 26.08 14.87 5.83 11.18 11.18 11.18 14.87 32.76 14.87 11.66 14.0 17.89 23.77 11.18 0.0 10.0 26.08
10.0 5.0 16.49 11.0 6.4 11.0 10.77 6.4 0.0 0.0 10.77 0.0 10.0 23.35 10.77 22.36 16.49 0.0 0.0 0.0 0.0 28.86 10.77 4.0 23.0 22.36 11.0 28.86 28.86 16.49 23.35 5.0 6.4 10.0 0.0 23.35 6.4 4.0 6.4 23.0 16.49 0.0 23.0 8.6 23.35 10.77 16.12 4.0 6.4 10.77 23.0 10.77 10.77 4.0 23.35 16.12 23.0 22.36 16.49 10.77 23.0 10.0 16.49 11.0 22.36 11.0 8.6 5.0 5.0 5.0 11.0 28.86 11.0 10.77 4.0 16.12 23.35 5.0 10.0 0.0 22.36
23.77 18.44 10.63 12.65 18.0 12.65 15.26 18.0 23.35 23.35 13.0 23.35 23.77 0.0 13.0 8.06 10.63 23.35 23.35 23.35 23.35 12.08 13.0 24.35 4.0 8.06 12.65 12.08 12.08 10.63 0.0 18.44 18.0 23.77 23.35 0.0 18.0 24.35 18.0 4.0 10.63 23.35 4.0 18.25 0.0 15.26 7.28 24.35 18.0 13.0 4.0 15.26 15.26 24.35 0.0 7.28 4.0 8.06 10.63 13.0 4.0 23.77 10.63 12.65 8.06 12.65 18.25 18.44 18.44 18.44 12.65 12.08 12.65 13.0 24.35 7.28 0.0 18.44 23.77 23.35 8.06
7.81 4.0 13.6 7.21 0.0 7.21 9.43 0.0 6.4 6.4 5.0 6.4 7.81 18.0 5.0 18.79 13.6 6.4 6.4 6.4 6.4 25.5 5.0 9.43 18.44 18.79 7.21 25.5 25.5 13.6 18.0 4.0 0.0 7.81 6.4 18.0 0.0 9.43 0.0 18.44 13.6 6.4 18.44 3.0 18.0 9.43 11.18 9.43 0.0 5.0 18.44 9.43 9.43 9.43 18.0 11.18 18.44 18.79 13.6 5.0 18.44 7.81 13.6 7.21 18.79 7.21 3.0 4.0 4.0 4.0 7.21 25.5 7.21 5.0 9.43 11.18 18.0 4.0 7.81 6.4 18.79
14.0 6.4 16.0 11.7 9.43 11.7 10.0 9.43 4.0 4.0 12.81 4.0 14.0 24.35 12.81 22.0 16.0 4.0 4.0 4.0 4.0 28.16 12.81 0.0 23.35 22.0 11.7 28.16 28.16 16.0 24.35 6.4 9.43 14.0 4.0 24.35 9.43 0.0 9.43 23.35 16.0 4.0 23.35 12.08 24.35 10.0 17.09 0.0 9.43 12.81 23.35 10.0 10.0 0.0 24.35 17.09 23.35 22.0 16.0 12.81 23.35 14.0 16.0 11.7 22.0 11.7 12.08 6.4 6.4 6.4 11.7 28.16 11.7 12.81 0.0 17.09 24.35 6.4 14.0 4.0 22.0
7.81 4.0 13.6 7.21 0.0 7.21 9.43 0.0 6.4 6.4 5.0 6.4 7.81 18.0 5.0 18.79 13.6 6.4 6.4 6.4 6.4 25.5 5.0 9.43 18.44 18.79 7.21 25.5 25.5 13.6 18.0 4.0 0.0 7.81 6.4 18.0 0.0 9.43 0.0 18.44 13.6 6.4 18.44 3.0 18.0 9.43 11.18 9.43 0.0 5.0 18.44 9.43 9.43 9.43 18.0 11.18 18.44 18.79 13.6 5.0 18.44 7.81 13.6 7.21 18.79 7.21 3.0 4.0 4.0 4.0 7.21 25.5 7.21 5.0 9.43 11.18 18.0 4.0 7.81 6.4 18.79
25.08 18.0 8.06 12.0 18.44 12.0 13.6 18.44 23.0 23.0 13.6 23.0 25.08 4.0 13.6 4.12 8.06 23.0 23.0 23.0 23.0 8.6 13.6 23.35 0.0 4.12 12.0 8.6 8.6 8.06 4.0 18.0 18.44 25.08 23.0 4.0 18.44 23.35 18.44 0.0 8.06 23.0 0.0 19.31 4.0 13.6 7.28 23.35 18.44 13.6 0.0 13.6 13.6 23.35 4.0 7.28 0.0 4.12 8.06 13.6 0.0 25.08 8.06 12.0 4.12 12.0 19.31 18.0 18.0 18.0 12.0 8.6 12.0 13.6 23.35 7.28 4.0 18.0 25.08 23.0 4.12
21.26 11.7 0.0 6.4 13.6 6.4 6.0 13.6 16.49 16.49 10.0 16.49 21.26 10.63 10.0 6.0 0.0 16.49 16.49 16.49 16.49 12.37 10.0 16.0 8.06 6.0 6.4 12.37 12.37 0.0 10.63 11.7 13.6 21.26 16.49 10.63 13.6 16.0 13.6 8.06 0.0 16.49 8.06 15.56 10.63 6.0 6.0 16.0 13.6 10.0 8.06 6.0 6.0 16.0 10.63 6.0 8.06 6.0 0.0 10.0 8.06 21.26 0.0 6.4 6.0 6.4 15.56 11.7 11.7 11.7 6.4 12.37 6.4 10.0 16.0 6.0 10.63 11.7 21.26 16.49 6.0
10.0 5.0 16.49 11.0 6.4 11.0 10.77 6.4 0.0 0.0 10.77 0.0 10.0 23.35 10.77 22.36 16.49 0.0 0.0 0.0 0.0 28.86 10.77 4.0 23.0 22.36 11.0 28.86 28.86 16.49 23.35 5.0 6.4 10.0 0.0 23.35 6.4 4.0 6.4 23.0 16.49 0.0 23.0 8.6 23.35 10.77 16.12 4.0 6.4 10.77 23.0 10.77 10.77 4.0 23.35 16.12 23.0 22.36 16.49 10.77 23.0 10.0 16.49 11.0 22.36 11.0 8.6 5.0 5.0 5.0 11.0 28.86 11.0 10.77 4.0 16.12 23.35 5.0 10.0 0.0 22.36
25.08 18.0 8.06 12.0 18.44 12.0 13.6 18.44 23.0 23.0 13.6 23.0 25.08 4.0 13.6 4.12 8.06 23.0 23.0 23.0 23.0 8.6 13.6 23.35 0.0 4.12 12.0 8.6 8.6 8.06 4.0 18.0 18.44 25.08 23.0 4.0 18.44 23.35 18.44 0.0 8.06 23.0 0.0 19.31 4.0 13.6 7.28 23.35 18.44 13.6 0.0 13.6 13.6 23.35 4.0 7.28 0.0 4.12 8.06 13.6 0.0 25.08 8.06 12.0 4.12 12.0 19.31 18.0 18.0 18.0 12.0 8.6 12.0 13.6 23.35 7.28 4.0 18.0 25.08 23.0 4.12
5.83 7.0 15.56 9.22 3.0 9.22 12.08 3.0 8.6 8.6 5.83 8.6 5.83 18.25 5.83 20.25 15.56 8.6 8.6 8.6 8.6 26.93 5.83 12.08 19.31 20.25 9.22 26.93 26.93 15.56 18.25 7.0 3.0 5.83 8.6 18.25 3.0 12.08 3.0 19.31 15.56 8.6 19.31 0.0 18.25 12.08 12.08 12.08 3.0 5.83 19.31 12.08 12.08 12.08 18.25 12.08 19.31 20.25 15.56 5.83 19.31 5.83 15.56 9.22 20.25 9.22 0.0 7.0 7.0 7.0 9.22 26.93 9.22 5.83 12.08 12.08 18.25 7.0 5.83 8.6 20.25
23.77 18.44 10.63 12.65 18.0 12.65 15.26 18.0 23.35 23.35 13.0 23.35 23.77 0.0 13.0 8.06 10.63 23.35 23.35 23.35 23.35 12.08 13.0 24.35 4.0 8.06 12.65 12.08 12.08 10.63 0.0 18.44 18.0 23.77 23.35 0.0 18.0 24.35 18.0 4.0 10.63 23.35 4.0 18.25 0.0 15.26 7.28 24.35 18.0 13.0 4.0 15.26 15.26 24.35 0.0 7.28 4.0 8.06 10.63 13.0 4.0 23.77 10.63 12.65 8.06 12.65 18.25 18.44 18.44 18.44 12.65 12.08 12.65 13.0 24.35 7.28 0.0 18.44 23.77 23.35 8.06
17.2 6.4 6.0 4.12 9.43 4.12 0.0 9.43 10.77 10.77 8.0 10.77 17.2 15.26 8.0 12.0 6.0 10.77 10.77 10.77 10.77 18.25 8.0 10.0 13.6 12.0 4.12 18.25 18.25 6.0 15.26 6.4 9.43 17.2 10.77 15.26 9.43 10.0 9.43 13.6 6.0 10.77 13.6 12.08 15.26 0.0 8.49 10.0 9.43 8.0 13.6 0.0 0.0 10.0 15.26 8.49 13.6 12.0 6.0 8.0 13.6 17.2 6.0 4.12 12.0 4.12 12.08 6.4 6.4 6.4 4.12 18.25 4.12 8.0 10.0 8.49 15.26 6.4 17.2 10.77 12.0
17.89 11.18 6.0 5.39 11.18 5.39 8.49 11.18 16.12 16.12 6.32 16.12 17.89 7.28 6.32 8.49 6.0 16.12 16.12 16.12 16.12 15.0 6.32 17.09 7.28 8.49 5.39 15.0 15.0 6.0 7.28 11.18 11.18 17.89 16.12 7.28 11.18 17.09 11.18 7.28 6.0 16.12 7.28 12.08 7.28 8.49 0.0 17.09 11.18 6.32 7.28 8.49 8.49 17.09 7.28 0.0 7.28 8.49 6.0 6.32 7.28 17.89 6.0 5.39 8.49 5.39 12.08 11.18 11.18 11.18 5.39 15.0 5.39 6.32 17.09 0.0 7.28 11.18 17.89 16.12 8.49
14.0 6.4 16.0 11.7 9.43 11.7 10.0 9.43 4.0 4.0 12.81 4.0 14.0 24.35 12.81 22.0 16.0 4.0 4.0 4.0 4.0 28.16 12.81 0.0 23.35 22.0 11.7 28.16 28.16 16.0 24.35 6.4 9.43 14.0 4.0 24.35 9.43 0.0 9.43 23.35 16.0 4.0 23.35 12.08 24.35 10.0 17.09 0.0 9.43 12.81 23.35 10.0 10.0 0.0 24.35 17.09 23.35 22.0 16.0 12.81 23.35 14.0 16.0 11.7 22.0 11.7 12.08 6.4 6.4 6.4 11.7 28.16 11.7 12.81 0.0 17.09 24.35 6.4 14.0 4.0 22.0
7.81 4.0 13.6 7.21 0.0 7.21 9.43 0.0 6.4 6.4 5.0 6.4 7.81 18.0 5.0 18.79 13.6 6.4 6.4 6.4 6.4 25.5 5.0 9.43 18.44 18.79 7.21 25.5 25.5 13.6 18.0 4.0 0.0 7.81 6.4 18.0 0.0 9.43 0.0 18.44 13.6 6.4 18.44 3.0 18.0 9.43 11.18 9.43 0.0 5.0 18.44 9.43 9.43 9.43 18.0 11.18 18.44 18.79 13.6 5.0 18.44 7.81 13.6 7.21 18.79 7.21 3.0 4.0 4.0 4.0 7.21 25.5 7.21 5.0 9.43 11.18 18.0 4.0 7.81 6.4 18.79
11.66 6.4 10.0 4.12 5.0 4.12 8.0 5.0 10.77 10.77 0.0 10.77 11.66 13.0 0.0 14.42 10.0 10.77 10.77 10.77 10.77 21.1 0.0 12.81 13.6 14.42 4.12 21.1 21.1 10.0 13.0 6.4 5.0 11.66 10.77 13.0 5.0 12.81 5.0 13.6 10.0 10.77 13.6 5.83 13.0 8.0 6.32 12.81 5.0 0.0 13.6 8.0 8.0 12.81 13.0 6.32 13.6 14.42 10.0 0.0 13.6 11.66 10.0 4.12 14.42 4.12 5.83 6.4 6.4 6.4 4.12 21.1 4.12 0.0 12.81 6.32 13.0 6.4 11.66 10.77 14.42
25.08 18.0 8.06 12.0 18.44 12.0 13.6 18.44 23.0 23.0 13.6 23.0 25.08 4.0 13.6 4.12 8.06 23.0 23.0 23.0 23.0 8.6 13.6 23.35 0.0 4.12 12.0 8.6 8.6 8.06 4.0 18.0 18.44 25.08 23.0 4.0 18.44 23.35 18.44 0.0 8.06 23.0 0.0 19.31 4.0 13.6 7.28 23.35 18.44 13.6 0.0 13.6 13.6 23.35 4.0 7.28 0.0 4.12 8.06 13.6 0.0 25.08 8.06 12.0 4.12 12.0 19.31 18.0 18.0 18.0 12.0 8.6 12.0 13.6 23.35 7.28 4.0 18.0 25.08 23.0 4.12
17.2 6.4 6.0 4.12 9.43 4.12 0.0 9.43 10.77 10.77 8.0 10.77 17.2 15.26 8.0 12.0 6.0 10.77 10.77 10.77 10.77 18.25 8.0 10.0 13.6 12.0 4.12 18.25 18.25 6.0 15.26 6.4 9.43 17.2 10.77 15.26 9.43 10.0 9.43 13.6 6.0 10.77 13.6 12.08 15.26 0.0 8.49 10.0 9.43 8.0 13.6 0.0 0.0 10.0 15.26 8.49 13.6 12.0 6.0 8.0 13.6 17.2 6.0 4.12 12.0 4.12 12.08 6.4 6.4 6.4 4.12 18.25 4.12 8.0 10.0 8.49 15.26 6.4 17.2 10.77 12.0
17.2 6.4 6.0 4.12 9.43 4.12 0.0 9.43 10.77 10.77 8.0 10.77 17.2 15.26 8.0 12.0 6.0 10.77 10.77 10.77 10.77 18.25 8.0 10.0 13.6 12.0 4.12 18.25 18.25 6.0 15.26 6.4 9.43 17.2 10.77 15.26 9.43 10.0 9.43 13.6 6.0 10.77 13.6 12.08 15.26 0.0 8.49 10.0 9.43 8.0 13.6 0.0 0.0 10.0 15.26 8.49 13.6 12.0 6.0 8.0 13.6 17.2 6.0 4.12 12.0 4.12 12.08 6.4 6.4 6.4 4.12 18.25 4.12 8.0 10.0 8.49 15.26 6.4 17.2 10.77 12.0
14.0 6.4 16.0 11.7 9.43 11.7 10.0 9.43 4.0 4.0 12.81 4.0 14.0 24.35 12.81 22.0 16.0 4.0 4.0 4.0 4.0 28.16 12.81 0.0 23.35 22.0 11.7 28.16 28.16 16.0 24.35 6.4 9.43 14.0 4.0 24.35 9.43 0.0 9.43 23.35 16.0 4.0 23.35 12.08 24.35 10.0 17.09 0.0 9.43 12.81 23.35 10.0 10.0 0.0 24.35 17.09 23.35 22.0 16.0 12.81 23.35 14.0 16.0 11.7 22.0 11.7 12.08 6.4 6.4 6.4 11.7 28.16 11.7 12.81 0.0 17.09 24.35 6.4 14.0 4.0 22.0
23.77 18.44 10.63 12.65 18.0 12.65 15.26 18.0 23.35 23.35 13.0 23.35 23.77 0.0 13.0 8.06 10.63 23.35 23.35 23.35 23.35 12.08 13.0 24.35 4.0 8.06 12.65 12.08 12.08 10.63 0.0 18.44 18.0 23.77 23.35 0.0 18.0 24.35 18.0 4.0 10.63 23.35 4.0 18.25 0.0 15.26 7.28 24.35 18.0 13.0 4.0 15.26 15.26 24.35 0.0 7.28 4.0 8.06 10.63 13.0 4.0 23.77 10.63 12.65 8.06 12.65 18.25 18.44 18.44 18.44 12.65 12.08 12.65 13.0 24.35 7.28 0.0 18.44 23.77 23.35 8.06
17.89 11.18 6.0 5.39 11.18 5.39 8.49 11.18 16.12 16.12 6.32 16.12 17.89 7.28 6.32 8.49 6.0 16.12 16.12 16.12 16.12 15.0 6.32 17.09 7.28 8.49 5.39 15.0 15.0 6.0 7.28 11.18 11.18 17.89 16.12 7.28 11.18 17.09 11.18 7.28 6.0 16.12 7.28 12.08 7.28 8.49 0.0 17.09 11.18 6.32 7.28 8.49 8.49 17.09 7.28 0.0 7.28 8.49 6.0 6.32 7.28 17.89 6.0 5.39 8.49 5.39 12.08 11.18 11.18 11.18 5.39 15.0 5.39 6.32 17.09 0.0 7.28 11.18 17.89 16.12 8.49
25.08 18.0 8.06 12.0 18.44 12.0 13.6 18.44 23.0 23.0 13.6 23.0 25.08 4.0 13.6 4.12 8.06 23.0 23.0 23.0 23.0 8.6 13.6 23.35 0.0 4.12 12.0 8.6 8.6 8.06 4.0 18.0 18.44 25.08 23.0 4.0 18.44 23.35 18.44 0.0 8.06 23.0 0.0 19.31 4.0 13.6 7.28 23.35 18.44 13.6 0.0 13.6 13.6 23.35 4.0 7.28 0.0 4.12 8.06 13.6 0.0 25.08 8.06 12.0 4.12 12.0 19.31 18.0 18.0 18.0 12.0 8.6 12.0 13.6 23.35 7.28 4.0 18.0 25.08 23.0 4.12
26.08 17.46 6.0 11.7 18.79 11.7 12.0 18.79 22.36 22.36 14.42 22.36 26.08 8.06 14.42 0.0 6.0 22.36 22.36 22.36 22.36 6.71 14.42 22.0 4.12 0.0 11.7 6.71 6.71 6.0 8.06 17.46 18.79 26.08 22.36 8.06 18.79 22.0 18.79 4.12 6.0 22.36 4.12 20.25 8.06 12.0 8.49 22.0 18.79 14.42 4.12 12.0 12.0 22.0 8.06 8.49 4.12 0.0 6.0 14.42 4.12 26.08 6.0 11.7 0.0 11.7 20.25 17.46 17.46 17.46 11.7 6.71 11.7 14.42 22.0 8.49 8.06 17.46 26.08 22.36 0.0
21.26 11.7 0.0 6.4 13.6 6.4 6.0 13.6 16.49 16.49 10.0 16.49 21.26 10.63 10.0 6.0 0.0 16.49 16.49 16.49 16.49 12.37 10.0 16.0 8.06 6.0 6.4 12.37 12.37 0.0 10.63 11.7 13.6 21.26 16.49 10.63 13.6 16.0 13.6 8.06 0.0 16.49 8.06 15.56 10.63 6.0 6.0 16.0 13.6 10.0 8.06 6.0 6.0 16.0 10.63 6.0 8.06 6.0 0.0 10.0 8.06 21.26 0.0 6.4 6.0 6.4 15.56 11.7 11.7 11.7 6.4 12.37 6.4 10.0 16.0 6.0 10.63 11.7 21.26 16.49 6.0
11.66 6.4 10.0 4.12 5.0 4.12 8.0 5.0 10.77 10.77 0.0 10.77 11.66 13.0 0.0 14.42 10.0 10.77 10.77 10.77 10.77 21.1 0.0 12.81 13.6 14.42 4.12 21.1 21.1 10.0 13.0 6.4 5.0 11.66 10.77 13.0 5.0 12.81 5.0 13.6 10.0 10.77 13.6 5.83 13.0 8.0 6.32 12.81 5.0 0.0 13.6 8.0 8.0 12.81 13.0 6.32 13.6 14.42 10.0 0.0 13.6 11.66 10.0 4.12 14.42 4.12 5.83 6.4 6.4 6.4 4.12 21.1 4.12 0.0 12.81 6.32 13.0 6.4 11.66 10.77 14.42
25.08 18.0 8.06 12.0 18.44 12.0 13.6 18.44 23.0 23.0 13.6 23.0 25.08 4.0 13.6 4.12 8.06 23.0 23.0 23.0 23.0 8.6 13.6 23.35 0.0 4.12 12.0 8.6 8.6 8.06 4.0 18.0 18.44 25.08 23.0 4.0 18.44 23.35 18.44 0.0 8.06 23.0 0.0 19.31 4.0 13.6 7.28 23.35 18.44 13.6 0.0 13.6 13.6 23.35 4.0 7.28 0.0 4.12 8.06 13.6 0.0 25.08 8.06 12.0 4.12 12.0 19.31 18.0 18.0 18.0 12.0 8.6 12.0 13.6 23.35 7.28 4.0 18.0 25.08 23.0 4.12
0.0 11.18 21.26 14.87 7.81 14.87 17.2 7.81 10.0 10.0 11.66 10.0 0.0 23.77 11.66 26.08 21.26 10.0 10.0 10.0 10.0 32.76 11.66 14.0 25.08 26.08 14.87 32.76 32.76 21.26 23.77 11.18 7.81 0.0 10.0 23.77 7.81 14.0 7.81 25.08 21.26 10.0 25.08 5.83 23.77 17.2 17.89 14.0 7.81 11.66 25.08 17.2 17.2 14.0 23.77 17.89 25.08 26.08 21.26 11.66 25.08 0.0 21.26 14.87 26.08 14.87 5.83 11.18 11.18 11.18 14.87 32.76 14.87 11.66 14.0 17.89 23.77 11.18 0.0 10.0 26.08
21.26 11.7 0.0 6.4 13.6 6.4 6.0 13.6 16.49 16.49 10.0 16.49 21.26 10.63 10.0 6.0 0.0 16.49 16.49 16.49 16.49 12.37 10.0 16.0 8.06 6.0 6.4 12.37 12.37 0.0 10.63 11.7 13.6 21.26 16.49 10.63 13.6 16.0 13.6 8.06 0.0 16.49 8.06 15.56 10.63 6.0 6.0 16.0 13.6 10.0 8.06 6.0 6.0 16.0 10.63 6.0 8.06 6.0 0.0 10.0 8.06 21.26 0.0 6.4 6.0 6.4 15.56 11.7 11.7 11.7 6.4 12.37 6.4 10.0 16.0 6.0 10.63 11.7 21.26 16.49 6.0
14.87 6.0 6.4 0.0 7.21 0.0 4.12 7.21 11.0 11.0 4.12 11.0 14.87 12.65 4.12 11.7 6.4 11.0 11.0 11.0 11.0 18.38 4.12 11.7 12.0 11.7 0.0 18.38 18.38 6.4 12.65 6.0 7.21 14.87 11.0 12.65 7.21 11.7 7.21 12.0 6.4 11.0 12.0 9.22 12.65 4.12 5.39 11.7 7.21 4.12 12.0 4.12 4.12 11.7 12.65 5.39 12.0 11.7 6.4 4.12 12.0 14.87 6.4 0.0 11.7 0.0 9.22 6.0 6.0 6.0 0.0 18.38 0.0 4.12 11.7 5.39 12.65 6.0 14.87 11.0 11.7
26.08 17.46 6.0 11.7 18.79 11.7 12.0 18.79 22.36 22.36 14.42 22.36 26.08 8.06 14.42 0.0 6.0 22.36 22.36 22.36 22.36 6.71 14.42 22.0 4.12 0.0 11.7 6.71 6.71 6.0 8.06 17.46 18.79 26.08 22.36 8.06 18.79 22.0 18.79 4.12 6.0 22.36 4.12 20.25 8.06 12.0 8.49 22.0 18.79 14.42 4.12 12.0 12.0 22.0 8.06 8.49 4.12 0.0 6.0 14.42 4.12 26.08 6.0 11.7 0.0 11.7 20.25 17.46 17.46 17.46 11.7 6.71 11.7 14.42 22.0 8.49 8.06 17.46 26.08 22.36 0.0
14.87 6.0 6.4 0.0 7.21 0.0 4.12 7.21 11.0 11.0 4.12 11.0 14.87 12.65 4.12 11.7 6.4 11.0 11.0 11.0 11.0 18.38 4.12 11.7 12.0 11.7 0.0 18.38 18.38 6.4 12.65 6.0 7.21 14.87 11.0 12.65 7.21 11.7 7.21 12.0 6.4 11.0 12.0 9.22 12.65 4.12 5.39 11.7 7.21 4.12 12.0 4.12 4.12 11.7 12.65 5.39 12.0 11.7 6.4 4.12 12.0 14.87 6.4 0.0 11.7 0.0 9.22 6.0 6.0 6.0 0.0 18.38 0.0 4.12 11.7 5.39 12.65 6.0 14.87 11.0 11.7
5.83 7.0 15.56 9.22 3.0 9.22 12.08 3.0 8.6 8.6 5.83 8.6 5.83 18.25 5.83 20.25 15.56 8.6 8.6 8.6 8.6 26.93 5.83 12.08 19.31 20.25 9.22 26.93 26.93 15.56 18.25 7.0 3.0 5.83 8.6 18.25 3.0 12.08 3.0 19.31 15.56 8.6 19.31 0.0 18.25 12.08 12.08 12.08 3.0 5.83 19.31 12.08 12.08 12.08 18.25 12.08 19.31 20.25 15.56 5.83 19.31 5.83 15.56 9.22 20.25 9.22 0.0 7.0 7.0 7.0 9.22 26.93 9.22 5.83 12.08 12.08 18.25 7.0 5.83 8.6 20.25
11.18 0.0 11.7 6.0 4.0 6.0 6.4 4.0 5.0 5.0 6.4 5.0 11.18 18.44 6.4 17.46 11.7 5.0 5.0 5.0 5.0 24.04 6.4 6.4 18.0 17.46 6.0 24.04 24.04 11.7 18.44 0.0 4.0 11.18 5.0 18.44 4.0 6.4 4.0 18.0 11.7 5.0 18.0 7.0 18.44 6.4 11.18 6.4 4.0 6.4 18.0 6.4 6.4 6.4 18.44 11.18 18.0 17.46 11.7 6.4 18.0 11.18 11.7 6.0 17.46 6.0 7.0 0.0 0.0 0.0 6.0 24.04 6.0 6.4 6.4 11.18 18.44 0.0 11.18 5.0 17.46
11.18 0.0 11.7 6.0 4.0 6.0 6.4 4.0 5.0 5.0 6.4 5.0 11.18 18.44 6.4 17.46 11.7 5.0 5.0 5.0 5.0 24.04 6.4 6.4 18.0 17.46 6.0 24.04 24.04 11.7 18.44 0.0 4.0 11.18 5.0 18.44 4.0 6.4 4.0 18.0 11.7 5.0 18.0 7.0 18.44 6.4 11.18 6.4 4.0 6.4 18.0 6.4 6.4 6.4 18.44 11.18 18.0 17.46 11.7 6.4 18.0 11.18 11.7 6.0 17.46 6.0 7.0 0.0 0.0 0.0 6.0 24.04 6.0 6.4 6.4 11.18 18.44 0.0 11.18 5.0 17.46
11.18 0.0 11.7 6.0 4.0 6.0 6.4 4.0 5.0 5.0 6.4 5.0 11.18 18.44 6.4 17.46 11.7 5.0 5.0 5.0 5.0 24.04 6.4 6.4 18.0 17.46 6.0 24.04 24.04 11.7 18.44 0.0 4.0 11.18 5.0 18.44 4.0 6.4 4.0 18.0 11.7 5.0 18.0 7.0 18.44 6.4 11.18 6.4 4.0 6.4 18.0 6.4 6.4 6.4 18.44 11.18 18.0 17.46 11.7 6.4 18.0 11.18 11.7 6.0 17.46 6.0 7.0 0.0 0.0 0.0 6.0 24.04 6.0 6.4 6.4 11.18 18.44 0.0 11.18 5.0 17.46
14.87 6.0 6.4 0.0 7.21 0.0 4.12 7.21 11.0 11.0 4.12 11.0 14.87 12.65 4.12 11.7 6.4 11.0 11.0 11.0 11.0 18.38 4.12 11.7 12.0 11.7 0.0 18.38 18.38 6.4 12.65 6.0 7.21 14.87 11.0 12.65 7.21 11.7 7.21 12.0 6.4 11.0 12.0 9.22 12.65 4.12 5.39 11.7 7.21 4.12 12.0 4.12 4.12 11.7 12.65 5.39 12.0 11.7 6.4 4.12 12.0 14.87 6.4 0.0 11.7 0.0 9.22 6.0 6.0 6.0 0.0 18.38 0.0 4.12 11.7 5.39 12.65 6.0 14.87 11.0 11.7
32.76 24.04 12.37 18.38 25.5 18.38 18.25 25.5 28.86 28.86 21.1 28.86 32.76 12.08 21.1 6.71 12.37 28.86 28.86 28.86 28.86 0.0 21.1 28.16 8.6 6.71 18.38 0.0 0.0 12.37 12.08 24.04 25.5 32.76 28.86 12.08 25.5 28.16 25.5 8.6 12.37 28.86 8.6 26.93 12.08 18.25 15.0 28.16 25.5 21.1 8.6 18.25 18.25 28.16 12.08 15.0 8.6 6.71 12.37 21.1 8.6 32.76 12.37 18.38 6.71 18.38 26.93 24.04 24.04 24.04 18.38 0.0 18.38 21.1 28.16 15.0 12.08 24.04 32.76 28.86 6.71
14.87 6.0 6.4 0.0 7.21 0.0 4.12 7.21 11.0 11.0 4.12 11.0 14.87 12.65 4.12 11.7 6.4 11.0 11.0 11.0 11.0 18.38 4.12 11.7 12.0 11.7 0.0 18.38 18.38 6.4 12.65 6.0 7.21 14.87 11.0 12.65 7.21 11.7 7.21 12.0 6.4 11.0 12.0 9.22 12.65 4.12 5.39 11.7 7.21 4.12 12.0 4.12 4.12 11.7 12.65 5.39 12.0 11.7 6.4 4.12 12.0 14.87 6.4 0.0 11.7 0.0 9.22 6.0 6.0 6.0 0.0 18.38 0.0 4.12 11.7 5.39 12.65 6.0 14.87 11.0 11.7
11.66 6.4 10.0 4.12 5.0 4.12 8.0 5.0 10.77 10.77 0.0 10.77 11.66 13.0 0.0 14.42 10.0 10.77 10.77 10.77 10.77 21.1 0.0 12.81 13.6 14.42 4.12 21.1 21.1 10.0 13.0 6.4 5.0 11.66 10.77 13.0 5.0 12.81 5.0 13.6 10.0 10.77 13.6 5.83 13.0 8.0 6.32 12.81 5.0 0.0 13.6 8.0 8.0 12.81 13.0 6.32 13.6 14.42 10.0 0.0 13.6 11.66 10.0 4.12 14.42 4.12 5.83 6.4 6.4 6.4 4.12 21.1 4.12 0.0 12.81 6.32 13.0 6.4 11.66 10.77 14.42
14.0 6.4 16.0 11.7 9.43 11.7 10.0 9.43 4.0 4.0 12.81 4.0 14.0 24.35 12.81 22.0 16.0 4.0 4.0 4.0 4.0 28.16 12.81 0.0 23.35 22.0 11.7 28.16 28.16 16.0 24.35 6.4 9.43 14.0 4.0 24.35 9.43 0.0 9.43 23.35 16.0 4.0 23.35 12.08 24.35 10.0 17.09 0.0 9.43 12.81 23.35 10.0 10.0 0.0 24.35 17.09 23.35 22.0 16.0 12.81 23.35 14.0 16.0 11.7 22.0 11.7 12.08 6.4 6.4 6.4 11.7 28.16 11.7 12.81 0.0 17.09 24.35 6.4 14.0 4.0 22.0
17.89 11.18 6.0 5.39 11.18 5.39 8.49 11.18 16.12 16.12 6.32 16.12 17.89 7.28 6.32 8.49 6.0 16.12 16.12 16.12 16.12 15.0 6.32 17.09 7.28 8.49 5.39 15.0 15.0 6.0 7.28 11.18 11.18 17.89 16.12 7.28 11.18 17.09 11.18 7.28 6.0 16.12 7.28 12.08 7.28 8.49 0.0 17.09 11.18 6.32 7.28 8.49 8.49 17.09 7.28 0.0 7.28 8.49 6.0 6.32 7.28 17.89 6.0 5.39 8.49 5.39 12.08 11.18 11.18 11.18 5.39 15.0 5.39 6.32 17.09 0.0 7.28 11.18 17.89 16.12 8.49
23.77 18.44 10.63 12.65 18.0 12.65 15.26 18.0 23.35 23.35 13.0 23.35 23.77 0.0 13.0 8.06 10.63 23.35 23.35 23.35 23.35 12.08 13.0 24.35 4.0 8.06 12.65 12.08 12.08 10.63 0.0 18.44 18.0 23.77 23.35 0.0 18.0 24.35 18.0 4.0 10.63 23.35 4.0 18.25 0.0 15.26 7.28 24.35 18.0 13.0 4.0 15.26 15.26 24.35 0.0 7.28 4.0 8.06 10.63 13.0 4.0 23.77 10.63 12.65 8.06 12.65 18.25 18.44 18.44 18.44 12.65 12.08 12.65 13.0 24.35 7.28 0.0 18.44 23.77 23.35 8.06
11.18 0.0 11.7 6.0 4.0 6.0 6.4 4.0 5.0 5.0 6.4 5.0 11.18 18.44 6.4 17.46 11.7 5.0 5.0 5.0 5.0 24.04 6.4 6.4 18.0 17.46 6.0 24.04 24.04 11.7 18.44 0.0 4.0 11.18 5.0 18.44 4.0 6.4 4.0 18.0 11.7 5.0 18.0 7.0 18.44 6.4 11.18 6.4 4.0 6.4 18.0 6.4 6.4 6.4 18.44 11.18 18.0 17.46 11.7 6.4 18.0 11.18 11.7 6.0 17.46 6.0 7.0 0.0 0.0 0.0 6.0 24.04 6.0 6.4 6.4 11.18 18.44 0.0 11.18 5.0 17.46
0.0 11.18 21.26 14.87 7.81 14.87 17.2 7.81 10.0 10.0 11.66 10.0 0.0 23.77 11.66 26.08 21.26 10.0 10.0 10.0 10.0 32.76 11.66 14.0 25.08 26.08 14.87 32.76 32.76 21.26 23.77 11.18 7.81 0.0 10.0 23.77 7.81 14.0 7.81 25.08 21.26 10.0 25.08 5.83 23.77 17.2 17.89 14.0 7.81 11.66 25.08 17.2 17.2 14.0 23.77 17.89 25.08 26.08 21.26 11.66 25.08 0.0 21.26 14.87 26.08 14.87 5.83 11.18 11.18 11.18 14.87 32.76 14.87 11.66 14.0 17.89 23.77 11.18 0.0 10.0 26.08
10.0 5.0 16.49 11.0 6.4 11.0 10.77 6.4 0.0 0.0 10.77 0.0 10.0 23.35 10.77 22.36 16.49 0.0 0.0 0.0 0.0 28.86 10.77 4.0 23.0 22.36 11.0 28.86 28.86 16.49 23.35 5.0 6.4 10.0 0.0 23.35 6.4 4.0 6.4 23.0 16.49 0.0 23.0 8.6 23.35 10.77 16.12 4.0 6.4 10.77 23.0 10.77 10.77 4.0 23.35 16.12 23.0 22.36 16.49 10.77 23.0 10.0 16.49 11.0 22.36 11.0 8.6 5.0 5.0 5.0 11.0 28.86 11.0 10.77 4.0 16.12 23.35 5.0 10.0 0.0 22.36
26.08 17.46 6.0 11.7 18.79 11.7 12.0 18.79 22.36 22.36 14.42 22.36 26.08 8.06 14.42 0.0 6.0 22.36 22.36 22.36 22.36 6.71 14.42 22.0 4.12 0.0 11.7 6.71 6.71 6.0 8.06 17.46 18.79 26.08 22.36 8.06 18.79 22.0 18.79 4.12 6.0 22.36 4.12 20.25 8.06 12.0 8.49 22.0 18.79 14.42 4.12 12.0 12.0 22.0 8.06 8.49 4.12 0.0 6.0 14.42 4.12 26.08 6.0 11.7 0.0 11.7 20.25 17.46 17.46 17.46 11.7 6.71 11.7 14.42 22.0 8.49 8.06 17.46 26.08 22.36 0.0
