0.0 14.0 17.89 21.26 11.66 11.66 25.08 14.0 0.0 14.87 32.76 23.77 17.89 21.26 5.83 7.81 5.83 17.2 14.87 14.0 25.08 5.83 23.77 7.81 17.2 26.08 0.0 5.83 10.0 23.77 23.77 11.18 5.83 23.77 26.08 11.66 11.66 11.18 26.08 0.0 21.26
14.0 0.0 17.09 16.0 12.81 12.81 23.35 0.0 14.0 11.7 28.16 24.35 17.09 16.0 12.08 9.43 12.08 10.0 11.7 0.0 23.35 12.08 24.35 9.43 10.0 22.0 14.0 12.08 4.0 24.35 24.35 6.4 12.08 24.35 22.0 12.81 12.81 6.4 22.0 14.0 16.0
17.89 17.09 0.0 6.0 6.32 6.32 7.28 17.09 17.89 5.39 15.0 7.28 0.0 6.0 12.08 11.18 12.08 8.49 5.39 17.09 7.28 12.08 7.28 11.18 8.49 8.49 17.89 12.08 16.12 7.28 7.28 11.18 12.08 7.28 8.49 6.32 6.32 11.18 8.49 17.89 6.0
21.26 16.0 6.0 0.0 10.0 10.0 8.06 16.0 21.26 6.4 12.37 10.63 6.0 0.0 15.56 13.6 15.56 6.0 6.4 16.0 8.06 15.56 10.63 13.6 6.0 6.0 21.26 15.56 16.49 10.63 10.63 11.7 15.56 10.63 6.0 10.0 10.0 11.7 6.0 21.26 0.0
11.66 12.81 6.32 10.0 0.0 0.0 13.6 12.81 11.66 4.12 21.1 13.0 6.32 10.0 5.83 5.0 5.83 8.0 4.12 12.81 13.6 5.83 13.0 5.0 8.0 14.42 11.66 5.83 10.77 13.0 13.0 6.4 5.83 13.0 14.42 0.0 0.0 6.4 14.42 11.66 10.0
11.66 12.81 6.32 10.0 0.0 0.0 13.6 12.81 11.66 4.12 21.1 13.0 6.32 10.0 5.83 5.0 5.83 8.0 4.12 12.81 13.6 5.83 13.0 5.0 8.0 14.42 11.66 5.83 10.77 13.0 13.0 6.4 5.83 13.0 14.42 0.0 0.0 6.4 14.42 11.66 10.0
25.08 23.35 7.28 8.06 13.6 13.6 0.0 23.35 25.08 12.0 8.6 4.0 7.28 8.06 19.31 18.44 19.31 13.6 12.0 23.35 0.0 19.31 4.0 18.44 13.6 4.12 25.08 19.31 23.0 4.0 4.0 18.0 19.31 4.0 4.12 13.6 13.6 18.0 4.12 25.08 8.06
14.0 0.0 17.09 16.0 12.81 12.81 23.35 0.0 14.0 11.7 28.16 24.35 17.09 16.0 12.08 9.43 12.08 10.0 11.7 0.0 23.35 12.08 24.35 9.43 10.0 22.0 14.0 12.08 4.0 24.35 24.35 6.4 12.08 24.35 22.0 12.81 12.81 6.4 22.0 14.0 16.0
0.0 14.0 17.89 21.26 11.66 11.66 25.08 14.0 0.0 14.87 32.76 23.77 17.89 21.26 5.83 7.81 5.83 17.2 14.87 14.0 25.08 5.83 23.77 7.81 17.2 26.08 0.0 5.83 10.0 23.77 23.77 11.18 5.83 23.77 26.08 11.66 11.66 11.18 26.08 0.0 21.26
14.87 11.7 5.39 6.4 4.12 4.12 12.0 11.7 14.87 0.0 18.38 12.65 5.39 6.4 9.22 7.21 9.22 4.12 0.0 11.7 12.0 9.22 12.65 7.21 4.12 11.7 14.87 9.22 11.0 12.65 12.65 6.0 9.22 12.65 11.7 4.12 4.12 6.0 11.7 14.87 6.4
32.76 28.16 15.0 12.37 21.1 21.1 8.6 28.16 32.76 18.38 0.0 12.08 15.0 12.37 26.93 25.5 26.93 18.25 18.38 28.16 8.6 26.93 12.08 25.5 18.25 6.71 32.76 26.93 28.86 12.08 12.08 24.04 26.93 12.08 6.71 21.1 21.1 24.04 6.71 32.76 12.37
23.77 24.35 7.28 10.63 13.0 13.0 4.0 24.35 23.77 12.65 12.08 0.0 7.28 10.63 18.25 18.0 18.25 15.26 12.65 24.35 4.0 18.25 0.0 18.0 15.26 8.06 23.77 18.25 23.35 0.0 0.0 18.44 18.25 0.0 8.06 13.0 13.0 18.44 8.06 23.77 10.63
17.89 17.09 0.0 6.0 6.32 6.32 7.28 17.09 17.89 5.39 15.0 7.28 0.0 6.0 12.08 11.18 12.08 8.49 5.39 17.09 7.28 12.08 7.28 11.18 8.49 8.49 17.89 12.08 16.12 7.28 7.28 11.18 12.08 7.28 8.49 6.32 6.32 11.18 8.49 17.89 6.0
21.26 16.0 6.0 0.0 10.0 10.0 8.06 16.0 21.26 6.4 12.37 10.63 6.0 0.0 15.56 13.6 15.56 6.0 6.4 16.0 8.06 15.56 10.63 13.6 6.0 6.0 21.26 15.56 16.49 10.63 10.63 11.7 15.56 10.63 6.0 10.0 10.0 11.7 6.0 21.26 0.0
5.83 12.08 12.08 15.56 5.83 5.83 19.31 12.08 5.83 9.22 26.93 18.25 12.08 15.56 0.0 3.0 0.0 12.08 9.22 12.08 19.31 0.0 18.25 3.0 12.08 20.25 5.83 0.0 8.6 18.25 18.25 7.0 0.0 18.25 20.25 5.83 5.83 7.0 20.25 5.83 15.56
7.81 9.43 11.18 13.6 5.0 5.0 18.44 9.43 7.81 7.21 25.5 18.0 11.18 13.6 3.0 0.0 3.0 9.43 7.21 9.43 18.44 3.0 18.0 0.0 9.43 18.79 7.81 3.0 6.4 18.0 18.0 4.0 3.0 18.0 18.79 5.0 5.0 4.0 18.79 7.81 13.6
5.83 12.08 12.08 15.56 5.83 5.83 19.31 12.08 5.83 9.22 26.93 18.25 12.08 15.56 0.0 3.0 0.0 12.08 9.22 12.08 19.31 0.0 18.25 3.0 12.08 20.25 5.83 0.0 8.6 18.25 18.25 7.0 0.0 18.25 20.25 5.83 5.83 7.0 20.25 5.83 15.56
17.2 10.0 8.49 6.0 8.0 8.0 13.6 10.0 17.2 4.12 18.25 15.26 8.49 6.0 12.08 9.43 12.08 0.0 4.12 10.0 13.6 12.08 15.26 9.43 0.0 12.0 17.2 12.08 10.77 15.26 15.26 6.4 12.08 15.26 12.0 8.0 8.0 6.4 12.0 17.2 6.0
14.87 11.7 5.39 6.4 4.12 4.12 12.0 11.7 14.87 0.0 18.38 12.65 5.39 6.4 9.22 7.21 9.22 4.12 0.0 11.7 12.0 9.22 12.65 7.21 4.12 11.7 14.87 9.22 11.0 12.65 12.65 6.0 9.22 12.65 11.7 4.12 4.12 6.0 11.7 14.87 6.4
14.0 0.0 17.09 16.0 12.81 12.81 23.35 0.0 14.0 11.7 28.16 24.35 17.09 16.0 12.08 9.43 12.08 10.0 11.7 0.0 23.35 12.08 24.35 9.43 10.0 22.0 14.0 12.08 4.0 24.35 24.35 6.4 12.08 24.35 22.0 12.81 12.81 6.4 22.0 14.0 16.0
25.08 23.35 7.28 8.06 13.6 13.6 0.0 23.35 25.08 12.0 8.6 4.0 7.28 8.06 19.31 18.44 19.31 13.6 12.0 23.35 0.0 19.31 4.0 18.44 13.6 4.12 25.08 19.31 23.0 4.0 4.0 18.0 19.31 4.0 4.12 13.6 13.6 18.0 4.12 25.08 8.06
5.83 12.08 12.08 15.56 5.83 5.83 19.31 12.08 5.83 9.22 26.93 18.25 12.08 15.56 0.0 3.0 0.0 12.08 9.22 12.08 19.31 0.0 18.25 3.0 12.08 20.25 5.83 0.0 8.6 18.25 18.25 7.0 0.0 18.25 20.25 5.83 5.83 7.0 20.25 5.83 15.56
23.77 24.35 7.28 10.63 13.0 13.0 4.0 24.35 23.77 12.65 12.08 0.0 7.28 10.63 18.25 18.0 18.25 15.26 12.65 24.35 4.0 18.25 0.0 18.0 15.26 8.06 23.77 18.25 23.35 0.0 0.0 18.44 18.25 0.0 8.06 13.0 13.0 18.44 8.06 23.77 10.63
7.81 9.43 11.18 13.6 5.0 5.0 18.44 9.43 7.81 7.21 25.5 18.0 11.18 13.6 3.0 0.0 3.0 9.43 7.21 9.43 18.44 3.0 18.0 0.0 9.43 18.79 7.81 3.0 6.4 18.0 18.0 4.0 3.0 18.0 18.79 5.0 5.0 4.0 18.79 7.81 13.6
17.2 10.0 8.49 6.0 8.0 8.0 13.6 10.0 17.2 4.12 18.25 15.26 8.49 6.0 12.08 9.43 12.08 0.0 4.12 10.0 13.6 12.08 15.26 9.43 0.0 12.0 17.2 12.08 10.77 15.26 15.26 6.4 12.08 15.26 12.0 8.0 8.0 6.4 12.0 17.2 6.0
26.08 22.0 8.49 6.0 14.42 14.42 4.12 22.0 26.08 11.7 6.71 8.06 8.49 6.0 20.25 18.79 20.25 12.0 11.7 22.0 4.12 20.25 8.06 18.79 12.0 0.0 26.08 20.25 22.36 8.06 8.06 17.46 20.25 8.06 0.0 14.42 14.42 17.46 0.0 26.08 6.0
0.0 14.0 17.89 21.26 11.66 11.66 25.08 14.0 0.0 14.87 32.76 23.77 17.89 21.26 5.83 7.81 5.83 17.2 14.87 14.0 25.08 5.83 23.77 7.81 17.2 26.08 0.0 5.83 10.0 23.77 23.77 11.18 5.83 23.77 26.08 11.66 11.66 11.18 26.08 0.0 21.26
5.83 12.08 12.08 15.56 5.83 5.83 19.31 12.08 5.83 9.22 26.93 18.25 12.08 15.56 0.0 3.0 0.0 12.08 9.22 12.08 19.31 0.0 18.25 3.0 12.08 20.25 5.83 0.0 8.6 18.25 18.25 7.0 0.0 18.25 20.25 5.83 5.83 7.0 20.25 5.83 15.56
10.0 4.0 16.12 16.49 10.77 10.77 23.0 4.0 10.0 11.0 28.86 23.35 16.12 16.49 8.6 6.4 8.6 10.77 11.0 4.0 23.0 8.6 23.35 6.4 10.77 22.36 10.0 8.6 0.0 23.35 23.35 5.0 8.6 23.35 22.36 10.77 10.77 5.0 22.36 10.0 16.49
23.77 24.35 7.28 10.63 13.0 13.0 4.0 24.35 23.77 12.65 12.08 0.0 7.28 10.63 18.25 18.0 18.25 15.26 12.65 24.35 4.0 18.25 0.0 18.0 15.26 8.06 23.77 18.25 23.35 0.0 0.0 18.44 18.25 0.0 8.06 13.0 13.0 18.44 8.06 23.77 10.63
23.77 24.35 7.28 10.63 13.0 13.0 4.0 24.35 23.77 12.65 12.08 0.0 7.28 10.63 18.25 18.0 18.25 15.26 12.65 24.35 4.0 18.25 0.0 18.0 15.26 8.06 23.77 18.25 23.35 0.0 0.0 18.44 18.25 0.0 8.06 13.0 13.0 18.44 8.06 23.77 10.63
11.18 6.4 11.18 11.7 6.4 6.4 18.0 6.4 11.18 6.0 24.04 18.44 11.18 11.7 7.0 4.0 7.0 6.4 6.0 6.4 18.0 7.0 18.44 4.0 6.4 17.46 11.18 7.0 5.0 18.44 18.44 0.0 7.0 18.44 17.46 6.4 6.4 0.0 17.46 11.18 11.7
5.83 12.08 12.08 15.56 5.83 5.83 19.31 12.08 5.83 9.22 26.93 18.25 12.08 15.56 0.0 3.0 0.0 12.08 9.22 12.08 19.31 0.0 18.25 3.0 12.08 20.25 5.83 0.0 8.6 18.25 18.25 7.0 0.0 18.25 20.25 5.83 5.83 7.0 20.25 5.83 15.56
23.77 24.35 7.28 10.63 13.0 13.0 4.0 24.35 23.77 12.65 12.08 0.0 7.28 10.63 18.25 18.0 18.25 15.26 12.65 24.35 4.0 18.25 0.0 18.0 15.26 8.06 23.77 18.25 23.35 0.0 0.0 18.44 18.25 0.0 8.06 13.0 13.0 18.44 8.06 23.77 10.63
26.08 22.0 8.49 6.0 14.42 14.42 4.12 22.0 26.08 11.7 6.71 8.06 8.49 6.0 20.25 18.79 20.25 12.0 11.7 22.0 4.12 20.25 8.06 18.79 12.0 0.0 26.08 20.25 22.36 8.06 8.06 17.46 20.25 8.06 0.0 14.42 14.42 17.46 0.0 26.08 6.0
11.66 12.81 6.32 10.0 0.0 0.0 13.6 12.81 11.66 4.12 21.1 13.0 6.32 10.0 5.83 5.0 5.83 8.0 4.12 12.81 13.6 5.83 13.0 5.0 8.0 14.42 11.66 5.83 10.77 13.0 13.0 6.4 5.83 13.0 14.42 0.0 0.0 6.4 14.42 11.66 10.0
11.66 12.81 6.32 10.0 0.0 0.0 13.6 12.81 11.66 4.12 21.1 13.0 6.32 10.0 5.83 5.0 5.83 8.0 4.12 12.81 13.6 5.83 13.0 5.0 8.0 14.42 11.66 5.83 10.77 13.0 13.0 6.4 5.83 13.0 14.42 0.0 0.0 6.4 14.42 11.66 10.0
11.18 6.4 11.18 11.7 6.4 6.4 18.0 6.4 11.18 6.0 24.04 18.44 11.18 11.7 7.0 4.0 7.0 6.4 6.0 6.4 18.0 7.0 18.44 4.0 6.4 17.46 11.18 7.0 5.0 18.44 18.44 0.0 7.0 18.44 17.46 6.4 6.4 0.0 17.46 11.18 11.7
26.08 22.0 8.49 6.0 14.42 14.42 4.12 22.0 26.08 11.7 6.71 8.06 8.49 6.0 20.25 18.79 20.25 12.0 11.7 22.0 4.12 20.25 8.06 18.79 12.0 0.0 26.08 20.25 22.36 8.06 8.06 17.46 20.25 8.06 0.0 14.42 14.42 17.46 0.0 26.08 6.0
0.0 14.0 17.89 21.26 11.66 11.66 25.08 14.0 0.0 14.87 32.76 23.77 17.89 21.26 5.83 7.81 5.83 17.2 14.87 14.0 25.08 5.83 23.77 7.81 17.2 26.08 0.0 5.83 10.0 23.77 23.77 11.18 5.83 23.77 26.08 11.66 11.66 11.18 26.08 0.0 21.26
21.26 16.0 6.0 0.0 10.0 10.0 8.06 16.0 21.26 6.4 12.37 10.63 6.0 0.0 15.56 13.6 15.56 6.0 6.4 16.0 8.06 15.56 10.63 13.6 6.0 6.0 21.26 15.56 16.49 10.63 10.63 11.7 15.56 10.63 6.0 10.0 10.0 11.7 6.0 21.26 0.0
