0.0 14.87 0.0 11.66 14.0 11.18 17.89 11.18 10.0 14.0 10.0 0.0 14.0 21.26 17.2 17.2 26.08 17.2 14.0 0.0 26.08 5.83 11.18 23.77 11.18 25.08 7.81 14.87 11.18 11.66 21.26 17.89 14.0 14.0 14.0 32.76 10.0 14.87 32.76 17.2 17.89 7.81 0.0 23.77 5.83 17.89 17.89 32.76 21.26 11.66 14.0 11.66 32.76 14.0 21.26 25.08 5.83 14.0 11.18 14.87 14.0 17.2 11.18 0.0 7.81 32.76 23.77 23.77 7.81 21.26 11.18 7.81 14.0 11.18 14.0 32.76 14.0 23.77 21.26 10.0 11.66 26.08 0.0 0.0 25.08 17.89 23.77 7.81 17.89 26.08 32.76 17.89 11.66 10.0 14.87 32.76 14.87 17.89 0.0 5.83 0.0
14.87 0.0 14.87 4.12 11.7 6.0 5.39 6.0 11.0 11.7 11.0 14.87 11.7 6.4 4.12 4.12 11.7 4.12 11.7 14.87 11.7 9.22 6.0 12.65 6.0 12.0 7.21 0.0 6.0 4.12 6.4 5.39 11.7 11.7 11.7 18.38 11.0 0.0 18.38 4.12 5.39 7.21 14.87 12.65 9.22 5.39 5.39 18.38 6.4 4.12 11.7 4.12 18.38 11.7 6.4 12.0 9.22 11.7 6.0 0.0 11.7 4.12 6.0 14.87 7.21 18.38 12.65 12.65 7.21 6.4 6.0 7.21 11.7 6.0 11.7 18.38 11.7 12.65 6.4 11.0 4.12 11.7 14.87 14.87 12.0 5.39 12.65 7.21 5.39 11.7 18.38 5.39 4.12 11.0 0.0 18.38 0.0 5.39 14.87 9.22 14.87
0.0 14.87 0.0 11.66 14.0 11.18 17.89 11.18 10.0 14.0 10.0 0.0 14.0 21.26 17.2 17.2 26.08 17.2 14.0 0.0 26.08 5.83 11.18 23.77 11.18 25.08 7.81 14.87 11.18 11.66 21.26 17.89 14.0 14.0 14.0 32.76 10.0 14.87 32.76 17.2 17.89 7.81 0.0 23.77 5.83 17.89 17.89 32.76 21.26 11.66 14.0 11.66 32.76 14.0 21.26 25.08 5.83 14.0 11.18 14.87 14.0 17.2 11.18 0.0 7.81 32.76 23.77 23.77 7.81 21.26 11.18 7.81 14.0 11.18 14.0 32.76 14.0 23.77 21.26 10.0 11.66 26.08 0.0 0.0 25.08 17.89 23.77 7.81 17.89 26.08 32.76 17.89 11.66 10.0 14.87 32.76 14.87 17.89 0.0 5.83 0.0
11.66 4.12 11.66 0.0 12.81 6.4 6.32 6.4 10.77 12.81 10.77 11.66 12.81 10.0 8.0 8.0 14.42 8.0 12.81 11.66 14.42 5.83 6.4 13.0 6.4 13.6 5.0 4.12 6.4 0.0 10.0 6.32 12.81 12.81 12.81 21.1 10.77 4.12 21.1 8.0 6.32 5.0 11.66 13.0 5.83 6.32 6.32 21.1 10.0 0.0 12.81 0.0 21.1 12.81 10.0 13.6 5.83 12.81 6.4 4.12 12.81 8.0 6.4 11.66 5.0 21.1 13.0 13.0 5.0 10.0 6.4 5.0 12.81 6.4 12.81 21.1 12.81 13.0 10.0 10.77 0.0 14.42 11.66 11.66 13.6 6.32 13.0 5.0 6.32 14.42 21.1 6.32 0.0 10.77 4.12 21.1 4.12 6.32 11.66 5.83 11.66
14.0 11.7 14.0 12.81 0.0 6.4 17.09 6.4 4.0 0.0 4.0 14.0 0.0 16.0 10.0 10.0 22.0 10.0 0.0 14.0 22.0 12.08 6.4 24.35 6.4 23.35 9.43 11.7 6.4 12.81 16.0 17.09 0.0 0.0 0.0 28.16 4.0 11.7 28.16 10.0 17.09 9.43 14.0 24.35 12.08 17.09 17.09 28.16 16.0 12.81 0.0 12.81 28.16 0.0 16.0 23.35 12.08 0.0 6.4 11.7 0.0 10.0 6.4 14.0 9.43 28.16 24.35 24.35 9.43 16.0 6.4 9.43 0.0 6.4 0.0 28.16 0.0 24.35 16.0 4.0 12.81 22.0 14.0 14.0 23.35 17.09 24.35 9.43 17.09 22.0 28.16 17.09 12.81 4.0 11.7 28.16 11.7 17.09 14.0 12.08 14.0
11.18 6.0 11.18 6.4 6.4 0.0 11.18 0.0 5.0 6.4 5.0 11.18 6.4 11.7 6.4 6.4 17.46 6.4 6.4 11.18 17.46 7.0 0.0 18.44 0.0 18.0 4.0 6.0 0.0 6.4 11.7 11.18 6.4 6.4 6.4 24.04 5.0 6.0 24.04 6.4 11.18 4.0 11.18 18.44 7.0 11.18 11.18 24.04 11.7 6.4 6.4 6.4 24.04 6.4 11.7 18.0 7.0 6.4 0.0 6.0 6.4 6.4 0.0 11.18 4.0 24.04 18.44 18.44 4.0 11.7 0.0 4.0 6.4 0.0 6.4 24.04 6.4 18.44 11.7 5.0 6.4 17.46 11.18 11.18 18.0 11.18 18.44 4.0 11.18 17.46 24.04 11.18 6.4 5.0 6.0 24.04 6.0 11.18 11.18 7.0 11.18
17.89 5.39 17.89 6.32 17.09 11.18 0.0 11.18 16.12 17.09 16.12 17.89 17.09 6.0 8.49 8.49 8.49 8.49 17.09 17.89 8.49 12.08 11.18 7.28 11.18 7.28 11.18 5.39 11.18 6.32 6.0 0.0 17.09 17.09 17.09 15.0 16.12 5.39 15.0 8.49 0.0 11.18 17.89 7.28 12.08 0.0 0.0 15.0 6.0 6.32 17.09 6.32 15.0 17.09 6.0 7.28 12.08 17.09 11.18 5.39 17.09 8.49 11.18 17.89 11.18 15.0 7.28 7.28 11.18 6.0 11.18 11.18 17.09 11.18 17.09 15.0 17.09 7.28 6.0 16.12 6.32 8.49 17.89 17.89 7.28 0.0 7.28 11.18 0.0 8.49 15.0 0.0 6.32 16.12 5.39 15.0 5.39 0.0 17.89 12.08 17.89
11.18 6.0 11.18 6.4 6.4 0.0 11.18 0.0 5.0 6.4 5.0 11.18 6.4 11.7 6.4 6.4 17.46 6.4 6.4 11.18 17.46 7.0 0.0 18.44 0.0 18.0 4.0 6.0 0.0 6.4 11.7 11.18 6.4 6.4 6.4 24.04 5.0 6.0 24.04 6.4 11.18 4.0 11.18 18.44 7.0 11.18 11.18 24.04 11.7 6.4 6.4 6.4 24.04 6.4 11.7 18.0 7.0 6.4 0.0 6.0 6.4 6.4 0.0 11.18 4.0 24.04 18.44 18.44 4.0 11.7 0.0 4.0 6.4 0.0 6.4 24.04 6.4 18.44 11.7 5.0 6.4 17.46 11.18 11.18 18.0 11.18 18.44 4.0 11.18 17.46 24.04 11.18 6.4 5.0 6.0 24.04 6.0 11.18 11.18 7.0 11.18
10.0 11.0 10.0 10.77 4.0 5.0 16.12 5.0 0.0 4.0 0.0 10.0 4.0 16.49 10.77 10.77 22.36 10.77 4.0 10.0 22.36 8.6 5.0 23.35 5.0 23.0 6.4 11.0 5.0 10.77 16.49 16.12 4.0 4.0 4.0 28.86 0.0 11.0 28.86 10.77 16.12 6.4 10.0 23.35 8.6 16.12 16.12 28.86 16.49 10.77 4.0 10.77 28.86 4.0 16.49 23.0 8.6 4.0 5.0 11.0 4.0 10.77 5.0 10.0 6.4 28.86 23.35 23.35 6.4 16.49 5.0 6.4 4.0 5.0 4.0 28.86 4.0 23.35 16.49 0.0 10.77 22.36 10.0 10.0 23.0 16.12 23.35 6.4 16.12 22.36 28.86 16.12 10.77 0.0 11.0 28.86 11.0 16.12 10.0 8.6 10.0
14.0 11.7 14.0 12.81 0.0 6.4 17.09 6.4 4.0 0.0 4.0 14.0 0.0 16.0 10.0 10.0 22.0 10.0 0.0 14.0 22.0 12.08 6.4 24.35 6.4 23.35 9.43 11.7 6.4 12.81 16.0 17.09 0.0 0.0 0.0 28.16 4.0 11.7 28.16 10.0 17.09 9.43 14.0 24.35 12.08 17.09 17.09 28.16 16.0 12.81 0.0 12.81 28.16 0.0 16.0 23.35 12.08 0.0 6.4 11.7 0.0 10.0 6.4 14.0 9.43 28.16 24.35 24.35 9.43 16.0 6.4 9.43 0.0 6.4 0.0 28.16 0.0 24.35 16.0 4.0 12.81 22.0 14.0 14.0 23.35 17.09 24.35 9.43 17.09 22.0 28.16 17.09 12.81 4.0 11.7 28.16 11.7 17.09 14.0 12.08 14.0
10.0 11.0 10.0 10.77 4.0 5.0 16.12 5.0 0.0 4.0 0.0 10.0 4.0 16.49 10.77 10.77 22.36 10.77 4.0 10.0 22.36 8.6 5.0 23.35 5.0 23.0 6.4 11.0 5.0 10.77 16.49 16.12 4.0 4.0 4.0 28.86 0.0 11.0 28.86 10.77 16.12 6.4 10.0 23.35 8.6 16.12 16.12 28.86 16.49 10.77 4.0 10.77 28.86 4.0 16.49 23.0 8.6 4.0 5.0 11.0 4.0 10.77 5.0 10.0 6.4 28.86 23.35 23.35 6.4 16.49 5.0 6.4 4.0 5.0 4.0 28.86 4.0 23.35 16.49 0.0 10.77 22.36 10.0 10.0 23.0 16.12 23.35 6.4 16.12 22.36 28.86 16.12 10.77 0.0 11.0 28.86 11.0 16.12 10.0 8.6 10.0
0.0 14.87 0.0 11.66 14.0 11.18 17.89 11.18 10.0 14.0 10.0 0.0 14.0 21.26 17.2 17.2 26.08 17.2 14.0 0.0 26.08 5.83 11.18 23.77 11.18 25.08 7.81 14.87 11.18 11.66 21.26 17.89 14.0 14.0 14.0 32.76 10.0 14.87 32.76 17.2 17.89 7.81 0.0 23.77 5.83 17.89 17.89 32.76 21.26 11.66 14.0 11.66 32.76 14.0 21.26 25.08 5.83 14.0 11.18 14.87 14.0 17.2 11.18 0.0 7.81 32.76 23.77 23.77 7.81 21.26 11.18 7.81 14.0 11.18 14.0 32.76 14.0 23.77 21.26 10.0 11.66 26.08 0.0 0.0 25.08 17.89 23.77 7.81 17.89 26.08 32.76 17.89 11.66 10.0 14.87 32.76 14.87 17.89 0.0 5.83 0.0
14.0 11.7 14.0 12.81 0.0 6.4 17.09 6.4 4.0 0.0 4.0 14.0 0.0 16.0 10.0 10.0 22.0 10.0 0.0 14.0 22.0 12.08 6.4 24.35 6.4 23.35 9.43 11.7 6.4 12.81 16.0 17.09 0.0 0.0 0.0 28.16 4.0 11.7 28.16 10.0 17.09 9.43 14.0 24.35 12.08 17.09 17.09 28.16 16.0 12.81 0.0 12.81 28.16 0.0 16.0 23.35 12.08 0.0 6.4 11.7 0.0 10.0 6.4 14.0 9.43 28.16 24.35 24.35 9.43 16.0 6.4 9.43 0.0 6.4 0.0 28.16 0.0 24.35 16.0 4.0 12.81 22.0 14.0 14.0 23.35 17.09 24.35 9.43 17.09 22.0 28.16 17.09 12.81 4.0 11.7 28.16 11.7 17.09 14.0 12.08 14.0
21.26 6.4 21.26 10.0 16.0 11.7 6.0 11.7 16.49 16.0 16.49 21.26 16.0 0.0 6.0 6.0 6.0 6.0 16.0 21.26 6.0 15.56 11.7 10.63 11.7 8.06 13.6 6.4 11.7 10.0 0.0 6.0 16.0 16.0 16.0 12.37 16.49 6.4 12.37 6.0 6.0 13.6 21.26 10.63 15.56 6.0 6.0 12.37 0.0 10.0 16.0 10.0 12.37 16.0 0.0 8.06 15.56 16.0 11.7 6.4 16.0 6.0 11.7 21.26 13.6 12.37 10.63 10.63 13.6 0.0 11.7 13.6 16.0 11.7 16.0 12.37 16.0 10.63 0.0 16.49 10.0 6.0 21.26 21.26 8.06 6.0 10.63 13.6 6.0 6.0 12.37 6.0 10.0 16.49 6.4 12.37 6.4 6.0 21.26 15.56 21.26
17.2 4.12 17.2 8.0 10.0 6.4 8.49 6.4 10.77 10.0 10.77 17.2 10.0 6.0 0.0 0.0 12.0 0.0 10.0 17.2 12.0 12.08 6.4 15.26 6.4 13.6 9.43 4.12 6.4 8.0 6.0 8.49 10.0 10.0 10.0 18.25 10.77 4.12 18.25 0.0 8.49 9.43 17.2 15.26 12.08 8.49 8.49 18.25 6.0 8.0 10.0 8.0 18.25 10.0 6.0 13.6 12.08 10.0 6.4 4.12 10.0 0.0 6.4 17.2 9.43 18.25 15.26 15.26 9.43 6.0 6.4 9.43 10.0 6.4 10.0 18.25 10.0 15.26 6.0 10.77 8.0 12.0 17.2 17.2 13.6 8.49 15.26 9.43 8.49 12.0 18.25 8.49 8.0 10.77 4.12 18.25 4.12 8.49 17.2 12.08 17.2
17.2 4.12 17.2 8.0 10.0 6.4 8.49 6.4 10.77 10.0 10.77 17.2 10.0 6.0 0.0 0.0 12.0 0.0 10.0 17.2 12.0 12.08 6.4 15.26 6.4 13.6 9.43 4.12 6.4 8.0 6.0 8.49 10.0 10.0 10.0 18.25 10.77 4.12 18.25 0.0 8.49 9.43 17.2 15.26 12.08 8.49 8.49 18.25 6.0 8.0 10.0 8.0 18.25 10.0 6.0 13.6 12.08 10.0 6.4 4.12 10.0 0.0 6.4 17.2 9.43 18.25 15.26 15.26 9.43 6.0 6.4 9.43 10.0 6.4 10.0 18.25 10.0 15.26 6.0 10.77 8.0 12.0 17.2 17.2 13.6 8.49 15.26 9.43 8.49 12.0 18.25 8.49 8.0 10.77 4.12 18.25 4.12 8.49 17.2 12.08 17.2
26.08 11.7 26.08 14.42 22.0 17.46 8.49 17.46 22.36 22.0 22.36 26.08 22.0 6.0 12.0 12.0 0.0 12.0 22.0 26.08 0.0 20.25 17.46 8.06 17.46 4.12 18.79 11.7 17.46 14.42 6.0 8.49 22.0 22.0 22.0 6.71 22.36 11.7 6.71 12.0 8.49 18.79 26.08 8.06 20.25 8.49 8.49 6.71 6.0 14.42 22.0 14.42 6.71 22.0 6.0 4.12 20.25 22.0 17.46 11.7 22.0 12.0 17.46 26.08 18.79 6.71 8.06 8.06 18.79 6.0 17.46 18.79 22.0 17.46 22.0 6.71 22.0 8.06 6.0 22.36 14.42 0.0 26.08 26.08 4.12 8.49 8.06 18.79 8.49 0.0 6.71 8.49 14.42 22.36 11.7 6.71 11.7 8.49 26.08 20.25 26.08
17.2 4.12 17.2 8.0 10.0 6.4 8.49 6.4 10.77 10.0 10.77 17.2 10.0 6.0 0.0 0.0 12.0 0.0 10.0 17.2 12.0 12.08 6.4 15.26 6.4 13.6 9.43 4.12 6.4 8.0 6.0 8.49 10.0 10.0 10.0 18.25 10.77 4.12 18.25 0.0 8.49 9.43 17.2 15.26 12.08 8.49 8.49 18.25 6.0 8.0 10.0 8.0 18.25 10.0 6.0 13.6 12.08 10.0 6.4 4.12 10.0 0.0 6.4 17.2 9.43 18.25 15.26 15.26 9.43 6.0 6.4 9.43 10.0 6.4 10.0 18.25 10.0 15.26 6.0 10.77 8.0 12.0 17.2 17.2 13.6 8.49 15.26 9.43 8.49 12.0 18.25 8.49 8.0 10.77 4.12 18.25 4.12 8.49 17.2 12.08 17.2
14.0 11.7 14.0 12.81 0.0 6.4 17.09 6.4 4.0 0.0 4.0 14.0 0.0 16.0 10.0 10.0 22.0 10.0 0.0 14.0 22.0 12.08 6.4 24.35 6.4 23.35 9.43 11.7 6.4 12.81 16.0 17.09 0.0 0.0 0.0 28.16 4.0 11.7 28.16 10.0 17.09 9.43 14.0 24.35 12.08 17.09 17.09 28.16 16.0 12.81 0.0 12.81 28.16 0.0 16.0 23.35 12.08 0.0 6.4 11.7 0.0 10.0 6.4 14.0 9.43 28.16 24.35 24.35 9.43 16.0 6.4 9.43 0.0 6.4 0.0 28.16 0.0 24.35 16.0 4.0 12.81 22.0 14.0 14.0 23.35 17.09 24.35 9.43 17.09 22.0 28.16 17.09 12.81 4.0 11.7 28.16 11.7 17.09 14.0 12.08 14.0
0.0 14.87 0.0 11.66 14.0 11.18 17.89 11.18 10.0 14.0 10.0 0.0 14.0 21.26 17.2 17.2 26.08 17.2 14.0 0.0 26.08 5.83 11.18 23.77 11.18 25.08 7.81 14.87 11.18 11.66 21.26 17.89 14.0 14.0 14.0 32.76 10.0 14.87 32.76 17.2 17.89 7.81 0.0 23.77 5.83 17.89 17.89 32.76 21.26 11.66 14.0 11.66 32.76 14.0 21.26 25.08 5.83 14.0 11.18 14.87 14.0 17.2 11.18 0.0 7.81 32.76 23.77 23.77 7.81 21.26 11.18 7.81 14.0 11.18 14.0 32.76 14.0 23.77 21.26 10.0 11.66 26.08 0.0 0.0 25.08 17.89 23.77 7.81 17.89 26.08 32.76 17.89 11.66 10.0 14.87 32.76 14.87 17.89 0.0 5.83 0.0
26.08 11.7 26.08 14.42 22.0 17.46 8.49 17.46 22.36 22.0 22.36 26.08 22.0 6.0 12.0 12.0 0.0 12.0 22.0 26.08 0.0 20.25 17.46 8.06 17.46 4.12 18.79 11.7 17.46 14.42 6.0 8.49 22.0 22.0 22.0 6.71 22.36 11.7 6.71 12.0 8.49 18.79 26.08 8.06 20.25 8.49 8.49 6.71 6.0 14.42 22.0 14.42 6.71 22.0 6.0 4.12 20.25 22.0 17.46 11.7 22.0 12.0 17.46 26.08 18.79 6.71 8.06 8.06 18.79 6.0 17.46 18.79 22.0 17.46 22.0 6.71 22.0 8.06 6.0 22.36 14.42 0.0 26.08 26.08 4.12 8.49 8.06 18.79 8.49 0.0 6.71 8.49 14.42 22.36 11.7 6.71 11.7 8.49 26.08 20.25 26.08
5.83 9.22 5.83 5.83 12.08 7.0 12.08 7.0 8.6 12.08 8.6 5.83 12.08 15.56 12.08 12.08 20.25 12.08 12.08 5.83 20.25 0.0 7.0 18.25 7.0 19.31 3.0 9.22 7.0 5.83 15.56 12.08 12.08 12.08 12.08 26.93 8.6 9.22 26.93 12.08 12.08 3.0 5.83 18.25 0.0 12.08 12.08 26.93 15.56 5.83 12.08 5.83 26.93 12.08 15.56 19.31 0.0 12.08 7.0 9.22 12.08 12.08 7.0 5.83 3.0 26.93 18.25 18.25 3.0 15.56 7.0 3.0 12.08 7.0 12.08 26.93 12.08 18.25 15.56 8.6 5.83 20.25 5.83 5.83 19.31 12.08 18.25 3.0 12.08 20.25 26.93 12.08 5.83 8.6 9.22 26.93 9.22 12.08 5.83 0.0 5.83
11.18 6.0 11.18 6.4 6.4 0.0 11.18 0.0 5.0 6.4 5.0 11.18 6.4 11.7 6.4 6.4 17.46 6.4 6.4 11.18 17.46 7.0 0.0 18.44 0.0 18.0 4.0 6.0 0.0 6.4 11.7 11.18 6.4 6.4 6.4 24.04 5.0 6.0 24.04 6.4 11.18 4.0 11.18 18.44 7.0 11.18 11.18 24.04 11.7 6.4 6.4 6.4 24.04 6.4 11.7 18.0 7.0 6.4 0.0 6.0 6.4 6.4 0.0 11.18 4.0 24.04 18.44 18.44 4.0 11.7 0.0 4.0 6.4 0.0 6.4 24.04 6.4 18.44 11.7 5.0 6.4 17.46 11.18 11.18 18.0 11.18 18.44 4.0 11.18 17.46 24.04 11.18 6.4 5.0 6.0 24.04 6.0 11.18 11.18 7.0 11.18
23.77 12.65 23.77 13.0 24.35 18.44 7.28 18.44 23.35 24.35 23.35 23.77 24.35 10.63 15.26 15.26 8.06 15.26 24.35 23.77 8.06 18.25 18.44 0.0 18.44 4.0 18.0 12.65 18.44 13.0 10.63 7.28 24.35 24.35 24.35 12.08 23.35 12.65 12.08 15.26 7.28 18.0 23.77 0.0 18.25 7.28 7.28 12.08 10.63 13.0 24.35 13.0 12.08 24.35 10.63 4.0 18.25 24.35 18.44 12.65 24.35 15.26 18.44 23.77 18.0 12.08 0.0 0.0 18.0 10.63 18.44 18.0 24.35 18.44 24.35 12.08 24.35 0.0 10.63 23.35 13.0 8.06 23.77 23.77 4.0 7.28 0.0 18.0 7.28 8.06 12.08 7.28 13.0 23.35 12.65 12.08 12.65 7.28 23.77 18.25 23.77
11.18 6.0 11.18 6.4 6.4 0.0 11.18 0.0 5.0 6.4 5.0 11.18 6.4 11.7 6.4 6.4 17.46 6.4 6.4 11.18 17.46 7.0 0.0 18.44 0.0 18.0 4.0 6.0 0.0 6.4 11.7 11.18 6.4 6.4 6.4 24.04 5.0 6.0 24.04 6.4 11.18 4.0 11.18 18.44 7.0 11.18 11.18 24.04 11.7 6.4 6.4 6.4 24.04 6.4 11.7 18.0 7.0 6.4 0.0 6.0 6.4 6.4 0.0 11.18 4.0 24.04 18.44 18.44 4.0 11.7 0.0 4.0 6.4 0.0 6.4 24.04 6.4 18.44 11.7 5.0 6.4 17.46 11.18 11.18 18.0 11.18 18.44 4.0 11.18 17.46 24.04 11.18 6.4 5.0 6.0 24.04 6.0 11.18 11.18 7.0 11.18
25.08 12.0 25.08 13.6 23.35 18.0 7.28 18.0 23.0 23.35 23.0 25.08 23.35 8.06 13.6 13.6 4.12 13.6 23.35 25.08 4.12 19.31 18.0 4.0 18.0 0.0 18.44 12.0 18.0 13.6 8.06 7.28 23.35 23.35 23.35 8.6 23.0 12.0 8.6 13.6 7.28 18.44 25.08 4.0 19.31 7.28 7.28 8.6 8.06 13.6 23.35 13.6 8.6 23.35 8.06 0.0 19.31 23.35 18.0 12.0 23.35 13.6 18.0 25.08 18.44 8.6 4.0 4.0 18.44 8.06 18.0 18.44 23.35 18.0 23.35 8.6 23.35 4.0 8.06 23.0 13.6 4.12 25.08 25.08 0.0 7.28 4.0 18.44 7.28 4.12 8.6 7.28 13.6 23.0 12.0 8.6 12.0 7.28 25.08 19.31 25.08
7.81 7.21 7.81 5.0 9.43 4.0 11.18 4.0 6.4 9.43 6.4 7.81 9.43 13.6 9.43 9.43 18.79 9.43 9.43 7.81 18.79 3.0 4.0 18.0 4.0 18.44 0.0 7.21 4.0 5.0 13.6 11.18 9.43 9.43 9.43 25.5 6.4 7.21 25.5 9.43 11.18 0.0 7.81 18.0 3.0 11.18 11.18 25.5 13.6 5.0 9.43 5.0 25.5 9.43 13.6 18.44 3.0 9.43 4.0 7.21 9.43 9.43 4.0 7.81 0.0 25.5 18.0 18.0 0.0 13.6 4.0 0.0 9.43 4.0 9.43 25.5 9.43 18.0 13.6 6.4 5.0 18.79 7.81 7.81 18.44 11.18 18.0 0.0 11.18 18.79 25.5 11.18 5.0 6.4 7.21 25.5 7.21 11.18 7.81 3.0 7.81
14.87 0.0 14.87 4.12 11.7 6.0 5.39 6.0 11.0 11.7 11.0 14.87 11.7 6.4 4.12 4.12 11.7 4.12 11.7 14.87 11.7 9.22 6.0 12.65 6.0 12.0 7.21 0.0 6.0 4.12 6.4 5.39 11.7 11.7 11.7 18.38 11.0 0.0 18.38 4.12 5.39 7.21 14.87 12.65 9.22 5.39 5.39 18.38 6.4 4.12 11.7 4.12 18.38 11.7 6.4 12.0 9.22 11.7 6.0 0.0 11.7 4.12 6.0 14.87 7.21 18.38 12.65 12.65 7.21 6.4 6.0 7.21 11.7 6.0 11.7 18.38 11.7 12.65 6.4 11.0 4.12 11.7 14.87 14.87 12.0 5.39 12.65 7.21 5.39 11.7 18.38 5.39 4.12 11.0 0.0 18.38 0.0 5.39 14.87 9.22 14.87
11.18 6.0 11.18 6.4 6.4 0.0 11.18 0.0 5.0 6.4 5.0 11.18 6.4 11.7 6.4 6.4 17.46 6.4 6.4 11.18 17.46 7.0 0.0 18.44 0.0 18.0 4.0 6.0 0.0 6.4 11.7 11.18 6.4 6.4 6.4 24.04 5.0 6.0 24.04 6.4 11.18 4.0 11.18 18.44 7.0 11.18 11.18 24.04 11.7 6.4 6.4 6.4 24.04 6.4 11.7 18.0 7.0 6.4 0.0 6.0 6.4 6.4 0.0 11.18 4.0 24.04 18.44 18.44 4.0 11.7 0.0 4.0 6.4 0.0 6.4 24.04 6.4 18.44 11.7 5.0 6.4 17.46 11.18 11.18 18.0 11.18 18.44 4.0 11.18 17.46 24.04 11.18 6.4 5.0 6.0 24.04 6.0 11.18 11.18 7.0 11.18
11.66 4.12 11.66 0.0 12.81 6.4 6.32 6.4 10.77 12.81 10.77 11.66 12.81 10.0 8.0 8.0 14.42 8.0 12.81 11.66 14.42 5.83 6.4 13.0 6.4 13.6 5.0 4.12 6.4 0.0 10.0 6.32 12.81 12.81 12.81 21.1 10.77 4.12 21.1 8.0 6.32 5.0 11.66 13.0 5.83 6.32 6.32 21.1 10.0 0.0 12.81 0.0 21.1 12.81 10.0 13.6 5.83 12.81 6.4 4.12 12.81 8.0 6.4 11.66 5.0 21.1 13.0 13.0 5.0 10.0 6.4 5.0 12.81 6.4 12.81 21.1 12.81 13.0 10.0 10.77 0.0 14.42 11.66 11.66 13.6 6.32 13.0 5.0 6.32 14.42 21.1 6.32 0.0 10.77 4.12 21.1 4.12 6.32 11.66 5.83 11.66
21.26 6.4 21.26 10.0 16.0 11.7 6.0 11.7 16.49 16.0 16.49 21.26 16.0 0.0 6.0 6.0 6.0 6.0 16.0 21.26 6.0 15.56 11.7 10.63 11.7 8.06 13.6 6.4 11.7 10.0 0.0 6.0 16.0 16.0 16.0 12.37 16.49 6.4 12.37 6.0 6.0 13.6 21.26 10.63 15.56 6.0 6.0 12.37 0.0 10.0 16.0 10.0 12.37 16.0 0.0 8.06 15.56 16.0 11.7 6.4 16.0 6.0 11.7 21.26 13.6 12.37 10.63 10.63 13.6 0.0 11.7 13.6 16.0 11.7 16.0 12.37 16.0 10.63 0.0 16.49 10.0 6.0 21.26 21.26 8.06 6.0 10.63 13.6 6.0 6.0 12.37 6.0 10.0 16.49 6.4 12.37 6.4 6.0 21.26 15.56 21.26
17.89 5.39 17.89 6.32 17.09 11.18 0.0 11.18 16.12 17.09 16.12 17.89 17.09 6.0 8.49 8.49 8.49 8.49 17.09 17.89 8.49 12.08 11.18 7.28 11.18 7.28 11.18 5.39 11.18 6.32 6.0 0.0 17.09 17.09 17.09 15.0 16.12 5.39 15.0 8.49 0.0 11.18 17.89 7.28 12.08 0.0 0.0 15.0 6.0 6.32 17.09 6.32 15.0 17.09 6.0 7.28 12.08 17.09 11.18 5.39 17.09 8.49 11.18 17.89 11.18 15.0 7.28 7.28 11.18 6.0 11.18 11.18 17.09 11.18 17.09 15.0 17.09 7.28 6.0 16.12 6.32 8.49 17.89 17.89 7.28 0.0 7.28 11.18 0.0 8.49 15.0 0.0 6.32 16.12 5.39 15.0 5.39 0.0 17.89 12.08 17.89
14.0 11.7 14.0 12.81 0.0 6.4 17.09 6.4 4.0 0.0 4.0 14.0 0.0 16.0 10.0 10.0 22.0 10.0 0.0 14.0 22.0 12.08 6.4 24.35 6.4 23.35 9.43 11.7 6.4 12.81 16.0 17.09 0.0 0.0 0.0 28.16 4.0 11.7 28.16 10.0 17.09 9.43 14.0 24.35 12.08 17.09 17.09 28.16 16.0 12.81 0.0 12.81 28.16 0.0 16.0 23.35 12.08 0.0 6.4 11.7 0.0 10.0 6.4 14.0 9.43 28.16 24.35 24.35 9.43 16.0 6.4 9.43 0.0 6.4 0.0 28.16 0.0 24.35 16.0 4.0 12.81 22.0 14.0 14.0 23.35 17.09 24.35 9.43 17.09 22.0 28.16 17.09 12.81 4.0 11.7 28.16 11.7 17.09 14.0 12.08 14.0
14.0 11.7 14.0 12.81 0.0 6.4 17.09 6.4 4.0 0.0 4.0 14.0 0.0 16.0 10.0 10.0 22.0 10.0 0.0 14.0 22.0 12.08 6.4 24.35 6.4 23.35 9.43 11.7 6.4 12.81 16.0 17.09 0.0 0.0 0.0 28.16 4.0 11.7 28.16 10.0 17.09 9.43 14.0 24.35 12.08 17.09 17.09 28.16 16.0 12.81 0.0 12.81 28.16 0.0 16.0 23.35 12.08 0.0 6.4 11.7 0.0 10.0 6.4 14.0 9.43 28.16 24.35 24.35 9.43 16.0 6.4 9.43 0.0 6.4 0.0 28.16 0.0 24.35 16.0 4.0 12.81 22.0 14.0 14.0 23.35 17.09 24.35 9.43 17.09 22.0 28.16 17.09 12.81 4.0 11.7 28.16 11.7 17.09 14.0 12.08 14.0
14.0 11.7 14.0 12.81 0.0 6.4 17.09 6.4 4.0 0.0 4.0 14.0 0.0 16.0 10.0 10.0 22.0 10.0 0.0 14.0 22.0 12.08 6.4 24.35 6.4 23.35 9.43 11.7 6.4 12.81 16.0 17.09 0.0 0.0 0.0 28.16 4.0 11.7 28.16 10.0 17.09 9.43 14.0 24.35 12.08 17.09 17.09 28.16 16.0 12.81 0.0 12.81 28.16 0.0 16.0 23.35 12.08 0.0 6.4 11.7 0.0 10.0 6.4 14.0 9.43 28.16 24.35 24.35 9.43 16.0 6.4 9.43 0.0 6.4 0.0 28.16 0.0 24.35 16.0 4.0 12.81 22.0 14.0 14.0 23.35 17.09 24.35 9.43 17.09 22.0 28.16 17.09 12.81 4.0 11.7 28.16 11.7 17.09 14.0 12.08 14.0
32.76 18.38 32.76 21.1 28.16 24.04 15.0 24.04 28.86 28.16 28.86 32.76 28.16 12.37 18.25 18.25 6.71 18.25 28.16 32.76 6.71 26.93 24.04 12.08 24.04 8.6 25.5 18.38 24.04 21.1 12.37 15.0 28.16 28.16 28.16 0.0 28.86 18.38 0.0 18.25 15.0 25.5 32.76 12.08 26.93 15.0 15.0 0.0 12.37 21.1 28.16 21.1 0.0 28.16 12.37 8.6 26.93 28.16 24.04 18.38 28.16 18.25 24.04 32.76 25.5 0.0 12.08 12.08 25.5 12.37 24.04 25.5 28.16 24.04 28.16 0.0 28.16 12.08 12.37 28.86 21.1 6.71 32.76 32.76 8.6 15.0 12.08 25.5 15.0 6.71 0.0 15.0 21.1 28.86 18.38 0.0 18.38 15.0 32.76 26.93 32.76
10.0 11.0 10.0 10.77 4.0 5.0 16.12 5.0 0.0 4.0 0.0 10.0 4.0 16.49 10.77 10.77 22.36 10.77 4.0 10.0 22.36 8.6 5.0 23.35 5.0 23.0 6.4 11.0 5.0 10.77 16.49 16.12 4.0 4.0 4.0 28.86 0.0 11.0 28.86 10.77 16.12 6.4 10.0 23.35 8.6 16.12 16.12 28.86 16.49 10.77 4.0 10.77 28.86 4.0 16.49 23.0 8.6 4.0 5.0 11.0 4.0 10.77 5.0 10.0 6.4 28.86 23.35 23.35 6.4 16.49 5.0 6.4 4.0 5.0 4.0 28.86 4.0 23.35 16.49 0.0 10.77 22.36 10.0 10.0 23.0 16.12 23.35 6.4 16.12 22.36 28.86 16.12 10.77 0.0 11.0 28.86 11.0 16.12 10.0 8.6 10.0
14.87 0.0 14.87 4.12 11.7 6.0 5.39 6.0 11.0 11.7 11.0 14.87 11.7 6.4 4.12 4.12 11.7 4.12 11.7 14.87 11.7 9.22 6.0 12.65 6.0 12.0 7.21 0.0 6.0 4.12 6.4 5.39 11.7 11.7 11.7 18.38 11.0 0.0 18.38 4.12 5.39 7.21 14.87 12.65 9.22 5.39 5.39 18.38 6.4 4.12 11.7 4.12 18.38 11.7 6.4 12.0 9.22 11.7 6.0 0.0 11.7 4.12 6.0 14.87 7.21 18.38 12.65 12.65 7.21 6.4 6.0 7.21 11.7 6.0 11.7 18.38 11.7 12.65 6.4 11.0 4.12 11.7 14.87 14.87 12.0 5.39 12.65 7.21 5.39 11.7 18.38 5.39 4.12 11.0 0.0 18.38 0.0 5.39 14.87 9.22 14.87
32.76 18.38 32.76 21.1 28.16 24.04 15.0 24.04 28.86 28.16 28.86 32.76 28.16 12.37 18.25 18.25 6.71 18.25 28.16 32.76 6.71 26.93 24.04 12.08 24.04 8.6 25.5 18.38 24.04 21.1 12.37 15.0 28.16 28.16 28.16 0.0 28.86 18.38 0.0 18.25 15.0 25.5 32.76 12.08 26.93 15.0 15.0 0.0 12.37 21.1 28.16 21.1 0.0 28.16 12.37 8.6 26.93 28.16 24.04 18.38 28.16 18.25 24.04 32.76 25.5 0.0 12.08 12.08 25.5 12.37 24.04 25.5 28.16 24.04 28.16 0.0 28.16 12.08 12.37 28.86 21.1 6.71 32.76 32.76 8.6 15.0 12.08 25.5 15.0 6.71 0.0 15.0 21.1 28.86 18.38 0.0 18.38 15.0 32.76 26.93 32.76
17.2 4.12 17.2 8.0 10.0 6.4 8.49 6.4 10.77 10.0 10.77 17.2 10.0 6.0 0.0 0.0 12.0 0.0 10.0 17.2 12.0 12.08 6.4 15.26 6.4 13.6 9.43 4.12 6.4 8.0 6.0 8.49 10.0 10.0 10.0 18.25 10.77 4.12 18.25 0.0 8.49 9.43 17.2 15.26 12.08 8.49 8.49 18.25 6.0 8.0 10.0 8.0 18.25 10.0 6.0 13.6 12.08 10.0 6.4 4.12 10.0 0.0 6.4 17.2 9.43 18.25 15.26 15.26 9.43 6.0 6.4 9.43 10.0 6.4 10.0 18.25 10.0 15.26 6.0 10.77 8.0 12.0 17.2 17.2 13.6 8.49 15.26 9.43 8.49 12.0 18.25 8.49 8.0 10.77 4.12 18.25 4.12 8.49 17.2 12.08 17.2
17.89 5.39 17.89 6.32 17.09 11.18 0.0 11.18 16.12 17.09 16.12 17.89 17.09 6.0 8.49 8.49 8.49 8.49 17.09 17.89 8.49 12.08 11.18 7.28 11.18 7.28 11.18 5.39 11.18 6.32 6.0 0.0 17.09 17.09 17.09 15.0 16.12 5.39 15.0 8.49 0.0 11.18 17.89 7.28 12.08 0.0 0.0 15.0 6.0 6.32 17.09 6.32 15.0 17.09 6.0 7.28 12.08 17.09 11.18 5.39 17.09 8.49 11.18 17.89 11.18 15.0 7.28 7.28 11.18 6.0 11.18 11.18 17.09 11.18 17.09 15.0 17.09 7.28 6.0 16.12 6.32 8.49 17.89 17.89 7.28 0.0 7.28 11.18 0.0 8.49 15.0 0.0 6.32 16.12 5.39 15.0 5.39 0.0 17.89 12.08 17.89
7.81 7.21 7.81 5.0 9.43 4.0 11.18 4.0 6.4 9.43 6.4 7.81 9.43 13.6 9.43 9.43 18.79 9.43 9.43 7.81 18.79 3.0 4.0 18.0 4.0 18.44 0.0 7.21 4.0 5.0 13.6 11.18 9.43 9.43 9.43 25.5 6.4 7.21 25.5 9.43 11.18 0.0 7.81 18.0 3.0 11.18 11.18 25.5 13.6 5.0 9.43 5.0 25.5 9.43 13.6 18.44 3.0 9.43 4.0 7.21 9.43 9.43 4.0 7.81 0.0 25.5 18.0 18.0 0.0 13.6 4.0 0.0 9.43 4.0 9.43 25.5 9.43 18.0 13.6 6.4 5.0 18.79 7.81 7.81 18.44 11.18 18.0 0.0 11.18 18.79 25.5 11.18 5.0 6.4 7.21 25.5 7.21 11.18 7.81 3.0 7.81
0.0 14.87 0.0 11.66 14.0 11.18 17.89 11.18 10.0 14.0 10.0 0.0 14.0 21.26 17.2 17.2 26.08 17.2 14.0 0.0 26.08 5.83 11.18 23.77 11.18 25.08 7.81 14.87 11.18 11.66 21.26 17.89 14.0 14.0 14.0 32.76 10.0 14.87 32.76 17.2 17.89 7.81 0.0 23.77 5.83 17.89 17.89 32.76 21.26 11.66 14.0 11.66 32.76 14.0 21.26 25.08 5.83 14.0 11.18 14.87 14.0 17.2 11.18 0.0 7.81 32.76 23.77 23.77 7.81 21.26 11.18 7.81 14.0 11.18 14.0 32.76 14.0 23.77 21.26 10.0 11.66 26.08 0.0 0.0 25.08 17.89 23.77 7.81 17.89 26.08 32.76 17.89 11.66 10.0 14.87 32.76 14.87 17.89 0.0 5.83 0.0
23.77 12.65 23.77 13.0 24.35 18.44 7.28 18.44 23.35 24.35 23.35 23.77 24.35 10.63 15.26 15.26 8.06 15.26 24.35 23.77 8.06 18.25 18.44 0.0 18.44 4.0 18.0 12.65 18.44 13.0 10.63 7.28 24.35 24.35 24.35 12.08 23.35 12.65 12.08 15.26 7.28 18.0 23.77 0.0 18.25 7.28 7.28 12.08 10.63 13.0 24.35 13.0 12.08 24.35 10.63 4.0 18.25 24.35 18.44 12.65 24.35 15.26 18.44 23.77 18.0 12.08 0.0 0.0 18.0 10.63 18.44 18.0 24.35 18.44 24.35 12.08 24.35 0.0 10.63 23.35 13.0 8.06 23.77 23.77 4.0 7.28 0.0 18.0 7.28 8.06 12.08 7.28 13.0 23.35 12.65 12.08 12.65 7.28 23.77 18.25 23.77
5.83 9.22 5.83 5.83 12.08 7.0 12.08 7.0 8.6 12.08 8.6 5.83 12.08 15.56 12.08 12.08 20.25 12.08 12.08 5.83 20.25 0.0 7.0 18.25 7.0 19.31 3.0 9.22 7.0 5.83 15.56 12.08 12.08 12.08 12.08 26.93 8.6 9.22 26.93 12.08 12.08 3.0 5.83 18.25 0.0 12.08 12.08 26.93 15.56 5.83 12.08 5.83 26.93 12.08 15.56 19.31 0.0 12.08 7.0 9.22 12.08 12.08 7.0 5.83 3.0 26.93 18.25 18.25 3.0 15.56 7.0 3.0 12.08 7.0 12.08 26.93 12.08 18.25 15.56 8.6 5.83 20.25 5.83 5.83 19.31 12.08 18.25 3.0 12.08 20.25 26.93 12.08 5.83 8.6 9.22 26.93 9.22 12.08 5.83 0.0 5.83
17.89 5.39 17.89 6.32 17.09 11.18 0.0 11.18 16.12 17.09 16.12 17.89 17.09 6.0 8.49 8.49 8.49 8.49 17.09 17.89 8.49 12.08 11.18 7.28 11.18 7.28 11.18 5.39 11.18 6.32 6.0 0.0 17.09 17.09 17.09 15.0 16.12 5.39 15.0 8.49 0.0 11.18 17.89 7.28 12.08 0.0 0.0 15.0 6.0 6.32 17.09 6.32 15.0 17.09 6.0 7.28 12.08 17.09 11.18 5.39 17.09 8.49 11.18 17.89 11.18 15.0 7.28 7.28 11.18 6.0 11.18 11.18 17.09 11.18 17.09 15.0 17.09 7.28 6.0 16.12 6.32 8.49 17.89 17.89 7.28 0.0 7.28 11.18 0.0 8.49 15.0 0.0 6.32 16.12 5.39 15.0 5.39 0.0 17.89 12.08 17.89
17.89 5.39 17.89 6.32 17.09 11.18 0.0 11.18 16.12 17.09 16.12 17.89 17.09 6.0 8.49 8.49 8.49 8.49 17.09 17.89 8.49 12.08 11.18 7.28 11.18 7.28 11.18 5.39 11.18 6.32 6.0 0.0 17.09 17.09 17.09 15.0 16.12 5.39 15.0 8.49 0.0 11.18 17.89 7.28 12.08 0.0 0.0 15.0 6.0 6.32 17.09 6.32 15.0 17.09 6.0 7.28 12.08 17.09 11.18 5.39 17.09 8.49 11.18 17.89 11.18 15.0 7.28 7.28 11.18 6.0 11.18 11.18 17.09 11.18 17.09 15.0 17.09 7.28 6.0 16.12 6.32 8.49 17.89 17.89 7.28 0.0 7.28 11.18 0.0 8.49 15.0 0.0 6.32 16.12 5.39 15.0 5.39 0.0 17.89 12.08 17.89
32.76 18.38 32.76 21.1 28.16 24.04 15.0 24.04 28.86 28.16 28.86 32.76 28.16 12.37 18.25 18.25 6.71 18.25 28.16 32.76 6.71 26.93 24.04 12.08 24.04 8.6 25.5 18.38 24.04 21.1 12.37 15.0 28.16 28.16 28.16 0.0 28.86 18.38 0.0 18.25 15.0 25.5 32.76 12.08 26.93 15.0 15.0 0.0 12.37 21.1 28.16 21.1 0.0 28.16 12.37 8.6 26.93 28.16 24.04 18.38 28.16 18.25 24.04 32.76 25.5 0.0 12.08 12.08 25.5 12.37 24.04 25.5 28.16 24.04 28.16 0.0 28.16 12.08 12.37 28.86 21.1 6.71 32.76 32.76 8.6 15.0 12.08 25.5 15.0 6.71 0.0 15.0 21.1 28.86 18.38 0.0 18.38 15.0 32.76 26.93 32.76
21.26 6.4 21.26 10.0 16.0 11.7 6.0 11.7 16.49 16.0 16.49 21.26 16.0 0.0 6.0 6.0 6.0 6.0 16.0 21.26 6.0 15.56 11.7 10.63 11.7 8.06 13.6 6.4 11.7 10.0 0.0 6.0 16.0 16.0 16.0 12.37 16.49 6.4 12.37 6.0 6.0 13.6 21.26 10.63 15.56 6.0 6.0 12.37 0.0 10.0 16.0 10.0 12.37 16.0 0.0 8.06 15.56 16.0 11.7 6.4 16.0 6.0 11.7 21.26 13.6 12.37 10.63 10.63 13.6 0.0 11.7 13.6 16.0 11.7 16.0 12.37 16.0 10.63 0.0 16.49 10.0 6.0 21.26 21.26 8.06 6.0 10.63 13.6 6.0 6.0 12.37 6.0 10.0 16.49 6.4 12.37 6.4 6.0 21.26 15.56 21.26
11.66 4.12 11.66 0.0 12.81 6.4 6.32 6.4 10.77 12.81 10.77 11.66 12.81 10.0 8.0 8.0 14.42 8.0 12.81 11.66 14.42 5.83 6.4 13.0 6.4 13.6 5.0 4.12 6.4 0.0 10.0 6.32 12.81 12.81 12.81 21.1 10.77 4.12 21.1 8.0 6.32 5.0 11.66 13.0 5.83 6.32 6.32 21.1 10.0 0.0 12.81 0.0 21.1 12.81 10.0 13.6 5.83 12.81 6.4 4.12 12.81 8.0 6.4 11.66 5.0 21.1 13.0 13.0 5.0 10.0 6.4 5.0 12.81 6.4 12.81 21.1 12.81 13.0 10.0 10.77 0.0 14.42 11.66 11.66 13.6 6.32 13.0 5.0 6.32 14.42 21.1 6.32 0.0 10.77 4.12 21.1 4.12 6.32 11.66 5.83 11.66
14.0 11.7 14.0 12.81 0.0 6.4 17.09 6.4 4.0 0.0 4.0 14.0 0.0 16.0 10.0 10.0 22.0 10.0 0.0 14.0 22.0 12.08 6.4 24.35 6.4 23.35 9.43 11.7 6.4 12.81 16.0 17.09 0.0 0.0 0.0 28.16 4.0 11.7 28.16 10.0 17.09 9.43 14.0 24.35 12.08 17.09 17.09 28.16 16.0 12.81 0.0 12.81 28.16 0.0 16.0 23.35 12.08 0.0 6.4 11.7 0.0 10.0 6.4 14.0 9.43 28.16 24.35 24.35 9.43 16.0 6.4 9.43 0.0 6.4 0.0 28.16 0.0 24.35 16.0 4.0 12.81 22.0 14.0 14.0 23.35 17.09 24.35 9.43 17.09 22.0 28.16 17.09 12.81 4.0 11.7 28.16 11.7 17.09 14.0 12.08 14.0
11.66 4.12 11.66 0.0 12.81 6.4 6.32 6.4 10.77 12.81 10.77 11.66 12.81 10.0 8.0 8.0 14.42 8.0 12.81 11.66 14.42 5.83 6.4 13.0 6.4 13.6 5.0 4.12 6.4 0.0 10.0 6.32 12.81 12.81 12.81 21.1 10.77 4.12 21.1 8.0 6.32 5.0 11.66 13.0 5.83 6.32 6.32 21.1 10.0 0.0 12.81 0.0 21.1 12.81 10.0 13.6 5.83 12.81 6.4 4.12 12.81 8.0 6.4 11.66 5.0 21.1 13.0 13.0 5.0 10.0 6.4 5.0 12.81 6.4 12.81 21.1 12.81 13.0 10.0 10.77 0.0 14.42 11.66 11.66 13.6 6.32 13.0 5.0 6.32 14.42 21.1 6.32 0.0 10.77 4.12 21.1 4.12 6.32 11.66 5.83 11.66
32.76 18.38 32.76 21.1 28.16 24.04 15.0 24.04 28.86 28.16 28.86 32.76 28.16 12.37 18.25 18.25 6.71 18.25 28.16 32.76 6.71 26.93 24.04 12.08 24.04 8.6 25.5 18.38 24.04 21.1 12.37 15.0 28.16 28.16 28.16 0.0 28.86 18.38 0.0 18.25 15.0 25.5 32.76 12.08 26.93 15.0 15.0 0.0 12.37 21.1 28.16 21.1 0.0 28.16 12.37 8.6 26.93 28.16 24.04 18.38 28.16 18.25 24.04 32.76 25.5 0.0 12.08 12.08 25.5 12.37 24.04 25.5 28.16 24.04 28.16 0.0 28.16 12.08 12.37 28.86 21.1 6.71 32.76 32.76 8.6 15.0 12.08 25.5 15.0 6.71 0.0 15.0 21.1 28.86 18.38 0.0 18.38 15.0 32.76 26.93 32.76
14.0 11.7 14.0 12.81 0.0 6.4 17.09 6.4 4.0 0.0 4.0 14.0 0.0 16.0 10.0 10.0 22.0 10.0 0.0 14.0 22.0 12.08 6.4 24.35 6.4 23.35 9.43 11.7 6.4 12.81 16.0 17.09 0.0 0.0 0.0 28.16 4.0 11.7 28.16 10.0 17.09 9.43 14.0 24.35 12.08 17.09 17.09 28.16 16.0 12.81 0.0 12.81 28.16 0.0 16.0 23.35 12.08 0.0 6.4 11.7 0.0 10.0 6.4 14.0 9.43 28.16 24.35 24.35 9.43 16.0 6.4 9.43 0.0 6.4 0.0 28.16 0.0 24.35 16.0 4.0 12.81 22.0 14.0 14.0 23.35 17.09 24.35 9.43 17.09 22.0 28.16 17.09 12.81 4.0 11.7 28.16 11.7 17.09 14.0 12.08 14.0
21.26 6.4 21.26 10.0 16.0 11.7 6.0 11.7 16.49 16.0 16.49 21.26 16.0 0.0 6.0 6.0 6.0 6.0 16.0 21.26 6.0 15.56 11.7 10.63 11.7 8.06 13.6 6.4 11.7 10.0 0.0 6.0 16.0 16.0 16.0 12.37 16.49 6.4 12.37 6.0 6.0 13.6 21.26 10.63 15.56 6.0 6.0 12.37 0.0 10.0 16.0 10.0 12.37 16.0 0.0 8.06 15.56 16.0 11.7 6.4 16.0 6.0 11.7 21.26 13.6 12.37 10.63 10.63 13.6 0.0 11.7 13.6 16.0 11.7 16.0 12.37 16.0 10.63 0.0 16.49 10.0 6.0 21.26 21.26 8.06 6.0 10.63 13.6 6.0 6.0 12.37 6.0 10.0 16.49 6.4 12.37 6.4 6.0 21.26 15.56 21.26
25.08 12.0 25.08 13.6 23.35 18.0 7.28 18.0 23.0 23.35 23.0 25.08 23.35 8.06 13.6 13.6 4.12 13.6 23.35 25.08 4.12 19.31 18.0 4.0 18.0 0.0 18.44 12.0 18.0 13.6 8.06 7.28 23.35 23.35 23.35 8.6 23.0 12.0 8.6 13.6 7.28 18.44 25.08 4.0 19.31 7.28 7.28 8.6 8.06 13.6 23.35 13.6 8.6 23.35 8.06 0.0 19.31 23.35 18.0 12.0 23.35 13.6 18.0 25.08 18.44 8.6 4.0 4.0 18.44 8.06 18.0 18.44 23.35 18.0 23.35 8.6 23.35 4.0 8.06 23.0 13.6 4.12 25.08 25.08 0.0 7.28 4.0 18.44 7.28 4.12 8.6 7.28 13.6 23.0 12.0 8.6 12.0 7.28 25.08 19.31 25.08
5.83 9.22 5.83 5.83 12.08 7.0 12.08 7.0 8.6 12.08 8.6 5.83 12.08 15.56 12.08 12.08 20.25 12.08 12.08 5.83 20.25 0.0 7.0 18.25 7.0 19.31 3.0 9.22 7.0 5.83 15.56 12.08 12.08 12.08 12.08 26.93 8.6 9.22 26.93 12.08 12.08 3.0 5.83 18.25 0.0 12.08 12.08 26.93 15.56 5.83 12.08 5.83 26.93 12.08 15.56 19.31 0.0 12.08 7.0 9.22 12.08 12.08 7.0 5.83 3.0 26.93 18.25 18.25 3.0 15.56 7.0 3.0 12.08 7.0 12.08 26.93 12.08 18.25 15.56 8.6 5.83 20.25 5.83 5.83 19.31 12.08 18.25 3.0 12.08 20.25 26.93 12.08 5.83 8.6 9.22 26.93 9.22 12.08 5.83 0.0 5.83
14.0 11.7 14.0 12.81 0.0 6.4 17.09 6.4 4.0 0.0 4.0 14.0 0.0 16.0 10.0 10.0 22.0 10.0 0.0 14.0 22.0 12.08 6.4 24.35 6.4 23.35 9.43 11.7 6.4 12.81 16.0 17.09 0.0 0.0 0.0 28.16 4.0 11.7 28.16 10.0 17.09 9.43 14.0 24.35 12.08 17.09 17.09 28.16 16.0 12.81 0.0 12.81 28.16 0.0 16.0 23.35 12.08 0.0 6.4 11.7 0.0 10.0 6.4 14.0 9.43 28.16 24.35 24.35 9.43 16.0 6.4 9.43 0.0 6.4 0.0 28.16 0.0 24.35 16.0 4.0 12.81 22.0 14.0 14.0 23.35 17.09 24.35 9.43 17.09 22.0 28.16 17.09 12.81 4.0 11.7 28.16 11.7 17.09 14.0 12.08 14.0
11.18 6.0 11.18 6.4 6.4 0.0 11.18 0.0 5.0 6.4 5.0 11.18 6.4 11.7 6.4 6.4 17.46 6.4 6.4 11.18 17.46 7.0 0.0 18.44 0.0 18.0 4.0 6.0 0.0 6.4 11.7 11.18 6.4 6.4 6.4 24.04 5.0 6.0 24.04 6.4 11.18 4.0 11.18 18.44 7.0 11.18 11.18 24.04 11.7 6.4 6.4 6.4 24.04 6.4 11.7 18.0 7.0 6.4 0.0 6.0 6.4 6.4 0.0 11.18 4.0 24.04 18.44 18.44 4.0 11.7 0.0 4.0 6.4 0.0 6.4 24.04 6.4 18.44 11.7 5.0 6.4 17.46 11.18 11.18 18.0 11.18 18.44 4.0 11.18 17.46 24.04 11.18 6.4 5.0 6.0 24.04 6.0 11.18 11.18 7.0 11.18
14.87 0.0 14.87 4.12 11.7 6.0 5.39 6.0 11.0 11.7 11.0 14.87 11.7 6.4 4.12 4.12 11.7 4.12 11.7 14.87 11.7 9.22 6.0 12.65 6.0 12.0 7.21 0.0 6.0 4.12 6.4 5.39 11.7 11.7 11.7 18.38 11.0 0.0 18.38 4.12 5.39 7.21 14.87 12.65 9.22 5.39 5.39 18.38 6.4 4.12 11.7 4.12 18.38 11.7 6.4 12.0 9.22 11.7 6.0 0.0 11.7 4.12 6.0 14.87 7.21 18.38 12.65 12.65 7.21 6.4 6.0 7.21 11.7 6.0 11.7 18.38 11.7 12.65 6.4 11.0 4.12 11.7 14.87 14.87 12.0 5.39 12.65 7.21 5.39 11.7 18.38 5.39 4.12 11.0 0.0 18.38 0.0 5.39 14.87 9.22 14.87
14.0 11.7 14.0 12.81 0.0 6.4 17.09 6.4 4.0 0.0 4.0 14.0 0.0 16.0 10.0 10.0 22.0 10.0 0.0 14.0 22.0 12.08 6.4 24.35 6.4 23.35 9.43 11.7 6.4 12.81 16.0 17.09 0.0 0.0 0.0 28.16 4.0 11.7 28.16 10.0 17.09 9.43 14.0 24.35 12.08 17.09 17.09 28.16 16.0 12.81 0.0 12.81 28.16 0.0 16.0 23.35 12.08 0.0 6.4 11.7 0.0 10.0 6.4 14.0 9.43 28.16 24.35 24.35 9.43 16.0 6.4 9.43 0.0 6.4 0.0 28.16 0.0 24.35 16.0 4.0 12.81 22.0 14.0 14.0 23.35 17.09 24.35 9.43 17.09 22.0 28.16 17.09 12.81 4.0 11.7 28.16 11.7 17.09 14.0 12.08 14.0
17.2 4.12 17.2 8.0 10.0 6.4 8.49 6.4 10.77 10.0 10.77 17.2 10.0 6.0 0.0 0.0 12.0 0.0 10.0 17.2 12.0 12.08 6.4 15.26 6.4 13.6 9.43 4.12 6.4 8.0 6.0 8.49 10.0 10.0 10.0 18.25 10.77 4.12 18.25 0.0 8.49 9.43 17.2 15.26 12.08 8.49 8.49 18.25 6.0 8.0 10.0 8.0 18.25 10.0 6.0 13.6 12.08 10.0 6.4 4.12 10.0 0.0 6.4 17.2 9.43 18.25 15.26 15.26 9.43 6.0 6.4 9.43 10.0 6.4 10.0 18.25 10.0 15.26 6.0 10.77 8.0 12.0 17.2 17.2 13.6 8.49 15.26 9.43 8.49 12.0 18.25 8.49 8.0 10.77 4.12 18.25 4.12 8.49 17.2 12.08 17.2
11.18 6.0 11.18 6.4 6.4 0.0 11.18 0.0 5.0 6.4 5.0 11.18 6.4 11.7 6.4 6.4 17.46 6.4 6.4 11.18 17.46 7.0 0.0 18.44 0.0 18.0 4.0 6.0 0.0 6.4 11.7 11.18 6.4 6.4 6.4 24.04 5.0 6.0 24.04 6.4 11.18 4.0 11.18 18.44 7.0 11.18 11.18 24.04 11.7 6.4 6.4 6.4 24.04 6.4 11.7 18.0 7.0 6.4 0.0 6.0 6.4 6.4 0.0 11.18 4.0 24.04 18.44 18.44 4.0 11.7 0.0 4.0 6.4 0.0 6.4 24.04 6.4 18.44 11.7 5.0 6.4 17.46 11.18 11.18 18.0 11.18 18.44 4.0 11.18 17.46 24.04 11.18 6.4 5.0 6.0 24.04 6.0 11.18 11.18 7.0 11.18
0.0 14.87 0.0 11.66 14.0 11.18 17.89 11.18 10.0 14.0 10.0 0.0 14.0 21.26 17.2 17.2 26.08 17.2 14.0 0.0 26.08 5.83 11.18 23.77 11.18 25.08 7.81 14.87 11.18 11.66 21.26 17.89 14.0 14.0 14.0 32.76 10.0 14.87 32.76 17.2 17.89 7.81 0.0 23.77 5.83 17.89 17.89 32.76 21.26 11.66 14.0 11.66 32.76 14.0 21.26 25.08 5.83 14.0 11.18 14.87 14.0 17.2 11.18 0.0 7.81 32.76 23.77 23.77 7.81 21.26 11.18 7.81 14.0 11.18 14.0 32.76 14.0 23.77 21.26 10.0 11.66 26.08 0.0 0.0 25.08 17.89 23.77 7.81 17.89 26.08 32.76 17.89 11.66 10.0 14.87 32.76 14.87 17.89 0.0 5.83 0.0
7.81 7.21 7.81 5.0 9.43 4.0 11.18 4.0 6.4 9.43 6.4 7.81 9.43 13.6 9.43 9.43 18.79 9.43 9.43 7.81 18.79 3.0 4.0 18.0 4.0 18.44 0.0 7.21 4.0 5.0 13.6 11.18 9.43 9.43 9.43 25.5 6.4 7.21 25.5 9.43 11.18 0.0 7.81 18.0 3.0 11.18 11.18 25.5 13.6 5.0 9.43 5.0 25.5 9.43 13.6 18.44 3.0 9.43 4.0 7.21 9.43 9.43 4.0 7.81 0.0 25.5 18.0 18.0 0.0 13.6 4.0 0.0 9.43 4.0 9.43 25.5 9.43 18.0 13.6 6.4 5.0 18.79 7.81 7.81 18.44 11.18 18.0 0.0 11.18 18.79 25.5 11.18 5.0 6.4 7.21 25.5 7.21 11.18 7.81 3.0 7.81
32.76 18.38 32.76 21.1 28.16 24.04 15.0 24.04 28.86 28.16 28.86 32.76 28.16 12.37 18.25 18.25 6.71 18.25 28.16 32.76 6.71 26.93 24.04 12.08 24.04 8.6 25.5 18.38 24.04 21.1 12.37 15.0 28.16 28.16 28.16 0.0 28.86 18.38 0.0 18.25 15.0 25.5 32.76 12.08 26.93 15.0 15.0 0.0 12.37 21.1 28.16 21.1 0.0 28.16 12.37 8.6 26.93 28.16 24.04 18.38 28.16 18.25 24.04 32.76 25.5 0.0 12.08 12.08 25.5 12.37 24.04 25.5 28.16 24.04 28.16 0.0 28.16 12.08 12.37 28.86 21.1 6.71 32.76 32.76 8.6 15.0 12.08 25.5 15.0 6.71 0.0 15.0 21.1 28.86 18.38 0.0 18.38 15.0 32.76 26.93 32.76
23.77 12.65 23.77 13.0 24.35 18.44 7.28 18.44 23.35 24.35 23.35 23.77 24.35 10.63 15.26 15.26 8.06 15.26 24.35 23.77 8.06 18.25 18.44 0.0 18.44 4.0 18.0 12.65 18.44 13.0 10.63 7.28 24.35 24.35 24.35 12.08 23.35 12.65 12.08 15.26 7.28 18.0 23.77 0.0 18.25 7.28 7.28 12.08 10.63 13.0 24.35 13.0 12.08 24.35 10.63 4.0 18.25 24.35 18.44 12.65 24.35 15.26 18.44 23.77 18.0 12.08 0.0 0.0 18.0 10.63 18.44 18.0 24.35 18.44 24.35 12.08 24.35 0.0 10.63 23.35 13.0 8.06 23.77 23.77 4.0 7.28 0.0 18.0 7.28 8.06 12.08 7.28 13.0 23.35 12.65 12.08 12.65 7.28 23.77 18.25 23.77
23.77 12.65 23.77 13.0 24.35 18.44 7.28 18.44 23.35 24.35 23.35 23.77 24.35 10.63 15.26 15.26 8.06 15.26 24.35 23.77 8.06 18.25 18.44 0.0 18.44 4.0 18.0 12.65 18.44 13.0 10.63 7.28 24.35 24.35 24.35 12.08 23.35 12.65 12.08 15.26 7.28 18.0 23.77 0.0 18.25 7.28 7.28 12.08 10.63 13.0 24.35 13.0 12.08 24.35 10.63 4.0 18.25 24.35 18.44 12.65 24.35 15.26 18.44 23.77 18.0 12.08 0.0 0.0 18.0 10.63 18.44 18.0 24.35 18.44 24.35 12.08 24.35 0.0 10.63 23.35 13.0 8.06 23.77 23.77 4.0 7.28 0.0 18.0 7.28 8.06 12.08 7.28 13.0 23.35 12.65 12.08 12.65 7.28 23.77 18.25 23.77
7.81 7.21 7.81 5.0 9.43 4.0 11.18 4.0 6.4 9.43 6.4 7.81 9.43 13.6 9.43 9.43 18.79 9.43 9.43 7.81 18.79 3.0 4.0 18.0 4.0 18.44 0.0 7.21 4.0 5.0 13.6 11.18 9.43 9.43 9.43 25.5 6.4 7.21 25.5 9.43 11.18 0.0 7.81 18.0 3.0 11.18 11.18 25.5 13.6 5.0 9.43 5.0 25.5 9.43 13.6 18.44 3.0 9.43 4.0 7.21 9.43 9.43 4.0 7.81 0.0 25.5 18.0 18.0 0.0 13.6 4.0 0.0 9.43 4.0 9.43 25.5 9.43 18.0 13.6 6.4 5.0 18.79 7.81 7.81 18.44 11.18 18.0 0.0 11.18 18.79 25.5 11.18 5.0 6.4 7.21 25.5 7.21 11.18 7.81 3.0 7.81
21.26 6.4 21.26 10.0 16.0 11.7 6.0 11.7 16.49 16.0 16.49 21.26 16.0 0.0 6.0 6.0 6.0 6.0 16.0 21.26 6.0 15.56 11.7 10.63 11.7 8.06 13.6 6.4 11.7 10.0 0.0 6.0 16.0 16.0 16.0 12.37 16.49 6.4 12.37 6.0 6.0 13.6 21.26 10.63 15.56 6.0 6.0 12.37 0.0 10.0 16.0 10.0 12.37 16.0 0.0 8.06 15.56 16.0 11.7 6.4 16.0 6.0 11.7 21.26 13.6 12.37 10.63 10.63 13.6 0.0 11.7 13.6 16.0 11.7 16.0 12.37 16.0 10.63 0.0 16.49 10.0 6.0 21.26 21.26 8.06 6.0 10.63 13.6 6.0 6.0 12.37 6.0 10.0 16.49 6.4 12.37 6.4 6.0 21.26 15.56 21.26
11.18 6.0 11.18 6.4 6.4 0.0 11.18 0.0 5.0 6.4 5.0 11.18 6.4 11.7 6.4 6.4 17.46 6.4 6.4 11.18 17.46 7.0 0.0 18.44 0.0 18.0 4.0 6.0 0.0 6.4 11.7 11.18 6.4 6.4 6.4 24.04 5.0 6.0 24.04 6.4 11.18 4.0 11.18 18.44 7.0 11.18 11.18 24.04 11.7 6.4 6.4 6.4 24.04 6.4 11.7 18.0 7.0 6.4 0.0 6.0 6.4 6.4 0.0 11.18 4.0 24.04 18.44 18.44 4.0 11.7 0.0 4.0 6.4 0.0 6.4 24.04 6.4 18.44 11.7 5.0 6.4 17.46 11.18 11.18 18.0 11.18 18.44 4.0 11.18 17.46 24.04 11.18 6.4 5.0 6.0 24.04 6.0 11.18 11.18 7.0 11.18
7.81 7.21 7.81 5.0 9.43 4.0 11.18 4.0 6.4 9.43 6.4 7.81 9.43 13.6 9.43 9.43 18.79 9.43 9.43 7.81 18.79 3.0 4.0 18.0 4.0 18.44 0.0 7.21 4.0 5.0 13.6 11.18 9.43 9.43 9.43 25.5 6.4 7.21 25.5 9.43 11.18 0.0 7.81 18.0 3.0 11.18 11.18 25.5 13.6 5.0 9.43 5.0 25.5 9.43 13.6 18.44 3.0 9.43 4.0 7.21 9.43 9.43 4.0 7.81 0.0 25.5 18.0 18.0 0.0 13.6 4.0 0.0 9.43 4.0 9.43 25.5 9.43 18.0 13.6 6.4 5.0 18.79 7.81 7.81 18.44 11.18 18.0 0.0 11.18 18.79 25.5 11.18 5.0 6.4 7.21 25.5 7.21 11.18 7.81 3.0 7.81
14.0 11.7 14.0 12.81 0.0 6.4 17.09 6.4 4.0 0.0 4.0 14.0 0.0 16.0 10.0 10.0 22.0 10.0 0.0 14.0 22.0 12.08 6.4 24.35 6.4 23.35 9.43 11.7 6.4 12.81 16.0 17.09 0.0 0.0 0.0 28.16 4.0 11.7 28.16 10.0 17.09 9.43 14.0 24.35 12.08 17.09 17.09 28.16 16.0 12.81 0.0 12.81 28.16 0.0 16.0 23.35 12.08 0.0 6.4 11.7 0.0 10.0 6.4 14.0 9.43 28.16 24.35 24.35 9.43 16.0 6.4 9.43 0.0 6.4 0.0 28.16 0.0 24.35 16.0 4.0 12.81 22.0 14.0 14.0 23.35 17.09 24.35 9.43 17.09 22.0 28.16 17.09 12.81 4.0 11.7 28.16 11.7 17.09 14.0 12.08 14.0
11.18 6.0 11.18 6.4 6.4 0.0 11.18 0.0 5.0 6.4 5.0 11.18 6.4 11.7 6.4 6.4 17.46 6.4 6.4 11.18 17.46 7.0 0.0 18.44 0.0 18.0 4.0 6.0 0.0 6.4 11.7 11.18 6.4 6.4 6.4 24.04 5.0 6.0 24.04 6.4 11.18 4.0 11.18 18.44 7.0 11.18 11.18 24.04 11.7 6.4 6.4 6.4 24.04 6.4 11.7 18.0 7.0 6.4 0.0 6.0 6.4 6.4 0.0 11.18 4.0 24.04 18.44 18.44 4.0 11.7 0.0 4.0 6.4 0.0 6.4 24.04 6.4 18.44 11.7 5.0 6.4 17.46 11.18 11.18 18.0 11.18 18.44 4.0 11.18 17.46 24.04 11.18 6.4 5.0 6.0 24.04 6.0 11.18 11.18 7.0 11.18
14.0 11.7 14.0 12.81 0.0 6.4 17.09 6.4 4.0 0.0 4.0 14.0 0.0 16.0 10.0 10.0 22.0 10.0 0.0 14.0 22.0 12.08 6.4 24.35 6.4 23.35 9.43 11.7 6.4 12.81 16.0 17.09 0.0 0.0 0.0 28.16 4.0 11.7 28.16 10.0 17.09 9.43 14.0 24.35 12.08 17.09 17.09 28.16 16.0 12.81 0.0 12.81 28.16 0.0 16.0 23.35 12.08 0.0 6.4 11.7 0.0 10.0 6.4 14.0 9.43 28.16 24.35 24.35 9.43 16.0 6.4 9.43 0.0 6.4 0.0 28.16 0.0 24.35 16.0 4.0 12.81 22.0 14.0 14.0 23.35 17.09 24.35 9.43 17.09 22.0 28.16 17.09 12.81 4.0 11.7 28.16 11.7 17.09 14.0 12.08 14.0
32.76 18.38 32.76 21.1 28.16 24.04 15.0 24.04 28.86 28.16 28.86 32.76 28.16 12.37 18.25 18.25 6.71 18.25 28.16 32.76 6.71 26.93 24.04 12.08 24.04 8.6 25.5 18.38 24.04 21.1 12.37 15.0 28.16 28.16 28.16 0.0 28.86 18.38 0.0 18.25 15.0 25.5 32.76 12.08 26.93 15.0 15.0 0.0 12.37 21.1 28.16 21.1 0.0 28.16 12.37 8.6 26.93 28.16 24.04 18.38 28.16 18.25 24.04 32.76 25.5 0.0 12.08 12.08 25.5 12.37 24.04 25.5 28.16 24.04 28.16 0.0 28.16 12.08 12.37 28.86 21.1 6.71 32.76 32.76 8.6 15.0 12.08 25.5 15.0 6.71 0.0 15.0 21.1 28.86 18.38 0.0 18.38 15.0 32.76 26.93 32.76
14.0 11.7 14.0 12.81 0.0 6.4 17.09 6.4 4.0 0.0 4.0 14.0 0.0 16.0 10.0 10.0 22.0 10.0 0.0 14.0 22.0 12.08 6.4 24.35 6.4 23.35 9.43 11.7 6.4 12.81 16.0 17.09 0.0 0.0 0.0 28.16 4.0 11.7 28.16 10.0 17.09 9.43 14.0 24.35 12.08 17.09 17.09 28.16 16.0 12.81 0.0 12.81 28.16 0.0 16.0 23.35 12.08 0.0 6.4 11.7 0.0 10.0 6.4 14.0 9.43 28.16 24.35 24.35 9.43 16.0 6.4 9.43 0.0 6.4 0.0 28.16 0.0 24.35 16.0 4.0 12.81 22.0 14.0 14.0 23.35 17.09 24.35 9.43 17.09 22.0 28.16 17.09 12.81 4.0 11.7 28.16 11.7 17.09 14.0 12.08 14.0
23.77 12.65 23.77 13.0 24.35 18.44 7.28 18.44 23.35 24.35 23.35 23.77 24.35 10.63 15.26 15.26 8.06 15.26 24.35 23.77 8.06 18.25 18.44 0.0 18.44 4.0 18.0 12.65 18.44 13.0 10.63 7.28 24.35 24.35 24.35 12.08 23.35 12.65 12.08 15.26 7.28 18.0 23.77 0.0 18.25 7.28 7.28 12.08 10.63 13.0 24.35 13.0 12.08 24.35 10.63 4.0 18.25 24.35 18.44 12.65 24.35 15.26 18.44 23.77 18.0 12.08 0.0 0.0 18.0 10.63 18.44 18.0 24.35 18.44 24.35 12.08 24.35 0.0 10.63 23.35 13.0 8.06 23.77 23.77 4.0 7.28 0.0 18.0 7.28 8.06 12.08 7.28 13.0 23.35 12.65 12.08 12.65 7.28 23.77 18.25 23.77
21.26 6.4 21.26 10.0 16.0 11.7 6.0 11.7 16.49 16.0 16.49 21.26 16.0 0.0 6.0 6.0 6.0 6.0 16.0 21.26 6.0 15.56 11.7 10.63 11.7 8.06 13.6 6.4 11.7 10.0 0.0 6.0 16.0 16.0 16.0 12.37 16.49 6.4 12.37 6.0 6.0 13.6 21.26 10.63 15.56 6.0 6.0 12.37 0.0 10.0 16.0 10.0 12.37 16.0 0.0 8.06 15.56 16.0 11.7 6.4 16.0 6.0 11.7 21.26 13.6 12.37 10.63 10.63 13.6 0.0 11.7 13.6 16.0 11.7 16.0 12.37 16.0 10.63 0.0 16.49 10.0 6.0 21.26 21.26 8.06 6.0 10.63 13.6 6.0 6.0 12.37 6.0 10.0 16.49 6.4 12.37 6.4 6.0 21.26 15.56 21.26
10.0 11.0 10.0 10.77 4.0 5.0 16.12 5.0 0.0 4.0 0.0 10.0 4.0 16.49 10.77 10.77 22.36 10.77 4.0 10.0 22.36 8.6 5.0 23.35 5.0 23.0 6.4 11.0 5.0 10.77 16.49 16.12 4.0 4.0 4.0 28.86 0.0 11.0 28.86 10.77 16.12 6.4 10.0 23.35 8.6 16.12 16.12 28.86 16.49 10.77 4.0 10.77 28.86 4.0 16.49 23.0 8.6 4.0 5.0 11.0 4.0 10.77 5.0 10.0 6.4 28.86 23.35 23.35 6.4 16.49 5.0 6.4 4.0 5.0 4.0 28.86 4.0 23.35 16.49 0.0 10.77 22.36 10.0 10.0 23.0 16.12 23.35 6.4 16.12 22.36 28.86 16.12 10.77 0.0 11.0 28.86 11.0 16.12 10.0 8.6 10.0
11.66 4.12 11.66 0.0 12.81 6.4 6.32 6.4 10.77 12.81 10.77 11.66 12.81 10.0 8.0 8.0 14.42 8.0 12.81 11.66 14.42 5.83 6.4 13.0 6.4 13.6 5.0 4.12 6.4 0.0 10.0 6.32 12.81 12.81 12.81 21.1 10.77 4.12 21.1 8.0 6.32 5.0 11.66 13.0 5.83 6.32 6.32 21.1 10.0 0.0 12.81 0.0 21.1 12.81 10.0 13.6 5.83 12.81 6.4 4.12 12.81 8.0 6.4 11.66 5.0 21.1 13.0 13.0 5.0 10.0 6.4 5.0 12.81 6.4 12.81 21.1 12.81 13.0 10.0 10.77 0.0 14.42 11.66 11.66 13.6 6.32 13.0 5.0 6.32 14.42 21.1 6.32 0.0 10.77 4.12 21.1 4.12 6.32 11.66 5.83 11.66
26.08 11.7 26.08 14.42 22.0 17.46 8.49 17.46 22.36 22.0 22.36 26.08 22.0 6.0 12.0 12.0 0.0 12.0 22.0 26.08 0.0 20.25 17.46 8.06 17.46 4.12 18.79 11.7 17.46 14.42 6.0 8.49 22.0 22.0 22.0 6.71 22.36 11.7 6.71 12.0 8.49 18.79 26.08 8.06 20.25 8.49 8.49 6.71 6.0 14.42 22.0 14.42 6.71 22.0 6.0 4.12 20.25 22.0 17.46 11.7 22.0 12.0 17.46 26.08 18.79 6.71 8.06 8.06 18.79 6.0 17.46 18.79 22.0 17.46 22.0 6.71 22.0 8.06 6.0 22.36 14.42 0.0 26.08 26.08 4.12 8.49 8.06 18.79 8.49 0.0 6.71 8.49 14.42 22.36 11.7 6.71 11.7 8.49 26.08 20.25 26.08
0.0 14.87 0.0 11.66 14.0 11.18 17.89 11.18 10.0 14.0 10.0 0.0 14.0 21.26 17.2 17.2 26.08 17.2 14.0 0.0 26.08 5.83 11.18 23.77 11.18 25.08 7.81 14.87 11.18 11.66 21.26 17.89 14.0 14.0 14.0 32.76 10.0 14.87 32.76 17.2 17.89 7.81 0.0 23.77 5.83 17.89 17.89 32.76 21.26 11.66 14.0 11.66 32.76 14.0 21.26 25.08 5.83 14.0 11.18 14.87 14.0 17.2 11.18 0.0 7.81 32.76 23.77 23.77 7.81 21.26 11.18 7.81 14.0 11.18 14.0 32.76 14.0 23.77 21.26 10.0 11.66 26.08 0.0 0.0 25.08 17.89 23.77 7.81 17.89 26.08 32.76 17.89 11.66 10.0 14.87 32.76 14.87 17.89 0.0 5.83 0.0
0.0 14.87 0.0 11.66 14.0 11.18 17.89 11.18 10.0 14.0 10.0 0.0 14.0 21.26 17.2 17.2 26.08 17.2 14.0 0.0 26.08 5.83 11.18 23.77 11.18 25.08 7.81 14.87 11.18 11.66 21.26 17.89 14.0 14.0 14.0 32.76 10.0 14.87 32.76 17.2 17.89 7.81 0.0 23.77 5.83 17.89 17.89 32.76 21.26 11.66 14.0 11.66 32.76 14.0 21.26 25.08 5.83 14.0 11.18 14.87 14.0 17.2 11.18 0.0 7.81 32.76 23.77 23.77 7.81 21.26 11.18 7.81 14.0 11.18 14.0 32.76 14.0 23.77 21.26 10.0 11.66 26.08 0.0 0.0 25.08 17.89 23.77 7.81 17.89 26.08 32.76 17.89 11.66 10.0 14.87 32.76 14.87 17.89 0.0 5.83 0.0
25.08 12.0 25.08 13.6 23.35 18.0 7.28 18.0 23.0 23.35 23.0 25.08 23.35 8.06 13.6 13.6 4.12 13.6 23.35 25.08 4.12 19.31 18.0 4.0 18.0 0.0 18.44 12.0 18.0 13.6 8.06 7.28 23.35 23.35 23.35 8.6 23.0 12.0 8.6 13.6 7.28 18.44 25.08 4.0 19.31 7.28 7.28 8.6 8.06 13.6 23.35 13.6 8.6 23.35 8.06 0.0 19.31 23.35 18.0 12.0 23.35 13.6 18.0 25.08 18.44 8.6 4.0 4.0 18.44 8.06 18.0 18.44 23.35 18.0 23.35 8.6 23.35 4.0 8.06 23.0 13.6 4.12 25.08 25.08 0.0 7.28 4.0 18.44 7.28 4.12 8.6 7.28 13.6 23.0 12.0 8.6 12.0 7.28 25.08 19.31 25.08
17.89 5.39 17.89 6.32 17.09 11.18 0.0 11.18 16.12 17.09 16.12 17.89 17.09 6.0 8.49 8.49 8.49 8.49 17.09 17.89 8.49 12.08 11.18 7.28 11.18 7.28 11.18 5.39 11.18 6.32 6.0 0.0 17.09 17.09 17.09 15.0 16.12 5.39 15.0 8.49 0.0 11.18 17.89 7.28 12.08 0.0 0.0 15.0 6.0 6.32 17.09 6.32 15.0 17.09 6.0 7.28 12.08 17.09 11.18 5.39 17.09 8.49 11.18 17.89 11.18 15.0 7.28 7.28 11.18 6.0 11.18 11.18 17.09 11.18 17.09 15.0 17.09 7.28 6.0 16.12 6.32 8.49 17.89 17.89 7.28 0.0 7.28 11.18 0.0 8.49 15.0 0.0 6.32 16.12 5.39 15.0 5.39 0.0 17.89 12.08 17.89
23.77 12.65 23.77 13.0 24.35 18.44 7.28 18.44 23.35 24.35 23.35 23.77 24.35 10.63 15.26 15.26 8.06 15.26 24.35 23.77 8.06 18.25 18.44 0.0 18.44 4.0 18.0 12.65 18.44 13.0 10.63 7.28 24.35 24.35 24.35 12.08 23.35 12.65 12.08 15.26 7.28 18.0 23.77 0.0 18.25 7.28 7.28 12.08 10.63 13.0 24.35 13.0 12.08 24.35 10.63 4.0 18.25 24.35 18.44 12.65 24.35 15.26 18.44 23.77 18.0 12.08 0.0 0.0 18.0 10.63 18.44 18.0 24.35 18.44 24.35 12.08 24.35 0.0 10.63 23.35 13.0 8.06 23.77 23.77 4.0 7.28 0.0 18.0 7.28 8.06 12.08 7.28 13.0 23.35 12.65 12.08 12.65 7.28 23.77 18.25 23.77
7.81 7.21 7.81 5.0 9.43 4.0 11.18 4.0 6.4 9.43 6.4 7.81 9.43 13.6 9.43 9.43 18.79 9.43 9.43 7.81 18.79 3.0 4.0 18.0 4.0 18.44 0.0 7.21 4.0 5.0 13.6 11.18 9.43 9.43 9.43 25.5 6.4 7.21 25.5 9.43 11.18 0.0 7.81 18.0 3.0 11.18 11.18 25.5 13.6 5.0 9.43 5.0 25.5 9.43 13.6 18.44 3.0 9.43 4.0 7.21 9.43 9.43 4.0 7.81 0.0 25.5 18.0 18.0 0.0 13.6 4.0 0.0 9.43 4.0 9.43 25.5 9.43 18.0 13.6 6.4 5.0 18.79 7.81 7.81 18.44 11.18 18.0 0.0 11.18 18.79 25.5 11.18 5.0 6.4 7.21 25.5 7.21 11.18 7.81 3.0 7.81
17.89 5.39 17.89 6.32 17.09 11.18 0.0 11.18 16.12 17.09 16.12 17.89 17.09 6.0 8.49 8.49 8.49 8.49 17.09 17.89 8.49 12.08 11.18 7.28 11.18 7.28 11.18 5.39 11.18 6.32 6.0 0.0 17.09 17.09 17.09 15.0 16.12 5.39 15.0 8.49 0.0 11.18 17.89 7.28 12.08 0.0 0.0 15.0 6.0 6.32 17.09 6.32 15.0 17.09 6.0 7.28 12.08 17.09 11.18 5.39 17.09 8.49 11.18 17.89 11.18 15.0 7.28 7.28 11.18 6.0 11.18 11.18 17.09 11.18 17.09 15.0 17.09 7.28 6.0 16.12 6.32 8.49 17.89 17.89 7.28 0.0 7.28 11.18 0.0 8.49 15.0 0.0 6.32 16.12 5.39 15.0 5.39 0.0 17.89 12.08 17.89
26.08 11.7 26.08 14.42 22.0 17.46 8.49 17.46 22.36 22.0 22.36 26.08 22.0 6.0 12.0 12.0 0.0 12.0 22.0 26.08 0.0 20.25 17.46 8.06 17.46 4.12 18.79 11.7 17.46 14.42 6.0 8.49 22.0 22.0 22.0 6.71 22.36 11.7 6.71 12.0 8.49 18.79 26.08 8.06 20.25 8.49 8.49 6.71 6.0 14.42 22.0 14.42 6.71 22.0 6.0 4.12 20.25 22.0 17.46 11.7 22.0 12.0 17.46 26.08 18.79 6.71 8.06 8.06 18.79 6.0 17.46 18.79 22.0 17.46 22.0 6.71 22.0 8.06 6.0 22.36 14.42 0.0 26.08 26.08 4.12 8.49 8.06 18.79 8.49 0.0 6.71 8.49 14.42 22.36 11.7 6.71 11.7 8.49 26.08 20.25 26.08
32.76 18.38 32.76 21.1 28.16 24.04 15.0 24.04 28.86 28.16 28.86 32.76 28.16 12.37 18.25 18.25 6.71 18.25 28.16 32.76 6.71 26.93 24.04 12.08 24.04 8.6 25.5 18.38 24.04 21.1 12.37 15.0 28.16 28.16 28.16 0.0 28.86 18.38 0.0 18.25 15.0 25.5 32.76 12.08 26.93 15.0 15.0 0.0 12.37 21.1 28.16 21.1 0.0 28.16 12.37 8.6 26.93 28.16 24.04 18.38 28.16 18.25 24.04 32.76 25.5 0.0 12.08 12.08 25.5 12.37 24.04 25.5 28.16 24.04 28.16 0.0 28.16 12.08 12.37 28.86 21.1 6.71 32.76 32.76 8.6 15.0 12.08 25.5 15.0 6.71 0.0 15.0 21.1 28.86 18.38 0.0 18.38 15.0 32.76 26.93 32.76
17.89 5.39 17.89 6.32 17.09 11.18 0.0 11.18 16.12 17.09 16.12 17.89 17.09 6.0 8.49 8.49 8.49 8.49 17.09 17.89 8.49 12.08 11.18 7.28 11.18 7.28 11.18 5.39 11.18 6.32 6.0 0.0 17.09 17.09 17.09 15.0 16.12 5.39 15.0 8.49 0.0 11.18 17.89 7.28 12.08 0.0 0.0 15.0 6.0 6.32 17.09 6.32 15.0 17.09 6.0 7.28 12.08 17.09 11.18 5.39 17.09 8.49 11.18 17.89 11.18 15.0 7.28 7.28 11.18 6.0 11.18 11.18 17.09 11.18 17.09 15.0 17.09 7.28 6.0 16.12 6.32 8.49 17.89 17.89 7.28 0.0 7.28 11.18 0.0 8.49 15.0 0.0 6.32 16.12 5.39 15.0 5.39 0.0 17.89 12.08 17.89
11.66 4.12 11.66 0.0 12.81 6.4 6.32 6.4 10.77 12.81 10.77 11.66 12.81 10.0 8.0 8.0 14.42 8.0 12.81 11.66 14.42 5.83 6.4 13.0 6.4 13.6 5.0 4.12 6.4 0.0 10.0 6.32 12.81 12.81 12.81 21.1 10.77 4.12 21.1 8.0 6.32 5.0 11.66 13.0 5.83 6.32 6.32 21.1 10.0 0.0 12.81 0.0 21.1 12.81 10.0 13.6 5.83 12.81 6.4 4.12 12.81 8.0 6.4 11.66 5.0 21.1 13.0 13.0 5.0 10.0 6.4 5.0 12.81 6.4 12.81 21.1 12.81 13.0 10.0 10.77 0.0 14.42 11.66 11.66 13.6 6.32 13.0 5.0 6.32 14.42 21.1 6.32 0.0 10.77 4.12 21.1 4.12 6.32 11.66 5.83 11.66
10.0 11.0 10.0 10.77 4.0 5.0 16.12 5.0 0.0 4.0 0.0 10.0 4.0 16.49 10.77 10.77 22.36 10.77 4.0 10.0 22.36 8.6 5.0 23.35 5.0 23.0 6.4 11.0 5.0 10.77 16.49 16.12 4.0 4.0 4.0 28.86 0.0 11.0 28.86 10.77 16.12 6.4 10.0 23.35 8.6 16.12 16.12 28.86 16.49 10.77 4.0 10.77 28.86 4.0 16.49 23.0 8.6 4.0 5.0 11.0 4.0 10.77 5.0 10.0 6.4 28.86 23.35 23.35 6.4 16.49 5.0 6.4 4.0 5.0 4.0 28.86 4.0 23.35 16.49 0.0 10.77 22.36 10.0 10.0 23.0 16.12 23.35 6.4 16.12 22.36 28.86 16.12 10.77 0.0 11.0 28.86 11.0 16.12 10.0 8.6 10.0
14.87 0.0 14.87 4.12 11.7 6.0 5.39 6.0 11.0 11.7 11.0 14.87 11.7 6.4 4.12 4.12 11.7 4.12 11.7 14.87 11.7 9.22 6.0 12.65 6.0 12.0 7.21 0.0 6.0 4.12 6.4 5.39 11.7 11.7 11.7 18.38 11.0 0.0 18.38 4.12 5.39 7.21 14.87 12.65 9.22 5.39 5.39 18.38 6.4 4.12 11.7 4.12 18.38 11.7 6.4 12.0 9.22 11.7 6.0 0.0 11.7 4.12 6.0 14.87 7.21 18.38 12.65 12.65 7.21 6.4 6.0 7.21 11.7 6.0 11.7 18.38 11.7 12.65 6.4 11.0 4.12 11.7 14.87 14.87 12.0 5.39 12.65 7.21 5.39 11.7 18.38 5.39 4.12 11.0 0.0 18.38 0.0 5.39 14.87 9.22 14.87
32.76 18.38 32.76 21.1 28.16 24.04 15.0 24.04 28.86 28.16 28.86 32.76 28.16 12.37 18.25 18.25 6.71 18.25 28.16 32.76 6.71 26.93 24.04 12.08 24.04 8.6 25.5 18.38 24.04 21.1 12.37 15.0 28.16 28.16 28.16 0.0 28.86 18.38 0.0 18.25 15.0 25.5 32.76 12.08 26.93 15.0 15.0 0.0 12.37 21.1 28.16 21.1 0.0 28.16 12.37 8.6 26.93 28.16 24.04 18.38 28.16 18.25 24.04 32.76 25.5 0.0 12.08 12.08 25.5 12.37 24.04 25.5 28.16 24.04 28.16 0.0 28.16 12.08 12.37 28.86 21.1 6.71 32.76 32.76 8.6 15.0 12.08 25.5 15.0 6.71 0.0 15.0 21.1 28.86 18.38 0.0 18.38 15.0 32.76 26.93 32.76
14.87 0.0 14.87 4.12 11.7 6.0 5.39 6.0 11.0 11.7 11.0 14.87 11.7 6.4 4.12 4.12 11.7 4.12 11.7 14.87 11.7 9.22 6.0 12.65 6.0 12.0 7.21 0.0 6.0 4.12 6.4 5.39 11.7 11.7 11.7 18.38 11.0 0.0 18.38 4.12 5.39 7.21 14.87 12.65 9.22 5.39 5.39 18.38 6.4 4.12 11.7 4.12 18.38 11.7 6.4 12.0 9.22 11.7 6.0 0.0 11.7 4.12 6.0 14.87 7.21 18.38 12.65 12.65 7.21 6.4 6.0 7.21 11.7 6.0 11.7 18.38 11.7 12.65 6.4 11.0 4.12 11.7 14.87 14.87 12.0 5.39 12.65 7.21 5.39 11.7 18.38 5.39 4.12 11.0 0.0 18.38 0.0 5.39 14.87 9.22 14.87
17.89 5.39 17.89 6.32 17.09 11.18 0.0 11.18 16.12 17.09 16.12 17.89 17.09 6.0 8.49 8.49 8.49 8.49 17.09 17.89 8.49 12.08 11.18 7.28 11.18 7.28 11.18 5.39 11.18 6.32 6.0 0.0 17.09 17.09 17.09 15.0 16.12 5.39 15.0 8.49 0.0 11.18 17.89 7.28 12.08 0.0 0.0 15.0 6.0 6.32 17.09 6.32 15.0 17.09 6.0 7.28 12.08 17.09 11.18 5.39 17.09 8.49 11.18 17.89 11.18 15.0 7.28 7.28 11.18 6.0 11.18 11.18 17.09 11.18 17.09 15.0 17.09 7.28 6.0 16.12 6.32 8.49 17.89 17.89 7.28 0.0 7.28 11.18 0.0 8.49 15.0 0.0 6.32 16.12 5.39 15.0 5.39 0.0 17.89 12.08 17.89
0.0 14.87 0.0 11.66 14.0 11.18 17.89 11.18 10.0 14.0 10.0 0.0 14.0 21.26 17.2 17.2 26.08 17.2 14.0 0.0 26.08 5.83 11.18 23.77 11.18 25.08 7.81 14.87 11.18 11.66 21.26 17.89 14.0 14.0 14.0 32.76 10.0 14.87 32.76 17.2 17.89 7.81 0.0 23.77 5.83 17.89 17.89 32.76 21.26 11.66 14.0 11.66 32.76 14.0 21.26 25.08 5.83 14.0 11.18 14.87 14.0 17.2 11.18 0.0 7.81 32.76 23.77 23.77 7.81 21.26 11.18 7.81 14.0 11.18 14.0 32.76 14.0 23.77 21.26 10.0 11.66 26.08 0.0 0.0 25.08 17.89 23.77 7.81 17.89 26.08 32.76 17.89 11.66 10.0 14.87 32.76 14.87 17.89 0.0 5.83 0.0
5.83 9.22 5.83 5.83 12.08 7.0 12.08 7.0 8.6 12.08 8.6 5.83 12.08 15.56 12.08 12.08 20.25 12.08 12.08 5.83 20.25 0.0 7.0 18.25 7.0 19.31 3.0 9.22 7.0 5.83 15.56 12.08 12.08 12.08 12.08 26.93 8.6 9.22 26.93 12.08 12.08 3.0 5.83 18.25 0.0 12.08 12.08 26.93 15.56 5.83 12.08 5.83 26.93 12.08 15.56 19.31 0.0 12.08 7.0 9.22 12.08 12.08 7.0 5.83 3.0 26.93 18.25 18.25 3.0 15.56 7.0 3.0 12.08 7.0 12.08 26.93 12.08 18.25 15.56 8.6 5.83 20.25 5.83 5.83 19.31 12.08 18.25 3.0 12.08 20.25 26.93 12.08 5.83 8.6 9.22 26.93 9.22 12.08 5.83 0.0 5.83
0.0 14.87 0.0 11.66 14.0 11.18 17.89 11.18 10.0 14.0 10.0 0.0 14.0 21.26 17.2 17.2 26.08 17.2 14.0 0.0 26.08 5.83 11.18 23.77 11.18 25.08 7.81 14.87 11.18 11.66 21.26 17.89 14.0 14.0 14.0 32.76 10.0 14.87 32.76 17.2 17.89 7.81 0.0 23.77 5.83 17.89 17.89 32.76 21.26 11.66 14.0 11.66 32.76 14.0 21.26 25.08 5.83 14.0 11.18 14.87 14.0 17.2 11.18 0.0 7.81 32.76 23.77 23.77 7.81 21.26 11.18 7.81 14.0 11.18 14.0 32.76 14.0 23.77 21.26 10.0 11.66 26.08 0.0 0.0 25.08 17.89 23.77 7.81 17.89 26.08 32.76 17.89 11.66 10.0 14.87 32.76 14.87 17.89 0.0 5.83 0.0
