6 140 840 6 0
0 0.0 0 0.0 840 840
1 2.0 1 560.0 575.0 16.7
2 2.0 1 210.0 225.0 33.72
3 2.0 1 275.0 290.0 51.25
4 2.0 1 155.0 170.0 30.15
5 2.0 1 560.0 575.0 33.72
6 2.0 1 135.0 150.0 22.2
7 2.0 1 140.0 155.0 16.7
8 2.0 1 525.0 540.0 37.5
9 2.0 1 445.0 460.0 20.53
10 2.0 1 450.0 465.0 45.48
11 2.0 2 575.0 590.0 21.83
12 2.0 1 130.0 145.0 36.77
13 2.0 1 470.0 485.0 45.05
14 2.0 1 445.0 460.0 20.38
15 2.0 1 415.0 430.0 45.38
16 2.0 2 240.0 255.0 50.0
17 2.0 1 370.0 385.0 20.53
18 2.0 2 525.0 540.0 35.93
19 2.0 1 285.0 300.0 51.27
20 2.0 1 165.0 180.0 54.32
21 2.0 1 125.0 140.0 52.18
22 2.0 1 195.0 210.0 20.38
23 2.0 2 200.0 215.0 51.67
24 2.0 2 325.0 340.0 29.77
25 2.0 2 510.0 525.0 48.57
26 2.0 1 295.0 310.0 21.92
27 2.0 1 200.0 215.0 44.35
28 2.0 1 350.0 365.0 52.22
29 2.0 1 355.0 370.0 41.47
30 2.0 1 285.0 300.0 39.7
31 2.0 2 150.0 165.0 45.05
32 2.0 1 60.0 75.0 52.22
33 2.0 2 135.0 150.0 49.73
34 2.0 1 105.0 120.0 44.35
35 2.0 1 100.0 115.0 16.7
36 2.0 1 105.0 120.0 44.5
37 2.0 1 90.0 105.0 46.05
38 2.0 1 195.0 210.0 14.77
39 2.0 1 145.0 160.0 22.72
40 2.0 1 180.0 195.0 17.8
41 2.0 1 110.0 125.0 44.35
42 2.0 1 430.0 445.0 35.93
43 2.0 1 405.0 420.0 33.85
44 2.0 2 195.0 210.0 46.9
45 2.0 1 175.0 190.0 51.0
46 2.0 1 110.0 125.0 37.13
47 2.0 1 195.0 210.0 24.22
48 2.0 2 260.0 275.0 55.53
49 2.0 1 170.0 185.0 21.83
50 2.0 1 310.0 325.0 24.22
51 2.0 2 265.0 280.0 30.42
52 2.0 1 520.0 535.0 45.48
53 2.0 1 95.0 110.0 51.92
54 2.0 1 510.0 525.0 42.3
55 2.0 1 530.0 545.0 29.32
56 2.0 1 555.0 570.0 24.93
57 2.0 1 105.0 120.0 30.08
58 2.0 1 595.0 610.0 14.77
59 2.0 1 380.0 395.0 32.92
60 2.0 1 340.0 355.0 30.15
61 2.0 1 135.0 150.0 29.32
62 2.0 1 360.0 375.0 49.47
63 2.0 1 255.0 270.0 42.3
64 2.0 1 95.0 110.0 37.62
65 2.0 1 380.0 395.0 55.23
66 2.0 1 570.0 585.0 27.23
67 2.0 1 490.0 505.0 41.98
68 2.0 1 150.0 165.0 57.25
69 2.0 1 140.0 155.0 17.8
70 2.0 1 390.0 405.0 30.08
71 2.0 -1 565.7 591.7 16.7
72 2.0 -1 225.72 258.72 33.72
73 2.0 -1 304.25 341.25 51.25
74 2.0 -1 168.15 200.15 30.15
75 2.0 -1 575.72 608.72 33.72
76 2.0 -1 143.2 172.2 22.2
77 2.0 -1 145.7 171.7 16.7
78 2.0 -1 543.5 577.5 37.5
79 2.0 -1 452.53 480.53 20.53
80 2.0 -1 474.48 510.48 45.48
81 2.0 -2 582.83 611.83 21.83
82 2.0 -1 147.77 181.77 36.77
83 2.0 -1 494.05 530.05 45.05
84 2.0 -1 452.38 480.38 20.38
85 2.0 -1 439.38 475.38 45.38
86 2.0 -2 268.0 305.0 50.0
87 2.0 -1 377.53 405.53 20.53
88 2.0 -2 541.93 575.93 35.93
89 2.0 -1 314.27 351.27 51.27
90 2.0 -1 196.32 234.32 54.32
91 2.0 -1 155.18 192.18 52.18
92 2.0 -1 202.38 230.38 20.38
93 2.0 -2 229.67 266.67 51.67
94 2.0 -2 337.77 369.77 29.77
95 2.0 -2 536.57 573.57 48.57
96 2.0 -1 302.92 331.92 21.92
97 2.0 -1 223.35 259.35 44.35
98 2.0 -1 380.22 417.22 52.22
99 2.0 -1 376.47 411.47 41.47
100 2.0 -1 304.7 339.7 39.7
101 2.0 -2 174.05 210.05 45.05
102 2.0 -1 90.22 127.22 52.22
103 2.0 -2 162.73 199.73 49.73
104 2.0 -1 128.35 164.35 44.35
105 2.0 -1 105.7 131.7 16.7
106 2.0 -1 128.5 164.5 44.5
107 2.0 -1 115.05 151.05 46.05
108 2.0 -1 199.77 224.77 14.77
109 2.0 -1 153.72 182.72 22.72
110 2.0 -1 185.8 212.8 17.8
111 2.0 -1 133.35 169.35 44.35
112 2.0 -1 446.93 480.93 35.93
113 2.0 -1 420.85 453.85 33.85
114 2.0 -2 220.9 256.9 46.9
115 2.0 -1 204.0 241.0 51.0
116 2.0 -1 128.13 162.13 37.13
117 2.0 -1 204.22 234.22 24.22
118 2.0 -2 292.53 330.53 55.53
119 2.0 -1 177.83 206.83 21.83
120 2.0 -1 319.22 349.22 24.22
121 2.0 -2 278.42 310.42 30.42
122 2.0 -1 544.48 580.48 45.48
123 2.0 -1 124.92 161.92 51.92
124 2.0 -1 532.3 567.3 42.3
125 2.0 -1 542.32 574.32 29.32
126 2.0 -1 564.93 594.93 24.93
127 2.0 -1 118.08 150.08 30.08
128 2.0 -1 599.77 624.77 14.77
129 2.0 -1 394.92 427.92 32.92
130 2.0 -1 353.15 385.15 30.15
131 2.0 -1 147.32 179.32 29.32
132 2.0 -1 387.47 424.47 49.47
133 2.0 -1 277.3 312.3 42.3
134 2.0 -1 113.62 147.62 37.62
135 2.0 -1 412.23 450.23 55.23
136 2.0 -1 581.23 612.23 27.23
137 2.0 -1 511.98 546.98 41.98
138 2.0 -1 184.25 222.25 57.25
139 2.0 -1 145.8 172.8 17.8
140 2.0 -1 403.08 435.08 30.08
141 0.0 0 0.0 840 840
