0.0 10.0 5.83 17.89 32.76 23.77 7.81 25.08 21.26 11.18 0.0 7.81 23.77 7.81 0.0 26.08 32.76 25.08 0.0 10.0 11.66 17.2 11.66 25.08 26.08 17.2 17.89 10.0 25.08 21.26 11.18 26.08 10.0 21.26 10.0 10.0 11.18 23.77 11.18 10.0 11.18 17.89 7.81 5.83 21.26 5.83 25.08 11.66 5.83 26.08 7.81 21.26 14.0 23.77 11.18 5.83 25.08 21.26 14.87 14.87 5.83
10.0 0.0 8.6 16.12 28.86 23.35 6.4 23.0 16.49 5.0 10.0 6.4 23.35 6.4 10.0 22.36 28.86 23.0 10.0 0.0 10.77 10.77 10.77 23.0 22.36 10.77 16.12 0.0 23.0 16.49 5.0 22.36 0.0 16.49 0.0 0.0 5.0 23.35 5.0 0.0 5.0 16.12 6.4 8.6 16.49 8.6 23.0 10.77 8.6 22.36 6.4 16.49 4.0 23.35 5.0 8.6 23.0 16.49 11.0 11.0 8.6
5.83 8.6 0.0 12.08 26.93 18.25 3.0 19.31 15.56 7.0 5.83 3.0 18.25 3.0 5.83 20.25 26.93 19.31 5.83 8.6 5.83 12.08 5.83 19.31 20.25 12.08 12.08 8.6 19.31 15.56 7.0 20.25 8.6 15.56 8.6 8.6 7.0 18.25 7.0 8.6 7.0 12.08 3.0 0.0 15.56 0.0 19.31 5.83 0.0 20.25 3.0 15.56 12.08 18.25 7.0 0.0 19.31 15.56 9.22 9.22 0.0
17.89 16.12 12.08 0.0 15.0 7.28 11.18 7.28 6.0 11.18 17.89 11.18 7.28 11.18 17.89 8.49 15.0 7.28 17.89 16.12 6.32 8.49 6.32 7.28 8.49 8.49 0.0 16.12 7.28 6.0 11.18 8.49 16.12 6.0 16.12 16.12 11.18 7.28 11.18 16.12 11.18 0.0 11.18 12.08 6.0 12.08 7.28 6.32 12.08 8.49 11.18 6.0 17.09 7.28 11.18 12.08 7.28 6.0 5.39 5.39 12.08
32.76 28.86 26.93 15.0 0.0 12.08 25.5 8.6 12.37 24.04 32.76 25.5 12.08 25.5 32.76 6.71 0.0 8.6 32.76 28.86 21.1 18.25 21.1 8.6 6.71 18.25 15.0 28.86 8.6 12.37 24.04 6.71 28.86 12.37 28.86 28.86 24.04 12.08 24.04 28.86 24.04 15.0 25.5 26.93 12.37 26.93 8.6 21.1 26.93 6.71 25.5 12.37 28.16 12.08 24.04 26.93 8.6 12.37 18.38 18.38 26.93
23.77 23.35 18.25 7.28 12.08 0.0 18.0 4.0 10.63 18.44 23.77 18.0 0.0 18.0 23.77 8.06 12.08 4.0 23.77 23.35 13.0 15.26 13.0 4.0 8.06 15.26 7.28 23.35 4.0 10.63 18.44 8.06 23.35 10.63 23.35 23.35 18.44 0.0 18.44 23.35 18.44 7.28 18.0 18.25 10.63 18.25 4.0 13.0 18.25 8.06 18.0 10.63 24.35 0.0 18.44 18.25 4.0 10.63 12.65 12.65 18.25
7.81 6.4 3.0 11.18 25.5 18.0 0.0 18.44 13.6 4.0 7.81 0.0 18.0 0.0 7.81 18.79 25.5 18.44 7.81 6.4 5.0 9.43 5.0 18.44 18.79 9.43 11.18 6.4 18.44 13.6 4.0 18.79 6.4 13.6 6.4 6.4 4.0 18.0 4.0 6.4 4.0 11.18 0.0 3.0 13.6 3.0 18.44 5.0 3.0 18.79 0.0 13.6 9.43 18.0 4.0 3.0 18.44 13.6 7.21 7.21 3.0
25.08 23.0 19.31 7.28 8.6 4.0 18.44 0.0 8.06 18.0 25.08 18.44 4.0 18.44 25.08 4.12 8.6 0.0 25.08 23.0 13.6 13.6 13.6 0.0 4.12 13.6 7.28 23.0 0.0 8.06 18.0 4.12 23.0 8.06 23.0 23.0 18.0 4.0 18.0 23.0 18.0 7.28 18.44 19.31 8.06 19.31 0.0 13.6 19.31 4.12 18.44 8.06 23.35 4.0 18.0 19.31 0.0 8.06 12.0 12.0 19.31
21.26 16.49 15.56 6.0 12.37 10.63 13.6 8.06 0.0 11.7 21.26 13.6 10.63 13.6 21.26 6.0 12.37 8.06 21.26 16.49 10.0 6.0 10.0 8.06 6.0 6.0 6.0 16.49 8.06 0.0 11.7 6.0 16.49 0.0 16.49 16.49 11.7 10.63 11.7 16.49 11.7 6.0 13.6 15.56 0.0 15.56 8.06 10.0 15.56 6.0 13.6 0.0 16.0 10.63 11.7 15.56 8.06 0.0 6.4 6.4 15.56
11.18 5.0 7.0 11.18 24.04 18.44 4.0 18.0 11.7 0.0 11.18 4.0 18.44 4.0 11.18 17.46 24.04 18.0 11.18 5.0 6.4 6.4 6.4 18.0 17.46 6.4 11.18 5.0 18.0 11.7 0.0 17.46 5.0 11.7 5.0 5.0 0.0 18.44 0.0 5.0 0.0 11.18 4.0 7.0 11.7 7.0 18.0 6.4 7.0 17.46 4.0 11.7 6.4 18.44 0.0 7.0 18.0 11.7 6.0 6.0 7.0
0.0 10.0 5.83 17.89 32.76 23.77 7.81 25.08 21.26 11.18 0.0 7.81 23.77 7.81 0.0 26.08 32.76 25.08 0.0 10.0 11.66 17.2 11.66 25.08 26.08 17.2 17.89 10.0 25.08 21.26 11.18 26.08 10.0 21.26 10.0 10.0 11.18 23.77 11.18 10.0 11.18 17.89 7.81 5.83 21.26 5.83 25.08 11.66 5.83 26.08 7.81 21.26 14.0 23.77 11.18 5.83 25.08 21.26 14.87 14.87 5.83
7.81 6.4 3.0 11.18 25.5 18.0 0.0 18.44 13.6 4.0 7.81 0.0 18.0 0.0 7.81 18.79 25.5 18.44 7.81 6.4 5.0 9.43 5.0 18.44 18.79 9.43 11.18 6.4 18.44 13.6 4.0 18.79 6.4 13.6 6.4 6.4 4.0 18.0 4.0 6.4 4.0 11.18 0.0 3.0 13.6 3.0 18.44 5.0 3.0 18.79 0.0 13.6 9.43 18.0 4.0 3.0 18.44 13.6 7.21 7.21 3.0
23.77 23.35 18.25 7.28 12.08 0.0 18.0 4.0 10.63 18.44 23.77 18.0 0.0 18.0 23.77 8.06 12.08 4.0 23.77 23.35 13.0 15.26 13.0 4.0 8.06 15.26 7.28 23.35 4.0 10.63 18.44 8.06 23.35 10.63 23.35 23.35 18.44 0.0 18.44 23.35 18.44 7.28 18.0 18.25 10.63 18.25 4.0 13.0 18.25 8.06 18.0 10.63 24.35 0.0 18.44 18.25 4.0 10.63 12.65 12.65 18.25
7.81 6.4 3.0 11.18 25.5 18.0 0.0 18.44 13.6 4.0 7.81 0.0 18.0 0.0 7.81 18.79 25.5 18.44 7.81 6.4 5.0 9.43 5.0 18.44 18.79 9.43 11.18 6.4 18.44 13.6 4.0 18.79 6.4 13.6 6.4 6.4 4.0 18.0 4.0 6.4 4.0 11.18 0.0 3.0 13.6 3.0 18.44 5.0 3.0 18.79 0.0 13.6 9.43 18.0 4.0 3.0 18.44 13.6 7.21 7.21 3.0
0.0 10.0 5.83 17.89 32.76 23.77 7.81 25.08 21.26 11.18 0.0 7.81 23.77 7.81 0.0 26.08 32.76 25.08 0.0 10.0 11.66 17.2 11.66 25.08 26.08 17.2 17.89 10.0 25.08 21.26 11.18 26.08 10.0 21.26 10.0 10.0 11.18 23.77 11.18 10.0 11.18 17.89 7.81 5.83 21.26 5.83 25.08 11.66 5.83 26.08 7.81 21.26 14.0 23.77 11.18 5.83 25.08 21.26 14.87 14.87 5.83
26.08 22.36 20.25 8.49 6.71 8.06 18.79 4.12 6.0 17.46 26.08 18.79 8.06 18.79 26.08 0.0 6.71 4.12 26.08 22.36 14.42 12.0 14.42 4.12 0.0 12.0 8.49 22.36 4.12 6.0 17.46 0.0 22.36 6.0 22.36 22.36 17.46 8.06 17.46 22.36 17.46 8.49 18.79 20.25 6.0 20.25 4.12 14.42 20.25 0.0 18.79 6.0 22.0 8.06 17.46 20.25 4.12 6.0 11.7 11.7 20.25
32.76 28.86 26.93 15.0 0.0 12.08 25.5 8.6 12.37 24.04 32.76 25.5 12.08 25.5 32.76 6.71 0.0 8.6 32.76 28.86 21.1 18.25 21.1 8.6 6.71 18.25 15.0 28.86 8.6 12.37 24.04 6.71 28.86 12.37 28.86 28.86 24.04 12.08 24.04 28.86 24.04 15.0 25.5 26.93 12.37 26.93 8.6 21.1 26.93 6.71 25.5 12.37 28.16 12.08 24.04 26.93 8.6 12.37 18.38 18.38 26.93
25.08 23.0 19.31 7.28 8.6 4.0 18.44 0.0 8.06 18.0 25.08 18.44 4.0 18.44 25.08 4.12 8.6 0.0 25.08 23.0 13.6 13.6 13.6 0.0 4.12 13.6 7.28 23.0 0.0 8.06 18.0 4.12 23.0 8.06 23.0 23.0 18.0 4.0 18.0 23.0 18.0 7.28 18.44 19.31 8.06 19.31 0.0 13.6 19.31 4.12 18.44 8.06 23.35 4.0 18.0 19.31 0.0 8.06 12.0 12.0 19.31
0.0 10.0 5.83 17.89 32.76 23.77 7.81 25.08 21.26 11.18 0.0 7.81 23.77 7.81 0.0 26.08 32.76 25.08 0.0 10.0 11.66 17.2 11.66 25.08 26.08 17.2 17.89 10.0 25.08 21.26 11.18 26.08 10.0 21.26 10.0 10.0 11.18 23.77 11.18 10.0 11.18 17.89 7.81 5.83 21.26 5.83 25.08 11.66 5.83 26.08 7.81 21.26 14.0 23.77 11.18 5.83 25.08 21.26 14.87 14.87 5.83
10.0 0.0 8.6 16.12 28.86 23.35 6.4 23.0 16.49 5.0 10.0 6.4 23.35 6.4 10.0 22.36 28.86 23.0 10.0 0.0 10.77 10.77 10.77 23.0 22.36 10.77 16.12 0.0 23.0 16.49 5.0 22.36 0.0 16.49 0.0 0.0 5.0 23.35 5.0 0.0 5.0 16.12 6.4 8.6 16.49 8.6 23.0 10.77 8.6 22.36 6.4 16.49 4.0 23.35 5.0 8.6 23.0 16.49 11.0 11.0 8.6
11.66 10.77 5.83 6.32 21.1 13.0 5.0 13.6 10.0 6.4 11.66 5.0 13.0 5.0 11.66 14.42 21.1 13.6 11.66 10.77 0.0 8.0 0.0 13.6 14.42 8.0 6.32 10.77 13.6 10.0 6.4 14.42 10.77 10.0 10.77 10.77 6.4 13.0 6.4 10.77 6.4 6.32 5.0 5.83 10.0 5.83 13.6 0.0 5.83 14.42 5.0 10.0 12.81 13.0 6.4 5.83 13.6 10.0 4.12 4.12 5.83
17.2 10.77 12.08 8.49 18.25 15.26 9.43 13.6 6.0 6.4 17.2 9.43 15.26 9.43 17.2 12.0 18.25 13.6 17.2 10.77 8.0 0.0 8.0 13.6 12.0 0.0 8.49 10.77 13.6 6.0 6.4 12.0 10.77 6.0 10.77 10.77 6.4 15.26 6.4 10.77 6.4 8.49 9.43 12.08 6.0 12.08 13.6 8.0 12.08 12.0 9.43 6.0 10.0 15.26 6.4 12.08 13.6 6.0 4.12 4.12 12.08
11.66 10.77 5.83 6.32 21.1 13.0 5.0 13.6 10.0 6.4 11.66 5.0 13.0 5.0 11.66 14.42 21.1 13.6 11.66 10.77 0.0 8.0 0.0 13.6 14.42 8.0 6.32 10.77 13.6 10.0 6.4 14.42 10.77 10.0 10.77 10.77 6.4 13.0 6.4 10.77 6.4 6.32 5.0 5.83 10.0 5.83 13.6 0.0 5.83 14.42 5.0 10.0 12.81 13.0 6.4 5.83 13.6 10.0 4.12 4.12 5.83
25.08 23.0 19.31 7.28 8.6 4.0 18.44 0.0 8.06 18.0 25.08 18.44 4.0 18.44 25.08 4.12 8.6 0.0 25.08 23.0 13.6 13.6 13.6 0.0 4.12 13.6 7.28 23.0 0.0 8.06 18.0 4.12 23.0 8.06 23.0 23.0 18.0 4.0 18.0 23.0 18.0 7.28 18.44 19.31 8.06 19.31 0.0 13.6 19.31 4.12 18.44 8.06 23.35 4.0 18.0 19.31 0.0 8.06 12.0 12.0 19.31
26.08 22.36 20.25 8.49 6.71 8.06 18.79 4.12 6.0 17.46 26.08 18.79 8.06 18.79 26.08 0.0 6.71 4.12 26.08 22.36 14.42 12.0 14.42 4.12 0.0 12.0 8.49 22.36 4.12 6.0 17.46 0.0 22.36 6.0 22.36 22.36 17.46 8.06 17.46 22.36 17.46 8.49 18.79 20.25 6.0 20.25 4.12 14.42 20.25 0.0 18.79 6.0 22.0 8.06 17.46 20.25 4.12 6.0 11.7 11.7 20.25
17.2 10.77 12.08 8.49 18.25 15.26 9.43 13.6 6.0 6.4 17.2 9.43 15.26 9.43 17.2 12.0 18.25 13.6 17.2 10.77 8.0 0.0 8.0 13.6 12.0 0.0 8.49 10.77 13.6 6.0 6.4 12.0 10.77 6.0 10.77 10.77 6.4 15.26 6.4 10.77 6.4 8.49 9.43 12.08 6.0 12.08 13.6 8.0 12.08 12.0 9.43 6.0 10.0 15.26 6.4 12.08 13.6 6.0 4.12 4.12 12.08
17.89 16.12 12.08 0.0 15.0 7.28 11.18 7.28 6.0 11.18 17.89 11.18 7.28 11.18 17.89 8.49 15.0 7.28 17.89 16.12 6.32 8.49 6.32 7.28 8.49 8.49 0.0 16.12 7.28 6.0 11.18 8.49 16.12 6.0 16.12 16.12 11.18 7.28 11.18 16.12 11.18 0.0 11.18 12.08 6.0 12.08 7.28 6.32 12.08 8.49 11.18 6.0 17.09 7.28 11.18 12.08 7.28 6.0 5.39 5.39 12.08
10.0 0.0 8.6 16.12 28.86 23.35 6.4 23.0 16.49 5.0 10.0 6.4 23.35 6.4 10.0 22.36 28.86 23.0 10.0 0.0 10.77 10.77 10.77 23.0 22.36 10.77 16.12 0.0 23.0 16.49 5.0 22.36 0.0 16.49 0.0 0.0 5.0 23.35 5.0 0.0 5.0 16.12 6.4 8.6 16.49 8.6 23.0 10.77 8.6 22.36 6.4 16.49 4.0 23.35 5.0 8.6 23.0 16.49 11.0 11.0 8.6
25.08 23.0 19.31 7.28 8.6 4.0 18.44 0.0 8.06 18.0 25.08 18.44 4.0 18.44 25.08 4.12 8.6 0.0 25.08 23.0 13.6 13.6 13.6 0.0 4.12 13.6 7.28 23.0 0.0 8.06 18.0 4.12 23.0 8.06 23.0 23.0 18.0 4.0 18.0 23.0 18.0 7.28 18.44 19.31 8.06 19.31 0.0 13.6 19.31 4.12 18.44 8.06 23.35 4.0 18.0 19.31 0.0 8.06 12.0 12.0 19.31
21.26 16.49 15.56 6.0 12.37 10.63 13.6 8.06 0.0 11.7 21.26 13.6 10.63 13.6 21.26 6.0 12.37 8.06 21.26 16.49 10.0 6.0 10.0 8.06 6.0 6.0 6.0 16.49 8.06 0.0 11.7 6.0 16.49 0.0 16.49 16.49 11.7 10.63 11.7 16.49 11.7 6.0 13.6 15.56 0.0 15.56 8.06 10.0 15.56 6.0 13.6 0.0 16.0 10.63 11.7 15.56 8.06 0.0 6.4 6.4 15.56
11.18 5.0 7.0 11.18 24.04 18.44 4.0 18.0 11.7 0.0 11.18 4.0 18.44 4.0 11.18 17.46 24.04 18.0 11.18 5.0 6.4 6.4 6.4 18.0 17.46 6.4 11.18 5.0 18.0 11.7 0.0 17.46 5.0 11.7 5.0 5.0 0.0 18.44 0.0 5.0 0.0 11.18 4.0 7.0 11.7 7.0 18.0 6.4 7.0 17.46 4.0 11.7 6.4 18.44 0.0 7.0 18.0 11.7 6.0 6.0 7.0
26.08 22.36 20.25 8.49 6.71 8.06 18.79 4.12 6.0 17.46 26.08 18.79 8.06 18.79 26.08 0.0 6.71 4.12 26.08 22.36 14.42 12.0 14.42 4.12 0.0 12.0 8.49 22.36 4.12 6.0 17.46 0.0 22.36 6.0 22.36 22.36 17.46 8.06 17.46 22.36 17.46 8.49 18.79 20.25 6.0 20.25 4.12 14.42 20.25 0.0 18.79 6.0 22.0 8.06 17.46 20.25 4.12 6.0 11.7 11.7 20.25
10.0 0.0 8.6 16.12 28.86 23.35 6.4 23.0 16.49 5.0 10.0 6.4 23.35 6.4 10.0 22.36 28.86 23.0 10.0 0.0 10.77 10.77 10.77 23.0 22.36 10.77 16.12 0.0 23.0 16.49 5.0 22.36 0.0 16.49 0.0 0.0 5.0 23.35 5.0 0.0 5.0 16.12 6.4 8.6 16.49 8.6 23.0 10.77 8.6 22.36 6.4 16.49 4.0 23.35 5.0 8.6 23.0 16.49 11.0 11.0 8.6
21.26 16.49 15.56 6.0 12.37 10.63 13.6 8.06 0.0 11.7 21.26 13.6 10.63 13.6 21.26 6.0 12.37 8.06 21.26 16.49 10.0 6.0 10.0 8.06 6.0 6.0 6.0 16.49 8.06 0.0 11.7 6.0 16.49 0.0 16.49 16.49 11.7 10.63 11.7 16.49 11.7 6.0 13.6 15.56 0.0 15.56 8.06 10.0 15.56 6.0 13.6 0.0 16.0 10.63 11.7 15.56 8.06 0.0 6.4 6.4 15.56
10.0 0.0 8.6 16.12 28.86 23.35 6.4 23.0 16.49 5.0 10.0 6.4 23.35 6.4 10.0 22.36 28.86 23.0 10.0 0.0 10.77 10.77 10.77 23.0 22.36 10.77 16.12 0.0 23.0 16.49 5.0 22.36 0.0 16.49 0.0 0.0 5.0 23.35 5.0 0.0 5.0 16.12 6.4 8.6 16.49 8.6 23.0 10.77 8.6 22.36 6.4 16.49 4.0 23.35 5.0 8.6 23.0 16.49 11.0 11.0 8.6
10.0 0.0 8.6 16.12 28.86 23.35 6.4 23.0 16.49 5.0 10.0 6.4 23.35 6.4 10.0 22.36 28.86 23.0 10.0 0.0 10.77 10.77 10.77 23.0 22.36 10.77 16.12 0.0 23.0 16.49 5.0 22.36 0.0 16.49 0.0 0.0 5.0 23.35 5.0 0.0 5.0 16.12 6.4 8.6 16.49 8.6 23.0 10.77 8.6 22.36 6.4 16.49 4.0 23.35 5.0 8.6 23.0 16.49 11.0 11.0 8.6
11.18 5.0 7.0 11.18 24.04 18.44 4.0 18.0 11.7 0.0 11.18 4.0 18.44 4.0 11.18 17.46 24.04 18.0 11.18 5.0 6.4 6.4 6.4 18.0 17.46 6.4 11.18 5.0 18.0 11.7 0.0 17.46 5.0 11.7 5.0 5.0 0.0 18.44 0.0 5.0 0.0 11.18 4.0 7.0 11.7 7.0 18.0 6.4 7.0 17.46 4.0 11.7 6.4 18.44 0.0 7.0 18.0 11.7 6.0 6.0 7.0
23.77 23.35 18.25 7.28 12.08 0.0 18.0 4.0 10.63 18.44 23.77 18.0 0.0 18.0 23.77 8.06 12.08 4.0 23.77 23.35 13.0 15.26 13.0 4.0 8.06 15.26 7.28 23.35 4.0 10.63 18.44 8.06 23.35 10.63 23.35 23.35 18.44 0.0 18.44 23.35 18.44 7.28 18.0 18.25 10.63 18.25 4.0 13.0 18.25 8.06 18.0 10.63 24.35 0.0 18.44 18.25 4.0 10.63 12.65 12.65 18.25
11.18 5.0 7.0 11.18 24.04 18.44 4.0 18.0 11.7 0.0 11.18 4.0 18.44 4.0 11.18 17.46 24.04 18.0 11.18 5.0 6.4 6.4 6.4 18.0 17.46 6.4 11.18 5.0 18.0 11.7 0.0 17.46 5.0 11.7 5.0 5.0 0.0 18.44 0.0 5.0 0.0 11.18 4.0 7.0 11.7 7.0 18.0 6.4 7.0 17.46 4.0 11.7 6.4 18.44 0.0 7.0 18.0 11.7 6.0 6.0 7.0
10.0 0.0 8.6 16.12 28.86 23.35 6.4 23.0 16.49 5.0 10.0 6.4 23.35 6.4 10.0 22.36 28.86 23.0 10.0 0.0 10.77 10.77 10.77 23.0 22.36 10.77 16.12 0.0 23.0 16.49 5.0 22.36 0.0 16.49 0.0 0.0 5.0 23.35 5.0 0.0 5.0 16.12 6.4 8.6 16.49 8.6 23.0 10.77 8.6 22.36 6.4 16.49 4.0 23.35 5.0 8.6 23.0 16.49 11.0 11.0 8.6
11.18 5.0 7.0 11.18 24.04 18.44 4.0 18.0 11.7 0.0 11.18 4.0 18.44 4.0 11.18 17.46 24.04 18.0 11.18 5.0 6.4 6.4 6.4 18.0 17.46 6.4 11.18 5.0 18.0 11.7 0.0 17.46 5.0 11.7 5.0 5.0 0.0 18.44 0.0 5.0 0.0 11.18 4.0 7.0 11.7 7.0 18.0 6.4 7.0 17.46 4.0 11.7 6.4 18.44 0.0 7.0 18.0 11.7 6.0 6.0 7.0
17.89 16.12 12.08 0.0 15.0 7.28 11.18 7.28 6.0 11.18 17.89 11.18 7.28 11.18 17.89 8.49 15.0 7.28 17.89 16.12 6.32 8.49 6.32 7.28 8.49 8.49 0.0 16.12 7.28 6.0 11.18 8.49 16.12 6.0 16.12 16.12 11.18 7.28 11.18 16.12 11.18 0.0 11.18 12.08 6.0 12.08 7.28 6.32 12.08 8.49 11.18 6.0 17.09 7.28 11.18 12.08 7.28 6.0 5.39 5.39 12.08
7.81 6.4 3.0 11.18 25.5 18.0 0.0 18.44 13.6 4.0 7.81 0.0 18.0 0.0 7.81 18.79 25.5 18.44 7.81 6.4 5.0 9.43 5.0 18.44 18.79 9.43 11.18 6.4 18.44 13.6 4.0 18.79 6.4 13.6 6.4 6.4 4.0 18.0 4.0 6.4 4.0 11.18 0.0 3.0 13.6 3.0 18.44 5.0 3.0 18.79 0.0 13.6 9.43 18.0 4.0 3.0 18.44 13.6 7.21 7.21 3.0
5.83 8.6 0.0 12.08 26.93 18.25 3.0 19.31 15.56 7.0 5.83 3.0 18.25 3.0 5.83 20.25 26.93 19.31 5.83 8.6 5.83 12.08 5.83 19.31 20.25 12.08 12.08 8.6 19.31 15.56 7.0 20.25 8.6 15.56 8.6 8.6 7.0 18.25 7.0 8.6 7.0 12.08 3.0 0.0 15.56 0.0 19.31 5.83 0.0 20.25 3.0 15.56 12.08 18.25 7.0 0.0 19.31 15.56 9.22 9.22 0.0
21.26 16.49 15.56 6.0 12.37 10.63 13.6 8.06 0.0 11.7 21.26 13.6 10.63 13.6 21.26 6.0 12.37 8.06 21.26 16.49 10.0 6.0 10.0 8.06 6.0 6.0 6.0 16.49 8.06 0.0 11.7 6.0 16.49 0.0 16.49 16.49 11.7 10.63 11.7 16.49 11.7 6.0 13.6 15.56 0.0 15.56 8.06 10.0 15.56 6.0 13.6 0.0 16.0 10.63 11.7 15.56 8.06 0.0 6.4 6.4 15.56
5.83 8.6 0.0 12.08 26.93 18.25 3.0 19.31 15.56 7.0 5.83 3.0 18.25 3.0 5.83 20.25 26.93 19.31 5.83 8.6 5.83 12.08 5.83 19.31 20.25 12.08 12.08 8.6 19.31 15.56 7.0 20.25 8.6 15.56 8.6 8.6 7.0 18.25 7.0 8.6 7.0 12.08 3.0 0.0 15.56 0.0 19.31 5.83 0.0 20.25 3.0 15.56 12.08 18.25 7.0 0.0 19.31 15.56 9.22 9.22 0.0
25.08 23.0 19.31 7.28 8.6 4.0 18.44 0.0 8.06 18.0 25.08 18.44 4.0 18.44 25.08 4.12 8.6 0.0 25.08 23.0 13.6 13.6 13.6 0.0 4.12 13.6 7.28 23.0 0.0 8.06 18.0 4.12 23.0 8.06 23.0 23.0 18.0 4.0 18.0 23.0 18.0 7.28 18.44 19.31 8.06 19.31 0.0 13.6 19.31 4.12 18.44 8.06 23.35 4.0 18.0 19.31 0.0 8.06 12.0 12.0 19.31
11.66 10.77 5.83 6.32 21.1 13.0 5.0 13.6 10.0 6.4 11.66 5.0 13.0 5.0 11.66 14.42 21.1 13.6 11.66 10.77 0.0 8.0 0.0 13.6 14.42 8.0 6.32 10.77 13.6 10.0 6.4 14.42 10.77 10.0 10.77 10.77 6.4 13.0 6.4 10.77 6.4 6.32 5.0 5.83 10.0 5.83 13.6 0.0 5.83 14.42 5.0 10.0 12.81 13.0 6.4 5.83 13.6 10.0 4.12 4.12 5.83
5.83 8.6 0.0 12.08 26.93 18.25 3.0 19.31 15.56 7.0 5.83 3.0 18.25 3.0 5.83 20.25 26.93 19.31 5.83 8.6 5.83 12.08 5.83 19.31 20.25 12.08 12.08 8.6 19.31 15.56 7.0 20.25 8.6 15.56 8.6 8.6 7.0 18.25 7.0 8.6 7.0 12.08 3.0 0.0 15.56 0.0 19.31 5.83 0.0 20.25 3.0 15.56 12.08 18.25 7.0 0.0 19.31 15.56 9.22 9.22 0.0
26.08 22.36 20.25 8.49 6.71 8.06 18.79 4.12 6.0 17.46 26.08 18.79 8.06 18.79 26.08 0.0 6.71 4.12 26.08 22.36 14.42 12.0 14.42 4.12 0.0 12.0 8.49 22.36 4.12 6.0 17.46 0.0 22.36 6.0 22.36 22.36 17.46 8.06 17.46 22.36 17.46 8.49 18.79 20.25 6.0 20.25 4.12 14.42 20.25 0.0 18.79 6.0 22.0 8.06 17.46 20.25 4.12 6.0 11.7 11.7 20.25
7.81 6.4 3.0 11.18 25.5 18.0 0.0 18.44 13.6 4.0 7.81 0.0 18.0 0.0 7.81 18.79 25.5 18.44 7.81 6.4 5.0 9.43 5.0 18.44 18.79 9.43 11.18 6.4 18.44 13.6 4.0 18.79 6.4 13.6 6.4 6.4 4.0 18.0 4.0 6.4 4.0 11.18 0.0 3.0 13.6 3.0 18.44 5.0 3.0 18.79 0.0 13.6 9.43 18.0 4.0 3.0 18.44 13.6 7.21 7.21 3.0
21.26 16.49 15.56 6.0 12.37 10.63 13.6 8.06 0.0 11.7 21.26 13.6 10.63 13.6 21.26 6.0 12.37 8.06 21.26 16.49 10.0 6.0 10.0 8.06 6.0 6.0 6.0 16.49 8.06 0.0 11.7 6.0 16.49 0.0 16.49 16.49 11.7 10.63 11.7 16.49 11.7 6.0 13.6 15.56 0.0 15.56 8.06 10.0 15.56 6.0 13.6 0.0 16.0 10.63 11.7 15.56 8.06 0.0 6.4 6.4 15.56
14.0 4.0 12.08 17.09 28.16 24.35 9.43 23.35 16.0 6.4 14.0 9.43 24.35 9.43 14.0 22.0 28.16 23.35 14.0 4.0 12.81 10.0 12.81 23.35 22.0 10.0 17.09 4.0 23.35 16.0 6.4 22.0 4.0 16.0 4.0 4.0 6.4 24.35 6.4 4.0 6.4 17.09 9.43 12.08 16.0 12.08 23.35 12.81 12.08 22.0 9.43 16.0 0.0 24.35 6.4 12.08 23.35 16.0 11.7 11.7 12.08
23.77 23.35 18.25 7.28 12.08 0.0 18.0 4.0 10.63 18.44 23.77 18.0 0.0 18.0 23.77 8.06 12.08 4.0 23.77 23.35 13.0 15.26 13.0 4.0 8.06 15.26 7.28 23.35 4.0 10.63 18.44 8.06 23.35 10.63 23.35 23.35 18.44 0.0 18.44 23.35 18.44 7.28 18.0 18.25 10.63 18.25 4.0 13.0 18.25 8.06 18.0 10.63 24.35 0.0 18.44 18.25 4.0 10.63 12.65 12.65 18.25
11.18 5.0 7.0 11.18 24.04 18.44 4.0 18.0 11.7 0.0 11.18 4.0 18.44 4.0 11.18 17.46 24.04 18.0 11.18 5.0 6.4 6.4 6.4 18.0 17.46 6.4 11.18 5.0 18.0 11.7 0.0 17.46 5.0 11.7 5.0 5.0 0.0 18.44 0.0 5.0 0.0 11.18 4.0 7.0 11.7 7.0 18.0 6.4 7.0 17.46 4.0 11.7 6.4 18.44 0.0 7.0 18.0 11.7 6.0 6.0 7.0
5.83 8.6 0.0 12.08 26.93 18.25 3.0 19.31 15.56 7.0 5.83 3.0 18.25 3.0 5.83 20.25 26.93 19.31 5.83 8.6 5.83 12.08 5.83 19.31 20.25 12.08 12.08 8.6 19.31 15.56 7.0 20.25 8.6 15.56 8.6 8.6 7.0 18.25 7.0 8.6 7.0 12.08 3.0 0.0 15.56 0.0 19.31 5.83 0.0 20.25 3.0 15.56 12.08 18.25 7.0 0.0 19.31 15.56 9.22 9.22 0.0
25.08 23.0 19.31 7.28 8.6 4.0 18.44 0.0 8.06 18.0 25.08 18.44 4.0 18.44 25.08 4.12 8.6 0.0 25.08 23.0 13.6 13.6 13.6 0.0 4.12 13.6 7.28 23.0 0.0 8.06 18.0 4.12 23.0 8.06 23.0 23.0 18.0 4.0 18.0 23.0 18.0 7.28 18.44 19.31 8.06 19.31 0.0 13.6 19.31 4.12 18.44 8.06 23.35 4.0 18.0 19.31 0.0 8.06 12.0 12.0 19.31
21.26 16.49 15.56 6.0 12.37 10.63 13.6 8.06 0.0 11.7 21.26 13.6 10.63 13.6 21.26 6.0 12.37 8.06 21.26 16.49 10.0 6.0 10.0 8.06 6.0 6.0 6.0 16.49 8.06 0.0 11.7 6.0 16.49 0.0 16.49 16.49 11.7 10.63 11.7 16.49 11.7 6.0 13.6 15.56 0.0 15.56 8.06 10.0 15.56 6.0 13.6 0.0 16.0 10.63 11.7 15.56 8.06 0.0 6.4 6.4 15.56
14.87 11.0 9.22 5.39 18.38 12.65 7.21 12.0 6.4 6.0 14.87 7.21 12.65 7.21 14.87 11.7 18.38 12.0 14.87 11.0 4.12 4.12 4.12 12.0 11.7 4.12 5.39 11.0 12.0 6.4 6.0 11.7 11.0 6.4 11.0 11.0 6.0 12.65 6.0 11.0 6.0 5.39 7.21 9.22 6.4 9.22 12.0 4.12 9.22 11.7 7.21 6.4 11.7 12.65 6.0 9.22 12.0 6.4 0.0 0.0 9.22
14.87 11.0 9.22 5.39 18.38 12.65 7.21 12.0 6.4 6.0 14.87 7.21 12.65 7.21 14.87 11.7 18.38 12.0 14.87 11.0 4.12 4.12 4.12 12.0 11.7 4.12 5.39 11.0 12.0 6.4 6.0 11.7 11.0 6.4 11.0 11.0 6.0 12.65 6.0 11.0 6.0 5.39 7.21 9.22 6.4 9.22 12.0 4.12 9.22 11.7 7.21 6.4 11.7 12.65 6.0 9.22 12.0 6.4 0.0 0.0 9.22
5.83 8.6 0.0 12.08 26.93 18.25 3.0 19.31 15.56 7.0 5.83 3.0 18.25 3.0 5.83 20.25 26.93 19.31 5.83 8.6 5.83 12.08 5.83 19.31 20.25 12.08 12.08 8.6 19.31 15.56 7.0 20.25 8.6 15.56 8.6 8.6 7.0 18.25 7.0 8.6 7.0 12.08 3.0 0.0 15.56 0.0 19.31 5.83 0.0 20.25 3.0 15.56 12.08 18.25 7.0 0.0 19.31 15.56 9.22 9.22 0.0
