0.0 14.85 12.09 10.92 2.12 10.92 8.08 12.09 6.71 14.23 12.09 3.35 13.58 0.0 15.66 20.12 2.12 14.23 14.85 20.12 14.23 14.77 3.35 13.42 12.09 6.71 9.0 14.23 2.12 8.08 12.09 5.41 14.77 14.23 9.0 3.35 14.77 13.42 5.41 4.5 13.42
14.85 0.0 4.5 7.5 12.73 7.5 8.08 4.5 14.23 15.3 4.5 16.22 9.49 14.85 15.66 20.89 12.73 15.3 0.0 20.89 15.3 5.41 16.22 4.74 4.5 14.23 10.61 15.3 12.73 8.08 4.5 9.6 5.41 15.3 10.61 18.06 5.41 4.74 9.6 12.09 4.74
12.09 4.5 0.0 8.75 10.06 8.75 7.65 0.0 13.5 10.92 6.36 14.23 5.41 12.09 11.42 16.77 10.06 10.92 4.5 16.77 10.92 3.0 14.23 1.5 6.36 13.5 6.18 10.92 10.06 7.65 0.0 7.65 3.0 10.92 6.18 15.44 3.0 1.5 7.65 8.49 1.5
10.92 7.5 8.75 0.0 9.12 0.0 3.0 8.75 7.5 18.31 3.0 10.82 13.83 10.92 19.21 24.6 9.12 18.31 7.5 24.6 18.31 11.42 10.82 10.06 3.0 7.5 12.09 18.31 9.12 3.0 8.75 6.0 11.42 18.31 12.09 13.42 11.42 10.06 6.0 10.61 10.06
2.12 12.73 10.06 9.12 0.0 9.12 6.18 10.06 6.36 13.42 10.06 4.5 12.0 2.12 14.77 19.56 0.0 13.42 12.73 19.56 13.42 12.82 4.5 11.42 10.06 6.36 7.65 13.42 0.0 6.18 10.06 3.35 12.82 13.42 7.65 5.41 12.82 11.42 3.35 3.35 11.42
10.92 7.5 8.75 0.0 9.12 0.0 3.0 8.75 7.5 18.31 3.0 10.82 13.83 10.92 19.21 24.6 9.12 18.31 7.5 24.6 18.31 11.42 10.82 10.06 3.0 7.5 12.09 18.31 9.12 3.0 8.75 6.0 11.42 18.31 12.09 13.42 11.42 10.06 6.0 10.61 10.06
8.08 8.08 7.65 3.0 6.18 3.0 0.0 7.65 6.18 15.95 4.24 8.49 12.09 8.08 16.97 22.3 6.18 15.95 8.08 22.3 15.95 10.61 8.49 9.12 4.24 6.18 9.6 15.95 6.18 0.0 7.65 3.0 10.61 15.95 9.6 10.82 10.61 9.12 3.0 7.65 9.12
12.09 4.5 0.0 8.75 10.06 8.75 7.65 0.0 13.5 10.92 6.36 14.23 5.41 12.09 11.42 16.77 10.06 10.92 4.5 16.77 10.92 3.0 14.23 1.5 6.36 13.5 6.18 10.92 10.06 7.65 0.0 7.65 3.0 10.92 6.18 15.44 3.0 1.5 7.65 8.49 1.5
6.71 14.23 13.5 7.5 6.36 7.5 6.18 13.5 0.0 19.56 10.06 4.5 17.1 6.71 20.84 25.81 6.36 19.56 14.23 25.81 19.56 16.5 4.5 15.0 10.06 0.0 13.42 19.56 6.36 6.18 13.5 6.18 16.5 19.56 13.42 7.5 16.5 15.0 6.18 9.6 15.0
14.23 15.3 10.92 18.31 13.42 18.31 15.95 10.92 19.56 0.0 16.77 17.56 6.0 14.23 1.5 6.36 13.42 0.0 15.3 6.36 0.0 10.5 17.56 10.61 16.77 19.56 6.36 0.0 13.42 15.95 10.92 13.83 10.5 0.0 6.36 16.77 10.5 10.61 13.83 10.06 10.61
12.09 4.5 6.36 3.0 10.06 3.0 4.24 6.36 10.06 16.77 0.0 12.73 11.72 12.09 17.49 22.9 10.06 16.77 4.5 22.9 16.77 8.75 12.73 7.5 0.0 10.06 10.92 16.77 10.06 4.24 6.36 6.71 8.75 16.77 10.92 15.0 8.75 7.5 6.71 10.61 7.5
3.35 16.22 14.23 10.82 4.5 10.82 8.49 14.23 4.5 17.56 12.73 0.0 16.5 3.35 18.97 23.48 4.5 17.56 16.22 23.48 17.56 17.1 0.0 15.66 12.73 4.5 12.09 17.56 4.5 8.49 14.23 6.71 17.1 17.56 12.09 3.0 17.1 15.66 6.71 7.65 15.66
13.58 9.49 5.41 13.83 12.0 13.83 12.09 5.41 17.1 6.0 11.72 16.5 0.0 13.58 6.18 11.42 12.0 6.0 9.49 11.42 6.0 4.5 16.5 4.74 11.72 17.1 4.74 6.0 12.0 12.09 5.41 10.92 4.5 6.0 4.74 16.77 4.5 4.74 10.92 9.12 4.74
0.0 14.85 12.09 10.92 2.12 10.92 8.08 12.09 6.71 14.23 12.09 3.35 13.58 0.0 15.66 20.12 2.12 14.23 14.85 20.12 14.23 14.77 3.35 13.42 12.09 6.71 9.0 14.23 2.12 8.08 12.09 5.41 14.77 14.23 9.0 3.35 14.77 13.42 5.41 4.5 13.42
15.66 15.66 11.42 19.21 14.77 19.21 16.97 11.42 20.84 1.5 17.49 18.97 6.18 15.66 0.0 5.41 14.77 1.5 15.66 5.41 1.5 10.61 18.97 10.92 17.49 20.84 7.5 1.5 14.77 16.97 11.42 15.0 10.61 1.5 7.5 18.25 10.61 10.92 15.0 11.42 10.92
20.12 20.89 16.77 24.6 19.56 24.6 22.3 16.77 25.81 6.36 22.9 23.48 11.42 20.12 5.41 0.0 19.56 6.36 20.89 0.0 6.36 15.66 23.48 16.16 22.9 25.81 12.73 6.36 19.56 22.3 16.77 20.18 15.66 6.36 12.73 22.3 15.66 16.16 20.18 16.22 16.16
2.12 12.73 10.06 9.12 0.0 9.12 6.18 10.06 6.36 13.42 10.06 4.5 12.0 2.12 14.77 19.56 0.0 13.42 12.73 19.56 13.42 12.82 4.5 11.42 10.06 6.36 7.65 13.42 0.0 6.18 10.06 3.35 12.82 13.42 7.65 5.41 12.82 11.42 3.35 3.35 11.42
14.23 15.3 10.92 18.31 13.42 18.31 15.95 10.92 19.56 0.0 16.77 17.56 6.0 14.23 1.5 6.36 13.42 0.0 15.3 6.36 0.0 10.5 17.56 10.61 16.77 19.56 6.36 0.0 13.42 15.95 10.92 13.83 10.5 0.0 6.36 16.77 10.5 10.61 13.83 10.06 10.61
14.85 0.0 4.5 7.5 12.73 7.5 8.08 4.5 14.23 15.3 4.5 16.22 9.49 14.85 15.66 20.89 12.73 15.3 0.0 20.89 15.3 5.41 16.22 4.74 4.5 14.23 10.61 15.3 12.73 8.08 4.5 9.6 5.41 15.3 10.61 18.06 5.41 4.74 9.6 12.09 4.74
20.12 20.89 16.77 24.6 19.56 24.6 22.3 16.77 25.81 6.36 22.9 23.48 11.42 20.12 5.41 0.0 19.56 6.36 20.89 0.0 6.36 15.66 23.48 16.16 22.9 25.81 12.73 6.36 19.56 22.3 16.77 20.18 15.66 6.36 12.73 22.3 15.66 16.16 20.18 16.22 16.16
14.23 15.3 10.92 18.31 13.42 18.31 15.95 10.92 19.56 0.0 16.77 17.56 6.0 14.23 1.5 6.36 13.42 0.0 15.3 6.36 0.0 10.5 17.56 10.61 16.77 19.56 6.36 0.0 13.42 15.95 10.92 13.83 10.5 0.0 6.36 16.77 10.5 10.61 13.83 10.06 10.61
14.77 5.41 3.0 11.42 12.82 11.42 10.61 3.0 16.5 10.5 8.75 17.1 4.5 14.77 10.61 15.66 12.82 10.5 5.41 15.66 10.5 0.0 17.1 1.5 8.75 16.5 7.5 10.5 12.82 10.61 3.0 10.61 0.0 10.5 7.5 18.12 0.0 1.5 10.61 10.82 1.5
3.35 16.22 14.23 10.82 4.5 10.82 8.49 14.23 4.5 17.56 12.73 0.0 16.5 3.35 18.97 23.48 4.5 17.56 16.22 23.48 17.56 17.1 0.0 15.66 12.73 4.5 12.09 17.56 4.5 8.49 14.23 6.71 17.1 17.56 12.09 3.0 17.1 15.66 6.71 7.65 15.66
13.42 4.74 1.5 10.06 11.42 10.06 9.12 1.5 15.0 10.61 7.5 15.66 4.74 13.42 10.92 16.16 11.42 10.61 4.74 16.16 10.61 1.5 15.66 0.0 7.5 15.0 6.71 10.61 11.42 9.12 1.5 9.12 1.5 10.61 6.71 16.77 1.5 0.0 9.12 9.6 0.0
12.09 4.5 6.36 3.0 10.06 3.0 4.24 6.36 10.06 16.77 0.0 12.73 11.72 12.09 17.49 22.9 10.06 16.77 4.5 22.9 16.77 8.75 12.73 7.5 0.0 10.06 10.92 16.77 10.06 4.24 6.36 6.71 8.75 16.77 10.92 15.0 8.75 7.5 6.71 10.61 7.5
6.71 14.23 13.5 7.5 6.36 7.5 6.18 13.5 0.0 19.56 10.06 4.5 17.1 6.71 20.84 25.81 6.36 19.56 14.23 25.81 19.56 16.5 4.5 15.0 10.06 0.0 13.42 19.56 6.36 6.18 13.5 6.18 16.5 19.56 13.42 7.5 16.5 15.0 6.18 9.6 15.0
9.0 10.61 6.18 12.09 7.65 12.09 9.6 6.18 13.42 6.36 10.92 12.09 4.74 9.0 7.5 12.73 7.65 6.36 10.61 12.73 6.36 7.5 12.09 6.71 10.92 13.42 0.0 6.36 7.65 9.6 6.18 7.5 7.5 6.36 0.0 12.09 7.5 6.71 7.5 4.5 6.71
14.23 15.3 10.92 18.31 13.42 18.31 15.95 10.92 19.56 0.0 16.77 17.56 6.0 14.23 1.5 6.36 13.42 0.0 15.3 6.36 0.0 10.5 17.56 10.61 16.77 19.56 6.36 0.0 13.42 15.95 10.92 13.83 10.5 0.0 6.36 16.77 10.5 10.61 13.83 10.06 10.61
2.12 12.73 10.06 9.12 0.0 9.12 6.18 10.06 6.36 13.42 10.06 4.5 12.0 2.12 14.77 19.56 0.0 13.42 12.73 19.56 13.42 12.82 4.5 11.42 10.06 6.36 7.65 13.42 0.0 6.18 10.06 3.35 12.82 13.42 7.65 5.41 12.82 11.42 3.35 3.35 11.42
8.08 8.08 7.65 3.0 6.18 3.0 0.0 7.65 6.18 15.95 4.24 8.49 12.09 8.08 16.97 22.3 6.18 15.95 8.08 22.3 15.95 10.61 8.49 9.12 4.24 6.18 9.6 15.95 6.18 0.0 7.65 3.0 10.61 15.95 9.6 10.82 10.61 9.12 3.0 7.65 9.12
12.09 4.5 0.0 8.75 10.06 8.75 7.65 0.0 13.5 10.92 6.36 14.23 5.41 12.09 11.42 16.77 10.06 10.92 4.5 16.77 10.92 3.0 14.23 1.5 6.36 13.5 6.18 10.92 10.06 7.65 0.0 7.65 3.0 10.92 6.18 15.44 3.0 1.5 7.65 8.49 1.5
5.41 9.6 7.65 6.0 3.35 6.0 3.0 7.65 6.18 13.83 6.71 6.71 10.92 5.41 15.0 20.18 3.35 13.83 9.6 20.18 13.83 10.61 6.71 9.12 6.71 6.18 7.5 13.83 3.35 3.0 7.65 0.0 10.61 13.83 7.5 8.49 10.61 9.12 0.0 4.74 9.12
14.77 5.41 3.0 11.42 12.82 11.42 10.61 3.0 16.5 10.5 8.75 17.1 4.5 14.77 10.61 15.66 12.82 10.5 5.41 15.66 10.5 0.0 17.1 1.5 8.75 16.5 7.5 10.5 12.82 10.61 3.0 10.61 0.0 10.5 7.5 18.12 0.0 1.5 10.61 10.82 1.5
14.23 15.3 10.92 18.31 13.42 18.31 15.95 10.92 19.56 0.0 16.77 17.56 6.0 14.23 1.5 6.36 13.42 0.0 15.3 6.36 0.0 10.5 17.56 10.61 16.77 19.56 6.36 0.0 13.42 15.95 10.92 13.83 10.5 0.0 6.36 16.77 10.5 10.61 13.83 10.06 10.61
9.0 10.61 6.18 12.09 7.65 12.09 9.6 6.18 13.42 6.36 10.92 12.09 4.74 9.0 7.5 12.73 7.65 6.36 10.61 12.73 6.36 7.5 12.09 6.71 10.92 13.42 0.0 6.36 7.65 9.6 6.18 7.5 7.5 6.36 0.0 12.09 7.5 6.71 7.5 4.5 6.71
3.35 18.06 15.44 13.42 5.41 13.42 10.82 15.44 7.5 16.77 15.0 3.0 16.77 3.35 18.25 22.3 5.41 16.77 18.06 22.3 16.77 18.12 3.0 16.77 15.0 7.5 12.09 16.77 5.41 10.82 15.44 8.49 18.12 16.77 12.09 0.0 18.12 16.77 8.49 7.65 16.77
14.77 5.41 3.0 11.42 12.82 11.42 10.61 3.0 16.5 10.5 8.75 17.1 4.5 14.77 10.61 15.66 12.82 10.5 5.41 15.66 10.5 0.0 17.1 1.5 8.75 16.5 7.5 10.5 12.82 10.61 3.0 10.61 0.0 10.5 7.5 18.12 0.0 1.5 10.61 10.82 1.5
13.42 4.74 1.5 10.06 11.42 10.06 9.12 1.5 15.0 10.61 7.5 15.66 4.74 13.42 10.92 16.16 11.42 10.61 4.74 16.16 10.61 1.5 15.66 0.0 7.5 15.0 6.71 10.61 11.42 9.12 1.5 9.12 1.5 10.61 6.71 16.77 1.5 0.0 9.12 9.6 0.0
5.41 9.6 7.65 6.0 3.35 6.0 3.0 7.65 6.18 13.83 6.71 6.71 10.92 5.41 15.0 20.18 3.35 13.83 9.6 20.18 13.83 10.61 6.71 9.12 6.71 6.18 7.5 13.83 3.35 3.0 7.65 0.0 10.61 13.83 7.5 8.49 10.61 9.12 0.0 4.74 9.12
4.5 12.09 8.49 10.61 3.35 10.61 7.65 8.49 9.6 10.06 10.61 7.65 9.12 4.5 11.42 16.22 3.35 10.06 12.09 16.22 10.06 10.82 7.65 9.6 10.61 9.6 4.5 10.06 3.35 7.65 8.49 4.74 10.82 10.06 4.5 7.65 10.82 9.6 4.74 0.0 9.6
13.42 4.74 1.5 10.06 11.42 10.06 9.12 1.5 15.0 10.61 7.5 15.66 4.74 13.42 10.92 16.16 11.42 10.61 4.74 16.16 10.61 1.5 15.66 0.0 7.5 15.0 6.71 10.61 11.42 9.12 1.5 9.12 1.5 10.61 6.71 16.77 1.5 0.0 9.12 9.6 0.0
