0.0 15.66 6.71 9.0 9.0 12.09 3.35 2.12 13.42 14.85 13.58 3.35 3.0 8.08 10.92 5.41 0.0 2.12 15.66 8.08 3.35 6.71 12.09 0.0 6.71 14.23 10.92 8.08 8.08 13.42 13.42 10.92 14.23 12.09 14.77 14.85 14.77 13.42 2.12 3.35 10.92 14.23 12.09 9.0 14.85 15.66 20.12 6.71 14.85 15.66 20.12 9.0 4.5 12.09 15.66 13.58 0.0 12.09 2.12 12.09 0.0 13.58 4.5 14.77 8.08 3.35 20.12 14.23 9.0 14.85 9.0 8.08 3.35 10.92 3.35 3.35 14.85 12.09 6.71 9.0 9.0 6.71 14.77 12.09 3.35 6.71 13.42 3.35 4.5 8.08 4.5 14.85 15.66 0.0 12.09 3.35 14.77 9.0 6.71 10.92 4.5
15.66 0.0 20.84 7.5 7.5 17.49 18.25 14.77 10.92 15.66 6.18 18.25 12.82 16.97 19.21 15.0 15.66 14.77 0.0 16.97 18.12 20.84 17.49 15.66 20.84 1.5 19.21 16.97 16.97 10.92 10.92 19.21 1.5 17.49 10.61 15.66 10.61 10.92 14.77 18.97 19.21 1.5 17.49 7.5 15.66 0.0 5.41 20.84 15.66 0.0 5.41 7.5 11.42 11.42 0.0 6.18 15.66 17.49 14.77 11.42 15.66 6.18 11.42 10.61 16.97 18.12 5.41 1.5 7.5 15.66 7.5 16.97 18.25 19.21 18.25 18.97 15.66 17.49 20.84 7.5 7.5 20.84 10.61 11.42 18.97 20.84 10.92 18.12 11.42 16.97 11.42 15.66 0.0 15.66 11.42 18.97 10.61 7.5 20.84 19.21 11.42
6.71 20.84 0.0 13.42 13.42 10.06 7.5 6.36 15.0 14.23 17.1 7.5 8.49 6.18 7.5 6.18 6.71 6.36 20.84 6.18 3.35 0.0 10.06 6.71 0.0 19.56 7.5 6.18 6.18 15.0 15.0 7.5 19.56 10.06 16.5 14.23 16.5 15.0 6.36 4.5 7.5 19.56 10.06 13.42 14.23 20.84 25.81 0.0 14.23 20.84 25.81 13.42 9.6 13.5 20.84 17.1 6.71 10.06 6.36 13.5 6.71 17.1 9.6 16.5 6.18 3.35 25.81 19.56 13.42 14.23 13.42 6.18 7.5 7.5 7.5 4.5 14.23 10.06 0.0 13.42 13.42 0.0 16.5 13.5 4.5 0.0 15.0 3.35 9.6 6.18 9.6 14.23 20.84 6.71 13.5 4.5 16.5 13.42 0.0 7.5 9.6
9.0 7.5 13.42 0.0 0.0 10.92 12.09 7.65 6.71 10.61 4.74 12.09 6.0 9.6 12.09 7.5 9.0 7.65 7.5 9.6 10.92 13.42 10.92 9.0 13.42 6.36 12.09 9.6 9.6 6.71 6.71 12.09 6.36 10.92 7.5 10.61 7.5 6.71 7.65 12.09 12.09 6.36 10.92 0.0 10.61 7.5 12.73 13.42 10.61 7.5 12.73 0.0 4.5 6.18 7.5 4.74 9.0 10.92 7.65 6.18 9.0 4.74 4.5 7.5 9.6 10.92 12.73 6.36 0.0 10.61 0.0 9.6 12.09 12.09 12.09 12.09 10.61 10.92 13.42 0.0 0.0 13.42 7.5 6.18 12.09 13.42 6.71 10.92 4.5 9.6 4.5 10.61 7.5 9.0 6.18 12.09 7.5 0.0 13.42 12.09 4.5
9.0 7.5 13.42 0.0 0.0 10.92 12.09 7.65 6.71 10.61 4.74 12.09 6.0 9.6 12.09 7.5 9.0 7.65 7.5 9.6 10.92 13.42 10.92 9.0 13.42 6.36 12.09 9.6 9.6 6.71 6.71 12.09 6.36 10.92 7.5 10.61 7.5 6.71 7.65 12.09 12.09 6.36 10.92 0.0 10.61 7.5 12.73 13.42 10.61 7.5 12.73 0.0 4.5 6.18 7.5 4.74 9.0 10.92 7.65 6.18 9.0 4.74 4.5 7.5 9.6 10.92 12.73 6.36 0.0 10.61 0.0 9.6 12.09 12.09 12.09 12.09 10.61 10.92 13.42 0.0 0.0 13.42 7.5 6.18 12.09 13.42 6.71 10.92 4.5 9.6 4.5 10.61 7.5 9.0 6.18 12.09 7.5 0.0 13.42 12.09 4.5
12.09 17.49 10.06 10.92 10.92 0.0 15.0 10.06 7.5 4.5 11.72 15.0 10.92 4.24 3.0 6.71 12.09 10.06 17.49 4.24 10.61 10.06 0.0 12.09 10.06 16.77 3.0 4.24 4.24 7.5 7.5 3.0 16.77 0.0 8.75 4.5 8.75 7.5 10.06 12.73 3.0 16.77 0.0 10.92 4.5 17.49 22.9 10.06 4.5 17.49 22.9 10.92 10.61 6.36 17.49 11.72 12.09 0.0 10.06 6.36 12.09 11.72 10.61 8.75 4.24 10.61 22.9 16.77 10.92 4.5 10.92 4.24 15.0 3.0 15.0 12.73 4.5 0.0 10.06 10.92 10.92 10.06 8.75 6.36 12.73 10.06 7.5 10.61 10.61 4.24 10.61 4.5 17.49 12.09 6.36 12.73 8.75 10.92 10.06 3.0 10.61
3.35 18.25 7.5 12.09 12.09 15.0 0.0 5.41 16.77 18.06 16.77 0.0 6.18 10.82 13.42 8.49 3.35 5.41 18.25 10.82 4.74 7.5 15.0 3.35 7.5 16.77 13.42 10.82 10.82 16.77 16.77 13.42 16.77 15.0 18.12 18.06 18.12 16.77 5.41 3.0 13.42 16.77 15.0 12.09 18.06 18.25 22.3 7.5 18.06 18.25 22.3 12.09 7.65 15.44 18.25 16.77 3.35 15.0 5.41 15.44 3.35 16.77 7.65 18.12 10.82 4.74 22.3 16.77 12.09 18.06 12.09 10.82 0.0 13.42 0.0 3.0 18.06 15.0 7.5 12.09 12.09 7.5 18.12 15.44 3.0 7.5 16.77 4.74 7.65 10.82 7.65 18.06 18.25 3.35 15.44 3.0 18.12 12.09 7.5 13.42 7.65
2.12 14.77 6.36 7.65 7.65 10.06 5.41 0.0 11.42 12.73 12.0 5.41 2.12 6.18 9.12 3.35 2.12 0.0 14.77 6.18 3.35 6.36 10.06 2.12 6.36 13.42 9.12 6.18 6.18 11.42 11.42 9.12 13.42 10.06 12.82 12.73 12.82 11.42 0.0 4.5 9.12 13.42 10.06 7.65 12.73 14.77 19.56 6.36 12.73 14.77 19.56 7.65 3.35 10.06 14.77 12.0 2.12 10.06 0.0 10.06 2.12 12.0 3.35 12.82 6.18 3.35 19.56 13.42 7.65 12.73 7.65 6.18 5.41 9.12 5.41 4.5 12.73 10.06 6.36 7.65 7.65 6.36 12.82 10.06 4.5 6.36 11.42 3.35 3.35 6.18 3.35 12.73 14.77 2.12 10.06 4.5 12.82 7.65 6.36 9.12 3.35
13.42 10.92 15.0 6.71 6.71 7.5 16.77 11.42 0.0 4.74 4.74 16.77 10.82 9.12 10.06 9.12 13.42 11.42 10.92 9.12 13.83 15.0 7.5 13.42 15.0 10.61 10.06 9.12 9.12 0.0 0.0 10.06 10.61 7.5 1.5 4.74 1.5 0.0 11.42 15.66 10.06 10.61 7.5 6.71 4.74 10.92 16.16 15.0 4.74 10.92 16.16 6.71 9.6 1.5 10.92 4.74 13.42 7.5 11.42 1.5 13.42 4.74 9.6 1.5 9.12 13.83 16.16 10.61 6.71 4.74 6.71 9.12 16.77 10.06 16.77 15.66 4.74 7.5 15.0 6.71 6.71 15.0 1.5 1.5 15.66 15.0 0.0 13.83 9.6 9.12 9.6 4.74 10.92 13.42 1.5 15.66 1.5 6.71 15.0 10.06 9.6
14.85 15.66 14.23 10.61 10.61 4.5 18.06 12.73 4.74 0.0 9.49 18.06 12.9 8.08 7.5 9.6 14.85 12.73 15.66 8.08 14.15 14.23 4.5 14.85 14.23 15.3 7.5 8.08 8.08 4.74 4.74 7.5 15.3 4.5 5.41 0.0 5.41 4.74 12.73 16.22 7.5 15.3 4.5 10.61 0.0 15.66 20.89 14.23 0.0 15.66 20.89 10.61 12.09 4.5 15.66 9.49 14.85 4.5 12.73 4.5 14.85 9.49 12.09 5.41 8.08 14.15 20.89 15.3 10.61 0.0 10.61 8.08 18.06 7.5 18.06 16.22 0.0 4.5 14.23 10.61 10.61 14.23 5.41 4.5 16.22 14.23 4.74 14.15 12.09 8.08 12.09 0.0 15.66 14.85 4.5 16.22 5.41 10.61 14.23 7.5 12.09
13.58 6.18 17.1 4.74 4.74 11.72 16.77 12.0 4.74 9.49 0.0 16.77 10.61 12.09 13.83 10.92 13.58 12.0 6.18 12.09 15.07 17.1 11.72 13.58 17.1 6.0 13.83 12.09 12.09 4.74 4.74 13.83 6.0 11.72 4.5 9.49 4.5 4.74 12.0 16.5 13.83 6.0 11.72 4.74 9.49 6.18 11.42 17.1 9.49 6.18 11.42 4.74 9.12 5.41 6.18 0.0 13.58 11.72 12.0 5.41 13.58 0.0 9.12 4.5 12.09 15.07 11.42 6.0 4.74 9.49 4.74 12.09 16.77 13.83 16.77 16.5 9.49 11.72 17.1 4.74 4.74 17.1 4.5 5.41 16.5 17.1 4.74 15.07 9.12 12.09 9.12 9.49 6.18 13.58 5.41 16.5 4.5 4.74 17.1 13.83 9.12
3.35 18.25 7.5 12.09 12.09 15.0 0.0 5.41 16.77 18.06 16.77 0.0 6.18 10.82 13.42 8.49 3.35 5.41 18.25 10.82 4.74 7.5 15.0 3.35 7.5 16.77 13.42 10.82 10.82 16.77 16.77 13.42 16.77 15.0 18.12 18.06 18.12 16.77 5.41 3.0 13.42 16.77 15.0 12.09 18.06 18.25 22.3 7.5 18.06 18.25 22.3 12.09 7.65 15.44 18.25 16.77 3.35 15.0 5.41 15.44 3.35 16.77 7.65 18.12 10.82 4.74 22.3 16.77 12.09 18.06 12.09 10.82 0.0 13.42 0.0 3.0 18.06 15.0 7.5 12.09 12.09 7.5 18.12 15.44 3.0 7.5 16.77 4.74 7.65 10.82 7.65 18.06 18.25 3.35 15.44 3.0 18.12 12.09 7.5 13.42 7.65
3.0 12.82 8.49 6.0 6.0 10.92 6.18 2.12 10.82 12.9 10.61 6.18 0.0 7.5 10.5 4.5 3.0 2.12 12.82 7.5 5.41 8.49 10.92 3.0 8.49 11.42 10.5 7.5 7.5 10.82 10.82 10.5 11.42 10.92 12.09 12.9 12.09 10.82 2.12 6.18 10.5 11.42 10.92 6.0 12.9 12.82 17.49 8.49 12.9 12.82 17.49 6.0 1.5 9.6 12.82 10.61 3.0 10.92 2.12 9.6 3.0 10.61 1.5 12.09 7.5 5.41 17.49 11.42 6.0 12.9 6.0 7.5 6.18 10.5 6.18 6.18 12.9 10.92 8.49 6.0 6.0 8.49 12.09 9.6 6.18 8.49 10.82 5.41 1.5 7.5 1.5 12.9 12.82 3.0 9.6 6.18 12.09 6.0 8.49 10.5 1.5
8.08 16.97 6.18 9.6 9.6 4.24 10.82 6.18 9.12 8.08 12.09 10.82 7.5 0.0 3.0 3.0 8.08 6.18 16.97 0.0 6.36 6.18 4.24 8.08 6.18 15.95 3.0 0.0 0.0 9.12 9.12 3.0 15.95 4.24 10.61 8.08 10.61 9.12 6.18 8.49 3.0 15.95 4.24 9.6 8.08 16.97 22.3 6.18 8.08 16.97 22.3 9.6 7.65 7.65 16.97 12.09 8.08 4.24 6.18 7.65 8.08 12.09 7.65 10.61 0.0 6.36 22.3 15.95 9.6 8.08 9.6 0.0 10.82 3.0 10.82 8.49 8.08 4.24 6.18 9.6 9.6 6.18 10.61 7.65 8.49 6.18 9.12 6.36 7.65 0.0 7.65 8.08 16.97 8.08 7.65 8.49 10.61 9.6 6.18 3.0 7.65
10.92 19.21 7.5 12.09 12.09 3.0 13.42 9.12 10.06 7.5 13.83 13.42 10.5 3.0 0.0 6.0 10.92 9.12 19.21 3.0 8.75 7.5 3.0 10.92 7.5 18.31 0.0 3.0 3.0 10.06 10.06 0.0 18.31 3.0 11.42 7.5 11.42 10.06 9.12 10.82 0.0 18.31 3.0 12.09 7.5 19.21 24.6 7.5 7.5 19.21 24.6 12.09 10.61 8.75 19.21 13.83 10.92 3.0 9.12 8.75 10.92 13.83 10.61 11.42 3.0 8.75 24.6 18.31 12.09 7.5 12.09 3.0 13.42 0.0 13.42 10.82 7.5 3.0 7.5 12.09 12.09 7.5 11.42 8.75 10.82 7.5 10.06 8.75 10.61 3.0 10.61 7.5 19.21 10.92 8.75 10.82 11.42 12.09 7.5 0.0 10.61
5.41 15.0 6.18 7.5 7.5 6.71 8.49 3.35 9.12 9.6 10.92 8.49 4.5 3.0 6.0 0.0 5.41 3.35 15.0 3.0 4.74 6.18 6.71 5.41 6.18 13.83 6.0 3.0 3.0 9.12 9.12 6.0 13.83 6.71 10.61 9.6 10.61 9.12 3.35 6.71 6.0 13.83 6.71 7.5 9.6 15.0 20.18 6.18 9.6 15.0 20.18 7.5 4.74 7.65 15.0 10.92 5.41 6.71 3.35 7.65 5.41 10.92 4.74 10.61 3.0 4.74 20.18 13.83 7.5 9.6 7.5 3.0 8.49 6.0 8.49 6.71 9.6 6.71 6.18 7.5 7.5 6.18 10.61 7.65 6.71 6.18 9.12 4.74 4.74 3.0 4.74 9.6 15.0 5.41 7.65 6.71 10.61 7.5 6.18 6.0 4.74
0.0 15.66 6.71 9.0 9.0 12.09 3.35 2.12 13.42 14.85 13.58 3.35 3.0 8.08 10.92 5.41 0.0 2.12 15.66 8.08 3.35 6.71 12.09 0.0 6.71 14.23 10.92 8.08 8.08 13.42 13.42 10.92 14.23 12.09 14.77 14.85 14.77 13.42 2.12 3.35 10.92 14.23 12.09 9.0 14.85 15.66 20.12 6.71 14.85 15.66 20.12 9.0 4.5 12.09 15.66 13.58 0.0 12.09 2.12 12.09 0.0 13.58 4.5 14.77 8.08 3.35 20.12 14.23 9.0 14.85 9.0 8.08 3.35 10.92 3.35 3.35 14.85 12.09 6.71 9.0 9.0 6.71 14.77 12.09 3.35 6.71 13.42 3.35 4.5 8.08 4.5 14.85 15.66 0.0 12.09 3.35 14.77 9.0 6.71 10.92 4.5
2.12 14.77 6.36 7.65 7.65 10.06 5.41 0.0 11.42 12.73 12.0 5.41 2.12 6.18 9.12 3.35 2.12 0.0 14.77 6.18 3.35 6.36 10.06 2.12 6.36 13.42 9.12 6.18 6.18 11.42 11.42 9.12 13.42 10.06 12.82 12.73 12.82 11.42 0.0 4.5 9.12 13.42 10.06 7.65 12.73 14.77 19.56 6.36 12.73 14.77 19.56 7.65 3.35 10.06 14.77 12.0 2.12 10.06 0.0 10.06 2.12 12.0 3.35 12.82 6.18 3.35 19.56 13.42 7.65 12.73 7.65 6.18 5.41 9.12 5.41 4.5 12.73 10.06 6.36 7.65 7.65 6.36 12.82 10.06 4.5 6.36 11.42 3.35 3.35 6.18 3.35 12.73 14.77 2.12 10.06 4.5 12.82 7.65 6.36 9.12 3.35
15.66 0.0 20.84 7.5 7.5 17.49 18.25 14.77 10.92 15.66 6.18 18.25 12.82 16.97 19.21 15.0 15.66 14.77 0.0 16.97 18.12 20.84 17.49 15.66 20.84 1.5 19.21 16.97 16.97 10.92 10.92 19.21 1.5 17.49 10.61 15.66 10.61 10.92 14.77 18.97 19.21 1.5 17.49 7.5 15.66 0.0 5.41 20.84 15.66 0.0 5.41 7.5 11.42 11.42 0.0 6.18 15.66 17.49 14.77 11.42 15.66 6.18 11.42 10.61 16.97 18.12 5.41 1.5 7.5 15.66 7.5 16.97 18.25 19.21 18.25 18.97 15.66 17.49 20.84 7.5 7.5 20.84 10.61 11.42 18.97 20.84 10.92 18.12 11.42 16.97 11.42 15.66 0.0 15.66 11.42 18.97 10.61 7.5 20.84 19.21 11.42
8.08 16.97 6.18 9.6 9.6 4.24 10.82 6.18 9.12 8.08 12.09 10.82 7.5 0.0 3.0 3.0 8.08 6.18 16.97 0.0 6.36 6.18 4.24 8.08 6.18 15.95 3.0 0.0 0.0 9.12 9.12 3.0 15.95 4.24 10.61 8.08 10.61 9.12 6.18 8.49 3.0 15.95 4.24 9.6 8.08 16.97 22.3 6.18 8.08 16.97 22.3 9.6 7.65 7.65 16.97 12.09 8.08 4.24 6.18 7.65 8.08 12.09 7.65 10.61 0.0 6.36 22.3 15.95 9.6 8.08 9.6 0.0 10.82 3.0 10.82 8.49 8.08 4.24 6.18 9.6 9.6 6.18 10.61 7.65 8.49 6.18 9.12 6.36 7.65 0.0 7.65 8.08 16.97 8.08 7.65 8.49 10.61 9.6 6.18 3.0 7.65
3.35 18.12 3.35 10.92 10.92 10.61 4.74 3.35 13.83 14.15 15.07 4.74 5.41 6.36 8.75 4.74 3.35 3.35 18.12 6.36 0.0 3.35 10.61 3.35 3.35 16.77 8.75 6.36 6.36 13.83 13.83 8.75 16.77 10.61 15.3 14.15 15.3 13.83 3.35 2.12 8.75 16.77 10.61 10.92 14.15 18.12 22.9 3.35 14.15 18.12 22.9 10.92 6.71 12.37 18.12 15.07 3.35 10.61 3.35 12.37 3.35 15.07 6.71 15.3 6.36 0.0 22.9 16.77 10.92 14.15 10.92 6.36 4.74 8.75 4.74 2.12 14.15 10.61 3.35 10.92 10.92 3.35 15.3 12.37 2.12 3.35 13.83 0.0 6.71 6.36 6.71 14.15 18.12 3.35 12.37 2.12 15.3 10.92 3.35 8.75 6.71
6.71 20.84 0.0 13.42 13.42 10.06 7.5 6.36 15.0 14.23 17.1 7.5 8.49 6.18 7.5 6.18 6.71 6.36 20.84 6.18 3.35 0.0 10.06 6.71 0.0 19.56 7.5 6.18 6.18 15.0 15.0 7.5 19.56 10.06 16.5 14.23 16.5 15.0 6.36 4.5 7.5 19.56 10.06 13.42 14.23 20.84 25.81 0.0 14.23 20.84 25.81 13.42 9.6 13.5 20.84 17.1 6.71 10.06 6.36 13.5 6.71 17.1 9.6 16.5 6.18 3.35 25.81 19.56 13.42 14.23 13.42 6.18 7.5 7.5 7.5 4.5 14.23 10.06 0.0 13.42 13.42 0.0 16.5 13.5 4.5 0.0 15.0 3.35 9.6 6.18 9.6 14.23 20.84 6.71 13.5 4.5 16.5 13.42 0.0 7.5 9.6
12.09 17.49 10.06 10.92 10.92 0.0 15.0 10.06 7.5 4.5 11.72 15.0 10.92 4.24 3.0 6.71 12.09 10.06 17.49 4.24 10.61 10.06 0.0 12.09 10.06 16.77 3.0 4.24 4.24 7.5 7.5 3.0 16.77 0.0 8.75 4.5 8.75 7.5 10.06 12.73 3.0 16.77 0.0 10.92 4.5 17.49 22.9 10.06 4.5 17.49 22.9 10.92 10.61 6.36 17.49 11.72 12.09 0.0 10.06 6.36 12.09 11.72 10.61 8.75 4.24 10.61 22.9 16.77 10.92 4.5 10.92 4.24 15.0 3.0 15.0 12.73 4.5 0.0 10.06 10.92 10.92 10.06 8.75 6.36 12.73 10.06 7.5 10.61 10.61 4.24 10.61 4.5 17.49 12.09 6.36 12.73 8.75 10.92 10.06 3.0 10.61
0.0 15.66 6.71 9.0 9.0 12.09 3.35 2.12 13.42 14.85 13.58 3.35 3.0 8.08 10.92 5.41 0.0 2.12 15.66 8.08 3.35 6.71 12.09 0.0 6.71 14.23 10.92 8.08 8.08 13.42 13.42 10.92 14.23 12.09 14.77 14.85 14.77 13.42 2.12 3.35 10.92 14.23 12.09 9.0 14.85 15.66 20.12 6.71 14.85 15.66 20.12 9.0 4.5 12.09 15.66 13.58 0.0 12.09 2.12 12.09 0.0 13.58 4.5 14.77 8.08 3.35 20.12 14.23 9.0 14.85 9.0 8.08 3.35 10.92 3.35 3.35 14.85 12.09 6.71 9.0 9.0 6.71 14.77 12.09 3.35 6.71 13.42 3.35 4.5 8.08 4.5 14.85 15.66 0.0 12.09 3.35 14.77 9.0 6.71 10.92 4.5
6.71 20.84 0.0 13.42 13.42 10.06 7.5 6.36 15.0 14.23 17.1 7.5 8.49 6.18 7.5 6.18 6.71 6.36 20.84 6.18 3.35 0.0 10.06 6.71 0.0 19.56 7.5 6.18 6.18 15.0 15.0 7.5 19.56 10.06 16.5 14.23 16.5 15.0 6.36 4.5 7.5 19.56 10.06 13.42 14.23 20.84 25.81 0.0 14.23 20.84 25.81 13.42 9.6 13.5 20.84 17.1 6.71 10.06 6.36 13.5 6.71 17.1 9.6 16.5 6.18 3.35 25.81 19.56 13.42 14.23 13.42 6.18 7.5 7.5 7.5 4.5 14.23 10.06 0.0 13.42 13.42 0.0 16.5 13.5 4.5 0.0 15.0 3.35 9.6 6.18 9.6 14.23 20.84 6.71 13.5 4.5 16.5 13.42 0.0 7.5 9.6
14.23 1.5 19.56 6.36 6.36 16.77 16.77 13.42 10.61 15.3 6.0 16.77 11.42 15.95 18.31 13.83 14.23 13.42 1.5 15.95 16.77 19.56 16.77 14.23 19.56 0.0 18.31 15.95 15.95 10.61 10.61 18.31 0.0 16.77 10.5 15.3 10.5 10.61 13.42 17.56 18.31 0.0 16.77 6.36 15.3 1.5 6.36 19.56 15.3 1.5 6.36 6.36 10.06 10.92 1.5 6.0 14.23 16.77 13.42 10.92 14.23 6.0 10.06 10.5 15.95 16.77 6.36 0.0 6.36 15.3 6.36 15.95 16.77 18.31 16.77 17.56 15.3 16.77 19.56 6.36 6.36 19.56 10.5 10.92 17.56 19.56 10.61 16.77 10.06 15.95 10.06 15.3 1.5 14.23 10.92 17.56 10.5 6.36 19.56 18.31 10.06
10.92 19.21 7.5 12.09 12.09 3.0 13.42 9.12 10.06 7.5 13.83 13.42 10.5 3.0 0.0 6.0 10.92 9.12 19.21 3.0 8.75 7.5 3.0 10.92 7.5 18.31 0.0 3.0 3.0 10.06 10.06 0.0 18.31 3.0 11.42 7.5 11.42 10.06 9.12 10.82 0.0 18.31 3.0 12.09 7.5 19.21 24.6 7.5 7.5 19.21 24.6 12.09 10.61 8.75 19.21 13.83 10.92 3.0 9.12 8.75 10.92 13.83 10.61 11.42 3.0 8.75 24.6 18.31 12.09 7.5 12.09 3.0 13.42 0.0 13.42 10.82 7.5 3.0 7.5 12.09 12.09 7.5 11.42 8.75 10.82 7.5 10.06 8.75 10.61 3.0 10.61 7.5 19.21 10.92 8.75 10.82 11.42 12.09 7.5 0.0 10.61
8.08 16.97 6.18 9.6 9.6 4.24 10.82 6.18 9.12 8.08 12.09 10.82 7.5 0.0 3.0 3.0 8.08 6.18 16.97 0.0 6.36 6.18 4.24 8.08 6.18 15.95 3.0 0.0 0.0 9.12 9.12 3.0 15.95 4.24 10.61 8.08 10.61 9.12 6.18 8.49 3.0 15.95 4.24 9.6 8.08 16.97 22.3 6.18 8.08 16.97 22.3 9.6 7.65 7.65 16.97 12.09 8.08 4.24 6.18 7.65 8.08 12.09 7.65 10.61 0.0 6.36 22.3 15.95 9.6 8.08 9.6 0.0 10.82 3.0 10.82 8.49 8.08 4.24 6.18 9.6 9.6 6.18 10.61 7.65 8.49 6.18 9.12 6.36 7.65 0.0 7.65 8.08 16.97 8.08 7.65 8.49 10.61 9.6 6.18 3.0 7.65
8.08 16.97 6.18 9.6 9.6 4.24 10.82 6.18 9.12 8.08 12.09 10.82 7.5 0.0 3.0 3.0 8.08 6.18 16.97 0.0 6.36 6.18 4.24 8.08 6.18 15.95 3.0 0.0 0.0 9.12 9.12 3.0 15.95 4.24 10.61 8.08 10.61 9.12 6.18 8.49 3.0 15.95 4.24 9.6 8.08 16.97 22.3 6.18 8.08 16.97 22.3 9.6 7.65 7.65 16.97 12.09 8.08 4.24 6.18 7.65 8.08 12.09 7.65 10.61 0.0 6.36 22.3 15.95 9.6 8.08 9.6 0.0 10.82 3.0 10.82 8.49 8.08 4.24 6.18 9.6 9.6 6.18 10.61 7.65 8.49 6.18 9.12 6.36 7.65 0.0 7.65 8.08 16.97 8.08 7.65 8.49 10.61 9.6 6.18 3.0 7.65
13.42 10.92 15.0 6.71 6.71 7.5 16.77 11.42 0.0 4.74 4.74 16.77 10.82 9.12 10.06 9.12 13.42 11.42 10.92 9.12 13.83 15.0 7.5 13.42 15.0 10.61 10.06 9.12 9.12 0.0 0.0 10.06 10.61 7.5 1.5 4.74 1.5 0.0 11.42 15.66 10.06 10.61 7.5 6.71 4.74 10.92 16.16 15.0 4.74 10.92 16.16 6.71 9.6 1.5 10.92 4.74 13.42 7.5 11.42 1.5 13.42 4.74 9.6 1.5 9.12 13.83 16.16 10.61 6.71 4.74 6.71 9.12 16.77 10.06 16.77 15.66 4.74 7.5 15.0 6.71 6.71 15.0 1.5 1.5 15.66 15.0 0.0 13.83 9.6 9.12 9.6 4.74 10.92 13.42 1.5 15.66 1.5 6.71 15.0 10.06 9.6
13.42 10.92 15.0 6.71 6.71 7.5 16.77 11.42 0.0 4.74 4.74 16.77 10.82 9.12 10.06 9.12 13.42 11.42 10.92 9.12 13.83 15.0 7.5 13.42 15.0 10.61 10.06 9.12 9.12 0.0 0.0 10.06 10.61 7.5 1.5 4.74 1.5 0.0 11.42 15.66 10.06 10.61 7.5 6.71 4.74 10.92 16.16 15.0 4.74 10.92 16.16 6.71 9.6 1.5 10.92 4.74 13.42 7.5 11.42 1.5 13.42 4.74 9.6 1.5 9.12 13.83 16.16 10.61 6.71 4.74 6.71 9.12 16.77 10.06 16.77 15.66 4.74 7.5 15.0 6.71 6.71 15.0 1.5 1.5 15.66 15.0 0.0 13.83 9.6 9.12 9.6 4.74 10.92 13.42 1.5 15.66 1.5 6.71 15.0 10.06 9.6
10.92 19.21 7.5 12.09 12.09 3.0 13.42 9.12 10.06 7.5 13.83 13.42 10.5 3.0 0.0 6.0 10.92 9.12 19.21 3.0 8.75 7.5 3.0 10.92 7.5 18.31 0.0 3.0 3.0 10.06 10.06 0.0 18.31 3.0 11.42 7.5 11.42 10.06 9.12 10.82 0.0 18.31 3.0 12.09 7.5 19.21 24.6 7.5 7.5 19.21 24.6 12.09 10.61 8.75 19.21 13.83 10.92 3.0 9.12 8.75 10.92 13.83 10.61 11.42 3.0 8.75 24.6 18.31 12.09 7.5 12.09 3.0 13.42 0.0 13.42 10.82 7.5 3.0 7.5 12.09 12.09 7.5 11.42 8.75 10.82 7.5 10.06 8.75 10.61 3.0 10.61 7.5 19.21 10.92 8.75 10.82 11.42 12.09 7.5 0.0 10.61
14.23 1.5 19.56 6.36 6.36 16.77 16.77 13.42 10.61 15.3 6.0 16.77 11.42 15.95 18.31 13.83 14.23 13.42 1.5 15.95 16.77 19.56 16.77 14.23 19.56 0.0 18.31 15.95 15.95 10.61 10.61 18.31 0.0 16.77 10.5 15.3 10.5 10.61 13.42 17.56 18.31 0.0 16.77 6.36 15.3 1.5 6.36 19.56 15.3 1.5 6.36 6.36 10.06 10.92 1.5 6.0 14.23 16.77 13.42 10.92 14.23 6.0 10.06 10.5 15.95 16.77 6.36 0.0 6.36 15.3 6.36 15.95 16.77 18.31 16.77 17.56 15.3 16.77 19.56 6.36 6.36 19.56 10.5 10.92 17.56 19.56 10.61 16.77 10.06 15.95 10.06 15.3 1.5 14.23 10.92 17.56 10.5 6.36 19.56 18.31 10.06
12.09 17.49 10.06 10.92 10.92 0.0 15.0 10.06 7.5 4.5 11.72 15.0 10.92 4.24 3.0 6.71 12.09 10.06 17.49 4.24 10.61 10.06 0.0 12.09 10.06 16.77 3.0 4.24 4.24 7.5 7.5 3.0 16.77 0.0 8.75 4.5 8.75 7.5 10.06 12.73 3.0 16.77 0.0 10.92 4.5 17.49 22.9 10.06 4.5 17.49 22.9 10.92 10.61 6.36 17.49 11.72 12.09 0.0 10.06 6.36 12.09 11.72 10.61 8.75 4.24 10.61 22.9 16.77 10.92 4.5 10.92 4.24 15.0 3.0 15.0 12.73 4.5 0.0 10.06 10.92 10.92 10.06 8.75 6.36 12.73 10.06 7.5 10.61 10.61 4.24 10.61 4.5 17.49 12.09 6.36 12.73 8.75 10.92 10.06 3.0 10.61
14.77 10.61 16.5 7.5 7.5 8.75 18.12 12.82 1.5 5.41 4.5 18.12 12.09 10.61 11.42 10.61 14.77 12.82 10.61 10.61 15.3 16.5 8.75 14.77 16.5 10.5 11.42 10.61 10.61 1.5 1.5 11.42 10.5 8.75 0.0 5.41 0.0 1.5 12.82 17.1 11.42 10.5 8.75 7.5 5.41 10.61 15.66 16.5 5.41 10.61 15.66 7.5 10.82 3.0 10.61 4.5 14.77 8.75 12.82 3.0 14.77 4.5 10.82 0.0 10.61 15.3 15.66 10.5 7.5 5.41 7.5 10.61 18.12 11.42 18.12 17.1 5.41 8.75 16.5 7.5 7.5 16.5 0.0 3.0 17.1 16.5 1.5 15.3 10.82 10.61 10.82 5.41 10.61 14.77 3.0 17.1 0.0 7.5 16.5 11.42 10.82
14.85 15.66 14.23 10.61 10.61 4.5 18.06 12.73 4.74 0.0 9.49 18.06 12.9 8.08 7.5 9.6 14.85 12.73 15.66 8.08 14.15 14.23 4.5 14.85 14.23 15.3 7.5 8.08 8.08 4.74 4.74 7.5 15.3 4.5 5.41 0.0 5.41 4.74 12.73 16.22 7.5 15.3 4.5 10.61 0.0 15.66 20.89 14.23 0.0 15.66 20.89 10.61 12.09 4.5 15.66 9.49 14.85 4.5 12.73 4.5 14.85 9.49 12.09 5.41 8.08 14.15 20.89 15.3 10.61 0.0 10.61 8.08 18.06 7.5 18.06 16.22 0.0 4.5 14.23 10.61 10.61 14.23 5.41 4.5 16.22 14.23 4.74 14.15 12.09 8.08 12.09 0.0 15.66 14.85 4.5 16.22 5.41 10.61 14.23 7.5 12.09
14.77 10.61 16.5 7.5 7.5 8.75 18.12 12.82 1.5 5.41 4.5 18.12 12.09 10.61 11.42 10.61 14.77 12.82 10.61 10.61 15.3 16.5 8.75 14.77 16.5 10.5 11.42 10.61 10.61 1.5 1.5 11.42 10.5 8.75 0.0 5.41 0.0 1.5 12.82 17.1 11.42 10.5 8.75 7.5 5.41 10.61 15.66 16.5 5.41 10.61 15.66 7.5 10.82 3.0 10.61 4.5 14.77 8.75 12.82 3.0 14.77 4.5 10.82 0.0 10.61 15.3 15.66 10.5 7.5 5.41 7.5 10.61 18.12 11.42 18.12 17.1 5.41 8.75 16.5 7.5 7.5 16.5 0.0 3.0 17.1 16.5 1.5 15.3 10.82 10.61 10.82 5.41 10.61 14.77 3.0 17.1 0.0 7.5 16.5 11.42 10.82
13.42 10.92 15.0 6.71 6.71 7.5 16.77 11.42 0.0 4.74 4.74 16.77 10.82 9.12 10.06 9.12 13.42 11.42 10.92 9.12 13.83 15.0 7.5 13.42 15.0 10.61 10.06 9.12 9.12 0.0 0.0 10.06 10.61 7.5 1.5 4.74 1.5 0.0 11.42 15.66 10.06 10.61 7.5 6.71 4.74 10.92 16.16 15.0 4.74 10.92 16.16 6.71 9.6 1.5 10.92 4.74 13.42 7.5 11.42 1.5 13.42 4.74 9.6 1.5 9.12 13.83 16.16 10.61 6.71 4.74 6.71 9.12 16.77 10.06 16.77 15.66 4.74 7.5 15.0 6.71 6.71 15.0 1.5 1.5 15.66 15.0 0.0 13.83 9.6 9.12 9.6 4.74 10.92 13.42 1.5 15.66 1.5 6.71 15.0 10.06 9.6
2.12 14.77 6.36 7.65 7.65 10.06 5.41 0.0 11.42 12.73 12.0 5.41 2.12 6.18 9.12 3.35 2.12 0.0 14.77 6.18 3.35 6.36 10.06 2.12 6.36 13.42 9.12 6.18 6.18 11.42 11.42 9.12 13.42 10.06 12.82 12.73 12.82 11.42 0.0 4.5 9.12 13.42 10.06 7.65 12.73 14.77 19.56 6.36 12.73 14.77 19.56 7.65 3.35 10.06 14.77 12.0 2.12 10.06 0.0 10.06 2.12 12.0 3.35 12.82 6.18 3.35 19.56 13.42 7.65 12.73 7.65 6.18 5.41 9.12 5.41 4.5 12.73 10.06 6.36 7.65 7.65 6.36 12.82 10.06 4.5 6.36 11.42 3.35 3.35 6.18 3.35 12.73 14.77 2.12 10.06 4.5 12.82 7.65 6.36 9.12 3.35
3.35 18.97 4.5 12.09 12.09 12.73 3.0 4.5 15.66 16.22 16.5 3.0 6.18 8.49 10.82 6.71 3.35 4.5 18.97 8.49 2.12 4.5 12.73 3.35 4.5 17.56 10.82 8.49 8.49 15.66 15.66 10.82 17.56 12.73 17.1 16.22 17.1 15.66 4.5 0.0 10.82 17.56 12.73 12.09 16.22 18.97 23.48 4.5 16.22 18.97 23.48 12.09 7.65 14.23 18.97 16.5 3.35 12.73 4.5 14.23 3.35 16.5 7.65 17.1 8.49 2.12 23.48 17.56 12.09 16.22 12.09 8.49 3.0 10.82 3.0 0.0 16.22 12.73 4.5 12.09 12.09 4.5 17.1 14.23 0.0 4.5 15.66 2.12 7.65 8.49 7.65 16.22 18.97 3.35 14.23 0.0 17.1 12.09 4.5 10.82 7.65
10.92 19.21 7.5 12.09 12.09 3.0 13.42 9.12 10.06 7.5 13.83 13.42 10.5 3.0 0.0 6.0 10.92 9.12 19.21 3.0 8.75 7.5 3.0 10.92 7.5 18.31 0.0 3.0 3.0 10.06 10.06 0.0 18.31 3.0 11.42 7.5 11.42 10.06 9.12 10.82 0.0 18.31 3.0 12.09 7.5 19.21 24.6 7.5 7.5 19.21 24.6 12.09 10.61 8.75 19.21 13.83 10.92 3.0 9.12 8.75 10.92 13.83 10.61 11.42 3.0 8.75 24.6 18.31 12.09 7.5 12.09 3.0 13.42 0.0 13.42 10.82 7.5 3.0 7.5 12.09 12.09 7.5 11.42 8.75 10.82 7.5 10.06 8.75 10.61 3.0 10.61 7.5 19.21 10.92 8.75 10.82 11.42 12.09 7.5 0.0 10.61
14.23 1.5 19.56 6.36 6.36 16.77 16.77 13.42 10.61 15.3 6.0 16.77 11.42 15.95 18.31 13.83 14.23 13.42 1.5 15.95 16.77 19.56 16.77 14.23 19.56 0.0 18.31 15.95 15.95 10.61 10.61 18.31 0.0 16.77 10.5 15.3 10.5 10.61 13.42 17.56 18.31 0.0 16.77 6.36 15.3 1.5 6.36 19.56 15.3 1.5 6.36 6.36 10.06 10.92 1.5 6.0 14.23 16.77 13.42 10.92 14.23 6.0 10.06 10.5 15.95 16.77 6.36 0.0 6.36 15.3 6.36 15.95 16.77 18.31 16.77 17.56 15.3 16.77 19.56 6.36 6.36 19.56 10.5 10.92 17.56 19.56 10.61 16.77 10.06 15.95 10.06 15.3 1.5 14.23 10.92 17.56 10.5 6.36 19.56 18.31 10.06
12.09 17.49 10.06 10.92 10.92 0.0 15.0 10.06 7.5 4.5 11.72 15.0 10.92 4.24 3.0 6.71 12.09 10.06 17.49 4.24 10.61 10.06 0.0 12.09 10.06 16.77 3.0 4.24 4.24 7.5 7.5 3.0 16.77 0.0 8.75 4.5 8.75 7.5 10.06 12.73 3.0 16.77 0.0 10.92 4.5 17.49 22.9 10.06 4.5 17.49 22.9 10.92 10.61 6.36 17.49 11.72 12.09 0.0 10.06 6.36 12.09 11.72 10.61 8.75 4.24 10.61 22.9 16.77 10.92 4.5 10.92 4.24 15.0 3.0 15.0 12.73 4.5 0.0 10.06 10.92 10.92 10.06 8.75 6.36 12.73 10.06 7.5 10.61 10.61 4.24 10.61 4.5 17.49 12.09 6.36 12.73 8.75 10.92 10.06 3.0 10.61
9.0 7.5 13.42 0.0 0.0 10.92 12.09 7.65 6.71 10.61 4.74 12.09 6.0 9.6 12.09 7.5 9.0 7.65 7.5 9.6 10.92 13.42 10.92 9.0 13.42 6.36 12.09 9.6 9.6 6.71 6.71 12.09 6.36 10.92 7.5 10.61 7.5 6.71 7.65 12.09 12.09 6.36 10.92 0.0 10.61 7.5 12.73 13.42 10.61 7.5 12.73 0.0 4.5 6.18 7.5 4.74 9.0 10.92 7.65 6.18 9.0 4.74 4.5 7.5 9.6 10.92 12.73 6.36 0.0 10.61 0.0 9.6 12.09 12.09 12.09 12.09 10.61 10.92 13.42 0.0 0.0 13.42 7.5 6.18 12.09 13.42 6.71 10.92 4.5 9.6 4.5 10.61 7.5 9.0 6.18 12.09 7.5 0.0 13.42 12.09 4.5
14.85 15.66 14.23 10.61 10.61 4.5 18.06 12.73 4.74 0.0 9.49 18.06 12.9 8.08 7.5 9.6 14.85 12.73 15.66 8.08 14.15 14.23 4.5 14.85 14.23 15.3 7.5 8.08 8.08 4.74 4.74 7.5 15.3 4.5 5.41 0.0 5.41 4.74 12.73 16.22 7.5 15.3 4.5 10.61 0.0 15.66 20.89 14.23 0.0 15.66 20.89 10.61 12.09 4.5 15.66 9.49 14.85 4.5 12.73 4.5 14.85 9.49 12.09 5.41 8.08 14.15 20.89 15.3 10.61 0.0 10.61 8.08 18.06 7.5 18.06 16.22 0.0 4.5 14.23 10.61 10.61 14.23 5.41 4.5 16.22 14.23 4.74 14.15 12.09 8.08 12.09 0.0 15.66 14.85 4.5 16.22 5.41 10.61 14.23 7.5 12.09
15.66 0.0 20.84 7.5 7.5 17.49 18.25 14.77 10.92 15.66 6.18 18.25 12.82 16.97 19.21 15.0 15.66 14.77 0.0 16.97 18.12 20.84 17.49 15.66 20.84 1.5 19.21 16.97 16.97 10.92 10.92 19.21 1.5 17.49 10.61 15.66 10.61 10.92 14.77 18.97 19.21 1.5 17.49 7.5 15.66 0.0 5.41 20.84 15.66 0.0 5.41 7.5 11.42 11.42 0.0 6.18 15.66 17.49 14.77 11.42 15.66 6.18 11.42 10.61 16.97 18.12 5.41 1.5 7.5 15.66 7.5 16.97 18.25 19.21 18.25 18.97 15.66 17.49 20.84 7.5 7.5 20.84 10.61 11.42 18.97 20.84 10.92 18.12 11.42 16.97 11.42 15.66 0.0 15.66 11.42 18.97 10.61 7.5 20.84 19.21 11.42
20.12 5.41 25.81 12.73 12.73 22.9 22.3 19.56 16.16 20.89 11.42 22.3 17.49 22.3 24.6 20.18 20.12 19.56 5.41 22.3 22.9 25.81 22.9 20.12 25.81 6.36 24.6 22.3 22.3 16.16 16.16 24.6 6.36 22.9 15.66 20.89 15.66 16.16 19.56 23.48 24.6 6.36 22.9 12.73 20.89 5.41 0.0 25.81 20.89 5.41 0.0 12.73 16.22 16.77 5.41 11.42 20.12 22.9 19.56 16.77 20.12 11.42 16.22 15.66 22.3 22.9 0.0 6.36 12.73 20.89 12.73 22.3 22.3 24.6 22.3 23.48 20.89 22.9 25.81 12.73 12.73 25.81 15.66 16.77 23.48 25.81 16.16 22.9 16.22 22.3 16.22 20.89 5.41 20.12 16.77 23.48 15.66 12.73 25.81 24.6 16.22
6.71 20.84 0.0 13.42 13.42 10.06 7.5 6.36 15.0 14.23 17.1 7.5 8.49 6.18 7.5 6.18 6.71 6.36 20.84 6.18 3.35 0.0 10.06 6.71 0.0 19.56 7.5 6.18 6.18 15.0 15.0 7.5 19.56 10.06 16.5 14.23 16.5 15.0 6.36 4.5 7.5 19.56 10.06 13.42 14.23 20.84 25.81 0.0 14.23 20.84 25.81 13.42 9.6 13.5 20.84 17.1 6.71 10.06 6.36 13.5 6.71 17.1 9.6 16.5 6.18 3.35 25.81 19.56 13.42 14.23 13.42 6.18 7.5 7.5 7.5 4.5 14.23 10.06 0.0 13.42 13.42 0.0 16.5 13.5 4.5 0.0 15.0 3.35 9.6 6.18 9.6 14.23 20.84 6.71 13.5 4.5 16.5 13.42 0.0 7.5 9.6
14.85 15.66 14.23 10.61 10.61 4.5 18.06 12.73 4.74 0.0 9.49 18.06 12.9 8.08 7.5 9.6 14.85 12.73 15.66 8.08 14.15 14.23 4.5 14.85 14.23 15.3 7.5 8.08 8.08 4.74 4.74 7.5 15.3 4.5 5.41 0.0 5.41 4.74 12.73 16.22 7.5 15.3 4.5 10.61 0.0 15.66 20.89 14.23 0.0 15.66 20.89 10.61 12.09 4.5 15.66 9.49 14.85 4.5 12.73 4.5 14.85 9.49 12.09 5.41 8.08 14.15 20.89 15.3 10.61 0.0 10.61 8.08 18.06 7.5 18.06 16.22 0.0 4.5 14.23 10.61 10.61 14.23 5.41 4.5 16.22 14.23 4.74 14.15 12.09 8.08 12.09 0.0 15.66 14.85 4.5 16.22 5.41 10.61 14.23 7.5 12.09
15.66 0.0 20.84 7.5 7.5 17.49 18.25 14.77 10.92 15.66 6.18 18.25 12.82 16.97 19.21 15.0 15.66 14.77 0.0 16.97 18.12 20.84 17.49 15.66 20.84 1.5 19.21 16.97 16.97 10.92 10.92 19.21 1.5 17.49 10.61 15.66 10.61 10.92 14.77 18.97 19.21 1.5 17.49 7.5 15.66 0.0 5.41 20.84 15.66 0.0 5.41 7.5 11.42 11.42 0.0 6.18 15.66 17.49 14.77 11.42 15.66 6.18 11.42 10.61 16.97 18.12 5.41 1.5 7.5 15.66 7.5 16.97 18.25 19.21 18.25 18.97 15.66 17.49 20.84 7.5 7.5 20.84 10.61 11.42 18.97 20.84 10.92 18.12 11.42 16.97 11.42 15.66 0.0 15.66 11.42 18.97 10.61 7.5 20.84 19.21 11.42
20.12 5.41 25.81 12.73 12.73 22.9 22.3 19.56 16.16 20.89 11.42 22.3 17.49 22.3 24.6 20.18 20.12 19.56 5.41 22.3 22.9 25.81 22.9 20.12 25.81 6.36 24.6 22.3 22.3 16.16 16.16 24.6 6.36 22.9 15.66 20.89 15.66 16.16 19.56 23.48 24.6 6.36 22.9 12.73 20.89 5.41 0.0 25.81 20.89 5.41 0.0 12.73 16.22 16.77 5.41 11.42 20.12 22.9 19.56 16.77 20.12 11.42 16.22 15.66 22.3 22.9 0.0 6.36 12.73 20.89 12.73 22.3 22.3 24.6 22.3 23.48 20.89 22.9 25.81 12.73 12.73 25.81 15.66 16.77 23.48 25.81 16.16 22.9 16.22 22.3 16.22 20.89 5.41 20.12 16.77 23.48 15.66 12.73 25.81 24.6 16.22
9.0 7.5 13.42 0.0 0.0 10.92 12.09 7.65 6.71 10.61 4.74 12.09 6.0 9.6 12.09 7.5 9.0 7.65 7.5 9.6 10.92 13.42 10.92 9.0 13.42 6.36 12.09 9.6 9.6 6.71 6.71 12.09 6.36 10.92 7.5 10.61 7.5 6.71 7.65 12.09 12.09 6.36 10.92 0.0 10.61 7.5 12.73 13.42 10.61 7.5 12.73 0.0 4.5 6.18 7.5 4.74 9.0 10.92 7.65 6.18 9.0 4.74 4.5 7.5 9.6 10.92 12.73 6.36 0.0 10.61 0.0 9.6 12.09 12.09 12.09 12.09 10.61 10.92 13.42 0.0 0.0 13.42 7.5 6.18 12.09 13.42 6.71 10.92 4.5 9.6 4.5 10.61 7.5 9.0 6.18 12.09 7.5 0.0 13.42 12.09 4.5
4.5 11.42 9.6 4.5 4.5 10.61 7.65 3.35 9.6 12.09 9.12 7.65 1.5 7.65 10.61 4.74 4.5 3.35 11.42 7.65 6.71 9.6 10.61 4.5 9.6 10.06 10.61 7.65 7.65 9.6 9.6 10.61 10.06 10.61 10.82 12.09 10.82 9.6 3.35 7.65 10.61 10.06 10.61 4.5 12.09 11.42 16.22 9.6 12.09 11.42 16.22 4.5 0.0 8.49 11.42 9.12 4.5 10.61 3.35 8.49 4.5 9.12 0.0 10.82 7.65 6.71 16.22 10.06 4.5 12.09 4.5 7.65 7.65 10.61 7.65 7.65 12.09 10.61 9.6 4.5 4.5 9.6 10.82 8.49 7.65 9.6 9.6 6.71 0.0 7.65 0.0 12.09 11.42 4.5 8.49 7.65 10.82 4.5 9.6 10.61 0.0
12.09 11.42 13.5 6.18 6.18 6.36 15.44 10.06 1.5 4.5 5.41 15.44 9.6 7.65 8.75 7.65 12.09 10.06 11.42 7.65 12.37 13.5 6.36 12.09 13.5 10.92 8.75 7.65 7.65 1.5 1.5 8.75 10.92 6.36 3.0 4.5 3.0 1.5 10.06 14.23 8.75 10.92 6.36 6.18 4.5 11.42 16.77 13.5 4.5 11.42 16.77 6.18 8.49 0.0 11.42 5.41 12.09 6.36 10.06 0.0 12.09 5.41 8.49 3.0 7.65 12.37 16.77 10.92 6.18 4.5 6.18 7.65 15.44 8.75 15.44 14.23 4.5 6.36 13.5 6.18 6.18 13.5 3.0 0.0 14.23 13.5 1.5 12.37 8.49 7.65 8.49 4.5 11.42 12.09 0.0 14.23 3.0 6.18 13.5 8.75 8.49
15.66 0.0 20.84 7.5 7.5 17.49 18.25 14.77 10.92 15.66 6.18 18.25 12.82 16.97 19.21 15.0 15.66 14.77 0.0 16.97 18.12 20.84 17.49 15.66 20.84 1.5 19.21 16.97 16.97 10.92 10.92 19.21 1.5 17.49 10.61 15.66 10.61 10.92 14.77 18.97 19.21 1.5 17.49 7.5 15.66 0.0 5.41 20.84 15.66 0.0 5.41 7.5 11.42 11.42 0.0 6.18 15.66 17.49 14.77 11.42 15.66 6.18 11.42 10.61 16.97 18.12 5.41 1.5 7.5 15.66 7.5 16.97 18.25 19.21 18.25 18.97 15.66 17.49 20.84 7.5 7.5 20.84 10.61 11.42 18.97 20.84 10.92 18.12 11.42 16.97 11.42 15.66 0.0 15.66 11.42 18.97 10.61 7.5 20.84 19.21 11.42
13.58 6.18 17.1 4.74 4.74 11.72 16.77 12.0 4.74 9.49 0.0 16.77 10.61 12.09 13.83 10.92 13.58 12.0 6.18 12.09 15.07 17.1 11.72 13.58 17.1 6.0 13.83 12.09 12.09 4.74 4.74 13.83 6.0 11.72 4.5 9.49 4.5 4.74 12.0 16.5 13.83 6.0 11.72 4.74 9.49 6.18 11.42 17.1 9.49 6.18 11.42 4.74 9.12 5.41 6.18 0.0 13.58 11.72 12.0 5.41 13.58 0.0 9.12 4.5 12.09 15.07 11.42 6.0 4.74 9.49 4.74 12.09 16.77 13.83 16.77 16.5 9.49 11.72 17.1 4.74 4.74 17.1 4.5 5.41 16.5 17.1 4.74 15.07 9.12 12.09 9.12 9.49 6.18 13.58 5.41 16.5 4.5 4.74 17.1 13.83 9.12
0.0 15.66 6.71 9.0 9.0 12.09 3.35 2.12 13.42 14.85 13.58 3.35 3.0 8.08 10.92 5.41 0.0 2.12 15.66 8.08 3.35 6.71 12.09 0.0 6.71 14.23 10.92 8.08 8.08 13.42 13.42 10.92 14.23 12.09 14.77 14.85 14.77 13.42 2.12 3.35 10.92 14.23 12.09 9.0 14.85 15.66 20.12 6.71 14.85 15.66 20.12 9.0 4.5 12.09 15.66 13.58 0.0 12.09 2.12 12.09 0.0 13.58 4.5 14.77 8.08 3.35 20.12 14.23 9.0 14.85 9.0 8.08 3.35 10.92 3.35 3.35 14.85 12.09 6.71 9.0 9.0 6.71 14.77 12.09 3.35 6.71 13.42 3.35 4.5 8.08 4.5 14.85 15.66 0.0 12.09 3.35 14.77 9.0 6.71 10.92 4.5
12.09 17.49 10.06 10.92 10.92 0.0 15.0 10.06 7.5 4.5 11.72 15.0 10.92 4.24 3.0 6.71 12.09 10.06 17.49 4.24 10.61 10.06 0.0 12.09 10.06 16.77 3.0 4.24 4.24 7.5 7.5 3.0 16.77 0.0 8.75 4.5 8.75 7.5 10.06 12.73 3.0 16.77 0.0 10.92 4.5 17.49 22.9 10.06 4.5 17.49 22.9 10.92 10.61 6.36 17.49 11.72 12.09 0.0 10.06 6.36 12.09 11.72 10.61 8.75 4.24 10.61 22.9 16.77 10.92 4.5 10.92 4.24 15.0 3.0 15.0 12.73 4.5 0.0 10.06 10.92 10.92 10.06 8.75 6.36 12.73 10.06 7.5 10.61 10.61 4.24 10.61 4.5 17.49 12.09 6.36 12.73 8.75 10.92 10.06 3.0 10.61
2.12 14.77 6.36 7.65 7.65 10.06 5.41 0.0 11.42 12.73 12.0 5.41 2.12 6.18 9.12 3.35 2.12 0.0 14.77 6.18 3.35 6.36 10.06 2.12 6.36 13.42 9.12 6.18 6.18 11.42 11.42 9.12 13.42 10.06 12.82 12.73 12.82 11.42 0.0 4.5 9.12 13.42 10.06 7.65 12.73 14.77 19.56 6.36 12.73 14.77 19.56 7.65 3.35 10.06 14.77 12.0 2.12 10.06 0.0 10.06 2.12 12.0 3.35 12.82 6.18 3.35 19.56 13.42 7.65 12.73 7.65 6.18 5.41 9.12 5.41 4.5 12.73 10.06 6.36 7.65 7.65 6.36 12.82 10.06 4.5 6.36 11.42 3.35 3.35 6.18 3.35 12.73 14.77 2.12 10.06 4.5 12.82 7.65 6.36 9.12 3.35
12.09 11.42 13.5 6.18 6.18 6.36 15.44 10.06 1.5 4.5 5.41 15.44 9.6 7.65 8.75 7.65 12.09 10.06 11.42 7.65 12.37 13.5 6.36 12.09 13.5 10.92 8.75 7.65 7.65 1.5 1.5 8.75 10.92 6.36 3.0 4.5 3.0 1.5 10.06 14.23 8.75 10.92 6.36 6.18 4.5 11.42 16.77 13.5 4.5 11.42 16.77 6.18 8.49 0.0 11.42 5.41 12.09 6.36 10.06 0.0 12.09 5.41 8.49 3.0 7.65 12.37 16.77 10.92 6.18 4.5 6.18 7.65 15.44 8.75 15.44 14.23 4.5 6.36 13.5 6.18 6.18 13.5 3.0 0.0 14.23 13.5 1.5 12.37 8.49 7.65 8.49 4.5 11.42 12.09 0.0 14.23 3.0 6.18 13.5 8.75 8.49
0.0 15.66 6.71 9.0 9.0 12.09 3.35 2.12 13.42 14.85 13.58 3.35 3.0 8.08 10.92 5.41 0.0 2.12 15.66 8.08 3.35 6.71 12.09 0.0 6.71 14.23 10.92 8.08 8.08 13.42 13.42 10.92 14.23 12.09 14.77 14.85 14.77 13.42 2.12 3.35 10.92 14.23 12.09 9.0 14.85 15.66 20.12 6.71 14.85 15.66 20.12 9.0 4.5 12.09 15.66 13.58 0.0 12.09 2.12 12.09 0.0 13.58 4.5 14.77 8.08 3.35 20.12 14.23 9.0 14.85 9.0 8.08 3.35 10.92 3.35 3.35 14.85 12.09 6.71 9.0 9.0 6.71 14.77 12.09 3.35 6.71 13.42 3.35 4.5 8.08 4.5 14.85 15.66 0.0 12.09 3.35 14.77 9.0 6.71 10.92 4.5
13.58 6.18 17.1 4.74 4.74 11.72 16.77 12.0 4.74 9.49 0.0 16.77 10.61 12.09 13.83 10.92 13.58 12.0 6.18 12.09 15.07 17.1 11.72 13.58 17.1 6.0 13.83 12.09 12.09 4.74 4.74 13.83 6.0 11.72 4.5 9.49 4.5 4.74 12.0 16.5 13.83 6.0 11.72 4.74 9.49 6.18 11.42 17.1 9.49 6.18 11.42 4.74 9.12 5.41 6.18 0.0 13.58 11.72 12.0 5.41 13.58 0.0 9.12 4.5 12.09 15.07 11.42 6.0 4.74 9.49 4.74 12.09 16.77 13.83 16.77 16.5 9.49 11.72 17.1 4.74 4.74 17.1 4.5 5.41 16.5 17.1 4.74 15.07 9.12 12.09 9.12 9.49 6.18 13.58 5.41 16.5 4.5 4.74 17.1 13.83 9.12
4.5 11.42 9.6 4.5 4.5 10.61 7.65 3.35 9.6 12.09 9.12 7.65 1.5 7.65 10.61 4.74 4.5 3.35 11.42 7.65 6.71 9.6 10.61 4.5 9.6 10.06 10.61 7.65 7.65 9.6 9.6 10.61 10.06 10.61 10.82 12.09 10.82 9.6 3.35 7.65 10.61 10.06 10.61 4.5 12.09 11.42 16.22 9.6 12.09 11.42 16.22 4.5 0.0 8.49 11.42 9.12 4.5 10.61 3.35 8.49 4.5 9.12 0.0 10.82 7.65 6.71 16.22 10.06 4.5 12.09 4.5 7.65 7.65 10.61 7.65 7.65 12.09 10.61 9.6 4.5 4.5 9.6 10.82 8.49 7.65 9.6 9.6 6.71 0.0 7.65 0.0 12.09 11.42 4.5 8.49 7.65 10.82 4.5 9.6 10.61 0.0
14.77 10.61 16.5 7.5 7.5 8.75 18.12 12.82 1.5 5.41 4.5 18.12 12.09 10.61 11.42 10.61 14.77 12.82 10.61 10.61 15.3 16.5 8.75 14.77 16.5 10.5 11.42 10.61 10.61 1.5 1.5 11.42 10.5 8.75 0.0 5.41 0.0 1.5 12.82 17.1 11.42 10.5 8.75 7.5 5.41 10.61 15.66 16.5 5.41 10.61 15.66 7.5 10.82 3.0 10.61 4.5 14.77 8.75 12.82 3.0 14.77 4.5 10.82 0.0 10.61 15.3 15.66 10.5 7.5 5.41 7.5 10.61 18.12 11.42 18.12 17.1 5.41 8.75 16.5 7.5 7.5 16.5 0.0 3.0 17.1 16.5 1.5 15.3 10.82 10.61 10.82 5.41 10.61 14.77 3.0 17.1 0.0 7.5 16.5 11.42 10.82
8.08 16.97 6.18 9.6 9.6 4.24 10.82 6.18 9.12 8.08 12.09 10.82 7.5 0.0 3.0 3.0 8.08 6.18 16.97 0.0 6.36 6.18 4.24 8.08 6.18 15.95 3.0 0.0 0.0 9.12 9.12 3.0 15.95 4.24 10.61 8.08 10.61 9.12 6.18 8.49 3.0 15.95 4.24 9.6 8.08 16.97 22.3 6.18 8.08 16.97 22.3 9.6 7.65 7.65 16.97 12.09 8.08 4.24 6.18 7.65 8.08 12.09 7.65 10.61 0.0 6.36 22.3 15.95 9.6 8.08 9.6 0.0 10.82 3.0 10.82 8.49 8.08 4.24 6.18 9.6 9.6 6.18 10.61 7.65 8.49 6.18 9.12 6.36 7.65 0.0 7.65 8.08 16.97 8.08 7.65 8.49 10.61 9.6 6.18 3.0 7.65
3.35 18.12 3.35 10.92 10.92 10.61 4.74 3.35 13.83 14.15 15.07 4.74 5.41 6.36 8.75 4.74 3.35 3.35 18.12 6.36 0.0 3.35 10.61 3.35 3.35 16.77 8.75 6.36 6.36 13.83 13.83 8.75 16.77 10.61 15.3 14.15 15.3 13.83 3.35 2.12 8.75 16.77 10.61 10.92 14.15 18.12 22.9 3.35 14.15 18.12 22.9 10.92 6.71 12.37 18.12 15.07 3.35 10.61 3.35 12.37 3.35 15.07 6.71 15.3 6.36 0.0 22.9 16.77 10.92 14.15 10.92 6.36 4.74 8.75 4.74 2.12 14.15 10.61 3.35 10.92 10.92 3.35 15.3 12.37 2.12 3.35 13.83 0.0 6.71 6.36 6.71 14.15 18.12 3.35 12.37 2.12 15.3 10.92 3.35 8.75 6.71
20.12 5.41 25.81 12.73 12.73 22.9 22.3 19.56 16.16 20.89 11.42 22.3 17.49 22.3 24.6 20.18 20.12 19.56 5.41 22.3 22.9 25.81 22.9 20.12 25.81 6.36 24.6 22.3 22.3 16.16 16.16 24.6 6.36 22.9 15.66 20.89 15.66 16.16 19.56 23.48 24.6 6.36 22.9 12.73 20.89 5.41 0.0 25.81 20.89 5.41 0.0 12.73 16.22 16.77 5.41 11.42 20.12 22.9 19.56 16.77 20.12 11.42 16.22 15.66 22.3 22.9 0.0 6.36 12.73 20.89 12.73 22.3 22.3 24.6 22.3 23.48 20.89 22.9 25.81 12.73 12.73 25.81 15.66 16.77 23.48 25.81 16.16 22.9 16.22 22.3 16.22 20.89 5.41 20.12 16.77 23.48 15.66 12.73 25.81 24.6 16.22
14.23 1.5 19.56 6.36 6.36 16.77 16.77 13.42 10.61 15.3 6.0 16.77 11.42 15.95 18.31 13.83 14.23 13.42 1.5 15.95 16.77 19.56 16.77 14.23 19.56 0.0 18.31 15.95 15.95 10.61 10.61 18.31 0.0 16.77 10.5 15.3 10.5 10.61 13.42 17.56 18.31 0.0 16.77 6.36 15.3 1.5 6.36 19.56 15.3 1.5 6.36 6.36 10.06 10.92 1.5 6.0 14.23 16.77 13.42 10.92 14.23 6.0 10.06 10.5 15.95 16.77 6.36 0.0 6.36 15.3 6.36 15.95 16.77 18.31 16.77 17.56 15.3 16.77 19.56 6.36 6.36 19.56 10.5 10.92 17.56 19.56 10.61 16.77 10.06 15.95 10.06 15.3 1.5 14.23 10.92 17.56 10.5 6.36 19.56 18.31 10.06
9.0 7.5 13.42 0.0 0.0 10.92 12.09 7.65 6.71 10.61 4.74 12.09 6.0 9.6 12.09 7.5 9.0 7.65 7.5 9.6 10.92 13.42 10.92 9.0 13.42 6.36 12.09 9.6 9.6 6.71 6.71 12.09 6.36 10.92 7.5 10.61 7.5 6.71 7.65 12.09 12.09 6.36 10.92 0.0 10.61 7.5 12.73 13.42 10.61 7.5 12.73 0.0 4.5 6.18 7.5 4.74 9.0 10.92 7.65 6.18 9.0 4.74 4.5 7.5 9.6 10.92 12.73 6.36 0.0 10.61 0.0 9.6 12.09 12.09 12.09 12.09 10.61 10.92 13.42 0.0 0.0 13.42 7.5 6.18 12.09 13.42 6.71 10.92 4.5 9.6 4.5 10.61 7.5 9.0 6.18 12.09 7.5 0.0 13.42 12.09 4.5
14.85 15.66 14.23 10.61 10.61 4.5 18.06 12.73 4.74 0.0 9.49 18.06 12.9 8.08 7.5 9.6 14.85 12.73 15.66 8.08 14.15 14.23 4.5 14.85 14.23 15.3 7.5 8.08 8.08 4.74 4.74 7.5 15.3 4.5 5.41 0.0 5.41 4.74 12.73 16.22 7.5 15.3 4.5 10.61 0.0 15.66 20.89 14.23 0.0 15.66 20.89 10.61 12.09 4.5 15.66 9.49 14.85 4.5 12.73 4.5 14.85 9.49 12.09 5.41 8.08 14.15 20.89 15.3 10.61 0.0 10.61 8.08 18.06 7.5 18.06 16.22 0.0 4.5 14.23 10.61 10.61 14.23 5.41 4.5 16.22 14.23 4.74 14.15 12.09 8.08 12.09 0.0 15.66 14.85 4.5 16.22 5.41 10.61 14.23 7.5 12.09
9.0 7.5 13.42 0.0 0.0 10.92 12.09 7.65 6.71 10.61 4.74 12.09 6.0 9.6 12.09 7.5 9.0 7.65 7.5 9.6 10.92 13.42 10.92 9.0 13.42 6.36 12.09 9.6 9.6 6.71 6.71 12.09 6.36 10.92 7.5 10.61 7.5 6.71 7.65 12.09 12.09 6.36 10.92 0.0 10.61 7.5 12.73 13.42 10.61 7.5 12.73 0.0 4.5 6.18 7.5 4.74 9.0 10.92 7.65 6.18 9.0 4.74 4.5 7.5 9.6 10.92 12.73 6.36 0.0 10.61 0.0 9.6 12.09 12.09 12.09 12.09 10.61 10.92 13.42 0.0 0.0 13.42 7.5 6.18 12.09 13.42 6.71 10.92 4.5 9.6 4.5 10.61 7.5 9.0 6.18 12.09 7.5 0.0 13.42 12.09 4.5
8.08 16.97 6.18 9.6 9.6 4.24 10.82 6.18 9.12 8.08 12.09 10.82 7.5 0.0 3.0 3.0 8.08 6.18 16.97 0.0 6.36 6.18 4.24 8.08 6.18 15.95 3.0 0.0 0.0 9.12 9.12 3.0 15.95 4.24 10.61 8.08 10.61 9.12 6.18 8.49 3.0 15.95 4.24 9.6 8.08 16.97 22.3 6.18 8.08 16.97 22.3 9.6 7.65 7.65 16.97 12.09 8.08 4.24 6.18 7.65 8.08 12.09 7.65 10.61 0.0 6.36 22.3 15.95 9.6 8.08 9.6 0.0 10.82 3.0 10.82 8.49 8.08 4.24 6.18 9.6 9.6 6.18 10.61 7.65 8.49 6.18 9.12 6.36 7.65 0.0 7.65 8.08 16.97 8.08 7.65 8.49 10.61 9.6 6.18 3.0 7.65
3.35 18.25 7.5 12.09 12.09 15.0 0.0 5.41 16.77 18.06 16.77 0.0 6.18 10.82 13.42 8.49 3.35 5.41 18.25 10.82 4.74 7.5 15.0 3.35 7.5 16.77 13.42 10.82 10.82 16.77 16.77 13.42 16.77 15.0 18.12 18.06 18.12 16.77 5.41 3.0 13.42 16.77 15.0 12.09 18.06 18.25 22.3 7.5 18.06 18.25 22.3 12.09 7.65 15.44 18.25 16.77 3.35 15.0 5.41 15.44 3.35 16.77 7.65 18.12 10.82 4.74 22.3 16.77 12.09 18.06 12.09 10.82 0.0 13.42 0.0 3.0 18.06 15.0 7.5 12.09 12.09 7.5 18.12 15.44 3.0 7.5 16.77 4.74 7.65 10.82 7.65 18.06 18.25 3.35 15.44 3.0 18.12 12.09 7.5 13.42 7.65
10.92 19.21 7.5 12.09 12.09 3.0 13.42 9.12 10.06 7.5 13.83 13.42 10.5 3.0 0.0 6.0 10.92 9.12 19.21 3.0 8.75 7.5 3.0 10.92 7.5 18.31 0.0 3.0 3.0 10.06 10.06 0.0 18.31 3.0 11.42 7.5 11.42 10.06 9.12 10.82 0.0 18.31 3.0 12.09 7.5 19.21 24.6 7.5 7.5 19.21 24.6 12.09 10.61 8.75 19.21 13.83 10.92 3.0 9.12 8.75 10.92 13.83 10.61 11.42 3.0 8.75 24.6 18.31 12.09 7.5 12.09 3.0 13.42 0.0 13.42 10.82 7.5 3.0 7.5 12.09 12.09 7.5 11.42 8.75 10.82 7.5 10.06 8.75 10.61 3.0 10.61 7.5 19.21 10.92 8.75 10.82 11.42 12.09 7.5 0.0 10.61
3.35 18.25 7.5 12.09 12.09 15.0 0.0 5.41 16.77 18.06 16.77 0.0 6.18 10.82 13.42 8.49 3.35 5.41 18.25 10.82 4.74 7.5 15.0 3.35 7.5 16.77 13.42 10.82 10.82 16.77 16.77 13.42 16.77 15.0 18.12 18.06 18.12 16.77 5.41 3.0 13.42 16.77 15.0 12.09 18.06 18.25 22.3 7.5 18.06 18.25 22.3 12.09 7.65 15.44 18.25 16.77 3.35 15.0 5.41 15.44 3.35 16.77 7.65 18.12 10.82 4.74 22.3 16.77 12.09 18.06 12.09 10.82 0.0 13.42 0.0 3.0 18.06 15.0 7.5 12.09 12.09 7.5 18.12 15.44 3.0 7.5 16.77 4.74 7.65 10.82 7.65 18.06 18.25 3.35 15.44 3.0 18.12 12.09 7.5 13.42 7.65
3.35 18.97 4.5 12.09 12.09 12.73 3.0 4.5 15.66 16.22 16.5 3.0 6.18 8.49 10.82 6.71 3.35 4.5 18.97 8.49 2.12 4.5 12.73 3.35 4.5 17.56 10.82 8.49 8.49 15.66 15.66 10.82 17.56 12.73 17.1 16.22 17.1 15.66 4.5 0.0 10.82 17.56 12.73 12.09 16.22 18.97 23.48 4.5 16.22 18.97 23.48 12.09 7.65 14.23 18.97 16.5 3.35 12.73 4.5 14.23 3.35 16.5 7.65 17.1 8.49 2.12 23.48 17.56 12.09 16.22 12.09 8.49 3.0 10.82 3.0 0.0 16.22 12.73 4.5 12.09 12.09 4.5 17.1 14.23 0.0 4.5 15.66 2.12 7.65 8.49 7.65 16.22 18.97 3.35 14.23 0.0 17.1 12.09 4.5 10.82 7.65
14.85 15.66 14.23 10.61 10.61 4.5 18.06 12.73 4.74 0.0 9.49 18.06 12.9 8.08 7.5 9.6 14.85 12.73 15.66 8.08 14.15 14.23 4.5 14.85 14.23 15.3 7.5 8.08 8.08 4.74 4.74 7.5 15.3 4.5 5.41 0.0 5.41 4.74 12.73 16.22 7.5 15.3 4.5 10.61 0.0 15.66 20.89 14.23 0.0 15.66 20.89 10.61 12.09 4.5 15.66 9.49 14.85 4.5 12.73 4.5 14.85 9.49 12.09 5.41 8.08 14.15 20.89 15.3 10.61 0.0 10.61 8.08 18.06 7.5 18.06 16.22 0.0 4.5 14.23 10.61 10.61 14.23 5.41 4.5 16.22 14.23 4.74 14.15 12.09 8.08 12.09 0.0 15.66 14.85 4.5 16.22 5.41 10.61 14.23 7.5 12.09
12.09 17.49 10.06 10.92 10.92 0.0 15.0 10.06 7.5 4.5 11.72 15.0 10.92 4.24 3.0 6.71 12.09 10.06 17.49 4.24 10.61 10.06 0.0 12.09 10.06 16.77 3.0 4.24 4.24 7.5 7.5 3.0 16.77 0.0 8.75 4.5 8.75 7.5 10.06 12.73 3.0 16.77 0.0 10.92 4.5 17.49 22.9 10.06 4.5 17.49 22.9 10.92 10.61 6.36 17.49 11.72 12.09 0.0 10.06 6.36 12.09 11.72 10.61 8.75 4.24 10.61 22.9 16.77 10.92 4.5 10.92 4.24 15.0 3.0 15.0 12.73 4.5 0.0 10.06 10.92 10.92 10.06 8.75 6.36 12.73 10.06 7.5 10.61 10.61 4.24 10.61 4.5 17.49 12.09 6.36 12.73 8.75 10.92 10.06 3.0 10.61
6.71 20.84 0.0 13.42 13.42 10.06 7.5 6.36 15.0 14.23 17.1 7.5 8.49 6.18 7.5 6.18 6.71 6.36 20.84 6.18 3.35 0.0 10.06 6.71 0.0 19.56 7.5 6.18 6.18 15.0 15.0 7.5 19.56 10.06 16.5 14.23 16.5 15.0 6.36 4.5 7.5 19.56 10.06 13.42 14.23 20.84 25.81 0.0 14.23 20.84 25.81 13.42 9.6 13.5 20.84 17.1 6.71 10.06 6.36 13.5 6.71 17.1 9.6 16.5 6.18 3.35 25.81 19.56 13.42 14.23 13.42 6.18 7.5 7.5 7.5 4.5 14.23 10.06 0.0 13.42 13.42 0.0 16.5 13.5 4.5 0.0 15.0 3.35 9.6 6.18 9.6 14.23 20.84 6.71 13.5 4.5 16.5 13.42 0.0 7.5 9.6
9.0 7.5 13.42 0.0 0.0 10.92 12.09 7.65 6.71 10.61 4.74 12.09 6.0 9.6 12.09 7.5 9.0 7.65 7.5 9.6 10.92 13.42 10.92 9.0 13.42 6.36 12.09 9.6 9.6 6.71 6.71 12.09 6.36 10.92 7.5 10.61 7.5 6.71 7.65 12.09 12.09 6.36 10.92 0.0 10.61 7.5 12.73 13.42 10.61 7.5 12.73 0.0 4.5 6.18 7.5 4.74 9.0 10.92 7.65 6.18 9.0 4.74 4.5 7.5 9.6 10.92 12.73 6.36 0.0 10.61 0.0 9.6 12.09 12.09 12.09 12.09 10.61 10.92 13.42 0.0 0.0 13.42 7.5 6.18 12.09 13.42 6.71 10.92 4.5 9.6 4.5 10.61 7.5 9.0 6.18 12.09 7.5 0.0 13.42 12.09 4.5
9.0 7.5 13.42 0.0 0.0 10.92 12.09 7.65 6.71 10.61 4.74 12.09 6.0 9.6 12.09 7.5 9.0 7.65 7.5 9.6 10.92 13.42 10.92 9.0 13.42 6.36 12.09 9.6 9.6 6.71 6.71 12.09 6.36 10.92 7.5 10.61 7.5 6.71 7.65 12.09 12.09 6.36 10.92 0.0 10.61 7.5 12.73 13.42 10.61 7.5 12.73 0.0 4.5 6.18 7.5 4.74 9.0 10.92 7.65 6.18 9.0 4.74 4.5 7.5 9.6 10.92 12.73 6.36 0.0 10.61 0.0 9.6 12.09 12.09 12.09 12.09 10.61 10.92 13.42 0.0 0.0 13.42 7.5 6.18 12.09 13.42 6.71 10.92 4.5 9.6 4.5 10.61 7.5 9.0 6.18 12.09 7.5 0.0 13.42 12.09 4.5
6.71 20.84 0.0 13.42 13.42 10.06 7.5 6.36 15.0 14.23 17.1 7.5 8.49 6.18 7.5 6.18 6.71 6.36 20.84 6.18 3.35 0.0 10.06 6.71 0.0 19.56 7.5 6.18 6.18 15.0 15.0 7.5 19.56 10.06 16.5 14.23 16.5 15.0 6.36 4.5 7.5 19.56 10.06 13.42 14.23 20.84 25.81 0.0 14.23 20.84 25.81 13.42 9.6 13.5 20.84 17.1 6.71 10.06 6.36 13.5 6.71 17.1 9.6 16.5 6.18 3.35 25.81 19.56 13.42 14.23 13.42 6.18 7.5 7.5 7.5 4.5 14.23 10.06 0.0 13.42 13.42 0.0 16.5 13.5 4.5 0.0 15.0 3.35 9.6 6.18 9.6 14.23 20.84 6.71 13.5 4.5 16.5 13.42 0.0 7.5 9.6
14.77 10.61 16.5 7.5 7.5 8.75 18.12 12.82 1.5 5.41 4.5 18.12 12.09 10.61 11.42 10.61 14.77 12.82 10.61 10.61 15.3 16.5 8.75 14.77 16.5 10.5 11.42 10.61 10.61 1.5 1.5 11.42 10.5 8.75 0.0 5.41 0.0 1.5 12.82 17.1 11.42 10.5 8.75 7.5 5.41 10.61 15.66 16.5 5.41 10.61 15.66 7.5 10.82 3.0 10.61 4.5 14.77 8.75 12.82 3.0 14.77 4.5 10.82 0.0 10.61 15.3 15.66 10.5 7.5 5.41 7.5 10.61 18.12 11.42 18.12 17.1 5.41 8.75 16.5 7.5 7.5 16.5 0.0 3.0 17.1 16.5 1.5 15.3 10.82 10.61 10.82 5.41 10.61 14.77 3.0 17.1 0.0 7.5 16.5 11.42 10.82
12.09 11.42 13.5 6.18 6.18 6.36 15.44 10.06 1.5 4.5 5.41 15.44 9.6 7.65 8.75 7.65 12.09 10.06 11.42 7.65 12.37 13.5 6.36 12.09 13.5 10.92 8.75 7.65 7.65 1.5 1.5 8.75 10.92 6.36 3.0 4.5 3.0 1.5 10.06 14.23 8.75 10.92 6.36 6.18 4.5 11.42 16.77 13.5 4.5 11.42 16.77 6.18 8.49 0.0 11.42 5.41 12.09 6.36 10.06 0.0 12.09 5.41 8.49 3.0 7.65 12.37 16.77 10.92 6.18 4.5 6.18 7.65 15.44 8.75 15.44 14.23 4.5 6.36 13.5 6.18 6.18 13.5 3.0 0.0 14.23 13.5 1.5 12.37 8.49 7.65 8.49 4.5 11.42 12.09 0.0 14.23 3.0 6.18 13.5 8.75 8.49
3.35 18.97 4.5 12.09 12.09 12.73 3.0 4.5 15.66 16.22 16.5 3.0 6.18 8.49 10.82 6.71 3.35 4.5 18.97 8.49 2.12 4.5 12.73 3.35 4.5 17.56 10.82 8.49 8.49 15.66 15.66 10.82 17.56 12.73 17.1 16.22 17.1 15.66 4.5 0.0 10.82 17.56 12.73 12.09 16.22 18.97 23.48 4.5 16.22 18.97 23.48 12.09 7.65 14.23 18.97 16.5 3.35 12.73 4.5 14.23 3.35 16.5 7.65 17.1 8.49 2.12 23.48 17.56 12.09 16.22 12.09 8.49 3.0 10.82 3.0 0.0 16.22 12.73 4.5 12.09 12.09 4.5 17.1 14.23 0.0 4.5 15.66 2.12 7.65 8.49 7.65 16.22 18.97 3.35 14.23 0.0 17.1 12.09 4.5 10.82 7.65
6.71 20.84 0.0 13.42 13.42 10.06 7.5 6.36 15.0 14.23 17.1 7.5 8.49 6.18 7.5 6.18 6.71 6.36 20.84 6.18 3.35 0.0 10.06 6.71 0.0 19.56 7.5 6.18 6.18 15.0 15.0 7.5 19.56 10.06 16.5 14.23 16.5 15.0 6.36 4.5 7.5 19.56 10.06 13.42 14.23 20.84 25.81 0.0 14.23 20.84 25.81 13.42 9.6 13.5 20.84 17.1 6.71 10.06 6.36 13.5 6.71 17.1 9.6 16.5 6.18 3.35 25.81 19.56 13.42 14.23 13.42 6.18 7.5 7.5 7.5 4.5 14.23 10.06 0.0 13.42 13.42 0.0 16.5 13.5 4.5 0.0 15.0 3.35 9.6 6.18 9.6 14.23 20.84 6.71 13.5 4.5 16.5 13.42 0.0 7.5 9.6
13.42 10.92 15.0 6.71 6.71 7.5 16.77 11.42 0.0 4.74 4.74 16.77 10.82 9.12 10.06 9.12 13.42 11.42 10.92 9.12 13.83 15.0 7.5 13.42 15.0 10.61 10.06 9.12 9.12 0.0 0.0 10.06 10.61 7.5 1.5 4.74 1.5 0.0 11.42 15.66 10.06 10.61 7.5 6.71 4.74 10.92 16.16 15.0 4.74 10.92 16.16 6.71 9.6 1.5 10.92 4.74 13.42 7.5 11.42 1.5 13.42 4.74 9.6 1.5 9.12 13.83 16.16 10.61 6.71 4.74 6.71 9.12 16.77 10.06 16.77 15.66 4.74 7.5 15.0 6.71 6.71 15.0 1.5 1.5 15.66 15.0 0.0 13.83 9.6 9.12 9.6 4.74 10.92 13.42 1.5 15.66 1.5 6.71 15.0 10.06 9.6
3.35 18.12 3.35 10.92 10.92 10.61 4.74 3.35 13.83 14.15 15.07 4.74 5.41 6.36 8.75 4.74 3.35 3.35 18.12 6.36 0.0 3.35 10.61 3.35 3.35 16.77 8.75 6.36 6.36 13.83 13.83 8.75 16.77 10.61 15.3 14.15 15.3 13.83 3.35 2.12 8.75 16.77 10.61 10.92 14.15 18.12 22.9 3.35 14.15 18.12 22.9 10.92 6.71 12.37 18.12 15.07 3.35 10.61 3.35 12.37 3.35 15.07 6.71 15.3 6.36 0.0 22.9 16.77 10.92 14.15 10.92 6.36 4.74 8.75 4.74 2.12 14.15 10.61 3.35 10.92 10.92 3.35 15.3 12.37 2.12 3.35 13.83 0.0 6.71 6.36 6.71 14.15 18.12 3.35 12.37 2.12 15.3 10.92 3.35 8.75 6.71
4.5 11.42 9.6 4.5 4.5 10.61 7.65 3.35 9.6 12.09 9.12 7.65 1.5 7.65 10.61 4.74 4.5 3.35 11.42 7.65 6.71 9.6 10.61 4.5 9.6 10.06 10.61 7.65 7.65 9.6 9.6 10.61 10.06 10.61 10.82 12.09 10.82 9.6 3.35 7.65 10.61 10.06 10.61 4.5 12.09 11.42 16.22 9.6 12.09 11.42 16.22 4.5 0.0 8.49 11.42 9.12 4.5 10.61 3.35 8.49 4.5 9.12 0.0 10.82 7.65 6.71 16.22 10.06 4.5 12.09 4.5 7.65 7.65 10.61 7.65 7.65 12.09 10.61 9.6 4.5 4.5 9.6 10.82 8.49 7.65 9.6 9.6 6.71 0.0 7.65 0.0 12.09 11.42 4.5 8.49 7.65 10.82 4.5 9.6 10.61 0.0
8.08 16.97 6.18 9.6 9.6 4.24 10.82 6.18 9.12 8.08 12.09 10.82 7.5 0.0 3.0 3.0 8.08 6.18 16.97 0.0 6.36 6.18 4.24 8.08 6.18 15.95 3.0 0.0 0.0 9.12 9.12 3.0 15.95 4.24 10.61 8.08 10.61 9.12 6.18 8.49 3.0 15.95 4.24 9.6 8.08 16.97 22.3 6.18 8.08 16.97 22.3 9.6 7.65 7.65 16.97 12.09 8.08 4.24 6.18 7.65 8.08 12.09 7.65 10.61 0.0 6.36 22.3 15.95 9.6 8.08 9.6 0.0 10.82 3.0 10.82 8.49 8.08 4.24 6.18 9.6 9.6 6.18 10.61 7.65 8.49 6.18 9.12 6.36 7.65 0.0 7.65 8.08 16.97 8.08 7.65 8.49 10.61 9.6 6.18 3.0 7.65
4.5 11.42 9.6 4.5 4.5 10.61 7.65 3.35 9.6 12.09 9.12 7.65 1.5 7.65 10.61 4.74 4.5 3.35 11.42 7.65 6.71 9.6 10.61 4.5 9.6 10.06 10.61 7.65 7.65 9.6 9.6 10.61 10.06 10.61 10.82 12.09 10.82 9.6 3.35 7.65 10.61 10.06 10.61 4.5 12.09 11.42 16.22 9.6 12.09 11.42 16.22 4.5 0.0 8.49 11.42 9.12 4.5 10.61 3.35 8.49 4.5 9.12 0.0 10.82 7.65 6.71 16.22 10.06 4.5 12.09 4.5 7.65 7.65 10.61 7.65 7.65 12.09 10.61 9.6 4.5 4.5 9.6 10.82 8.49 7.65 9.6 9.6 6.71 0.0 7.65 0.0 12.09 11.42 4.5 8.49 7.65 10.82 4.5 9.6 10.61 0.0
14.85 15.66 14.23 10.61 10.61 4.5 18.06 12.73 4.74 0.0 9.49 18.06 12.9 8.08 7.5 9.6 14.85 12.73 15.66 8.08 14.15 14.23 4.5 14.85 14.23 15.3 7.5 8.08 8.08 4.74 4.74 7.5 15.3 4.5 5.41 0.0 5.41 4.74 12.73 16.22 7.5 15.3 4.5 10.61 0.0 15.66 20.89 14.23 0.0 15.66 20.89 10.61 12.09 4.5 15.66 9.49 14.85 4.5 12.73 4.5 14.85 9.49 12.09 5.41 8.08 14.15 20.89 15.3 10.61 0.0 10.61 8.08 18.06 7.5 18.06 16.22 0.0 4.5 14.23 10.61 10.61 14.23 5.41 4.5 16.22 14.23 4.74 14.15 12.09 8.08 12.09 0.0 15.66 14.85 4.5 16.22 5.41 10.61 14.23 7.5 12.09
15.66 0.0 20.84 7.5 7.5 17.49 18.25 14.77 10.92 15.66 6.18 18.25 12.82 16.97 19.21 15.0 15.66 14.77 0.0 16.97 18.12 20.84 17.49 15.66 20.84 1.5 19.21 16.97 16.97 10.92 10.92 19.21 1.5 17.49 10.61 15.66 10.61 10.92 14.77 18.97 19.21 1.5 17.49 7.5 15.66 0.0 5.41 20.84 15.66 0.0 5.41 7.5 11.42 11.42 0.0 6.18 15.66 17.49 14.77 11.42 15.66 6.18 11.42 10.61 16.97 18.12 5.41 1.5 7.5 15.66 7.5 16.97 18.25 19.21 18.25 18.97 15.66 17.49 20.84 7.5 7.5 20.84 10.61 11.42 18.97 20.84 10.92 18.12 11.42 16.97 11.42 15.66 0.0 15.66 11.42 18.97 10.61 7.5 20.84 19.21 11.42
0.0 15.66 6.71 9.0 9.0 12.09 3.35 2.12 13.42 14.85 13.58 3.35 3.0 8.08 10.92 5.41 0.0 2.12 15.66 8.08 3.35 6.71 12.09 0.0 6.71 14.23 10.92 8.08 8.08 13.42 13.42 10.92 14.23 12.09 14.77 14.85 14.77 13.42 2.12 3.35 10.92 14.23 12.09 9.0 14.85 15.66 20.12 6.71 14.85 15.66 20.12 9.0 4.5 12.09 15.66 13.58 0.0 12.09 2.12 12.09 0.0 13.58 4.5 14.77 8.08 3.35 20.12 14.23 9.0 14.85 9.0 8.08 3.35 10.92 3.35 3.35 14.85 12.09 6.71 9.0 9.0 6.71 14.77 12.09 3.35 6.71 13.42 3.35 4.5 8.08 4.5 14.85 15.66 0.0 12.09 3.35 14.77 9.0 6.71 10.92 4.5
12.09 11.42 13.5 6.18 6.18 6.36 15.44 10.06 1.5 4.5 5.41 15.44 9.6 7.65 8.75 7.65 12.09 10.06 11.42 7.65 12.37 13.5 6.36 12.09 13.5 10.92 8.75 7.65 7.65 1.5 1.5 8.75 10.92 6.36 3.0 4.5 3.0 1.5 10.06 14.23 8.75 10.92 6.36 6.18 4.5 11.42 16.77 13.5 4.5 11.42 16.77 6.18 8.49 0.0 11.42 5.41 12.09 6.36 10.06 0.0 12.09 5.41 8.49 3.0 7.65 12.37 16.77 10.92 6.18 4.5 6.18 7.65 15.44 8.75 15.44 14.23 4.5 6.36 13.5 6.18 6.18 13.5 3.0 0.0 14.23 13.5 1.5 12.37 8.49 7.65 8.49 4.5 11.42 12.09 0.0 14.23 3.0 6.18 13.5 8.75 8.49
3.35 18.97 4.5 12.09 12.09 12.73 3.0 4.5 15.66 16.22 16.5 3.0 6.18 8.49 10.82 6.71 3.35 4.5 18.97 8.49 2.12 4.5 12.73 3.35 4.5 17.56 10.82 8.49 8.49 15.66 15.66 10.82 17.56 12.73 17.1 16.22 17.1 15.66 4.5 0.0 10.82 17.56 12.73 12.09 16.22 18.97 23.48 4.5 16.22 18.97 23.48 12.09 7.65 14.23 18.97 16.5 3.35 12.73 4.5 14.23 3.35 16.5 7.65 17.1 8.49 2.12 23.48 17.56 12.09 16.22 12.09 8.49 3.0 10.82 3.0 0.0 16.22 12.73 4.5 12.09 12.09 4.5 17.1 14.23 0.0 4.5 15.66 2.12 7.65 8.49 7.65 16.22 18.97 3.35 14.23 0.0 17.1 12.09 4.5 10.82 7.65
14.77 10.61 16.5 7.5 7.5 8.75 18.12 12.82 1.5 5.41 4.5 18.12 12.09 10.61 11.42 10.61 14.77 12.82 10.61 10.61 15.3 16.5 8.75 14.77 16.5 10.5 11.42 10.61 10.61 1.5 1.5 11.42 10.5 8.75 0.0 5.41 0.0 1.5 12.82 17.1 11.42 10.5 8.75 7.5 5.41 10.61 15.66 16.5 5.41 10.61 15.66 7.5 10.82 3.0 10.61 4.5 14.77 8.75 12.82 3.0 14.77 4.5 10.82 0.0 10.61 15.3 15.66 10.5 7.5 5.41 7.5 10.61 18.12 11.42 18.12 17.1 5.41 8.75 16.5 7.5 7.5 16.5 0.0 3.0 17.1 16.5 1.5 15.3 10.82 10.61 10.82 5.41 10.61 14.77 3.0 17.1 0.0 7.5 16.5 11.42 10.82
9.0 7.5 13.42 0.0 0.0 10.92 12.09 7.65 6.71 10.61 4.74 12.09 6.0 9.6 12.09 7.5 9.0 7.65 7.5 9.6 10.92 13.42 10.92 9.0 13.42 6.36 12.09 9.6 9.6 6.71 6.71 12.09 6.36 10.92 7.5 10.61 7.5 6.71 7.65 12.09 12.09 6.36 10.92 0.0 10.61 7.5 12.73 13.42 10.61 7.5 12.73 0.0 4.5 6.18 7.5 4.74 9.0 10.92 7.65 6.18 9.0 4.74 4.5 7.5 9.6 10.92 12.73 6.36 0.0 10.61 0.0 9.6 12.09 12.09 12.09 12.09 10.61 10.92 13.42 0.0 0.0 13.42 7.5 6.18 12.09 13.42 6.71 10.92 4.5 9.6 4.5 10.61 7.5 9.0 6.18 12.09 7.5 0.0 13.42 12.09 4.5
6.71 20.84 0.0 13.42 13.42 10.06 7.5 6.36 15.0 14.23 17.1 7.5 8.49 6.18 7.5 6.18 6.71 6.36 20.84 6.18 3.35 0.0 10.06 6.71 0.0 19.56 7.5 6.18 6.18 15.0 15.0 7.5 19.56 10.06 16.5 14.23 16.5 15.0 6.36 4.5 7.5 19.56 10.06 13.42 14.23 20.84 25.81 0.0 14.23 20.84 25.81 13.42 9.6 13.5 20.84 17.1 6.71 10.06 6.36 13.5 6.71 17.1 9.6 16.5 6.18 3.35 25.81 19.56 13.42 14.23 13.42 6.18 7.5 7.5 7.5 4.5 14.23 10.06 0.0 13.42 13.42 0.0 16.5 13.5 4.5 0.0 15.0 3.35 9.6 6.18 9.6 14.23 20.84 6.71 13.5 4.5 16.5 13.42 0.0 7.5 9.6
10.92 19.21 7.5 12.09 12.09 3.0 13.42 9.12 10.06 7.5 13.83 13.42 10.5 3.0 0.0 6.0 10.92 9.12 19.21 3.0 8.75 7.5 3.0 10.92 7.5 18.31 0.0 3.0 3.0 10.06 10.06 0.0 18.31 3.0 11.42 7.5 11.42 10.06 9.12 10.82 0.0 18.31 3.0 12.09 7.5 19.21 24.6 7.5 7.5 19.21 24.6 12.09 10.61 8.75 19.21 13.83 10.92 3.0 9.12 8.75 10.92 13.83 10.61 11.42 3.0 8.75 24.6 18.31 12.09 7.5 12.09 3.0 13.42 0.0 13.42 10.82 7.5 3.0 7.5 12.09 12.09 7.5 11.42 8.75 10.82 7.5 10.06 8.75 10.61 3.0 10.61 7.5 19.21 10.92 8.75 10.82 11.42 12.09 7.5 0.0 10.61
4.5 11.42 9.6 4.5 4.5 10.61 7.65 3.35 9.6 12.09 9.12 7.65 1.5 7.65 10.61 4.74 4.5 3.35 11.42 7.65 6.71 9.6 10.61 4.5 9.6 10.06 10.61 7.65 7.65 9.6 9.6 10.61 10.06 10.61 10.82 12.09 10.82 9.6 3.35 7.65 10.61 10.06 10.61 4.5 12.09 11.42 16.22 9.6 12.09 11.42 16.22 4.5 0.0 8.49 11.42 9.12 4.5 10.61 3.35 8.49 4.5 9.12 0.0 10.82 7.65 6.71 16.22 10.06 4.5 12.09 4.5 7.65 7.65 10.61 7.65 7.65 12.09 10.61 9.6 4.5 4.5 9.6 10.82 8.49 7.65 9.6 9.6 6.71 0.0 7.65 0.0 12.09 11.42 4.5 8.49 7.65 10.82 4.5 9.6 10.61 0.0
