0.0 20.12 2.12 12.09 13.42 3.0 3.35 3.35 3.35 13.58 3.35 8.08 3.35 4.5 5.41 2.12 15.66 14.85 3.35 8.08 15.66 5.41 6.71 3.35 20.12 12.09 3.35 10.92 14.77 15.66 12.09 14.85 0.0 3.0 8.08 6.71 3.35 2.12 5.41 3.35 20.12 6.71 14.85 3.35 6.71 14.23 3.35 14.85 3.35 9.0 6.71 10.92 8.08 9.0 12.09 13.58 0.0 13.42 10.92 15.66 5.41 12.09 14.85 8.08 12.09 3.35 9.0 12.09 10.92 3.35 9.0 9.0 14.23 2.12 14.85 3.0 12.09 13.58 13.42 10.92 3.35
20.12 0.0 19.56 16.77 16.16 17.49 22.3 22.3 23.48 11.42 22.9 22.3 22.3 16.22 20.18 19.56 5.41 20.89 23.48 22.3 5.41 20.18 25.81 22.9 0.0 22.9 23.48 24.6 15.66 5.41 22.9 20.89 20.12 17.49 22.3 25.81 22.3 19.56 20.18 22.3 0.0 25.81 20.89 22.9 25.81 6.36 22.9 20.89 22.9 12.73 25.81 24.6 22.3 12.73 22.9 11.42 20.12 16.16 24.6 5.41 20.18 22.9 20.89 22.3 22.9 23.48 12.73 16.77 24.6 22.9 12.73 12.73 6.36 19.56 20.89 17.49 22.9 11.42 16.16 24.6 22.9
2.12 19.56 0.0 10.06 11.42 2.12 5.41 5.41 4.5 12.0 3.35 6.18 5.41 3.35 3.35 0.0 14.77 12.73 4.5 6.18 14.77 3.35 6.36 3.35 19.56 10.06 4.5 9.12 12.82 14.77 10.06 12.73 2.12 2.12 6.18 6.36 5.41 0.0 3.35 5.41 19.56 6.36 12.73 3.35 6.36 13.42 3.35 12.73 3.35 7.65 6.36 9.12 6.18 7.65 10.06 12.0 2.12 11.42 9.12 14.77 3.35 10.06 12.73 6.18 10.06 4.5 7.65 10.06 9.12 3.35 7.65 7.65 13.42 0.0 12.73 2.12 10.06 12.0 11.42 9.12 3.35
12.09 16.77 10.06 0.0 1.5 9.6 15.44 15.44 14.23 5.41 12.37 7.65 15.44 8.49 7.65 10.06 11.42 4.5 14.23 7.65 11.42 7.65 13.5 12.37 16.77 6.36 14.23 8.75 3.0 11.42 6.36 4.5 12.09 9.6 7.65 13.5 15.44 10.06 7.65 15.44 16.77 13.5 4.5 12.37 13.5 10.92 12.37 4.5 12.37 6.18 13.5 8.75 7.65 6.18 6.36 5.41 12.09 1.5 8.75 11.42 7.65 6.36 4.5 7.65 6.36 14.23 6.18 0.0 8.75 12.37 6.18 6.18 10.92 10.06 4.5 9.6 6.36 5.41 1.5 8.75 12.37
13.42 16.16 11.42 1.5 0.0 10.82 16.77 16.77 15.66 4.74 13.83 9.12 16.77 9.6 9.12 11.42 10.92 4.74 15.66 9.12 10.92 9.12 15.0 13.83 16.16 7.5 15.66 10.06 1.5 10.92 7.5 4.74 13.42 10.82 9.12 15.0 16.77 11.42 9.12 16.77 16.16 15.0 4.74 13.83 15.0 10.61 13.83 4.74 13.83 6.71 15.0 10.06 9.12 6.71 7.5 4.74 13.42 0.0 10.06 10.92 9.12 7.5 4.74 9.12 7.5 15.66 6.71 1.5 10.06 13.83 6.71 6.71 10.61 11.42 4.74 10.82 7.5 4.74 0.0 10.06 13.83
3.0 17.49 2.12 9.6 10.82 0.0 6.18 6.18 6.18 10.61 5.41 7.5 6.18 1.5 4.5 2.12 12.82 12.9 6.18 7.5 12.82 4.5 8.49 5.41 17.49 10.92 6.18 10.5 12.09 12.82 10.92 12.9 3.0 0.0 7.5 8.49 6.18 2.12 4.5 6.18 17.49 8.49 12.9 5.41 8.49 11.42 5.41 12.9 5.41 6.0 8.49 10.5 7.5 6.0 10.92 10.61 3.0 10.82 10.5 12.82 4.5 10.92 12.9 7.5 10.92 6.18 6.0 9.6 10.5 5.41 6.0 6.0 11.42 2.12 12.9 0.0 10.92 10.61 10.82 10.5 5.41
3.35 22.3 5.41 15.44 16.77 6.18 0.0 0.0 3.0 16.77 4.74 10.82 0.0 7.65 8.49 5.41 18.25 18.06 3.0 10.82 18.25 8.49 7.5 4.74 22.3 15.0 3.0 13.42 18.12 18.25 15.0 18.06 3.35 6.18 10.82 7.5 0.0 5.41 8.49 0.0 22.3 7.5 18.06 4.74 7.5 16.77 4.74 18.06 4.74 12.09 7.5 13.42 10.82 12.09 15.0 16.77 3.35 16.77 13.42 18.25 8.49 15.0 18.06 10.82 15.0 3.0 12.09 15.44 13.42 4.74 12.09 12.09 16.77 5.41 18.06 6.18 15.0 16.77 16.77 13.42 4.74
3.35 22.3 5.41 15.44 16.77 6.18 0.0 0.0 3.0 16.77 4.74 10.82 0.0 7.65 8.49 5.41 18.25 18.06 3.0 10.82 18.25 8.49 7.5 4.74 22.3 15.0 3.0 13.42 18.12 18.25 15.0 18.06 3.35 6.18 10.82 7.5 0.0 5.41 8.49 0.0 22.3 7.5 18.06 4.74 7.5 16.77 4.74 18.06 4.74 12.09 7.5 13.42 10.82 12.09 15.0 16.77 3.35 16.77 13.42 18.25 8.49 15.0 18.06 10.82 15.0 3.0 12.09 15.44 13.42 4.74 12.09 12.09 16.77 5.41 18.06 6.18 15.0 16.77 16.77 13.42 4.74
3.35 23.48 4.5 14.23 15.66 6.18 3.0 3.0 0.0 16.5 2.12 8.49 3.0 7.65 6.71 4.5 18.97 16.22 0.0 8.49 18.97 6.71 4.5 2.12 23.48 12.73 0.0 10.82 17.1 18.97 12.73 16.22 3.35 6.18 8.49 4.5 3.0 4.5 6.71 3.0 23.48 4.5 16.22 2.12 4.5 17.56 2.12 16.22 2.12 12.09 4.5 10.82 8.49 12.09 12.73 16.5 3.35 15.66 10.82 18.97 6.71 12.73 16.22 8.49 12.73 0.0 12.09 14.23 10.82 2.12 12.09 12.09 17.56 4.5 16.22 6.18 12.73 16.5 15.66 10.82 2.12
13.58 11.42 12.0 5.41 4.74 10.61 16.77 16.77 16.5 0.0 15.07 12.09 16.77 9.12 10.92 12.0 6.18 9.49 16.5 12.09 6.18 10.92 17.1 15.07 11.42 11.72 16.5 13.83 4.5 6.18 11.72 9.49 13.58 10.61 12.09 17.1 16.77 12.0 10.92 16.77 11.42 17.1 9.49 15.07 17.1 6.0 15.07 9.49 15.07 4.74 17.1 13.83 12.09 4.74 11.72 0.0 13.58 4.74 13.83 6.18 10.92 11.72 9.49 12.09 11.72 16.5 4.74 5.41 13.83 15.07 4.74 4.74 6.0 12.0 9.49 10.61 11.72 0.0 4.74 13.83 15.07
3.35 22.9 3.35 12.37 13.83 5.41 4.74 4.74 2.12 15.07 0.0 6.36 4.74 6.71 4.74 3.35 18.12 14.15 2.12 6.36 18.12 4.74 3.35 0.0 22.9 10.61 2.12 8.75 15.3 18.12 10.61 14.15 3.35 5.41 6.36 3.35 4.74 3.35 4.74 4.74 22.9 3.35 14.15 0.0 3.35 16.77 0.0 14.15 0.0 10.92 3.35 8.75 6.36 10.92 10.61 15.07 3.35 13.83 8.75 18.12 4.74 10.61 14.15 6.36 10.61 2.12 10.92 12.37 8.75 0.0 10.92 10.92 16.77 3.35 14.15 5.41 10.61 15.07 13.83 8.75 0.0
8.08 22.3 6.18 7.65 9.12 7.5 10.82 10.82 8.49 12.09 6.36 0.0 10.82 7.65 3.0 6.18 16.97 8.08 8.49 0.0 16.97 3.0 6.18 6.36 22.3 4.24 8.49 3.0 10.61 16.97 4.24 8.08 8.08 7.5 0.0 6.18 10.82 6.18 3.0 10.82 22.3 6.18 8.08 6.36 6.18 15.95 6.36 8.08 6.36 9.6 6.18 3.0 0.0 9.6 4.24 12.09 8.08 9.12 3.0 16.97 3.0 4.24 8.08 0.0 4.24 8.49 9.6 7.65 3.0 6.36 9.6 9.6 15.95 6.18 8.08 7.5 4.24 12.09 9.12 3.0 6.36
3.35 22.3 5.41 15.44 16.77 6.18 0.0 0.0 3.0 16.77 4.74 10.82 0.0 7.65 8.49 5.41 18.25 18.06 3.0 10.82 18.25 8.49 7.5 4.74 22.3 15.0 3.0 13.42 18.12 18.25 15.0 18.06 3.35 6.18 10.82 7.5 0.0 5.41 8.49 0.0 22.3 7.5 18.06 4.74 7.5 16.77 4.74 18.06 4.74 12.09 7.5 13.42 10.82 12.09 15.0 16.77 3.35 16.77 13.42 18.25 8.49 15.0 18.06 10.82 15.0 3.0 12.09 15.44 13.42 4.74 12.09 12.09 16.77 5.41 18.06 6.18 15.0 16.77 16.77 13.42 4.74
4.5 16.22 3.35 8.49 9.6 1.5 7.65 7.65 7.65 9.12 6.71 7.65 7.65 0.0 4.74 3.35 11.42 12.09 7.65 7.65 11.42 4.74 9.6 6.71 16.22 10.61 7.65 10.61 10.82 11.42 10.61 12.09 4.5 1.5 7.65 9.6 7.65 3.35 4.74 7.65 16.22 9.6 12.09 6.71 9.6 10.06 6.71 12.09 6.71 4.5 9.6 10.61 7.65 4.5 10.61 9.12 4.5 9.6 10.61 11.42 4.74 10.61 12.09 7.65 10.61 7.65 4.5 8.49 10.61 6.71 4.5 4.5 10.06 3.35 12.09 1.5 10.61 9.12 9.6 10.61 6.71
5.41 20.18 3.35 7.65 9.12 4.5 8.49 8.49 6.71 10.92 4.74 3.0 8.49 4.74 0.0 3.35 15.0 9.6 6.71 3.0 15.0 0.0 6.18 4.74 20.18 6.71 6.71 6.0 10.61 15.0 6.71 9.6 5.41 4.5 3.0 6.18 8.49 3.35 0.0 8.49 20.18 6.18 9.6 4.74 6.18 13.83 4.74 9.6 4.74 7.5 6.18 6.0 3.0 7.5 6.71 10.92 5.41 9.12 6.0 15.0 0.0 6.71 9.6 3.0 6.71 6.71 7.5 7.65 6.0 4.74 7.5 7.5 13.83 3.35 9.6 4.5 6.71 10.92 9.12 6.0 4.74
2.12 19.56 0.0 10.06 11.42 2.12 5.41 5.41 4.5 12.0 3.35 6.18 5.41 3.35 3.35 0.0 14.77 12.73 4.5 6.18 14.77 3.35 6.36 3.35 19.56 10.06 4.5 9.12 12.82 14.77 10.06 12.73 2.12 2.12 6.18 6.36 5.41 0.0 3.35 5.41 19.56 6.36 12.73 3.35 6.36 13.42 3.35 12.73 3.35 7.65 6.36 9.12 6.18 7.65 10.06 12.0 2.12 11.42 9.12 14.77 3.35 10.06 12.73 6.18 10.06 4.5 7.65 10.06 9.12 3.35 7.65 7.65 13.42 0.0 12.73 2.12 10.06 12.0 11.42 9.12 3.35
15.66 5.41 14.77 11.42 10.92 12.82 18.25 18.25 18.97 6.18 18.12 16.97 18.25 11.42 15.0 14.77 0.0 15.66 18.97 16.97 0.0 15.0 20.84 18.12 5.41 17.49 18.97 19.21 10.61 0.0 17.49 15.66 15.66 12.82 16.97 20.84 18.25 14.77 15.0 18.25 5.41 20.84 15.66 18.12 20.84 1.5 18.12 15.66 18.12 7.5 20.84 19.21 16.97 7.5 17.49 6.18 15.66 10.92 19.21 0.0 15.0 17.49 15.66 16.97 17.49 18.97 7.5 11.42 19.21 18.12 7.5 7.5 1.5 14.77 15.66 12.82 17.49 6.18 10.92 19.21 18.12
14.85 20.89 12.73 4.5 4.74 12.9 18.06 18.06 16.22 9.49 14.15 8.08 18.06 12.09 9.6 12.73 15.66 0.0 16.22 8.08 15.66 9.6 14.23 14.15 20.89 4.5 16.22 7.5 5.41 15.66 4.5 0.0 14.85 12.9 8.08 14.23 18.06 12.73 9.6 18.06 20.89 14.23 0.0 14.15 14.23 15.3 14.15 0.0 14.15 10.61 14.23 7.5 8.08 10.61 4.5 9.49 14.85 4.74 7.5 15.66 9.6 4.5 0.0 8.08 4.5 16.22 10.61 4.5 7.5 14.15 10.61 10.61 15.3 12.73 0.0 12.9 4.5 9.49 4.74 7.5 14.15
3.35 23.48 4.5 14.23 15.66 6.18 3.0 3.0 0.0 16.5 2.12 8.49 3.0 7.65 6.71 4.5 18.97 16.22 0.0 8.49 18.97 6.71 4.5 2.12 23.48 12.73 0.0 10.82 17.1 18.97 12.73 16.22 3.35 6.18 8.49 4.5 3.0 4.5 6.71 3.0 23.48 4.5 16.22 2.12 4.5 17.56 2.12 16.22 2.12 12.09 4.5 10.82 8.49 12.09 12.73 16.5 3.35 15.66 10.82 18.97 6.71 12.73 16.22 8.49 12.73 0.0 12.09 14.23 10.82 2.12 12.09 12.09 17.56 4.5 16.22 6.18 12.73 16.5 15.66 10.82 2.12
8.08 22.3 6.18 7.65 9.12 7.5 10.82 10.82 8.49 12.09 6.36 0.0 10.82 7.65 3.0 6.18 16.97 8.08 8.49 0.0 16.97 3.0 6.18 6.36 22.3 4.24 8.49 3.0 10.61 16.97 4.24 8.08 8.08 7.5 0.0 6.18 10.82 6.18 3.0 10.82 22.3 6.18 8.08 6.36 6.18 15.95 6.36 8.08 6.36 9.6 6.18 3.0 0.0 9.6 4.24 12.09 8.08 9.12 3.0 16.97 3.0 4.24 8.08 0.0 4.24 8.49 9.6 7.65 3.0 6.36 9.6 9.6 15.95 6.18 8.08 7.5 4.24 12.09 9.12 3.0 6.36
15.66 5.41 14.77 11.42 10.92 12.82 18.25 18.25 18.97 6.18 18.12 16.97 18.25 11.42 15.0 14.77 0.0 15.66 18.97 16.97 0.0 15.0 20.84 18.12 5.41 17.49 18.97 19.21 10.61 0.0 17.49 15.66 15.66 12.82 16.97 20.84 18.25 14.77 15.0 18.25 5.41 20.84 15.66 18.12 20.84 1.5 18.12 15.66 18.12 7.5 20.84 19.21 16.97 7.5 17.49 6.18 15.66 10.92 19.21 0.0 15.0 17.49 15.66 16.97 17.49 18.97 7.5 11.42 19.21 18.12 7.5 7.5 1.5 14.77 15.66 12.82 17.49 6.18 10.92 19.21 18.12
5.41 20.18 3.35 7.65 9.12 4.5 8.49 8.49 6.71 10.92 4.74 3.0 8.49 4.74 0.0 3.35 15.0 9.6 6.71 3.0 15.0 0.0 6.18 4.74 20.18 6.71 6.71 6.0 10.61 15.0 6.71 9.6 5.41 4.5 3.0 6.18 8.49 3.35 0.0 8.49 20.18 6.18 9.6 4.74 6.18 13.83 4.74 9.6 4.74 7.5 6.18 6.0 3.0 7.5 6.71 10.92 5.41 9.12 6.0 15.0 0.0 6.71 9.6 3.0 6.71 6.71 7.5 7.65 6.0 4.74 7.5 7.5 13.83 3.35 9.6 4.5 6.71 10.92 9.12 6.0 4.74
6.71 25.81 6.36 13.5 15.0 8.49 7.5 7.5 4.5 17.1 3.35 6.18 7.5 9.6 6.18 6.36 20.84 14.23 4.5 6.18 20.84 6.18 0.0 3.35 25.81 10.06 4.5 7.5 16.5 20.84 10.06 14.23 6.71 8.49 6.18 0.0 7.5 6.36 6.18 7.5 25.81 0.0 14.23 3.35 0.0 19.56 3.35 14.23 3.35 13.42 0.0 7.5 6.18 13.42 10.06 17.1 6.71 15.0 7.5 20.84 6.18 10.06 14.23 6.18 10.06 4.5 13.42 13.5 7.5 3.35 13.42 13.42 19.56 6.36 14.23 8.49 10.06 17.1 15.0 7.5 3.35
3.35 22.9 3.35 12.37 13.83 5.41 4.74 4.74 2.12 15.07 0.0 6.36 4.74 6.71 4.74 3.35 18.12 14.15 2.12 6.36 18.12 4.74 3.35 0.0 22.9 10.61 2.12 8.75 15.3 18.12 10.61 14.15 3.35 5.41 6.36 3.35 4.74 3.35 4.74 4.74 22.9 3.35 14.15 0.0 3.35 16.77 0.0 14.15 0.0 10.92 3.35 8.75 6.36 10.92 10.61 15.07 3.35 13.83 8.75 18.12 4.74 10.61 14.15 6.36 10.61 2.12 10.92 12.37 8.75 0.0 10.92 10.92 16.77 3.35 14.15 5.41 10.61 15.07 13.83 8.75 0.0
20.12 0.0 19.56 16.77 16.16 17.49 22.3 22.3 23.48 11.42 22.9 22.3 22.3 16.22 20.18 19.56 5.41 20.89 23.48 22.3 5.41 20.18 25.81 22.9 0.0 22.9 23.48 24.6 15.66 5.41 22.9 20.89 20.12 17.49 22.3 25.81 22.3 19.56 20.18 22.3 0.0 25.81 20.89 22.9 25.81 6.36 22.9 20.89 22.9 12.73 25.81 24.6 22.3 12.73 22.9 11.42 20.12 16.16 24.6 5.41 20.18 22.9 20.89 22.3 22.9 23.48 12.73 16.77 24.6 22.9 12.73 12.73 6.36 19.56 20.89 17.49 22.9 11.42 16.16 24.6 22.9
12.09 22.9 10.06 6.36 7.5 10.92 15.0 15.0 12.73 11.72 10.61 4.24 15.0 10.61 6.71 10.06 17.49 4.5 12.73 4.24 17.49 6.71 10.06 10.61 22.9 0.0 12.73 3.0 8.75 17.49 0.0 4.5 12.09 10.92 4.24 10.06 15.0 10.06 6.71 15.0 22.9 10.06 4.5 10.61 10.06 16.77 10.61 4.5 10.61 10.92 10.06 3.0 4.24 10.92 0.0 11.72 12.09 7.5 3.0 17.49 6.71 0.0 4.5 4.24 0.0 12.73 10.92 6.36 3.0 10.61 10.92 10.92 16.77 10.06 4.5 10.92 0.0 11.72 7.5 3.0 10.61
3.35 23.48 4.5 14.23 15.66 6.18 3.0 3.0 0.0 16.5 2.12 8.49 3.0 7.65 6.71 4.5 18.97 16.22 0.0 8.49 18.97 6.71 4.5 2.12 23.48 12.73 0.0 10.82 17.1 18.97 12.73 16.22 3.35 6.18 8.49 4.5 3.0 4.5 6.71 3.0 23.48 4.5 16.22 2.12 4.5 17.56 2.12 16.22 2.12 12.09 4.5 10.82 8.49 12.09 12.73 16.5 3.35 15.66 10.82 18.97 6.71 12.73 16.22 8.49 12.73 0.0 12.09 14.23 10.82 2.12 12.09 12.09 17.56 4.5 16.22 6.18 12.73 16.5 15.66 10.82 2.12
10.92 24.6 9.12 8.75 10.06 10.5 13.42 13.42 10.82 13.83 8.75 3.0 13.42 10.61 6.0 9.12 19.21 7.5 10.82 3.0 19.21 6.0 7.5 8.75 24.6 3.0 10.82 0.0 11.42 19.21 3.0 7.5 10.92 10.5 3.0 7.5 13.42 9.12 6.0 13.42 24.6 7.5 7.5 8.75 7.5 18.31 8.75 7.5 8.75 12.09 7.5 0.0 3.0 12.09 3.0 13.83 10.92 10.06 0.0 19.21 6.0 3.0 7.5 3.0 3.0 10.82 12.09 8.75 0.0 8.75 12.09 12.09 18.31 9.12 7.5 10.5 3.0 13.83 10.06 0.0 8.75
14.77 15.66 12.82 3.0 1.5 12.09 18.12 18.12 17.1 4.5 15.3 10.61 18.12 10.82 10.61 12.82 10.61 5.41 17.1 10.61 10.61 10.61 16.5 15.3 15.66 8.75 17.1 11.42 0.0 10.61 8.75 5.41 14.77 12.09 10.61 16.5 18.12 12.82 10.61 18.12 15.66 16.5 5.41 15.3 16.5 10.5 15.3 5.41 15.3 7.5 16.5 11.42 10.61 7.5 8.75 4.5 14.77 1.5 11.42 10.61 10.61 8.75 5.41 10.61 8.75 17.1 7.5 3.0 11.42 15.3 7.5 7.5 10.5 12.82 5.41 12.09 8.75 4.5 1.5 11.42 15.3
15.66 5.41 14.77 11.42 10.92 12.82 18.25 18.25 18.97 6.18 18.12 16.97 18.25 11.42 15.0 14.77 0.0 15.66 18.97 16.97 0.0 15.0 20.84 18.12 5.41 17.49 18.97 19.21 10.61 0.0 17.49 15.66 15.66 12.82 16.97 20.84 18.25 14.77 15.0 18.25 5.41 20.84 15.66 18.12 20.84 1.5 18.12 15.66 18.12 7.5 20.84 19.21 16.97 7.5 17.49 6.18 15.66 10.92 19.21 0.0 15.0 17.49 15.66 16.97 17.49 18.97 7.5 11.42 19.21 18.12 7.5 7.5 1.5 14.77 15.66 12.82 17.49 6.18 10.92 19.21 18.12
12.09 22.9 10.06 6.36 7.5 10.92 15.0 15.0 12.73 11.72 10.61 4.24 15.0 10.61 6.71 10.06 17.49 4.5 12.73 4.24 17.49 6.71 10.06 10.61 22.9 0.0 12.73 3.0 8.75 17.49 0.0 4.5 12.09 10.92 4.24 10.06 15.0 10.06 6.71 15.0 22.9 10.06 4.5 10.61 10.06 16.77 10.61 4.5 10.61 10.92 10.06 3.0 4.24 10.92 0.0 11.72 12.09 7.5 3.0 17.49 6.71 0.0 4.5 4.24 0.0 12.73 10.92 6.36 3.0 10.61 10.92 10.92 16.77 10.06 4.5 10.92 0.0 11.72 7.5 3.0 10.61
14.85 20.89 12.73 4.5 4.74 12.9 18.06 18.06 16.22 9.49 14.15 8.08 18.06 12.09 9.6 12.73 15.66 0.0 16.22 8.08 15.66 9.6 14.23 14.15 20.89 4.5 16.22 7.5 5.41 15.66 4.5 0.0 14.85 12.9 8.08 14.23 18.06 12.73 9.6 18.06 20.89 14.23 0.0 14.15 14.23 15.3 14.15 0.0 14.15 10.61 14.23 7.5 8.08 10.61 4.5 9.49 14.85 4.74 7.5 15.66 9.6 4.5 0.0 8.08 4.5 16.22 10.61 4.5 7.5 14.15 10.61 10.61 15.3 12.73 0.0 12.9 4.5 9.49 4.74 7.5 14.15
0.0 20.12 2.12 12.09 13.42 3.0 3.35 3.35 3.35 13.58 3.35 8.08 3.35 4.5 5.41 2.12 15.66 14.85 3.35 8.08 15.66 5.41 6.71 3.35 20.12 12.09 3.35 10.92 14.77 15.66 12.09 14.85 0.0 3.0 8.08 6.71 3.35 2.12 5.41 3.35 20.12 6.71 14.85 3.35 6.71 14.23 3.35 14.85 3.35 9.0 6.71 10.92 8.08 9.0 12.09 13.58 0.0 13.42 10.92 15.66 5.41 12.09 14.85 8.08 12.09 3.35 9.0 12.09 10.92 3.35 9.0 9.0 14.23 2.12 14.85 3.0 12.09 13.58 13.42 10.92 3.35
3.0 17.49 2.12 9.6 10.82 0.0 6.18 6.18 6.18 10.61 5.41 7.5 6.18 1.5 4.5 2.12 12.82 12.9 6.18 7.5 12.82 4.5 8.49 5.41 17.49 10.92 6.18 10.5 12.09 12.82 10.92 12.9 3.0 0.0 7.5 8.49 6.18 2.12 4.5 6.18 17.49 8.49 12.9 5.41 8.49 11.42 5.41 12.9 5.41 6.0 8.49 10.5 7.5 6.0 10.92 10.61 3.0 10.82 10.5 12.82 4.5 10.92 12.9 7.5 10.92 6.18 6.0 9.6 10.5 5.41 6.0 6.0 11.42 2.12 12.9 0.0 10.92 10.61 10.82 10.5 5.41
8.08 22.3 6.18 7.65 9.12 7.5 10.82 10.82 8.49 12.09 6.36 0.0 10.82 7.65 3.0 6.18 16.97 8.08 8.49 0.0 16.97 3.0 6.18 6.36 22.3 4.24 8.49 3.0 10.61 16.97 4.24 8.08 8.08 7.5 0.0 6.18 10.82 6.18 3.0 10.82 22.3 6.18 8.08 6.36 6.18 15.95 6.36 8.08 6.36 9.6 6.18 3.0 0.0 9.6 4.24 12.09 8.08 9.12 3.0 16.97 3.0 4.24 8.08 0.0 4.24 8.49 9.6 7.65 3.0 6.36 9.6 9.6 15.95 6.18 8.08 7.5 4.24 12.09 9.12 3.0 6.36
6.71 25.81 6.36 13.5 15.0 8.49 7.5 7.5 4.5 17.1 3.35 6.18 7.5 9.6 6.18 6.36 20.84 14.23 4.5 6.18 20.84 6.18 0.0 3.35 25.81 10.06 4.5 7.5 16.5 20.84 10.06 14.23 6.71 8.49 6.18 0.0 7.5 6.36 6.18 7.5 25.81 0.0 14.23 3.35 0.0 19.56 3.35 14.23 3.35 13.42 0.0 7.5 6.18 13.42 10.06 17.1 6.71 15.0 7.5 20.84 6.18 10.06 14.23 6.18 10.06 4.5 13.42 13.5 7.5 3.35 13.42 13.42 19.56 6.36 14.23 8.49 10.06 17.1 15.0 7.5 3.35
3.35 22.3 5.41 15.44 16.77 6.18 0.0 0.0 3.0 16.77 4.74 10.82 0.0 7.65 8.49 5.41 18.25 18.06 3.0 10.82 18.25 8.49 7.5 4.74 22.3 15.0 3.0 13.42 18.12 18.25 15.0 18.06 3.35 6.18 10.82 7.5 0.0 5.41 8.49 0.0 22.3 7.5 18.06 4.74 7.5 16.77 4.74 18.06 4.74 12.09 7.5 13.42 10.82 12.09 15.0 16.77 3.35 16.77 13.42 18.25 8.49 15.0 18.06 10.82 15.0 3.0 12.09 15.44 13.42 4.74 12.09 12.09 16.77 5.41 18.06 6.18 15.0 16.77 16.77 13.42 4.74
2.12 19.56 0.0 10.06 11.42 2.12 5.41 5.41 4.5 12.0 3.35 6.18 5.41 3.35 3.35 0.0 14.77 12.73 4.5 6.18 14.77 3.35 6.36 3.35 19.56 10.06 4.5 9.12 12.82 14.77 10.06 12.73 2.12 2.12 6.18 6.36 5.41 0.0 3.35 5.41 19.56 6.36 12.73 3.35 6.36 13.42 3.35 12.73 3.35 7.65 6.36 9.12 6.18 7.65 10.06 12.0 2.12 11.42 9.12 14.77 3.35 10.06 12.73 6.18 10.06 4.5 7.65 10.06 9.12 3.35 7.65 7.65 13.42 0.0 12.73 2.12 10.06 12.0 11.42 9.12 3.35
5.41 20.18 3.35 7.65 9.12 4.5 8.49 8.49 6.71 10.92 4.74 3.0 8.49 4.74 0.0 3.35 15.0 9.6 6.71 3.0 15.0 0.0 6.18 4.74 20.18 6.71 6.71 6.0 10.61 15.0 6.71 9.6 5.41 4.5 3.0 6.18 8.49 3.35 0.0 8.49 20.18 6.18 9.6 4.74 6.18 13.83 4.74 9.6 4.74 7.5 6.18 6.0 3.0 7.5 6.71 10.92 5.41 9.12 6.0 15.0 0.0 6.71 9.6 3.0 6.71 6.71 7.5 7.65 6.0 4.74 7.5 7.5 13.83 3.35 9.6 4.5 6.71 10.92 9.12 6.0 4.74
3.35 22.3 5.41 15.44 16.77 6.18 0.0 0.0 3.0 16.77 4.74 10.82 0.0 7.65 8.49 5.41 18.25 18.06 3.0 10.82 18.25 8.49 7.5 4.74 22.3 15.0 3.0 13.42 18.12 18.25 15.0 18.06 3.35 6.18 10.82 7.5 0.0 5.41 8.49 0.0 22.3 7.5 18.06 4.74 7.5 16.77 4.74 18.06 4.74 12.09 7.5 13.42 10.82 12.09 15.0 16.77 3.35 16.77 13.42 18.25 8.49 15.0 18.06 10.82 15.0 3.0 12.09 15.44 13.42 4.74 12.09 12.09 16.77 5.41 18.06 6.18 15.0 16.77 16.77 13.42 4.74
20.12 0.0 19.56 16.77 16.16 17.49 22.3 22.3 23.48 11.42 22.9 22.3 22.3 16.22 20.18 19.56 5.41 20.89 23.48 22.3 5.41 20.18 25.81 22.9 0.0 22.9 23.48 24.6 15.66 5.41 22.9 20.89 20.12 17.49 22.3 25.81 22.3 19.56 20.18 22.3 0.0 25.81 20.89 22.9 25.81 6.36 22.9 20.89 22.9 12.73 25.81 24.6 22.3 12.73 22.9 11.42 20.12 16.16 24.6 5.41 20.18 22.9 20.89 22.3 22.9 23.48 12.73 16.77 24.6 22.9 12.73 12.73 6.36 19.56 20.89 17.49 22.9 11.42 16.16 24.6 22.9
6.71 25.81 6.36 13.5 15.0 8.49 7.5 7.5 4.5 17.1 3.35 6.18 7.5 9.6 6.18 6.36 20.84 14.23 4.5 6.18 20.84 6.18 0.0 3.35 25.81 10.06 4.5 7.5 16.5 20.84 10.06 14.23 6.71 8.49 6.18 0.0 7.5 6.36 6.18 7.5 25.81 0.0 14.23 3.35 0.0 19.56 3.35 14.23 3.35 13.42 0.0 7.5 6.18 13.42 10.06 17.1 6.71 15.0 7.5 20.84 6.18 10.06 14.23 6.18 10.06 4.5 13.42 13.5 7.5 3.35 13.42 13.42 19.56 6.36 14.23 8.49 10.06 17.1 15.0 7.5 3.35
14.85 20.89 12.73 4.5 4.74 12.9 18.06 18.06 16.22 9.49 14.15 8.08 18.06 12.09 9.6 12.73 15.66 0.0 16.22 8.08 15.66 9.6 14.23 14.15 20.89 4.5 16.22 7.5 5.41 15.66 4.5 0.0 14.85 12.9 8.08 14.23 18.06 12.73 9.6 18.06 20.89 14.23 0.0 14.15 14.23 15.3 14.15 0.0 14.15 10.61 14.23 7.5 8.08 10.61 4.5 9.49 14.85 4.74 7.5 15.66 9.6 4.5 0.0 8.08 4.5 16.22 10.61 4.5 7.5 14.15 10.61 10.61 15.3 12.73 0.0 12.9 4.5 9.49 4.74 7.5 14.15
3.35 22.9 3.35 12.37 13.83 5.41 4.74 4.74 2.12 15.07 0.0 6.36 4.74 6.71 4.74 3.35 18.12 14.15 2.12 6.36 18.12 4.74 3.35 0.0 22.9 10.61 2.12 8.75 15.3 18.12 10.61 14.15 3.35 5.41 6.36 3.35 4.74 3.35 4.74 4.74 22.9 3.35 14.15 0.0 3.35 16.77 0.0 14.15 0.0 10.92 3.35 8.75 6.36 10.92 10.61 15.07 3.35 13.83 8.75 18.12 4.74 10.61 14.15 6.36 10.61 2.12 10.92 12.37 8.75 0.0 10.92 10.92 16.77 3.35 14.15 5.41 10.61 15.07 13.83 8.75 0.0
6.71 25.81 6.36 13.5 15.0 8.49 7.5 7.5 4.5 17.1 3.35 6.18 7.5 9.6 6.18 6.36 20.84 14.23 4.5 6.18 20.84 6.18 0.0 3.35 25.81 10.06 4.5 7.5 16.5 20.84 10.06 14.23 6.71 8.49 6.18 0.0 7.5 6.36 6.18 7.5 25.81 0.0 14.23 3.35 0.0 19.56 3.35 14.23 3.35 13.42 0.0 7.5 6.18 13.42 10.06 17.1 6.71 15.0 7.5 20.84 6.18 10.06 14.23 6.18 10.06 4.5 13.42 13.5 7.5 3.35 13.42 13.42 19.56 6.36 14.23 8.49 10.06 17.1 15.0 7.5 3.35
14.23 6.36 13.42 10.92 10.61 11.42 16.77 16.77 17.56 6.0 16.77 15.95 16.77 10.06 13.83 13.42 1.5 15.3 17.56 15.95 1.5 13.83 19.56 16.77 6.36 16.77 17.56 18.31 10.5 1.5 16.77 15.3 14.23 11.42 15.95 19.56 16.77 13.42 13.83 16.77 6.36 19.56 15.3 16.77 19.56 0.0 16.77 15.3 16.77 6.36 19.56 18.31 15.95 6.36 16.77 6.0 14.23 10.61 18.31 1.5 13.83 16.77 15.3 15.95 16.77 17.56 6.36 10.92 18.31 16.77 6.36 6.36 0.0 13.42 15.3 11.42 16.77 6.0 10.61 18.31 16.77
3.35 22.9 3.35 12.37 13.83 5.41 4.74 4.74 2.12 15.07 0.0 6.36 4.74 6.71 4.74 3.35 18.12 14.15 2.12 6.36 18.12 4.74 3.35 0.0 22.9 10.61 2.12 8.75 15.3 18.12 10.61 14.15 3.35 5.41 6.36 3.35 4.74 3.35 4.74 4.74 22.9 3.35 14.15 0.0 3.35 16.77 0.0 14.15 0.0 10.92 3.35 8.75 6.36 10.92 10.61 15.07 3.35 13.83 8.75 18.12 4.74 10.61 14.15 6.36 10.61 2.12 10.92 12.37 8.75 0.0 10.92 10.92 16.77 3.35 14.15 5.41 10.61 15.07 13.83 8.75 0.0
14.85 20.89 12.73 4.5 4.74 12.9 18.06 18.06 16.22 9.49 14.15 8.08 18.06 12.09 9.6 12.73 15.66 0.0 16.22 8.08 15.66 9.6 14.23 14.15 20.89 4.5 16.22 7.5 5.41 15.66 4.5 0.0 14.85 12.9 8.08 14.23 18.06 12.73 9.6 18.06 20.89 14.23 0.0 14.15 14.23 15.3 14.15 0.0 14.15 10.61 14.23 7.5 8.08 10.61 4.5 9.49 14.85 4.74 7.5 15.66 9.6 4.5 0.0 8.08 4.5 16.22 10.61 4.5 7.5 14.15 10.61 10.61 15.3 12.73 0.0 12.9 4.5 9.49 4.74 7.5 14.15
3.35 22.9 3.35 12.37 13.83 5.41 4.74 4.74 2.12 15.07 0.0 6.36 4.74 6.71 4.74 3.35 18.12 14.15 2.12 6.36 18.12 4.74 3.35 0.0 22.9 10.61 2.12 8.75 15.3 18.12 10.61 14.15 3.35 5.41 6.36 3.35 4.74 3.35 4.74 4.74 22.9 3.35 14.15 0.0 3.35 16.77 0.0 14.15 0.0 10.92 3.35 8.75 6.36 10.92 10.61 15.07 3.35 13.83 8.75 18.12 4.74 10.61 14.15 6.36 10.61 2.12 10.92 12.37 8.75 0.0 10.92 10.92 16.77 3.35 14.15 5.41 10.61 15.07 13.83 8.75 0.0
9.0 12.73 7.65 6.18 6.71 6.0 12.09 12.09 12.09 4.74 10.92 9.6 12.09 4.5 7.5 7.65 7.5 10.61 12.09 9.6 7.5 7.5 13.42 10.92 12.73 10.92 12.09 12.09 7.5 7.5 10.92 10.61 9.0 6.0 9.6 13.42 12.09 7.65 7.5 12.09 12.73 13.42 10.61 10.92 13.42 6.36 10.92 10.61 10.92 0.0 13.42 12.09 9.6 0.0 10.92 4.74 9.0 6.71 12.09 7.5 7.5 10.92 10.61 9.6 10.92 12.09 0.0 6.18 12.09 10.92 0.0 0.0 6.36 7.65 10.61 6.0 10.92 4.74 6.71 12.09 10.92
6.71 25.81 6.36 13.5 15.0 8.49 7.5 7.5 4.5 17.1 3.35 6.18 7.5 9.6 6.18 6.36 20.84 14.23 4.5 6.18 20.84 6.18 0.0 3.35 25.81 10.06 4.5 7.5 16.5 20.84 10.06 14.23 6.71 8.49 6.18 0.0 7.5 6.36 6.18 7.5 25.81 0.0 14.23 3.35 0.0 19.56 3.35 14.23 3.35 13.42 0.0 7.5 6.18 13.42 10.06 17.1 6.71 15.0 7.5 20.84 6.18 10.06 14.23 6.18 10.06 4.5 13.42 13.5 7.5 3.35 13.42 13.42 19.56 6.36 14.23 8.49 10.06 17.1 15.0 7.5 3.35
10.92 24.6 9.12 8.75 10.06 10.5 13.42 13.42 10.82 13.83 8.75 3.0 13.42 10.61 6.0 9.12 19.21 7.5 10.82 3.0 19.21 6.0 7.5 8.75 24.6 3.0 10.82 0.0 11.42 19.21 3.0 7.5 10.92 10.5 3.0 7.5 13.42 9.12 6.0 13.42 24.6 7.5 7.5 8.75 7.5 18.31 8.75 7.5 8.75 12.09 7.5 0.0 3.0 12.09 3.0 13.83 10.92 10.06 0.0 19.21 6.0 3.0 7.5 3.0 3.0 10.82 12.09 8.75 0.0 8.75 12.09 12.09 18.31 9.12 7.5 10.5 3.0 13.83 10.06 0.0 8.75
8.08 22.3 6.18 7.65 9.12 7.5 10.82 10.82 8.49 12.09 6.36 0.0 10.82 7.65 3.0 6.18 16.97 8.08 8.49 0.0 16.97 3.0 6.18 6.36 22.3 4.24 8.49 3.0 10.61 16.97 4.24 8.08 8.08 7.5 0.0 6.18 10.82 6.18 3.0 10.82 22.3 6.18 8.08 6.36 6.18 15.95 6.36 8.08 6.36 9.6 6.18 3.0 0.0 9.6 4.24 12.09 8.08 9.12 3.0 16.97 3.0 4.24 8.08 0.0 4.24 8.49 9.6 7.65 3.0 6.36 9.6 9.6 15.95 6.18 8.08 7.5 4.24 12.09 9.12 3.0 6.36
9.0 12.73 7.65 6.18 6.71 6.0 12.09 12.09 12.09 4.74 10.92 9.6 12.09 4.5 7.5 7.65 7.5 10.61 12.09 9.6 7.5 7.5 13.42 10.92 12.73 10.92 12.09 12.09 7.5 7.5 10.92 10.61 9.0 6.0 9.6 13.42 12.09 7.65 7.5 12.09 12.73 13.42 10.61 10.92 13.42 6.36 10.92 10.61 10.92 0.0 13.42 12.09 9.6 0.0 10.92 4.74 9.0 6.71 12.09 7.5 7.5 10.92 10.61 9.6 10.92 12.09 0.0 6.18 12.09 10.92 0.0 0.0 6.36 7.65 10.61 6.0 10.92 4.74 6.71 12.09 10.92
12.09 22.9 10.06 6.36 7.5 10.92 15.0 15.0 12.73 11.72 10.61 4.24 15.0 10.61 6.71 10.06 17.49 4.5 12.73 4.24 17.49 6.71 10.06 10.61 22.9 0.0 12.73 3.0 8.75 17.49 0.0 4.5 12.09 10.92 4.24 10.06 15.0 10.06 6.71 15.0 22.9 10.06 4.5 10.61 10.06 16.77 10.61 4.5 10.61 10.92 10.06 3.0 4.24 10.92 0.0 11.72 12.09 7.5 3.0 17.49 6.71 0.0 4.5 4.24 0.0 12.73 10.92 6.36 3.0 10.61 10.92 10.92 16.77 10.06 4.5 10.92 0.0 11.72 7.5 3.0 10.61
13.58 11.42 12.0 5.41 4.74 10.61 16.77 16.77 16.5 0.0 15.07 12.09 16.77 9.12 10.92 12.0 6.18 9.49 16.5 12.09 6.18 10.92 17.1 15.07 11.42 11.72 16.5 13.83 4.5 6.18 11.72 9.49 13.58 10.61 12.09 17.1 16.77 12.0 10.92 16.77 11.42 17.1 9.49 15.07 17.1 6.0 15.07 9.49 15.07 4.74 17.1 13.83 12.09 4.74 11.72 0.0 13.58 4.74 13.83 6.18 10.92 11.72 9.49 12.09 11.72 16.5 4.74 5.41 13.83 15.07 4.74 4.74 6.0 12.0 9.49 10.61 11.72 0.0 4.74 13.83 15.07
0.0 20.12 2.12 12.09 13.42 3.0 3.35 3.35 3.35 13.58 3.35 8.08 3.35 4.5 5.41 2.12 15.66 14.85 3.35 8.08 15.66 5.41 6.71 3.35 20.12 12.09 3.35 10.92 14.77 15.66 12.09 14.85 0.0 3.0 8.08 6.71 3.35 2.12 5.41 3.35 20.12 6.71 14.85 3.35 6.71 14.23 3.35 14.85 3.35 9.0 6.71 10.92 8.08 9.0 12.09 13.58 0.0 13.42 10.92 15.66 5.41 12.09 14.85 8.08 12.09 3.35 9.0 12.09 10.92 3.35 9.0 9.0 14.23 2.12 14.85 3.0 12.09 13.58 13.42 10.92 3.35
13.42 16.16 11.42 1.5 0.0 10.82 16.77 16.77 15.66 4.74 13.83 9.12 16.77 9.6 9.12 11.42 10.92 4.74 15.66 9.12 10.92 9.12 15.0 13.83 16.16 7.5 15.66 10.06 1.5 10.92 7.5 4.74 13.42 10.82 9.12 15.0 16.77 11.42 9.12 16.77 16.16 15.0 4.74 13.83 15.0 10.61 13.83 4.74 13.83 6.71 15.0 10.06 9.12 6.71 7.5 4.74 13.42 0.0 10.06 10.92 9.12 7.5 4.74 9.12 7.5 15.66 6.71 1.5 10.06 13.83 6.71 6.71 10.61 11.42 4.74 10.82 7.5 4.74 0.0 10.06 13.83
10.92 24.6 9.12 8.75 10.06 10.5 13.42 13.42 10.82 13.83 8.75 3.0 13.42 10.61 6.0 9.12 19.21 7.5 10.82 3.0 19.21 6.0 7.5 8.75 24.6 3.0 10.82 0.0 11.42 19.21 3.0 7.5 10.92 10.5 3.0 7.5 13.42 9.12 6.0 13.42 24.6 7.5 7.5 8.75 7.5 18.31 8.75 7.5 8.75 12.09 7.5 0.0 3.0 12.09 3.0 13.83 10.92 10.06 0.0 19.21 6.0 3.0 7.5 3.0 3.0 10.82 12.09 8.75 0.0 8.75 12.09 12.09 18.31 9.12 7.5 10.5 3.0 13.83 10.06 0.0 8.75
15.66 5.41 14.77 11.42 10.92 12.82 18.25 18.25 18.97 6.18 18.12 16.97 18.25 11.42 15.0 14.77 0.0 15.66 18.97 16.97 0.0 15.0 20.84 18.12 5.41 17.49 18.97 19.21 10.61 0.0 17.49 15.66 15.66 12.82 16.97 20.84 18.25 14.77 15.0 18.25 5.41 20.84 15.66 18.12 20.84 1.5 18.12 15.66 18.12 7.5 20.84 19.21 16.97 7.5 17.49 6.18 15.66 10.92 19.21 0.0 15.0 17.49 15.66 16.97 17.49 18.97 7.5 11.42 19.21 18.12 7.5 7.5 1.5 14.77 15.66 12.82 17.49 6.18 10.92 19.21 18.12
5.41 20.18 3.35 7.65 9.12 4.5 8.49 8.49 6.71 10.92 4.74 3.0 8.49 4.74 0.0 3.35 15.0 9.6 6.71 3.0 15.0 0.0 6.18 4.74 20.18 6.71 6.71 6.0 10.61 15.0 6.71 9.6 5.41 4.5 3.0 6.18 8.49 3.35 0.0 8.49 20.18 6.18 9.6 4.74 6.18 13.83 4.74 9.6 4.74 7.5 6.18 6.0 3.0 7.5 6.71 10.92 5.41 9.12 6.0 15.0 0.0 6.71 9.6 3.0 6.71 6.71 7.5 7.65 6.0 4.74 7.5 7.5 13.83 3.35 9.6 4.5 6.71 10.92 9.12 6.0 4.74
12.09 22.9 10.06 6.36 7.5 10.92 15.0 15.0 12.73 11.72 10.61 4.24 15.0 10.61 6.71 10.06 17.49 4.5 12.73 4.24 17.49 6.71 10.06 10.61 22.9 0.0 12.73 3.0 8.75 17.49 0.0 4.5 12.09 10.92 4.24 10.06 15.0 10.06 6.71 15.0 22.9 10.06 4.5 10.61 10.06 16.77 10.61 4.5 10.61 10.92 10.06 3.0 4.24 10.92 0.0 11.72 12.09 7.5 3.0 17.49 6.71 0.0 4.5 4.24 0.0 12.73 10.92 6.36 3.0 10.61 10.92 10.92 16.77 10.06 4.5 10.92 0.0 11.72 7.5 3.0 10.61
14.85 20.89 12.73 4.5 4.74 12.9 18.06 18.06 16.22 9.49 14.15 8.08 18.06 12.09 9.6 12.73 15.66 0.0 16.22 8.08 15.66 9.6 14.23 14.15 20.89 4.5 16.22 7.5 5.41 15.66 4.5 0.0 14.85 12.9 8.08 14.23 18.06 12.73 9.6 18.06 20.89 14.23 0.0 14.15 14.23 15.3 14.15 0.0 14.15 10.61 14.23 7.5 8.08 10.61 4.5 9.49 14.85 4.74 7.5 15.66 9.6 4.5 0.0 8.08 4.5 16.22 10.61 4.5 7.5 14.15 10.61 10.61 15.3 12.73 0.0 12.9 4.5 9.49 4.74 7.5 14.15
8.08 22.3 6.18 7.65 9.12 7.5 10.82 10.82 8.49 12.09 6.36 0.0 10.82 7.65 3.0 6.18 16.97 8.08 8.49 0.0 16.97 3.0 6.18 6.36 22.3 4.24 8.49 3.0 10.61 16.97 4.24 8.08 8.08 7.5 0.0 6.18 10.82 6.18 3.0 10.82 22.3 6.18 8.08 6.36 6.18 15.95 6.36 8.08 6.36 9.6 6.18 3.0 0.0 9.6 4.24 12.09 8.08 9.12 3.0 16.97 3.0 4.24 8.08 0.0 4.24 8.49 9.6 7.65 3.0 6.36 9.6 9.6 15.95 6.18 8.08 7.5 4.24 12.09 9.12 3.0 6.36
12.09 22.9 10.06 6.36 7.5 10.92 15.0 15.0 12.73 11.72 10.61 4.24 15.0 10.61 6.71 10.06 17.49 4.5 12.73 4.24 17.49 6.71 10.06 10.61 22.9 0.0 12.73 3.0 8.75 17.49 0.0 4.5 12.09 10.92 4.24 10.06 15.0 10.06 6.71 15.0 22.9 10.06 4.5 10.61 10.06 16.77 10.61 4.5 10.61 10.92 10.06 3.0 4.24 10.92 0.0 11.72 12.09 7.5 3.0 17.49 6.71 0.0 4.5 4.24 0.0 12.73 10.92 6.36 3.0 10.61 10.92 10.92 16.77 10.06 4.5 10.92 0.0 11.72 7.5 3.0 10.61
3.35 23.48 4.5 14.23 15.66 6.18 3.0 3.0 0.0 16.5 2.12 8.49 3.0 7.65 6.71 4.5 18.97 16.22 0.0 8.49 18.97 6.71 4.5 2.12 23.48 12.73 0.0 10.82 17.1 18.97 12.73 16.22 3.35 6.18 8.49 4.5 3.0 4.5 6.71 3.0 23.48 4.5 16.22 2.12 4.5 17.56 2.12 16.22 2.12 12.09 4.5 10.82 8.49 12.09 12.73 16.5 3.35 15.66 10.82 18.97 6.71 12.73 16.22 8.49 12.73 0.0 12.09 14.23 10.82 2.12 12.09 12.09 17.56 4.5 16.22 6.18 12.73 16.5 15.66 10.82 2.12
9.0 12.73 7.65 6.18 6.71 6.0 12.09 12.09 12.09 4.74 10.92 9.6 12.09 4.5 7.5 7.65 7.5 10.61 12.09 9.6 7.5 7.5 13.42 10.92 12.73 10.92 12.09 12.09 7.5 7.5 10.92 10.61 9.0 6.0 9.6 13.42 12.09 7.65 7.5 12.09 12.73 13.42 10.61 10.92 13.42 6.36 10.92 10.61 10.92 0.0 13.42 12.09 9.6 0.0 10.92 4.74 9.0 6.71 12.09 7.5 7.5 10.92 10.61 9.6 10.92 12.09 0.0 6.18 12.09 10.92 0.0 0.0 6.36 7.65 10.61 6.0 10.92 4.74 6.71 12.09 10.92
12.09 16.77 10.06 0.0 1.5 9.6 15.44 15.44 14.23 5.41 12.37 7.65 15.44 8.49 7.65 10.06 11.42 4.5 14.23 7.65 11.42 7.65 13.5 12.37 16.77 6.36 14.23 8.75 3.0 11.42 6.36 4.5 12.09 9.6 7.65 13.5 15.44 10.06 7.65 15.44 16.77 13.5 4.5 12.37 13.5 10.92 12.37 4.5 12.37 6.18 13.5 8.75 7.65 6.18 6.36 5.41 12.09 1.5 8.75 11.42 7.65 6.36 4.5 7.65 6.36 14.23 6.18 0.0 8.75 12.37 6.18 6.18 10.92 10.06 4.5 9.6 6.36 5.41 1.5 8.75 12.37
10.92 24.6 9.12 8.75 10.06 10.5 13.42 13.42 10.82 13.83 8.75 3.0 13.42 10.61 6.0 9.12 19.21 7.5 10.82 3.0 19.21 6.0 7.5 8.75 24.6 3.0 10.82 0.0 11.42 19.21 3.0 7.5 10.92 10.5 3.0 7.5 13.42 9.12 6.0 13.42 24.6 7.5 7.5 8.75 7.5 18.31 8.75 7.5 8.75 12.09 7.5 0.0 3.0 12.09 3.0 13.83 10.92 10.06 0.0 19.21 6.0 3.0 7.5 3.0 3.0 10.82 12.09 8.75 0.0 8.75 12.09 12.09 18.31 9.12 7.5 10.5 3.0 13.83 10.06 0.0 8.75
3.35 22.9 3.35 12.37 13.83 5.41 4.74 4.74 2.12 15.07 0.0 6.36 4.74 6.71 4.74 3.35 18.12 14.15 2.12 6.36 18.12 4.74 3.35 0.0 22.9 10.61 2.12 8.75 15.3 18.12 10.61 14.15 3.35 5.41 6.36 3.35 4.74 3.35 4.74 4.74 22.9 3.35 14.15 0.0 3.35 16.77 0.0 14.15 0.0 10.92 3.35 8.75 6.36 10.92 10.61 15.07 3.35 13.83 8.75 18.12 4.74 10.61 14.15 6.36 10.61 2.12 10.92 12.37 8.75 0.0 10.92 10.92 16.77 3.35 14.15 5.41 10.61 15.07 13.83 8.75 0.0
9.0 12.73 7.65 6.18 6.71 6.0 12.09 12.09 12.09 4.74 10.92 9.6 12.09 4.5 7.5 7.65 7.5 10.61 12.09 9.6 7.5 7.5 13.42 10.92 12.73 10.92 12.09 12.09 7.5 7.5 10.92 10.61 9.0 6.0 9.6 13.42 12.09 7.65 7.5 12.09 12.73 13.42 10.61 10.92 13.42 6.36 10.92 10.61 10.92 0.0 13.42 12.09 9.6 0.0 10.92 4.74 9.0 6.71 12.09 7.5 7.5 10.92 10.61 9.6 10.92 12.09 0.0 6.18 12.09 10.92 0.0 0.0 6.36 7.65 10.61 6.0 10.92 4.74 6.71 12.09 10.92
9.0 12.73 7.65 6.18 6.71 6.0 12.09 12.09 12.09 4.74 10.92 9.6 12.09 4.5 7.5 7.65 7.5 10.61 12.09 9.6 7.5 7.5 13.42 10.92 12.73 10.92 12.09 12.09 7.5 7.5 10.92 10.61 9.0 6.0 9.6 13.42 12.09 7.65 7.5 12.09 12.73 13.42 10.61 10.92 13.42 6.36 10.92 10.61 10.92 0.0 13.42 12.09 9.6 0.0 10.92 4.74 9.0 6.71 12.09 7.5 7.5 10.92 10.61 9.6 10.92 12.09 0.0 6.18 12.09 10.92 0.0 0.0 6.36 7.65 10.61 6.0 10.92 4.74 6.71 12.09 10.92
14.23 6.36 13.42 10.92 10.61 11.42 16.77 16.77 17.56 6.0 16.77 15.95 16.77 10.06 13.83 13.42 1.5 15.3 17.56 15.95 1.5 13.83 19.56 16.77 6.36 16.77 17.56 18.31 10.5 1.5 16.77 15.3 14.23 11.42 15.95 19.56 16.77 13.42 13.83 16.77 6.36 19.56 15.3 16.77 19.56 0.0 16.77 15.3 16.77 6.36 19.56 18.31 15.95 6.36 16.77 6.0 14.23 10.61 18.31 1.5 13.83 16.77 15.3 15.95 16.77 17.56 6.36 10.92 18.31 16.77 6.36 6.36 0.0 13.42 15.3 11.42 16.77 6.0 10.61 18.31 16.77
2.12 19.56 0.0 10.06 11.42 2.12 5.41 5.41 4.5 12.0 3.35 6.18 5.41 3.35 3.35 0.0 14.77 12.73 4.5 6.18 14.77 3.35 6.36 3.35 19.56 10.06 4.5 9.12 12.82 14.77 10.06 12.73 2.12 2.12 6.18 6.36 5.41 0.0 3.35 5.41 19.56 6.36 12.73 3.35 6.36 13.42 3.35 12.73 3.35 7.65 6.36 9.12 6.18 7.65 10.06 12.0 2.12 11.42 9.12 14.77 3.35 10.06 12.73 6.18 10.06 4.5 7.65 10.06 9.12 3.35 7.65 7.65 13.42 0.0 12.73 2.12 10.06 12.0 11.42 9.12 3.35
14.85 20.89 12.73 4.5 4.74 12.9 18.06 18.06 16.22 9.49 14.15 8.08 18.06 12.09 9.6 12.73 15.66 0.0 16.22 8.08 15.66 9.6 14.23 14.15 20.89 4.5 16.22 7.5 5.41 15.66 4.5 0.0 14.85 12.9 8.08 14.23 18.06 12.73 9.6 18.06 20.89 14.23 0.0 14.15 14.23 15.3 14.15 0.0 14.15 10.61 14.23 7.5 8.08 10.61 4.5 9.49 14.85 4.74 7.5 15.66 9.6 4.5 0.0 8.08 4.5 16.22 10.61 4.5 7.5 14.15 10.61 10.61 15.3 12.73 0.0 12.9 4.5 9.49 4.74 7.5 14.15
3.0 17.49 2.12 9.6 10.82 0.0 6.18 6.18 6.18 10.61 5.41 7.5 6.18 1.5 4.5 2.12 12.82 12.9 6.18 7.5 12.82 4.5 8.49 5.41 17.49 10.92 6.18 10.5 12.09 12.82 10.92 12.9 3.0 0.0 7.5 8.49 6.18 2.12 4.5 6.18 17.49 8.49 12.9 5.41 8.49 11.42 5.41 12.9 5.41 6.0 8.49 10.5 7.5 6.0 10.92 10.61 3.0 10.82 10.5 12.82 4.5 10.92 12.9 7.5 10.92 6.18 6.0 9.6 10.5 5.41 6.0 6.0 11.42 2.12 12.9 0.0 10.92 10.61 10.82 10.5 5.41
12.09 22.9 10.06 6.36 7.5 10.92 15.0 15.0 12.73 11.72 10.61 4.24 15.0 10.61 6.71 10.06 17.49 4.5 12.73 4.24 17.49 6.71 10.06 10.61 22.9 0.0 12.73 3.0 8.75 17.49 0.0 4.5 12.09 10.92 4.24 10.06 15.0 10.06 6.71 15.0 22.9 10.06 4.5 10.61 10.06 16.77 10.61 4.5 10.61 10.92 10.06 3.0 4.24 10.92 0.0 11.72 12.09 7.5 3.0 17.49 6.71 0.0 4.5 4.24 0.0 12.73 10.92 6.36 3.0 10.61 10.92 10.92 16.77 10.06 4.5 10.92 0.0 11.72 7.5 3.0 10.61
13.58 11.42 12.0 5.41 4.74 10.61 16.77 16.77 16.5 0.0 15.07 12.09 16.77 9.12 10.92 12.0 6.18 9.49 16.5 12.09 6.18 10.92 17.1 15.07 11.42 11.72 16.5 13.83 4.5 6.18 11.72 9.49 13.58 10.61 12.09 17.1 16.77 12.0 10.92 16.77 11.42 17.1 9.49 15.07 17.1 6.0 15.07 9.49 15.07 4.74 17.1 13.83 12.09 4.74 11.72 0.0 13.58 4.74 13.83 6.18 10.92 11.72 9.49 12.09 11.72 16.5 4.74 5.41 13.83 15.07 4.74 4.74 6.0 12.0 9.49 10.61 11.72 0.0 4.74 13.83 15.07
13.42 16.16 11.42 1.5 0.0 10.82 16.77 16.77 15.66 4.74 13.83 9.12 16.77 9.6 9.12 11.42 10.92 4.74 15.66 9.12 10.92 9.12 15.0 13.83 16.16 7.5 15.66 10.06 1.5 10.92 7.5 4.74 13.42 10.82 9.12 15.0 16.77 11.42 9.12 16.77 16.16 15.0 4.74 13.83 15.0 10.61 13.83 4.74 13.83 6.71 15.0 10.06 9.12 6.71 7.5 4.74 13.42 0.0 10.06 10.92 9.12 7.5 4.74 9.12 7.5 15.66 6.71 1.5 10.06 13.83 6.71 6.71 10.61 11.42 4.74 10.82 7.5 4.74 0.0 10.06 13.83
10.92 24.6 9.12 8.75 10.06 10.5 13.42 13.42 10.82 13.83 8.75 3.0 13.42 10.61 6.0 9.12 19.21 7.5 10.82 3.0 19.21 6.0 7.5 8.75 24.6 3.0 10.82 0.0 11.42 19.21 3.0 7.5 10.92 10.5 3.0 7.5 13.42 9.12 6.0 13.42 24.6 7.5 7.5 8.75 7.5 18.31 8.75 7.5 8.75 12.09 7.5 0.0 3.0 12.09 3.0 13.83 10.92 10.06 0.0 19.21 6.0 3.0 7.5 3.0 3.0 10.82 12.09 8.75 0.0 8.75 12.09 12.09 18.31 9.12 7.5 10.5 3.0 13.83 10.06 0.0 8.75
3.35 22.9 3.35 12.37 13.83 5.41 4.74 4.74 2.12 15.07 0.0 6.36 4.74 6.71 4.74 3.35 18.12 14.15 2.12 6.36 18.12 4.74 3.35 0.0 22.9 10.61 2.12 8.75 15.3 18.12 10.61 14.15 3.35 5.41 6.36 3.35 4.74 3.35 4.74 4.74 22.9 3.35 14.15 0.0 3.35 16.77 0.0 14.15 0.0 10.92 3.35 8.75 6.36 10.92 10.61 15.07 3.35 13.83 8.75 18.12 4.74 10.61 14.15 6.36 10.61 2.12 10.92 12.37 8.75 0.0 10.92 10.92 16.77 3.35 14.15 5.41 10.61 15.07 13.83 8.75 0.0
