0.0 8.08 8.08 20.12 8.08 14.77 20.12 3.35 3.0 8.08 3.35 9.0 2.12 14.85 6.71 3.35 14.77 13.58 20.12 14.23 20.12 10.92 3.35 3.0 3.35 0.0 4.5 20.12 15.66 2.12 3.35 3.35 10.92 8.08 12.09 15.66 6.71 8.08 3.35 13.42 10.92 3.0 14.85 12.09 15.66 3.0 3.0 3.35 13.58 0.0 4.5 13.58 12.09 20.12 3.35 15.66 3.0 4.5 9.0 8.08 9.0
8.08 0.0 0.0 22.3 0.0 10.61 22.3 6.36 7.5 0.0 10.82 9.6 6.18 8.08 6.18 8.49 10.61 12.09 22.3 15.95 22.3 3.0 6.36 7.5 10.82 8.08 7.65 22.3 16.97 6.18 6.36 10.82 3.0 0.0 7.65 16.97 6.18 0.0 6.36 9.12 3.0 7.5 8.08 4.24 16.97 7.5 7.5 10.82 12.09 8.08 7.65 12.09 7.65 22.3 8.49 16.97 7.5 7.65 9.6 0.0 9.6
8.08 0.0 0.0 22.3 0.0 10.61 22.3 6.36 7.5 0.0 10.82 9.6 6.18 8.08 6.18 8.49 10.61 12.09 22.3 15.95 22.3 3.0 6.36 7.5 10.82 8.08 7.65 22.3 16.97 6.18 6.36 10.82 3.0 0.0 7.65 16.97 6.18 0.0 6.36 9.12 3.0 7.5 8.08 4.24 16.97 7.5 7.5 10.82 12.09 8.08 7.65 12.09 7.65 22.3 8.49 16.97 7.5 7.65 9.6 0.0 9.6
20.12 22.3 22.3 0.0 22.3 15.66 0.0 22.9 17.49 22.3 22.3 12.73 19.56 20.89 25.81 23.48 15.66 11.42 0.0 6.36 0.0 24.6 22.9 17.49 22.3 20.12 16.22 0.0 5.41 19.56 22.9 22.3 24.6 22.3 16.77 5.41 25.81 22.3 22.9 16.16 24.6 17.49 20.89 22.9 5.41 17.49 17.49 22.3 11.42 20.12 16.22 11.42 16.77 0.0 23.48 5.41 17.49 16.22 12.73 22.3 12.73
8.08 0.0 0.0 22.3 0.0 10.61 22.3 6.36 7.5 0.0 10.82 9.6 6.18 8.08 6.18 8.49 10.61 12.09 22.3 15.95 22.3 3.0 6.36 7.5 10.82 8.08 7.65 22.3 16.97 6.18 6.36 10.82 3.0 0.0 7.65 16.97 6.18 0.0 6.36 9.12 3.0 7.5 8.08 4.24 16.97 7.5 7.5 10.82 12.09 8.08 7.65 12.09 7.65 22.3 8.49 16.97 7.5 7.65 9.6 0.0 9.6
14.77 10.61 10.61 15.66 10.61 0.0 15.66 15.3 12.09 10.61 18.12 7.5 12.82 5.41 16.5 17.1 0.0 4.5 15.66 10.5 15.66 11.42 15.3 12.09 18.12 14.77 10.82 15.66 10.61 12.82 15.3 18.12 11.42 10.61 3.0 10.61 16.5 10.61 15.3 1.5 11.42 12.09 5.41 8.75 10.61 12.09 12.09 18.12 4.5 14.77 10.82 4.5 3.0 15.66 17.1 10.61 12.09 10.82 7.5 10.61 7.5
20.12 22.3 22.3 0.0 22.3 15.66 0.0 22.9 17.49 22.3 22.3 12.73 19.56 20.89 25.81 23.48 15.66 11.42 0.0 6.36 0.0 24.6 22.9 17.49 22.3 20.12 16.22 0.0 5.41 19.56 22.9 22.3 24.6 22.3 16.77 5.41 25.81 22.3 22.9 16.16 24.6 17.49 20.89 22.9 5.41 17.49 17.49 22.3 11.42 20.12 16.22 11.42 16.77 0.0 23.48 5.41 17.49 16.22 12.73 22.3 12.73
3.35 6.36 6.36 22.9 6.36 15.3 22.9 0.0 5.41 6.36 4.74 10.92 3.35 14.15 3.35 2.12 15.3 15.07 22.9 16.77 22.9 8.75 0.0 5.41 4.74 3.35 6.71 22.9 18.12 3.35 0.0 4.74 8.75 6.36 12.37 18.12 3.35 6.36 0.0 13.83 8.75 5.41 14.15 10.61 18.12 5.41 5.41 4.74 15.07 3.35 6.71 15.07 12.37 22.9 2.12 18.12 5.41 6.71 10.92 6.36 10.92
3.0 7.5 7.5 17.49 7.5 12.09 17.49 5.41 0.0 7.5 6.18 6.0 2.12 12.9 8.49 6.18 12.09 10.61 17.49 11.42 17.49 10.5 5.41 0.0 6.18 3.0 1.5 17.49 12.82 2.12 5.41 6.18 10.5 7.5 9.6 12.82 8.49 7.5 5.41 10.82 10.5 0.0 12.9 10.92 12.82 0.0 0.0 6.18 10.61 3.0 1.5 10.61 9.6 17.49 6.18 12.82 0.0 1.5 6.0 7.5 6.0
8.08 0.0 0.0 22.3 0.0 10.61 22.3 6.36 7.5 0.0 10.82 9.6 6.18 8.08 6.18 8.49 10.61 12.09 22.3 15.95 22.3 3.0 6.36 7.5 10.82 8.08 7.65 22.3 16.97 6.18 6.36 10.82 3.0 0.0 7.65 16.97 6.18 0.0 6.36 9.12 3.0 7.5 8.08 4.24 16.97 7.5 7.5 10.82 12.09 8.08 7.65 12.09 7.65 22.3 8.49 16.97 7.5 7.65 9.6 0.0 9.6
3.35 10.82 10.82 22.3 10.82 18.12 22.3 4.74 6.18 10.82 0.0 12.09 5.41 18.06 7.5 3.0 18.12 16.77 22.3 16.77 22.3 13.42 4.74 6.18 0.0 3.35 7.65 22.3 18.25 5.41 4.74 0.0 13.42 10.82 15.44 18.25 7.5 10.82 4.74 16.77 13.42 6.18 18.06 15.0 18.25 6.18 6.18 0.0 16.77 3.35 7.65 16.77 15.44 22.3 3.0 18.25 6.18 7.65 12.09 10.82 12.09
9.0 9.6 9.6 12.73 9.6 7.5 12.73 10.92 6.0 9.6 12.09 0.0 7.65 10.61 13.42 12.09 7.5 4.74 12.73 6.36 12.73 12.09 10.92 6.0 12.09 9.0 4.5 12.73 7.5 7.65 10.92 12.09 12.09 9.6 6.18 7.5 13.42 9.6 10.92 6.71 12.09 6.0 10.61 10.92 7.5 6.0 6.0 12.09 4.74 9.0 4.5 4.74 6.18 12.73 12.09 7.5 6.0 4.5 0.0 9.6 0.0
2.12 6.18 6.18 19.56 6.18 12.82 19.56 3.35 2.12 6.18 5.41 7.65 0.0 12.73 6.36 4.5 12.82 12.0 19.56 13.42 19.56 9.12 3.35 2.12 5.41 2.12 3.35 19.56 14.77 0.0 3.35 5.41 9.12 6.18 10.06 14.77 6.36 6.18 3.35 11.42 9.12 2.12 12.73 10.06 14.77 2.12 2.12 5.41 12.0 2.12 3.35 12.0 10.06 19.56 4.5 14.77 2.12 3.35 7.65 6.18 7.65
14.85 8.08 8.08 20.89 8.08 5.41 20.89 14.15 12.9 8.08 18.06 10.61 12.73 0.0 14.23 16.22 5.41 9.49 20.89 15.3 20.89 7.5 14.15 12.9 18.06 14.85 12.09 20.89 15.66 12.73 14.15 18.06 7.5 8.08 4.5 15.66 14.23 8.08 14.15 4.74 7.5 12.9 0.0 4.5 15.66 12.9 12.9 18.06 9.49 14.85 12.09 9.49 4.5 20.89 16.22 15.66 12.9 12.09 10.61 8.08 10.61
6.71 6.18 6.18 25.81 6.18 16.5 25.81 3.35 8.49 6.18 7.5 13.42 6.36 14.23 0.0 4.5 16.5 17.1 25.81 19.56 25.81 7.5 3.35 8.49 7.5 6.71 9.6 25.81 20.84 6.36 3.35 7.5 7.5 6.18 13.5 20.84 0.0 6.18 3.35 15.0 7.5 8.49 14.23 10.06 20.84 8.49 8.49 7.5 17.1 6.71 9.6 17.1 13.5 25.81 4.5 20.84 8.49 9.6 13.42 6.18 13.42
3.35 8.49 8.49 23.48 8.49 17.1 23.48 2.12 6.18 8.49 3.0 12.09 4.5 16.22 4.5 0.0 17.1 16.5 23.48 17.56 23.48 10.82 2.12 6.18 3.0 3.35 7.65 23.48 18.97 4.5 2.12 3.0 10.82 8.49 14.23 18.97 4.5 8.49 2.12 15.66 10.82 6.18 16.22 12.73 18.97 6.18 6.18 3.0 16.5 3.35 7.65 16.5 14.23 23.48 0.0 18.97 6.18 7.65 12.09 8.49 12.09
14.77 10.61 10.61 15.66 10.61 0.0 15.66 15.3 12.09 10.61 18.12 7.5 12.82 5.41 16.5 17.1 0.0 4.5 15.66 10.5 15.66 11.42 15.3 12.09 18.12 14.77 10.82 15.66 10.61 12.82 15.3 18.12 11.42 10.61 3.0 10.61 16.5 10.61 15.3 1.5 11.42 12.09 5.41 8.75 10.61 12.09 12.09 18.12 4.5 14.77 10.82 4.5 3.0 15.66 17.1 10.61 12.09 10.82 7.5 10.61 7.5
13.58 12.09 12.09 11.42 12.09 4.5 11.42 15.07 10.61 12.09 16.77 4.74 12.0 9.49 17.1 16.5 4.5 0.0 11.42 6.0 11.42 13.83 15.07 10.61 16.77 13.58 9.12 11.42 6.18 12.0 15.07 16.77 13.83 12.09 5.41 6.18 17.1 12.09 15.07 4.74 13.83 10.61 9.49 11.72 6.18 10.61 10.61 16.77 0.0 13.58 9.12 0.0 5.41 11.42 16.5 6.18 10.61 9.12 4.74 12.09 4.74
20.12 22.3 22.3 0.0 22.3 15.66 0.0 22.9 17.49 22.3 22.3 12.73 19.56 20.89 25.81 23.48 15.66 11.42 0.0 6.36 0.0 24.6 22.9 17.49 22.3 20.12 16.22 0.0 5.41 19.56 22.9 22.3 24.6 22.3 16.77 5.41 25.81 22.3 22.9 16.16 24.6 17.49 20.89 22.9 5.41 17.49 17.49 22.3 11.42 20.12 16.22 11.42 16.77 0.0 23.48 5.41 17.49 16.22 12.73 22.3 12.73
14.23 15.95 15.95 6.36 15.95 10.5 6.36 16.77 11.42 15.95 16.77 6.36 13.42 15.3 19.56 17.56 10.5 6.0 6.36 0.0 6.36 18.31 16.77 11.42 16.77 14.23 10.06 6.36 1.5 13.42 16.77 16.77 18.31 15.95 10.92 1.5 19.56 15.95 16.77 10.61 18.31 11.42 15.3 16.77 1.5 11.42 11.42 16.77 6.0 14.23 10.06 6.0 10.92 6.36 17.56 1.5 11.42 10.06 6.36 15.95 6.36
20.12 22.3 22.3 0.0 22.3 15.66 0.0 22.9 17.49 22.3 22.3 12.73 19.56 20.89 25.81 23.48 15.66 11.42 0.0 6.36 0.0 24.6 22.9 17.49 22.3 20.12 16.22 0.0 5.41 19.56 22.9 22.3 24.6 22.3 16.77 5.41 25.81 22.3 22.9 16.16 24.6 17.49 20.89 22.9 5.41 17.49 17.49 22.3 11.42 20.12 16.22 11.42 16.77 0.0 23.48 5.41 17.49 16.22 12.73 22.3 12.73
10.92 3.0 3.0 24.6 3.0 11.42 24.6 8.75 10.5 3.0 13.42 12.09 9.12 7.5 7.5 10.82 11.42 13.83 24.6 18.31 24.6 0.0 8.75 10.5 13.42 10.92 10.61 24.6 19.21 9.12 8.75 13.42 0.0 3.0 8.75 19.21 7.5 3.0 8.75 10.06 0.0 10.5 7.5 3.0 19.21 10.5 10.5 13.42 13.83 10.92 10.61 13.83 8.75 24.6 10.82 19.21 10.5 10.61 12.09 3.0 12.09
3.35 6.36 6.36 22.9 6.36 15.3 22.9 0.0 5.41 6.36 4.74 10.92 3.35 14.15 3.35 2.12 15.3 15.07 22.9 16.77 22.9 8.75 0.0 5.41 4.74 3.35 6.71 22.9 18.12 3.35 0.0 4.74 8.75 6.36 12.37 18.12 3.35 6.36 0.0 13.83 8.75 5.41 14.15 10.61 18.12 5.41 5.41 4.74 15.07 3.35 6.71 15.07 12.37 22.9 2.12 18.12 5.41 6.71 10.92 6.36 10.92
3.0 7.5 7.5 17.49 7.5 12.09 17.49 5.41 0.0 7.5 6.18 6.0 2.12 12.9 8.49 6.18 12.09 10.61 17.49 11.42 17.49 10.5 5.41 0.0 6.18 3.0 1.5 17.49 12.82 2.12 5.41 6.18 10.5 7.5 9.6 12.82 8.49 7.5 5.41 10.82 10.5 0.0 12.9 10.92 12.82 0.0 0.0 6.18 10.61 3.0 1.5 10.61 9.6 17.49 6.18 12.82 0.0 1.5 6.0 7.5 6.0
3.35 10.82 10.82 22.3 10.82 18.12 22.3 4.74 6.18 10.82 0.0 12.09 5.41 18.06 7.5 3.0 18.12 16.77 22.3 16.77 22.3 13.42 4.74 6.18 0.0 3.35 7.65 22.3 18.25 5.41 4.74 0.0 13.42 10.82 15.44 18.25 7.5 10.82 4.74 16.77 13.42 6.18 18.06 15.0 18.25 6.18 6.18 0.0 16.77 3.35 7.65 16.77 15.44 22.3 3.0 18.25 6.18 7.65 12.09 10.82 12.09
0.0 8.08 8.08 20.12 8.08 14.77 20.12 3.35 3.0 8.08 3.35 9.0 2.12 14.85 6.71 3.35 14.77 13.58 20.12 14.23 20.12 10.92 3.35 3.0 3.35 0.0 4.5 20.12 15.66 2.12 3.35 3.35 10.92 8.08 12.09 15.66 6.71 8.08 3.35 13.42 10.92 3.0 14.85 12.09 15.66 3.0 3.0 3.35 13.58 0.0 4.5 13.58 12.09 20.12 3.35 15.66 3.0 4.5 9.0 8.08 9.0
4.5 7.65 7.65 16.22 7.65 10.82 16.22 6.71 1.5 7.65 7.65 4.5 3.35 12.09 9.6 7.65 10.82 9.12 16.22 10.06 16.22 10.61 6.71 1.5 7.65 4.5 0.0 16.22 11.42 3.35 6.71 7.65 10.61 7.65 8.49 11.42 9.6 7.65 6.71 9.6 10.61 1.5 12.09 10.61 11.42 1.5 1.5 7.65 9.12 4.5 0.0 9.12 8.49 16.22 7.65 11.42 1.5 0.0 4.5 7.65 4.5
20.12 22.3 22.3 0.0 22.3 15.66 0.0 22.9 17.49 22.3 22.3 12.73 19.56 20.89 25.81 23.48 15.66 11.42 0.0 6.36 0.0 24.6 22.9 17.49 22.3 20.12 16.22 0.0 5.41 19.56 22.9 22.3 24.6 22.3 16.77 5.41 25.81 22.3 22.9 16.16 24.6 17.49 20.89 22.9 5.41 17.49 17.49 22.3 11.42 20.12 16.22 11.42 16.77 0.0 23.48 5.41 17.49 16.22 12.73 22.3 12.73
15.66 16.97 16.97 5.41 16.97 10.61 5.41 18.12 12.82 16.97 18.25 7.5 14.77 15.66 20.84 18.97 10.61 6.18 5.41 1.5 5.41 19.21 18.12 12.82 18.25 15.66 11.42 5.41 0.0 14.77 18.12 18.25 19.21 16.97 11.42 0.0 20.84 16.97 18.12 10.92 19.21 12.82 15.66 17.49 0.0 12.82 12.82 18.25 6.18 15.66 11.42 6.18 11.42 5.41 18.97 0.0 12.82 11.42 7.5 16.97 7.5
2.12 6.18 6.18 19.56 6.18 12.82 19.56 3.35 2.12 6.18 5.41 7.65 0.0 12.73 6.36 4.5 12.82 12.0 19.56 13.42 19.56 9.12 3.35 2.12 5.41 2.12 3.35 19.56 14.77 0.0 3.35 5.41 9.12 6.18 10.06 14.77 6.36 6.18 3.35 11.42 9.12 2.12 12.73 10.06 14.77 2.12 2.12 5.41 12.0 2.12 3.35 12.0 10.06 19.56 4.5 14.77 2.12 3.35 7.65 6.18 7.65
3.35 6.36 6.36 22.9 6.36 15.3 22.9 0.0 5.41 6.36 4.74 10.92 3.35 14.15 3.35 2.12 15.3 15.07 22.9 16.77 22.9 8.75 0.0 5.41 4.74 3.35 6.71 22.9 18.12 3.35 0.0 4.74 8.75 6.36 12.37 18.12 3.35 6.36 0.0 13.83 8.75 5.41 14.15 10.61 18.12 5.41 5.41 4.74 15.07 3.35 6.71 15.07 12.37 22.9 2.12 18.12 5.41 6.71 10.92 6.36 10.92
3.35 10.82 10.82 22.3 10.82 18.12 22.3 4.74 6.18 10.82 0.0 12.09 5.41 18.06 7.5 3.0 18.12 16.77 22.3 16.77 22.3 13.42 4.74 6.18 0.0 3.35 7.65 22.3 18.25 5.41 4.74 0.0 13.42 10.82 15.44 18.25 7.5 10.82 4.74 16.77 13.42 6.18 18.06 15.0 18.25 6.18 6.18 0.0 16.77 3.35 7.65 16.77 15.44 22.3 3.0 18.25 6.18 7.65 12.09 10.82 12.09
10.92 3.0 3.0 24.6 3.0 11.42 24.6 8.75 10.5 3.0 13.42 12.09 9.12 7.5 7.5 10.82 11.42 13.83 24.6 18.31 24.6 0.0 8.75 10.5 13.42 10.92 10.61 24.6 19.21 9.12 8.75 13.42 0.0 3.0 8.75 19.21 7.5 3.0 8.75 10.06 0.0 10.5 7.5 3.0 19.21 10.5 10.5 13.42 13.83 10.92 10.61 13.83 8.75 24.6 10.82 19.21 10.5 10.61 12.09 3.0 12.09
8.08 0.0 0.0 22.3 0.0 10.61 22.3 6.36 7.5 0.0 10.82 9.6 6.18 8.08 6.18 8.49 10.61 12.09 22.3 15.95 22.3 3.0 6.36 7.5 10.82 8.08 7.65 22.3 16.97 6.18 6.36 10.82 3.0 0.0 7.65 16.97 6.18 0.0 6.36 9.12 3.0 7.5 8.08 4.24 16.97 7.5 7.5 10.82 12.09 8.08 7.65 12.09 7.65 22.3 8.49 16.97 7.5 7.65 9.6 0.0 9.6
12.09 7.65 7.65 16.77 7.65 3.0 16.77 12.37 9.6 7.65 15.44 6.18 10.06 4.5 13.5 14.23 3.0 5.41 16.77 10.92 16.77 8.75 12.37 9.6 15.44 12.09 8.49 16.77 11.42 10.06 12.37 15.44 8.75 7.65 0.0 11.42 13.5 7.65 12.37 1.5 8.75 9.6 4.5 6.36 11.42 9.6 9.6 15.44 5.41 12.09 8.49 5.41 0.0 16.77 14.23 11.42 9.6 8.49 6.18 7.65 6.18
15.66 16.97 16.97 5.41 16.97 10.61 5.41 18.12 12.82 16.97 18.25 7.5 14.77 15.66 20.84 18.97 10.61 6.18 5.41 1.5 5.41 19.21 18.12 12.82 18.25 15.66 11.42 5.41 0.0 14.77 18.12 18.25 19.21 16.97 11.42 0.0 20.84 16.97 18.12 10.92 19.21 12.82 15.66 17.49 0.0 12.82 12.82 18.25 6.18 15.66 11.42 6.18 11.42 5.41 18.97 0.0 12.82 11.42 7.5 16.97 7.5
6.71 6.18 6.18 25.81 6.18 16.5 25.81 3.35 8.49 6.18 7.5 13.42 6.36 14.23 0.0 4.5 16.5 17.1 25.81 19.56 25.81 7.5 3.35 8.49 7.5 6.71 9.6 25.81 20.84 6.36 3.35 7.5 7.5 6.18 13.5 20.84 0.0 6.18 3.35 15.0 7.5 8.49 14.23 10.06 20.84 8.49 8.49 7.5 17.1 6.71 9.6 17.1 13.5 25.81 4.5 20.84 8.49 9.6 13.42 6.18 13.42
8.08 0.0 0.0 22.3 0.0 10.61 22.3 6.36 7.5 0.0 10.82 9.6 6.18 8.08 6.18 8.49 10.61 12.09 22.3 15.95 22.3 3.0 6.36 7.5 10.82 8.08 7.65 22.3 16.97 6.18 6.36 10.82 3.0 0.0 7.65 16.97 6.18 0.0 6.36 9.12 3.0 7.5 8.08 4.24 16.97 7.5 7.5 10.82 12.09 8.08 7.65 12.09 7.65 22.3 8.49 16.97 7.5 7.65 9.6 0.0 9.6
3.35 6.36 6.36 22.9 6.36 15.3 22.9 0.0 5.41 6.36 4.74 10.92 3.35 14.15 3.35 2.12 15.3 15.07 22.9 16.77 22.9 8.75 0.0 5.41 4.74 3.35 6.71 22.9 18.12 3.35 0.0 4.74 8.75 6.36 12.37 18.12 3.35 6.36 0.0 13.83 8.75 5.41 14.15 10.61 18.12 5.41 5.41 4.74 15.07 3.35 6.71 15.07 12.37 22.9 2.12 18.12 5.41 6.71 10.92 6.36 10.92
13.42 9.12 9.12 16.16 9.12 1.5 16.16 13.83 10.82 9.12 16.77 6.71 11.42 4.74 15.0 15.66 1.5 4.74 16.16 10.61 16.16 10.06 13.83 10.82 16.77 13.42 9.6 16.16 10.92 11.42 13.83 16.77 10.06 9.12 1.5 10.92 15.0 9.12 13.83 0.0 10.06 10.82 4.74 7.5 10.92 10.82 10.82 16.77 4.74 13.42 9.6 4.74 1.5 16.16 15.66 10.92 10.82 9.6 6.71 9.12 6.71
10.92 3.0 3.0 24.6 3.0 11.42 24.6 8.75 10.5 3.0 13.42 12.09 9.12 7.5 7.5 10.82 11.42 13.83 24.6 18.31 24.6 0.0 8.75 10.5 13.42 10.92 10.61 24.6 19.21 9.12 8.75 13.42 0.0 3.0 8.75 19.21 7.5 3.0 8.75 10.06 0.0 10.5 7.5 3.0 19.21 10.5 10.5 13.42 13.83 10.92 10.61 13.83 8.75 24.6 10.82 19.21 10.5 10.61 12.09 3.0 12.09
3.0 7.5 7.5 17.49 7.5 12.09 17.49 5.41 0.0 7.5 6.18 6.0 2.12 12.9 8.49 6.18 12.09 10.61 17.49 11.42 17.49 10.5 5.41 0.0 6.18 3.0 1.5 17.49 12.82 2.12 5.41 6.18 10.5 7.5 9.6 12.82 8.49 7.5 5.41 10.82 10.5 0.0 12.9 10.92 12.82 0.0 0.0 6.18 10.61 3.0 1.5 10.61 9.6 17.49 6.18 12.82 0.0 1.5 6.0 7.5 6.0
14.85 8.08 8.08 20.89 8.08 5.41 20.89 14.15 12.9 8.08 18.06 10.61 12.73 0.0 14.23 16.22 5.41 9.49 20.89 15.3 20.89 7.5 14.15 12.9 18.06 14.85 12.09 20.89 15.66 12.73 14.15 18.06 7.5 8.08 4.5 15.66 14.23 8.08 14.15 4.74 7.5 12.9 0.0 4.5 15.66 12.9 12.9 18.06 9.49 14.85 12.09 9.49 4.5 20.89 16.22 15.66 12.9 12.09 10.61 8.08 10.61
12.09 4.24 4.24 22.9 4.24 8.75 22.9 10.61 10.92 4.24 15.0 10.92 10.06 4.5 10.06 12.73 8.75 11.72 22.9 16.77 22.9 3.0 10.61 10.92 15.0 12.09 10.61 22.9 17.49 10.06 10.61 15.0 3.0 4.24 6.36 17.49 10.06 4.24 10.61 7.5 3.0 10.92 4.5 0.0 17.49 10.92 10.92 15.0 11.72 12.09 10.61 11.72 6.36 22.9 12.73 17.49 10.92 10.61 10.92 4.24 10.92
15.66 16.97 16.97 5.41 16.97 10.61 5.41 18.12 12.82 16.97 18.25 7.5 14.77 15.66 20.84 18.97 10.61 6.18 5.41 1.5 5.41 19.21 18.12 12.82 18.25 15.66 11.42 5.41 0.0 14.77 18.12 18.25 19.21 16.97 11.42 0.0 20.84 16.97 18.12 10.92 19.21 12.82 15.66 17.49 0.0 12.82 12.82 18.25 6.18 15.66 11.42 6.18 11.42 5.41 18.97 0.0 12.82 11.42 7.5 16.97 7.5
3.0 7.5 7.5 17.49 7.5 12.09 17.49 5.41 0.0 7.5 6.18 6.0 2.12 12.9 8.49 6.18 12.09 10.61 17.49 11.42 17.49 10.5 5.41 0.0 6.18 3.0 1.5 17.49 12.82 2.12 5.41 6.18 10.5 7.5 9.6 12.82 8.49 7.5 5.41 10.82 10.5 0.0 12.9 10.92 12.82 0.0 0.0 6.18 10.61 3.0 1.5 10.61 9.6 17.49 6.18 12.82 0.0 1.5 6.0 7.5 6.0
3.0 7.5 7.5 17.49 7.5 12.09 17.49 5.41 0.0 7.5 6.18 6.0 2.12 12.9 8.49 6.18 12.09 10.61 17.49 11.42 17.49 10.5 5.41 0.0 6.18 3.0 1.5 17.49 12.82 2.12 5.41 6.18 10.5 7.5 9.6 12.82 8.49 7.5 5.41 10.82 10.5 0.0 12.9 10.92 12.82 0.0 0.0 6.18 10.61 3.0 1.5 10.61 9.6 17.49 6.18 12.82 0.0 1.5 6.0 7.5 6.0
3.35 10.82 10.82 22.3 10.82 18.12 22.3 4.74 6.18 10.82 0.0 12.09 5.41 18.06 7.5 3.0 18.12 16.77 22.3 16.77 22.3 13.42 4.74 6.18 0.0 3.35 7.65 22.3 18.25 5.41 4.74 0.0 13.42 10.82 15.44 18.25 7.5 10.82 4.74 16.77 13.42 6.18 18.06 15.0 18.25 6.18 6.18 0.0 16.77 3.35 7.65 16.77 15.44 22.3 3.0 18.25 6.18 7.65 12.09 10.82 12.09
13.58 12.09 12.09 11.42 12.09 4.5 11.42 15.07 10.61 12.09 16.77 4.74 12.0 9.49 17.1 16.5 4.5 0.0 11.42 6.0 11.42 13.83 15.07 10.61 16.77 13.58 9.12 11.42 6.18 12.0 15.07 16.77 13.83 12.09 5.41 6.18 17.1 12.09 15.07 4.74 13.83 10.61 9.49 11.72 6.18 10.61 10.61 16.77 0.0 13.58 9.12 0.0 5.41 11.42 16.5 6.18 10.61 9.12 4.74 12.09 4.74
0.0 8.08 8.08 20.12 8.08 14.77 20.12 3.35 3.0 8.08 3.35 9.0 2.12 14.85 6.71 3.35 14.77 13.58 20.12 14.23 20.12 10.92 3.35 3.0 3.35 0.0 4.5 20.12 15.66 2.12 3.35 3.35 10.92 8.08 12.09 15.66 6.71 8.08 3.35 13.42 10.92 3.0 14.85 12.09 15.66 3.0 3.0 3.35 13.58 0.0 4.5 13.58 12.09 20.12 3.35 15.66 3.0 4.5 9.0 8.08 9.0
4.5 7.65 7.65 16.22 7.65 10.82 16.22 6.71 1.5 7.65 7.65 4.5 3.35 12.09 9.6 7.65 10.82 9.12 16.22 10.06 16.22 10.61 6.71 1.5 7.65 4.5 0.0 16.22 11.42 3.35 6.71 7.65 10.61 7.65 8.49 11.42 9.6 7.65 6.71 9.6 10.61 1.5 12.09 10.61 11.42 1.5 1.5 7.65 9.12 4.5 0.0 9.12 8.49 16.22 7.65 11.42 1.5 0.0 4.5 7.65 4.5
13.58 12.09 12.09 11.42 12.09 4.5 11.42 15.07 10.61 12.09 16.77 4.74 12.0 9.49 17.1 16.5 4.5 0.0 11.42 6.0 11.42 13.83 15.07 10.61 16.77 13.58 9.12 11.42 6.18 12.0 15.07 16.77 13.83 12.09 5.41 6.18 17.1 12.09 15.07 4.74 13.83 10.61 9.49 11.72 6.18 10.61 10.61 16.77 0.0 13.58 9.12 0.0 5.41 11.42 16.5 6.18 10.61 9.12 4.74 12.09 4.74
12.09 7.65 7.65 16.77 7.65 3.0 16.77 12.37 9.6 7.65 15.44 6.18 10.06 4.5 13.5 14.23 3.0 5.41 16.77 10.92 16.77 8.75 12.37 9.6 15.44 12.09 8.49 16.77 11.42 10.06 12.37 15.44 8.75 7.65 0.0 11.42 13.5 7.65 12.37 1.5 8.75 9.6 4.5 6.36 11.42 9.6 9.6 15.44 5.41 12.09 8.49 5.41 0.0 16.77 14.23 11.42 9.6 8.49 6.18 7.65 6.18
20.12 22.3 22.3 0.0 22.3 15.66 0.0 22.9 17.49 22.3 22.3 12.73 19.56 20.89 25.81 23.48 15.66 11.42 0.0 6.36 0.0 24.6 22.9 17.49 22.3 20.12 16.22 0.0 5.41 19.56 22.9 22.3 24.6 22.3 16.77 5.41 25.81 22.3 22.9 16.16 24.6 17.49 20.89 22.9 5.41 17.49 17.49 22.3 11.42 20.12 16.22 11.42 16.77 0.0 23.48 5.41 17.49 16.22 12.73 22.3 12.73
3.35 8.49 8.49 23.48 8.49 17.1 23.48 2.12 6.18 8.49 3.0 12.09 4.5 16.22 4.5 0.0 17.1 16.5 23.48 17.56 23.48 10.82 2.12 6.18 3.0 3.35 7.65 23.48 18.97 4.5 2.12 3.0 10.82 8.49 14.23 18.97 4.5 8.49 2.12 15.66 10.82 6.18 16.22 12.73 18.97 6.18 6.18 3.0 16.5 3.35 7.65 16.5 14.23 23.48 0.0 18.97 6.18 7.65 12.09 8.49 12.09
15.66 16.97 16.97 5.41 16.97 10.61 5.41 18.12 12.82 16.97 18.25 7.5 14.77 15.66 20.84 18.97 10.61 6.18 5.41 1.5 5.41 19.21 18.12 12.82 18.25 15.66 11.42 5.41 0.0 14.77 18.12 18.25 19.21 16.97 11.42 0.0 20.84 16.97 18.12 10.92 19.21 12.82 15.66 17.49 0.0 12.82 12.82 18.25 6.18 15.66 11.42 6.18 11.42 5.41 18.97 0.0 12.82 11.42 7.5 16.97 7.5
3.0 7.5 7.5 17.49 7.5 12.09 17.49 5.41 0.0 7.5 6.18 6.0 2.12 12.9 8.49 6.18 12.09 10.61 17.49 11.42 17.49 10.5 5.41 0.0 6.18 3.0 1.5 17.49 12.82 2.12 5.41 6.18 10.5 7.5 9.6 12.82 8.49 7.5 5.41 10.82 10.5 0.0 12.9 10.92 12.82 0.0 0.0 6.18 10.61 3.0 1.5 10.61 9.6 17.49 6.18 12.82 0.0 1.5 6.0 7.5 6.0
4.5 7.65 7.65 16.22 7.65 10.82 16.22 6.71 1.5 7.65 7.65 4.5 3.35 12.09 9.6 7.65 10.82 9.12 16.22 10.06 16.22 10.61 6.71 1.5 7.65 4.5 0.0 16.22 11.42 3.35 6.71 7.65 10.61 7.65 8.49 11.42 9.6 7.65 6.71 9.6 10.61 1.5 12.09 10.61 11.42 1.5 1.5 7.65 9.12 4.5 0.0 9.12 8.49 16.22 7.65 11.42 1.5 0.0 4.5 7.65 4.5
9.0 9.6 9.6 12.73 9.6 7.5 12.73 10.92 6.0 9.6 12.09 0.0 7.65 10.61 13.42 12.09 7.5 4.74 12.73 6.36 12.73 12.09 10.92 6.0 12.09 9.0 4.5 12.73 7.5 7.65 10.92 12.09 12.09 9.6 6.18 7.5 13.42 9.6 10.92 6.71 12.09 6.0 10.61 10.92 7.5 6.0 6.0 12.09 4.74 9.0 4.5 4.74 6.18 12.73 12.09 7.5 6.0 4.5 0.0 9.6 0.0
8.08 0.0 0.0 22.3 0.0 10.61 22.3 6.36 7.5 0.0 10.82 9.6 6.18 8.08 6.18 8.49 10.61 12.09 22.3 15.95 22.3 3.0 6.36 7.5 10.82 8.08 7.65 22.3 16.97 6.18 6.36 10.82 3.0 0.0 7.65 16.97 6.18 0.0 6.36 9.12 3.0 7.5 8.08 4.24 16.97 7.5 7.5 10.82 12.09 8.08 7.65 12.09 7.65 22.3 8.49 16.97 7.5 7.65 9.6 0.0 9.6
9.0 9.6 9.6 12.73 9.6 7.5 12.73 10.92 6.0 9.6 12.09 0.0 7.65 10.61 13.42 12.09 7.5 4.74 12.73 6.36 12.73 12.09 10.92 6.0 12.09 9.0 4.5 12.73 7.5 7.65 10.92 12.09 12.09 9.6 6.18 7.5 13.42 9.6 10.92 6.71 12.09 6.0 10.61 10.92 7.5 6.0 6.0 12.09 4.74 9.0 4.5 4.74 6.18 12.73 12.09 7.5 6.0 4.5 0.0 9.6 0.0
