4 200 480 6 0
0 0.0 0 0.0 480 480
1 2.0 1 135.0 150.0 38.23
2 2.0 1 185.0 200.0 34.23
3 2.0 1 205.0 220.0 14.87
4 2.0 1 235.0 250.0 37.37
5 2.0 2 180.0 195.0 14.87
6 2.0 2 95.0 110.0 25.23
7 2.0 2 215.0 230.0 20.45
8 2.0 1 190.0 205.0 35.93
9 2.0 2 230.0 245.0 32.77
10 2.0 2 125.0 140.0 34.23
11 2.0 1 165.0 180.0 30.78
12 2.0 2 90.0 105.0 14.57
13 2.0 1 95.0 110.0 30.65
14 2.0 2 120.0 135.0 20.45
15 2.0 1 115.0 130.0 38.12
16 2.0 1 160.0 175.0 24.82
17 2.0 1 150.0 165.0 26.62
18 2.0 1 85.0 100.0 39.5
19 2.0 1 230.0 245.0 11.28
20 2.0 1 165.0 180.0 39.53
21 2.0 2 240.0 255.0 39.6
22 2.0 1 210.0 225.0 27.2
23 2.0 1 180.0 195.0 29.92
24 2.0 1 180.0 195.0 37.37
25 2.0 1 145.0 160.0 29.92
26 2.0 2 225.0 240.0 38.25
27 2.0 1 70.0 85.0 27.37
28 2.0 1 95.0 110.0 41.4
29 2.0 1 65.0 80.0 20.45
30 2.0 1 100.0 115.0 17.85
31 2.0 1 145.0 160.0 37.77
32 2.0 1 60.0 75.0 40.12
33 2.0 1 130.0 145.0 44.22
34 2.0 1 85.0 100.0 43.87
35 2.0 1 230.0 245.0 14.57
36 2.0 1 175.0 190.0 25.23
37 2.0 1 230.0 245.0 27.5
38 2.0 1 95.0 110.0 29.98
39 2.0 1 140.0 155.0 16.63
40 2.0 1 70.0 85.0 17.85
41 2.0 2 115.0 130.0 22.68
42 2.0 2 100.0 115.0 25.23
43 2.0 1 105.0 120.0 40.52
44 2.0 2 150.0 165.0 18.63
45 2.0 1 205.0 220.0 27.37
46 2.0 1 190.0 205.0 33.9
47 2.0 1 185.0 200.0 30.78
48 2.0 1 90.0 105.0 27.5
49 2.0 2 125.0 140.0 34.37
50 2.0 1 140.0 155.0 34.23
51 2.0 2 125.0 140.0 36.23
52 2.0 1 90.0 105.0 22.43
53 2.0 1 200.0 215.0 36.23
54 2.0 1 125.0 140.0 32.38
55 2.0 1 150.0 165.0 44.0
56 2.0 1 225.0 240.0 38.25
57 2.0 1 200.0 215.0 33.42
58 2.0 2 130.0 145.0 37.02
59 2.0 1 105.0 120.0 42.05
60 2.0 1 95.0 110.0 22.43
61 2.0 1 165.0 180.0 38.3
62 2.0 1 195.0 210.0 29.37
63 2.0 1 65.0 80.0 42.08
64 2.0 1 95.0 110.0 29.98
65 2.0 2 210.0 225.0 29.37
66 2.0 2 130.0 145.0 28.05
67 2.0 1 110.0 125.0 32.38
68 2.0 1 215.0 230.0 42.48
69 2.0 1 210.0 225.0 27.8
70 2.0 1 85.0 100.0 42.42
71 2.0 2 195.0 210.0 36.53
72 2.0 1 95.0 110.0 20.45
73 2.0 1 150.0 165.0 45.33
74 2.0 1 220.0 235.0 42.12
75 2.0 2 80.0 95.0 14.57
76 2.0 1 230.0 245.0 39.53
77 2.0 1 140.0 155.0 20.45
78 2.0 1 215.0 230.0 29.28
79 2.0 2 75.0 90.0 25.13
80 2.0 1 120.0 135.0 36.63
81 2.0 1 95.0 110.0 25.23
82 2.0 1 200.0 215.0 41.4
83 2.0 1 100.0 115.0 41.08
84 2.0 1 135.0 150.0 28.05
85 2.0 2 90.0 105.0 34.35
86 2.0 1 110.0 125.0 20.3
87 2.0 1 155.0 170.0 30.5
88 2.0 1 105.0 120.0 27.8
89 2.0 1 230.0 245.0 22.43
90 2.0 3 95.0 110.0 49.35
91 2.0 1 165.0 180.0 20.45
92 2.0 2 170.0 185.0 11.28
93 2.0 3 220.0 235.0 39.53
94 2.0 1 75.0 90.0 30.78
95 2.0 2 125.0 140.0 49.78
96 2.0 1 115.0 130.0 30.65
97 2.0 1 125.0 140.0 27.37
98 2.0 1 240.0 255.0 22.55
99 2.0 1 130.0 145.0 39.5
100 2.0 2 60.0 75.0 37.22
101 2.0 -1 154.23 188.23 38.23
102 2.0 -1 201.23 234.23 34.23
103 2.0 -1 209.87 234.87 14.87
104 2.0 -1 253.37 287.37 37.37
105 2.0 -2 184.87 209.87 14.87
106 2.0 -2 105.23 135.23 25.23
107 2.0 -2 222.45 250.45 20.45
108 2.0 -1 206.93 240.93 35.93
109 2.0 -2 244.77 277.77 32.77
110 2.0 -2 141.23 174.23 34.23
111 2.0 -1 178.78 210.78 30.78
112 2.0 -2 94.57 119.57 14.57
113 2.0 -1 108.65 140.65 30.65
114 2.0 -2 127.45 155.45 20.45
115 2.0 -1 134.12 168.12 38.12
116 2.0 -1 169.82 199.82 24.82
117 2.0 -1 160.62 191.62 26.62
118 2.0 -1 104.5 139.5 39.5
119 2.0 -1 233.28 256.28 11.28
120 2.0 -1 184.53 219.53 39.53
121 2.0 -2 259.6 294.6 39.6
122 2.0 -1 221.2 252.2 27.2
123 2.0 -1 192.92 224.92 29.92
124 2.0 -1 198.37 232.37 37.37
125 2.0 -1 157.92 189.92 29.92
126 2.0 -2 244.25 278.25 38.25
127 2.0 -1 81.37 112.37 27.37
128 2.0 -1 116.4 151.4 41.4
129 2.0 -1 72.45 100.45 20.45
130 2.0 -1 105.85 132.85 17.85
131 2.0 -1 163.77 197.77 37.77
132 2.0 -1 80.12 115.12 40.12
133 2.0 -1 153.22 189.22 44.22
134 2.0 -1 107.87 143.87 43.87
135 2.0 -1 234.57 259.57 14.57
136 2.0 -1 185.23 215.23 25.23
137 2.0 -1 241.5 272.5 27.5
138 2.0 -1 107.98 139.98 29.98
139 2.0 -1 145.63 171.63 16.63
140 2.0 -1 75.85 102.85 17.85
141 2.0 -2 123.68 152.68 22.68
142 2.0 -2 110.23 140.23 25.23
143 2.0 -1 125.52 160.52 40.52
144 2.0 -2 156.63 183.63 18.63
145 2.0 -1 216.37 247.37 27.37
146 2.0 -1 205.9 238.9 33.9
147 2.0 -1 198.78 230.78 30.78
148 2.0 -1 101.5 132.5 27.5
149 2.0 -2 141.37 174.37 34.37
150 2.0 -1 156.23 189.23 34.23
151 2.0 -2 142.23 176.23 36.23
152 2.0 -1 98.43 127.43 22.43
153 2.0 -1 217.23 251.23 36.23
154 2.0 -1 139.38 172.38 32.38
155 2.0 -1 173.0 209.0 44.0
156 2.0 -1 244.25 278.25 38.25
157 2.0 -1 215.42 248.42 33.42
158 2.0 -2 148.02 182.02 37.02
159 2.0 -1 127.05 162.05 42.05
160 2.0 -1 103.43 132.43 22.43
161 2.0 -1 184.3 218.3 38.3
162 2.0 -1 207.37 239.37 29.37
163 2.0 -1 87.08 122.08 42.08
164 2.0 -1 107.98 139.98 29.98
165 2.0 -2 222.37 254.37 29.37
166 2.0 -2 142.05 173.05 28.05
167 2.0 -1 124.38 157.38 32.38
168 2.0 -1 237.48 272.48 42.48
169 2.0 -1 221.8 252.8 27.8
170 2.0 -1 107.42 142.42 42.42
171 2.0 -2 212.53 246.53 36.53
172 2.0 -1 102.45 130.45 20.45
173 2.0 -1 174.33 210.33 45.33
174 2.0 -1 242.12 277.12 42.12
175 2.0 -2 84.57 109.57 14.57
176 2.0 -1 249.53 284.53 39.53
177 2.0 -1 147.45 175.45 20.45
178 2.0 -1 227.28 259.28 29.28
179 2.0 -2 85.13 115.13 25.13
180 2.0 -1 137.63 171.63 36.63
181 2.0 -1 105.23 135.23 25.23
182 2.0 -1 221.4 256.4 41.4
183 2.0 -1 121.08 156.08 41.08
184 2.0 -1 147.05 178.05 28.05
185 2.0 -2 106.35 139.35 34.35
186 2.0 -1 117.3 145.3 20.3
187 2.0 -1 168.5 200.5 30.5
188 2.0 -1 116.8 147.8 27.8
189 2.0 -1 238.43 267.43 22.43
190 2.0 -3 122.35 159.35 49.35
191 2.0 -1 172.45 200.45 20.45
192 2.0 -2 173.28 196.28 11.28
193 2.0 -3 239.53 274.53 39.53
194 2.0 -1 88.78 120.78 30.78
195 2.0 -2 152.78 189.78 49.78
196 2.0 -1 128.65 160.65 30.65
197 2.0 -1 136.37 167.37 27.37
198 2.0 -1 248.55 277.55 22.55
199 2.0 -1 149.5 184.5 39.5
200 2.0 -2 78.22 112.22 37.22
201 0.0 0 0.0 480 480
