0.0 0.0 13.52 10.09 25.47 7.72 13.52 18.79 6.75 6.75 13.52 3.75 25.47 16.77 3.75 19.97 13.52 26.34 20.19 15.61 16.97 20.19 16.77 3.75 18.26 25.47 16.05 16.77 6.0 3.75 9.75 20.19 6.75 18.26 13.12 13.12 0.0 0.0 10.2 16.05 23.84
0.0 0.0 13.52 10.09 25.47 7.72 13.52 18.79 6.75 6.75 13.52 3.75 25.47 16.77 3.75 19.97 13.52 26.34 20.19 15.61 16.97 20.19 16.77 3.75 18.26 25.47 16.05 16.77 6.0 3.75 9.75 20.19 6.75 18.26 13.12 13.12 0.0 0.0 10.2 16.05 23.84
13.52 13.52 0.0 4.5 13.58 5.86 0.0 5.46 8.75 8.75 0.0 11.86 13.58 3.75 11.86 6.45 0.0 13.58 7.5 2.12 4.56 7.5 3.75 11.86 6.18 13.58 2.7 3.75 11.35 11.86 11.47 7.5 8.75 6.18 5.86 5.86 13.52 13.52 8.55 2.7 10.74
10.09 10.09 4.5 0.0 18.06 3.75 4.5 9.86 7.5 7.5 4.5 7.72 18.06 8.25 7.72 10.45 4.5 18.06 12.0 6.18 6.91 12.0 8.25 7.72 10.61 18.06 6.41 8.25 6.91 7.72 7.12 12.0 7.5 10.61 3.75 3.75 10.09 10.09 4.37 6.41 15.17
25.47 25.47 13.58 18.06 0.0 18.14 13.58 8.78 18.97 18.97 13.58 24.85 0.0 9.86 24.85 9.78 13.58 3.0 6.18 12.37 14.09 6.18 9.86 24.85 7.5 0.0 12.57 9.86 24.75 24.85 25.03 6.18 18.97 7.5 18.75 18.75 25.47 25.47 22.07 12.57 4.8
7.72 7.72 5.86 3.75 18.14 0.0 5.86 11.07 3.75 3.75 5.86 6.75 18.14 9.06 6.75 12.3 5.86 18.75 12.57 7.97 9.78 12.57 9.06 6.75 10.74 18.14 8.49 9.06 7.12 6.75 9.03 12.57 3.75 10.74 7.5 7.5 7.72 7.72 7.08 8.49 16.16
13.52 13.52 0.0 4.5 13.58 5.86 0.0 5.46 8.75 8.75 0.0 11.86 13.58 3.75 11.86 6.45 0.0 13.58 7.5 2.12 4.56 7.5 3.75 11.86 6.18 13.58 2.7 3.75 11.35 11.86 11.47 7.5 8.75 6.18 5.86 5.86 13.52 13.52 8.55 2.7 10.74
18.79 18.79 5.46 9.86 8.78 11.07 5.46 0.0 13.27 13.27 5.46 17.32 8.78 2.12 17.32 2.25 5.46 8.25 2.7 3.75 5.41 2.7 2.12 17.32 3.09 8.78 3.82 2.12 16.77 17.32 16.52 2.7 13.27 3.09 10.01 10.01 18.79 18.79 13.52 3.82 5.3
6.75 6.75 8.75 7.5 18.97 3.75 8.75 13.27 0.0 0.0 8.75 7.72 18.97 11.15 7.72 14.89 8.75 20.12 14.15 10.82 13.1 14.15 11.15 7.72 12.09 18.97 11.45 11.15 9.03 7.72 11.86 14.15 0.0 12.09 11.25 11.25 6.75 6.75 10.45 11.45 17.89
6.75 6.75 8.75 7.5 18.97 3.75 8.75 13.27 0.0 0.0 8.75 7.72 18.97 11.15 7.72 14.89 8.75 20.12 14.15 10.82 13.1 14.15 11.15 7.72 12.09 18.97 11.45 11.15 9.03 7.72 11.86 14.15 0.0 12.09 11.25 11.25 6.75 6.75 10.45 11.45 17.89
13.52 13.52 0.0 4.5 13.58 5.86 0.0 5.46 8.75 8.75 0.0 11.86 13.58 3.75 11.86 6.45 0.0 13.58 7.5 2.12 4.56 7.5 3.75 11.86 6.18 13.58 2.7 3.75 11.35 11.86 11.47 7.5 8.75 6.18 5.86 5.86 13.52 13.52 8.55 2.7 10.74
3.75 3.75 11.86 7.72 24.85 6.75 11.86 17.32 7.72 7.72 11.86 0.0 24.85 15.46 0.0 18.12 11.86 25.3 19.12 13.79 14.56 19.12 15.46 0.0 17.4 24.85 14.09 15.46 2.25 0.0 6.0 19.12 7.72 17.4 10.09 10.09 3.75 3.75 6.71 14.09 22.56
25.47 25.47 13.58 18.06 0.0 18.14 13.58 8.78 18.97 18.97 13.58 24.85 0.0 9.86 24.85 9.78 13.58 3.0 6.18 12.37 14.09 6.18 9.86 24.85 7.5 0.0 12.57 9.86 24.75 24.85 25.03 6.18 18.97 7.5 18.75 18.75 25.47 25.47 22.07 12.57 4.8
16.77 16.77 3.75 8.25 9.86 9.06 3.75 2.12 11.15 11.15 3.75 15.46 9.86 0.0 15.46 4.04 3.75 9.86 3.75 2.7 5.41 3.75 0.0 15.46 2.7 9.86 3.18 0.0 15.07 15.46 15.17 3.75 11.15 2.7 9.06 9.06 16.77 16.77 12.21 3.18 7.12
3.75 3.75 11.86 7.72 24.85 6.75 11.86 17.32 7.72 7.72 11.86 0.0 24.85 15.46 0.0 18.12 11.86 25.3 19.12 13.79 14.56 19.12 15.46 0.0 17.4 24.85 14.09 15.46 2.25 0.0 6.0 19.12 7.72 17.4 10.09 10.09 3.75 3.75 6.71 14.09 22.56
19.97 19.97 6.45 10.45 9.78 12.3 6.45 2.25 14.89 14.89 6.45 18.12 9.78 4.04 18.12 0.0 6.45 8.55 4.37 4.37 4.56 4.37 4.04 18.12 5.3 9.78 4.04 4.04 17.32 18.12 16.57 4.37 14.89 5.3 9.75 9.75 19.97 19.97 13.58 4.04 5.46
13.52 13.52 0.0 4.5 13.58 5.86 0.0 5.46 8.75 8.75 0.0 11.86 13.58 3.75 11.86 6.45 0.0 13.58 7.5 2.12 4.56 7.5 3.75 11.86 6.18 13.58 2.7 3.75 11.35 11.86 11.47 7.5 8.75 6.18 5.86 5.86 13.52 13.52 8.55 2.7 10.74
26.34 26.34 13.58 18.06 3.0 18.75 13.58 8.25 20.12 20.12 13.58 25.3 3.0 9.86 25.3 8.55 13.58 0.0 6.18 12.0 13.1 6.18 9.86 25.3 8.08 3.0 12.02 9.86 24.93 25.3 24.76 6.18 20.12 8.08 18.14 18.14 26.34 26.34 21.76 12.02 3.09
20.19 20.19 7.5 12.0 6.18 12.57 7.5 2.7 14.15 14.15 7.5 19.12 6.18 3.75 19.12 4.37 7.5 6.18 0.0 6.18 8.11 0.0 3.75 19.12 2.12 6.18 6.41 3.75 18.81 19.12 18.88 0.0 14.15 2.12 12.57 12.57 20.19 20.19 15.91 6.41 3.75
15.61 15.61 2.12 6.18 12.37 7.97 2.12 3.75 10.82 10.82 2.12 13.79 12.37 2.7 13.79 4.37 2.12 12.0 6.18 0.0 3.09 6.18 2.7 13.79 5.41 12.37 0.75 2.7 13.1 13.79 12.77 6.18 10.82 5.41 6.41 6.41 15.61 15.61 9.78 0.75 9.03
16.97 16.97 4.56 6.91 14.09 9.78 4.56 5.41 13.1 13.1 4.56 14.56 14.09 5.41 14.56 4.56 4.56 13.1 8.11 3.09 0.0 8.11 5.41 14.56 7.97 14.09 2.37 5.41 13.42 14.56 12.21 8.11 13.1 7.97 5.3 5.3 16.97 16.97 9.28 2.37 10.01
20.19 20.19 7.5 12.0 6.18 12.57 7.5 2.7 14.15 14.15 7.5 19.12 6.18 3.75 19.12 4.37 7.5 6.18 0.0 6.18 8.11 0.0 3.75 19.12 2.12 6.18 6.41 3.75 18.81 19.12 18.88 0.0 14.15 2.12 12.57 12.57 20.19 20.19 15.91 6.41 3.75
16.77 16.77 3.75 8.25 9.86 9.06 3.75 2.12 11.15 11.15 3.75 15.46 9.86 0.0 15.46 4.04 3.75 9.86 3.75 2.7 5.41 3.75 0.0 15.46 2.7 9.86 3.18 0.0 15.07 15.46 15.17 3.75 11.15 2.7 9.06 9.06 16.77 16.77 12.21 3.18 7.12
3.75 3.75 11.86 7.72 24.85 6.75 11.86 17.32 7.72 7.72 11.86 0.0 24.85 15.46 0.0 18.12 11.86 25.3 19.12 13.79 14.56 19.12 15.46 0.0 17.4 24.85 14.09 15.46 2.25 0.0 6.0 19.12 7.72 17.4 10.09 10.09 3.75 3.75 6.71 14.09 22.56
18.26 18.26 6.18 10.61 7.5 10.74 6.18 3.09 12.09 12.09 6.18 17.4 7.5 2.7 17.4 5.3 6.18 8.08 2.12 5.41 7.97 2.12 2.7 17.4 0.0 7.5 5.86 2.7 17.25 17.4 17.65 2.12 12.09 0.0 11.74 11.74 18.26 18.26 14.74 5.86 5.86
25.47 25.47 13.58 18.06 0.0 18.14 13.58 8.78 18.97 18.97 13.58 24.85 0.0 9.86 24.85 9.78 13.58 3.0 6.18 12.37 14.09 6.18 9.86 24.85 7.5 0.0 12.57 9.86 24.75 24.85 25.03 6.18 18.97 7.5 18.75 18.75 25.47 25.47 22.07 12.57 4.8
16.05 16.05 2.7 6.41 12.57 8.49 2.7 3.82 11.45 11.45 2.7 14.09 12.57 3.18 14.09 4.04 2.7 12.02 6.41 0.75 2.37 6.41 3.18 14.09 5.86 12.57 0.0 3.18 13.29 14.09 12.75 6.41 11.45 5.86 6.18 6.18 16.05 16.05 9.75 0.0 9.0
16.77 16.77 3.75 8.25 9.86 9.06 3.75 2.12 11.15 11.15 3.75 15.46 9.86 0.0 15.46 4.04 3.75 9.86 3.75 2.7 5.41 3.75 0.0 15.46 2.7 9.86 3.18 0.0 15.07 15.46 15.17 3.75 11.15 2.7 9.06 9.06 16.77 16.77 12.21 3.18 7.12
6.0 6.0 11.35 6.91 24.75 7.12 11.35 16.77 9.03 9.03 11.35 2.25 24.75 15.07 2.25 17.32 11.35 24.93 18.81 13.1 13.42 18.81 15.07 2.25 17.25 24.75 13.29 15.07 0.0 2.25 3.75 18.81 9.03 17.25 8.55 8.55 6.0 6.0 4.8 13.29 22.07
3.75 3.75 11.86 7.72 24.85 6.75 11.86 17.32 7.72 7.72 11.86 0.0 24.85 15.46 0.0 18.12 11.86 25.3 19.12 13.79 14.56 19.12 15.46 0.0 17.4 24.85 14.09 15.46 2.25 0.0 6.0 19.12 7.72 17.4 10.09 10.09 3.75 3.75 6.71 14.09 22.56
9.75 9.75 11.47 7.12 25.03 9.03 11.47 16.52 11.86 11.86 11.47 6.0 25.03 15.17 6.0 16.57 11.47 24.76 18.88 12.77 12.21 18.88 15.17 6.0 17.65 25.03 12.75 15.17 3.75 6.0 0.0 18.88 11.86 17.65 6.91 6.91 9.75 9.75 3.0 12.75 21.75
20.19 20.19 7.5 12.0 6.18 12.57 7.5 2.7 14.15 14.15 7.5 19.12 6.18 3.75 19.12 4.37 7.5 6.18 0.0 6.18 8.11 0.0 3.75 19.12 2.12 6.18 6.41 3.75 18.81 19.12 18.88 0.0 14.15 2.12 12.57 12.57 20.19 20.19 15.91 6.41 3.75
6.75 6.75 8.75 7.5 18.97 3.75 8.75 13.27 0.0 0.0 8.75 7.72 18.97 11.15 7.72 14.89 8.75 20.12 14.15 10.82 13.1 14.15 11.15 7.72 12.09 18.97 11.45 11.15 9.03 7.72 11.86 14.15 0.0 12.09 11.25 11.25 6.75 6.75 10.45 11.45 17.89
18.26 18.26 6.18 10.61 7.5 10.74 6.18 3.09 12.09 12.09 6.18 17.4 7.5 2.7 17.4 5.3 6.18 8.08 2.12 5.41 7.97 2.12 2.7 17.4 0.0 7.5 5.86 2.7 17.25 17.4 17.65 2.12 12.09 0.0 11.74 11.74 18.26 18.26 14.74 5.86 5.86
13.12 13.12 5.86 3.75 18.75 7.5 5.86 10.01 11.25 11.25 5.86 10.09 18.75 9.06 10.09 9.75 5.86 18.14 12.57 6.41 5.3 12.57 9.06 10.09 11.74 18.75 6.18 9.06 8.55 10.09 6.91 12.57 11.25 11.74 0.0 0.0 13.12 13.12 4.04 6.18 15.07
13.12 13.12 5.86 3.75 18.75 7.5 5.86 10.01 11.25 11.25 5.86 10.09 18.75 9.06 10.09 9.75 5.86 18.14 12.57 6.41 5.3 12.57 9.06 10.09 11.74 18.75 6.18 9.06 8.55 10.09 6.91 12.57 11.25 11.74 0.0 0.0 13.12 13.12 4.04 6.18 15.07
0.0 0.0 13.52 10.09 25.47 7.72 13.52 18.79 6.75 6.75 13.52 3.75 25.47 16.77 3.75 19.97 13.52 26.34 20.19 15.61 16.97 20.19 16.77 3.75 18.26 25.47 16.05 16.77 6.0 3.75 9.75 20.19 6.75 18.26 13.12 13.12 0.0 0.0 10.2 16.05 23.84
0.0 0.0 13.52 10.09 25.47 7.72 13.52 18.79 6.75 6.75 13.52 3.75 25.47 16.77 3.75 19.97 13.52 26.34 20.19 15.61 16.97 20.19 16.77 3.75 18.26 25.47 16.05 16.77 6.0 3.75 9.75 20.19 6.75 18.26 13.12 13.12 0.0 0.0 10.2 16.05 23.84
10.2 10.2 8.55 4.37 22.07 7.08 8.55 13.52 10.45 10.45 8.55 6.71 22.07 12.21 6.71 13.58 8.55 21.76 15.91 9.78 9.28 15.91 12.21 6.71 14.74 22.07 9.75 12.21 4.8 6.71 3.0 15.91 10.45 14.74 4.04 4.04 10.2 10.2 0.0 9.75 18.75
16.05 16.05 2.7 6.41 12.57 8.49 2.7 3.82 11.45 11.45 2.7 14.09 12.57 3.18 14.09 4.04 2.7 12.02 6.41 0.75 2.37 6.41 3.18 14.09 5.86 12.57 0.0 3.18 13.29 14.09 12.75 6.41 11.45 5.86 6.18 6.18 16.05 16.05 9.75 0.0 9.0
23.84 23.84 10.74 15.17 4.8 16.16 10.74 5.3 17.89 17.89 10.74 22.56 4.8 7.12 22.56 5.46 10.74 3.09 3.75 9.03 10.01 3.75 7.12 22.56 5.86 4.8 9.0 7.12 22.07 22.56 21.75 3.75 17.89 5.86 15.07 15.07 23.84 23.84 18.75 9.0 0.0
