0.0 7.72 16.05 9.75 10.2 7.72 6.75 26.34 15.61 19.97 15.61 6.75 20.19 16.77 10.09 13.12 7.72 19.97 19.97 13.52 23.84 19.97 10.2 3.75 20.19 10.2 13.12 16.05 7.72 6.75 3.75 25.47 16.05 10.2 19.97 25.47 6.75 10.2 13.12 7.72 10.2 25.47 9.75 26.34 13.52 16.77 16.05 0.0 9.75 25.47 16.97 16.05 9.75 23.84 3.75 6.75 26.34 13.12 13.12 18.79 18.26 6.0 10.09 19.97 16.97 7.72 16.97 13.12 26.34 16.05 16.05 25.47 15.61 26.34 26.34 15.61 3.75 19.97 6.0 7.72 18.79 19.97 13.52 15.61 25.47 0.0 20.19 18.26 10.2 10.2 13.52 15.61 10.2 10.2 6.75 18.26 19.97 13.52 15.61 16.97 18.26
7.72 0.0 8.49 9.03 7.08 0.0 3.75 18.75 7.97 12.3 7.97 3.75 12.57 9.06 3.75 7.5 0.0 12.3 12.3 5.86 16.16 12.3 7.08 6.75 12.57 7.08 7.5 8.49 0.0 3.75 6.75 18.14 8.49 7.08 12.3 18.14 3.75 7.08 7.5 0.0 7.08 18.14 9.03 18.75 5.86 9.06 8.49 7.72 9.03 18.14 9.78 8.49 9.03 16.16 6.75 3.75 18.75 7.5 7.5 11.07 10.74 7.12 3.75 12.3 9.78 0.0 9.78 7.5 18.75 8.49 8.49 18.14 7.97 18.75 18.75 7.97 6.75 12.3 7.12 0.0 11.07 12.3 5.86 7.97 18.14 7.72 12.57 10.74 7.08 7.08 5.86 7.97 7.08 7.08 3.75 10.74 12.3 5.86 7.97 9.78 10.74
16.05 8.49 0.0 12.75 9.75 8.49 11.45 12.02 0.75 4.04 0.75 11.45 6.41 3.18 6.41 6.18 8.49 4.04 4.04 2.7 9.0 4.04 9.75 14.09 6.41 9.75 6.18 0.0 8.49 11.45 14.09 12.57 0.0 9.75 4.04 12.57 11.45 9.75 6.18 8.49 9.75 12.57 12.75 12.02 2.7 3.18 0.0 16.05 12.75 12.57 2.37 0.0 12.75 9.0 14.09 11.45 12.02 6.18 6.18 3.82 5.86 13.29 6.41 4.04 2.37 8.49 2.37 6.18 12.02 0.0 0.0 12.57 0.75 12.02 12.02 0.75 14.09 4.04 13.29 8.49 3.82 4.04 2.7 0.75 12.57 16.05 6.41 5.86 9.75 9.75 2.7 0.75 9.75 9.75 11.45 5.86 4.04 2.7 0.75 2.37 5.86
9.75 9.03 12.75 0.0 3.0 9.03 11.86 24.76 12.77 16.57 12.77 11.86 18.88 15.17 7.12 6.91 9.03 16.57 16.57 11.47 21.75 16.57 3.0 6.0 18.88 3.0 6.91 12.75 9.03 11.86 6.0 25.03 12.75 3.0 16.57 25.03 11.86 3.0 6.91 9.03 3.0 25.03 0.0 24.76 11.47 15.17 12.75 9.75 0.0 25.03 12.21 12.75 0.0 21.75 6.0 11.86 24.76 6.91 6.91 16.52 17.65 3.75 7.12 16.57 12.21 9.03 12.21 6.91 24.76 12.75 12.75 25.03 12.77 24.76 24.76 12.77 6.0 16.57 3.75 9.03 16.52 16.57 11.47 12.77 25.03 9.75 18.88 17.65 3.0 3.0 11.47 12.77 3.0 3.0 11.86 17.65 16.57 11.47 12.77 12.21 17.65
10.2 7.08 9.75 3.0 0.0 7.08 10.45 21.76 9.78 13.58 9.78 10.45 15.91 12.21 4.37 4.04 7.08 13.58 13.58 8.55 18.75 13.58 0.0 6.71 15.91 0.0 4.04 9.75 7.08 10.45 6.71 22.07 9.75 0.0 13.58 22.07 10.45 0.0 4.04 7.08 0.0 22.07 3.0 21.76 8.55 12.21 9.75 10.2 3.0 22.07 9.28 9.75 3.0 18.75 6.71 10.45 21.76 4.04 4.04 13.52 14.74 4.8 4.37 13.58 9.28 7.08 9.28 4.04 21.76 9.75 9.75 22.07 9.78 21.76 21.76 9.78 6.71 13.58 4.8 7.08 13.52 13.58 8.55 9.78 22.07 10.2 15.91 14.74 0.0 0.0 8.55 9.78 0.0 0.0 10.45 14.74 13.58 8.55 9.78 9.28 14.74
7.72 0.0 8.49 9.03 7.08 0.0 3.75 18.75 7.97 12.3 7.97 3.75 12.57 9.06 3.75 7.5 0.0 12.3 12.3 5.86 16.16 12.3 7.08 6.75 12.57 7.08 7.5 8.49 0.0 3.75 6.75 18.14 8.49 7.08 12.3 18.14 3.75 7.08 7.5 0.0 7.08 18.14 9.03 18.75 5.86 9.06 8.49 7.72 9.03 18.14 9.78 8.49 9.03 16.16 6.75 3.75 18.75 7.5 7.5 11.07 10.74 7.12 3.75 12.3 9.78 0.0 9.78 7.5 18.75 8.49 8.49 18.14 7.97 18.75 18.75 7.97 6.75 12.3 7.12 0.0 11.07 12.3 5.86 7.97 18.14 7.72 12.57 10.74 7.08 7.08 5.86 7.97 7.08 7.08 3.75 10.74 12.3 5.86 7.97 9.78 10.74
6.75 3.75 11.45 11.86 10.45 3.75 0.0 20.12 10.82 14.89 10.82 0.0 14.15 11.15 7.5 11.25 3.75 14.89 14.89 8.75 17.89 14.89 10.45 7.72 14.15 10.45 11.25 11.45 3.75 0.0 7.72 18.97 11.45 10.45 14.89 18.97 0.0 10.45 11.25 3.75 10.45 18.97 11.86 20.12 8.75 11.15 11.45 6.75 11.86 18.97 13.1 11.45 11.86 17.89 7.72 0.0 20.12 11.25 11.25 13.27 12.09 9.03 7.5 14.89 13.1 3.75 13.1 11.25 20.12 11.45 11.45 18.97 10.82 20.12 20.12 10.82 7.72 14.89 9.03 3.75 13.27 14.89 8.75 10.82 18.97 6.75 14.15 12.09 10.45 10.45 8.75 10.82 10.45 10.45 0.0 12.09 14.89 8.75 10.82 13.1 12.09
26.34 18.75 12.02 24.76 21.76 18.75 20.12 0.0 12.0 8.55 12.0 20.12 6.18 9.86 18.06 18.14 18.75 8.55 8.55 13.58 3.09 8.55 21.76 25.3 6.18 21.76 18.14 12.02 18.75 20.12 25.3 3.0 12.02 21.76 8.55 3.0 20.12 21.76 18.14 18.75 21.76 3.0 24.76 0.0 13.58 9.86 12.02 26.34 24.76 3.0 13.1 12.02 24.76 3.09 25.3 20.12 0.0 18.14 18.14 8.25 8.08 24.93 18.06 8.55 13.1 18.75 13.1 18.14 0.0 12.02 12.02 3.0 12.0 0.0 0.0 12.0 25.3 8.55 24.93 18.75 8.25 8.55 13.58 12.0 3.0 26.34 6.18 8.08 21.76 21.76 13.58 12.0 21.76 21.76 20.12 8.08 8.55 13.58 12.0 13.1 8.08
15.61 7.97 0.75 12.77 9.78 7.97 10.82 12.0 0.0 4.37 0.0 10.82 6.18 2.7 6.18 6.41 7.97 4.37 4.37 2.12 9.03 4.37 9.78 13.79 6.18 9.78 6.41 0.75 7.97 10.82 13.79 12.37 0.75 9.78 4.37 12.37 10.82 9.78 6.41 7.97 9.78 12.37 12.77 12.0 2.12 2.7 0.75 15.61 12.77 12.37 3.09 0.75 12.77 9.03 13.79 10.82 12.0 6.41 6.41 3.75 5.41 13.1 6.18 4.37 3.09 7.97 3.09 6.41 12.0 0.75 0.75 12.37 0.0 12.0 12.0 0.0 13.79 4.37 13.1 7.97 3.75 4.37 2.12 0.0 12.37 15.61 6.18 5.41 9.78 9.78 2.12 0.0 9.78 9.78 10.82 5.41 4.37 2.12 0.0 3.09 5.41
19.97 12.3 4.04 16.57 13.58 12.3 14.89 8.55 4.37 0.0 4.37 14.89 4.37 4.04 10.45 9.75 12.3 0.0 0.0 6.45 5.46 0.0 13.58 18.12 4.37 13.58 9.75 4.04 12.3 14.89 18.12 9.78 4.04 13.58 0.0 9.78 14.89 13.58 9.75 12.3 13.58 9.78 16.57 8.55 6.45 4.04 4.04 19.97 16.57 9.78 4.56 4.04 16.57 5.46 18.12 14.89 8.55 9.75 9.75 2.25 5.3 17.32 10.45 0.0 4.56 12.3 4.56 9.75 8.55 4.04 4.04 9.78 4.37 8.55 8.55 4.37 18.12 0.0 17.32 12.3 2.25 0.0 6.45 4.37 9.78 19.97 4.37 5.3 13.58 13.58 6.45 4.37 13.58 13.58 14.89 5.3 0.0 6.45 4.37 4.56 5.3
15.61 7.97 0.75 12.77 9.78 7.97 10.82 12.0 0.0 4.37 0.0 10.82 6.18 2.7 6.18 6.41 7.97 4.37 4.37 2.12 9.03 4.37 9.78 13.79 6.18 9.78 6.41 0.75 7.97 10.82 13.79 12.37 0.75 9.78 4.37 12.37 10.82 9.78 6.41 7.97 9.78 12.37 12.77 12.0 2.12 2.7 0.75 15.61 12.77 12.37 3.09 0.75 12.77 9.03 13.79 10.82 12.0 6.41 6.41 3.75 5.41 13.1 6.18 4.37 3.09 7.97 3.09 6.41 12.0 0.75 0.75 12.37 0.0 12.0 12.0 0.0 13.79 4.37 13.1 7.97 3.75 4.37 2.12 0.0 12.37 15.61 6.18 5.41 9.78 9.78 2.12 0.0 9.78 9.78 10.82 5.41 4.37 2.12 0.0 3.09 5.41
6.75 3.75 11.45 11.86 10.45 3.75 0.0 20.12 10.82 14.89 10.82 0.0 14.15 11.15 7.5 11.25 3.75 14.89 14.89 8.75 17.89 14.89 10.45 7.72 14.15 10.45 11.25 11.45 3.75 0.0 7.72 18.97 11.45 10.45 14.89 18.97 0.0 10.45 11.25 3.75 10.45 18.97 11.86 20.12 8.75 11.15 11.45 6.75 11.86 18.97 13.1 11.45 11.86 17.89 7.72 0.0 20.12 11.25 11.25 13.27 12.09 9.03 7.5 14.89 13.1 3.75 13.1 11.25 20.12 11.45 11.45 18.97 10.82 20.12 20.12 10.82 7.72 14.89 9.03 3.75 13.27 14.89 8.75 10.82 18.97 6.75 14.15 12.09 10.45 10.45 8.75 10.82 10.45 10.45 0.0 12.09 14.89 8.75 10.82 13.1 12.09
20.19 12.57 6.41 18.88 15.91 12.57 14.15 6.18 6.18 4.37 6.18 14.15 0.0 3.75 12.0 12.57 12.57 4.37 4.37 7.5 3.75 4.37 15.91 19.12 0.0 15.91 12.57 6.41 12.57 14.15 19.12 6.18 6.41 15.91 4.37 6.18 14.15 15.91 12.57 12.57 15.91 6.18 18.88 6.18 7.5 3.75 6.41 20.19 18.88 6.18 8.11 6.41 18.88 3.75 19.12 14.15 6.18 12.57 12.57 2.7 2.12 18.81 12.0 4.37 8.11 12.57 8.11 12.57 6.18 6.41 6.41 6.18 6.18 6.18 6.18 6.18 19.12 4.37 18.81 12.57 2.7 4.37 7.5 6.18 6.18 20.19 0.0 2.12 15.91 15.91 7.5 6.18 15.91 15.91 14.15 2.12 4.37 7.5 6.18 8.11 2.12
16.77 9.06 3.18 15.17 12.21 9.06 11.15 9.86 2.7 4.04 2.7 11.15 3.75 0.0 8.25 9.06 9.06 4.04 4.04 3.75 7.12 4.04 12.21 15.46 3.75 12.21 9.06 3.18 9.06 11.15 15.46 9.86 3.18 12.21 4.04 9.86 11.15 12.21 9.06 9.06 12.21 9.86 15.17 9.86 3.75 0.0 3.18 16.77 15.17 9.86 5.41 3.18 15.17 7.12 15.46 11.15 9.86 9.06 9.06 2.12 2.7 15.07 8.25 4.04 5.41 9.06 5.41 9.06 9.86 3.18 3.18 9.86 2.7 9.86 9.86 2.7 15.46 4.04 15.07 9.06 2.12 4.04 3.75 2.7 9.86 16.77 3.75 2.7 12.21 12.21 3.75 2.7 12.21 12.21 11.15 2.7 4.04 3.75 2.7 5.41 2.7
10.09 3.75 6.41 7.12 4.37 3.75 7.5 18.06 6.18 10.45 6.18 7.5 12.0 8.25 0.0 3.75 3.75 10.45 10.45 4.5 15.17 10.45 4.37 7.72 12.0 4.37 3.75 6.41 3.75 7.5 7.72 18.06 6.41 4.37 10.45 18.06 7.5 4.37 3.75 3.75 4.37 18.06 7.12 18.06 4.5 8.25 6.41 10.09 7.12 18.06 6.91 6.41 7.12 15.17 7.72 7.5 18.06 3.75 3.75 9.86 10.61 6.91 0.0 10.45 6.91 3.75 6.91 3.75 18.06 6.41 6.41 18.06 6.18 18.06 18.06 6.18 7.72 10.45 6.91 3.75 9.86 10.45 4.5 6.18 18.06 10.09 12.0 10.61 4.37 4.37 4.5 6.18 4.37 4.37 7.5 10.61 10.45 4.5 6.18 6.91 10.61
13.12 7.5 6.18 6.91 4.04 7.5 11.25 18.14 6.41 9.75 6.41 11.25 12.57 9.06 3.75 0.0 7.5 9.75 9.75 5.86 15.07 9.75 4.04 10.09 12.57 4.04 0.0 6.18 7.5 11.25 10.09 18.75 6.18 4.04 9.75 18.75 11.25 4.04 0.0 7.5 4.04 18.75 6.91 18.14 5.86 9.06 6.18 13.12 6.91 18.75 5.3 6.18 6.91 15.07 10.09 11.25 18.14 0.0 0.0 10.01 11.74 8.55 3.75 9.75 5.3 7.5 5.3 0.0 18.14 6.18 6.18 18.75 6.41 18.14 18.14 6.41 10.09 9.75 8.55 7.5 10.01 9.75 5.86 6.41 18.75 13.12 12.57 11.74 4.04 4.04 5.86 6.41 4.04 4.04 11.25 11.74 9.75 5.86 6.41 5.3 11.74
7.72 0.0 8.49 9.03 7.08 0.0 3.75 18.75 7.97 12.3 7.97 3.75 12.57 9.06 3.75 7.5 0.0 12.3 12.3 5.86 16.16 12.3 7.08 6.75 12.57 7.08 7.5 8.49 0.0 3.75 6.75 18.14 8.49 7.08 12.3 18.14 3.75 7.08 7.5 0.0 7.08 18.14 9.03 18.75 5.86 9.06 8.49 7.72 9.03 18.14 9.78 8.49 9.03 16.16 6.75 3.75 18.75 7.5 7.5 11.07 10.74 7.12 3.75 12.3 9.78 0.0 9.78 7.5 18.75 8.49 8.49 18.14 7.97 18.75 18.75 7.97 6.75 12.3 7.12 0.0 11.07 12.3 5.86 7.97 18.14 7.72 12.57 10.74 7.08 7.08 5.86 7.97 7.08 7.08 3.75 10.74 12.3 5.86 7.97 9.78 10.74
19.97 12.3 4.04 16.57 13.58 12.3 14.89 8.55 4.37 0.0 4.37 14.89 4.37 4.04 10.45 9.75 12.3 0.0 0.0 6.45 5.46 0.0 13.58 18.12 4.37 13.58 9.75 4.04 12.3 14.89 18.12 9.78 4.04 13.58 0.0 9.78 14.89 13.58 9.75 12.3 13.58 9.78 16.57 8.55 6.45 4.04 4.04 19.97 16.57 9.78 4.56 4.04 16.57 5.46 18.12 14.89 8.55 9.75 9.75 2.25 5.3 17.32 10.45 0.0 4.56 12.3 4.56 9.75 8.55 4.04 4.04 9.78 4.37 8.55 8.55 4.37 18.12 0.0 17.32 12.3 2.25 0.0 6.45 4.37 9.78 19.97 4.37 5.3 13.58 13.58 6.45 4.37 13.58 13.58 14.89 5.3 0.0 6.45 4.37 4.56 5.3
19.97 12.3 4.04 16.57 13.58 12.3 14.89 8.55 4.37 0.0 4.37 14.89 4.37 4.04 10.45 9.75 12.3 0.0 0.0 6.45 5.46 0.0 13.58 18.12 4.37 13.58 9.75 4.04 12.3 14.89 18.12 9.78 4.04 13.58 0.0 9.78 14.89 13.58 9.75 12.3 13.58 9.78 16.57 8.55 6.45 4.04 4.04 19.97 16.57 9.78 4.56 4.04 16.57 5.46 18.12 14.89 8.55 9.75 9.75 2.25 5.3 17.32 10.45 0.0 4.56 12.3 4.56 9.75 8.55 4.04 4.04 9.78 4.37 8.55 8.55 4.37 18.12 0.0 17.32 12.3 2.25 0.0 6.45 4.37 9.78 19.97 4.37 5.3 13.58 13.58 6.45 4.37 13.58 13.58 14.89 5.3 0.0 6.45 4.37 4.56 5.3
13.52 5.86 2.7 11.47 8.55 5.86 8.75 13.58 2.12 6.45 2.12 8.75 7.5 3.75 4.5 5.86 5.86 6.45 6.45 0.0 10.74 6.45 8.55 11.86 7.5 8.55 5.86 2.7 5.86 8.75 11.86 13.58 2.7 8.55 6.45 13.58 8.75 8.55 5.86 5.86 8.55 13.58 11.47 13.58 0.0 3.75 2.7 13.52 11.47 13.58 4.56 2.7 11.47 10.74 11.86 8.75 13.58 5.86 5.86 5.46 6.18 11.35 4.5 6.45 4.56 5.86 4.56 5.86 13.58 2.7 2.7 13.58 2.12 13.58 13.58 2.12 11.86 6.45 11.35 5.86 5.46 6.45 0.0 2.12 13.58 13.52 7.5 6.18 8.55 8.55 0.0 2.12 8.55 8.55 8.75 6.18 6.45 0.0 2.12 4.56 6.18
23.84 16.16 9.0 21.75 18.75 16.16 17.89 3.09 9.03 5.46 9.03 17.89 3.75 7.12 15.17 15.07 16.16 5.46 5.46 10.74 0.0 5.46 18.75 22.56 3.75 18.75 15.07 9.0 16.16 17.89 22.56 4.8 9.0 18.75 5.46 4.8 17.89 18.75 15.07 16.16 18.75 4.8 21.75 3.09 10.74 7.12 9.0 23.84 21.75 4.8 10.01 9.0 21.75 0.0 22.56 17.89 3.09 15.07 15.07 5.3 5.86 22.07 15.17 5.46 10.01 16.16 10.01 15.07 3.09 9.0 9.0 4.8 9.03 3.09 3.09 9.03 22.56 5.46 22.07 16.16 5.3 5.46 10.74 9.03 4.8 23.84 3.75 5.86 18.75 18.75 10.74 9.03 18.75 18.75 17.89 5.86 5.46 10.74 9.03 10.01 5.86
19.97 12.3 4.04 16.57 13.58 12.3 14.89 8.55 4.37 0.0 4.37 14.89 4.37 4.04 10.45 9.75 12.3 0.0 0.0 6.45 5.46 0.0 13.58 18.12 4.37 13.58 9.75 4.04 12.3 14.89 18.12 9.78 4.04 13.58 0.0 9.78 14.89 13.58 9.75 12.3 13.58 9.78 16.57 8.55 6.45 4.04 4.04 19.97 16.57 9.78 4.56 4.04 16.57 5.46 18.12 14.89 8.55 9.75 9.75 2.25 5.3 17.32 10.45 0.0 4.56 12.3 4.56 9.75 8.55 4.04 4.04 9.78 4.37 8.55 8.55 4.37 18.12 0.0 17.32 12.3 2.25 0.0 6.45 4.37 9.78 19.97 4.37 5.3 13.58 13.58 6.45 4.37 13.58 13.58 14.89 5.3 0.0 6.45 4.37 4.56 5.3
10.2 7.08 9.75 3.0 0.0 7.08 10.45 21.76 9.78 13.58 9.78 10.45 15.91 12.21 4.37 4.04 7.08 13.58 13.58 8.55 18.75 13.58 0.0 6.71 15.91 0.0 4.04 9.75 7.08 10.45 6.71 22.07 9.75 0.0 13.58 22.07 10.45 0.0 4.04 7.08 0.0 22.07 3.0 21.76 8.55 12.21 9.75 10.2 3.0 22.07 9.28 9.75 3.0 18.75 6.71 10.45 21.76 4.04 4.04 13.52 14.74 4.8 4.37 13.58 9.28 7.08 9.28 4.04 21.76 9.75 9.75 22.07 9.78 21.76 21.76 9.78 6.71 13.58 4.8 7.08 13.52 13.58 8.55 9.78 22.07 10.2 15.91 14.74 0.0 0.0 8.55 9.78 0.0 0.0 10.45 14.74 13.58 8.55 9.78 9.28 14.74
3.75 6.75 14.09 6.0 6.71 6.75 7.72 25.3 13.79 18.12 13.79 7.72 19.12 15.46 7.72 10.09 6.75 18.12 18.12 11.86 22.56 18.12 6.71 0.0 19.12 6.71 10.09 14.09 6.75 7.72 0.0 24.85 14.09 6.71 18.12 24.85 7.72 6.71 10.09 6.75 6.71 24.85 6.0 25.3 11.86 15.46 14.09 3.75 6.0 24.85 14.56 14.09 6.0 22.56 0.0 7.72 25.3 10.09 10.09 17.32 17.4 2.25 7.72 18.12 14.56 6.75 14.56 10.09 25.3 14.09 14.09 24.85 13.79 25.3 25.3 13.79 0.0 18.12 2.25 6.75 17.32 18.12 11.86 13.79 24.85 3.75 19.12 17.4 6.71 6.71 11.86 13.79 6.71 6.71 7.72 17.4 18.12 11.86 13.79 14.56 17.4
20.19 12.57 6.41 18.88 15.91 12.57 14.15 6.18 6.18 4.37 6.18 14.15 0.0 3.75 12.0 12.57 12.57 4.37 4.37 7.5 3.75 4.37 15.91 19.12 0.0 15.91 12.57 6.41 12.57 14.15 19.12 6.18 6.41 15.91 4.37 6.18 14.15 15.91 12.57 12.57 15.91 6.18 18.88 6.18 7.5 3.75 6.41 20.19 18.88 6.18 8.11 6.41 18.88 3.75 19.12 14.15 6.18 12.57 12.57 2.7 2.12 18.81 12.0 4.37 8.11 12.57 8.11 12.57 6.18 6.41 6.41 6.18 6.18 6.18 6.18 6.18 19.12 4.37 18.81 12.57 2.7 4.37 7.5 6.18 6.18 20.19 0.0 2.12 15.91 15.91 7.5 6.18 15.91 15.91 14.15 2.12 4.37 7.5 6.18 8.11 2.12
10.2 7.08 9.75 3.0 0.0 7.08 10.45 21.76 9.78 13.58 9.78 10.45 15.91 12.21 4.37 4.04 7.08 13.58 13.58 8.55 18.75 13.58 0.0 6.71 15.91 0.0 4.04 9.75 7.08 10.45 6.71 22.07 9.75 0.0 13.58 22.07 10.45 0.0 4.04 7.08 0.0 22.07 3.0 21.76 8.55 12.21 9.75 10.2 3.0 22.07 9.28 9.75 3.0 18.75 6.71 10.45 21.76 4.04 4.04 13.52 14.74 4.8 4.37 13.58 9.28 7.08 9.28 4.04 21.76 9.75 9.75 22.07 9.78 21.76 21.76 9.78 6.71 13.58 4.8 7.08 13.52 13.58 8.55 9.78 22.07 10.2 15.91 14.74 0.0 0.0 8.55 9.78 0.0 0.0 10.45 14.74 13.58 8.55 9.78 9.28 14.74
13.12 7.5 6.18 6.91 4.04 7.5 11.25 18.14 6.41 9.75 6.41 11.25 12.57 9.06 3.75 0.0 7.5 9.75 9.75 5.86 15.07 9.75 4.04 10.09 12.57 4.04 0.0 6.18 7.5 11.25 10.09 18.75 6.18 4.04 9.75 18.75 11.25 4.04 0.0 7.5 4.04 18.75 6.91 18.14 5.86 9.06 6.18 13.12 6.91 18.75 5.3 6.18 6.91 15.07 10.09 11.25 18.14 0.0 0.0 10.01 11.74 8.55 3.75 9.75 5.3 7.5 5.3 0.0 18.14 6.18 6.18 18.75 6.41 18.14 18.14 6.41 10.09 9.75 8.55 7.5 10.01 9.75 5.86 6.41 18.75 13.12 12.57 11.74 4.04 4.04 5.86 6.41 4.04 4.04 11.25 11.74 9.75 5.86 6.41 5.3 11.74
16.05 8.49 0.0 12.75 9.75 8.49 11.45 12.02 0.75 4.04 0.75 11.45 6.41 3.18 6.41 6.18 8.49 4.04 4.04 2.7 9.0 4.04 9.75 14.09 6.41 9.75 6.18 0.0 8.49 11.45 14.09 12.57 0.0 9.75 4.04 12.57 11.45 9.75 6.18 8.49 9.75 12.57 12.75 12.02 2.7 3.18 0.0 16.05 12.75 12.57 2.37 0.0 12.75 9.0 14.09 11.45 12.02 6.18 6.18 3.82 5.86 13.29 6.41 4.04 2.37 8.49 2.37 6.18 12.02 0.0 0.0 12.57 0.75 12.02 12.02 0.75 14.09 4.04 13.29 8.49 3.82 4.04 2.7 0.75 12.57 16.05 6.41 5.86 9.75 9.75 2.7 0.75 9.75 9.75 11.45 5.86 4.04 2.7 0.75 2.37 5.86
7.72 0.0 8.49 9.03 7.08 0.0 3.75 18.75 7.97 12.3 7.97 3.75 12.57 9.06 3.75 7.5 0.0 12.3 12.3 5.86 16.16 12.3 7.08 6.75 12.57 7.08 7.5 8.49 0.0 3.75 6.75 18.14 8.49 7.08 12.3 18.14 3.75 7.08 7.5 0.0 7.08 18.14 9.03 18.75 5.86 9.06 8.49 7.72 9.03 18.14 9.78 8.49 9.03 16.16 6.75 3.75 18.75 7.5 7.5 11.07 10.74 7.12 3.75 12.3 9.78 0.0 9.78 7.5 18.75 8.49 8.49 18.14 7.97 18.75 18.75 7.97 6.75 12.3 7.12 0.0 11.07 12.3 5.86 7.97 18.14 7.72 12.57 10.74 7.08 7.08 5.86 7.97 7.08 7.08 3.75 10.74 12.3 5.86 7.97 9.78 10.74
6.75 3.75 11.45 11.86 10.45 3.75 0.0 20.12 10.82 14.89 10.82 0.0 14.15 11.15 7.5 11.25 3.75 14.89 14.89 8.75 17.89 14.89 10.45 7.72 14.15 10.45 11.25 11.45 3.75 0.0 7.72 18.97 11.45 10.45 14.89 18.97 0.0 10.45 11.25 3.75 10.45 18.97 11.86 20.12 8.75 11.15 11.45 6.75 11.86 18.97 13.1 11.45 11.86 17.89 7.72 0.0 20.12 11.25 11.25 13.27 12.09 9.03 7.5 14.89 13.1 3.75 13.1 11.25 20.12 11.45 11.45 18.97 10.82 20.12 20.12 10.82 7.72 14.89 9.03 3.75 13.27 14.89 8.75 10.82 18.97 6.75 14.15 12.09 10.45 10.45 8.75 10.82 10.45 10.45 0.0 12.09 14.89 8.75 10.82 13.1 12.09
3.75 6.75 14.09 6.0 6.71 6.75 7.72 25.3 13.79 18.12 13.79 7.72 19.12 15.46 7.72 10.09 6.75 18.12 18.12 11.86 22.56 18.12 6.71 0.0 19.12 6.71 10.09 14.09 6.75 7.72 0.0 24.85 14.09 6.71 18.12 24.85 7.72 6.71 10.09 6.75 6.71 24.85 6.0 25.3 11.86 15.46 14.09 3.75 6.0 24.85 14.56 14.09 6.0 22.56 0.0 7.72 25.3 10.09 10.09 17.32 17.4 2.25 7.72 18.12 14.56 6.75 14.56 10.09 25.3 14.09 14.09 24.85 13.79 25.3 25.3 13.79 0.0 18.12 2.25 6.75 17.32 18.12 11.86 13.79 24.85 3.75 19.12 17.4 6.71 6.71 11.86 13.79 6.71 6.71 7.72 17.4 18.12 11.86 13.79 14.56 17.4
25.47 18.14 12.57 25.03 22.07 18.14 18.97 3.0 12.37 9.78 12.37 18.97 6.18 9.86 18.06 18.75 18.14 9.78 9.78 13.58 4.8 9.78 22.07 24.85 6.18 22.07 18.75 12.57 18.14 18.97 24.85 0.0 12.57 22.07 9.78 0.0 18.97 22.07 18.75 18.14 22.07 0.0 25.03 3.0 13.58 9.86 12.57 25.47 25.03 0.0 14.09 12.57 25.03 4.8 24.85 18.97 3.0 18.75 18.75 8.78 7.5 24.75 18.06 9.78 14.09 18.14 14.09 18.75 3.0 12.57 12.57 0.0 12.37 3.0 3.0 12.37 24.85 9.78 24.75 18.14 8.78 9.78 13.58 12.37 0.0 25.47 6.18 7.5 22.07 22.07 13.58 12.37 22.07 22.07 18.97 7.5 9.78 13.58 12.37 14.09 7.5
16.05 8.49 0.0 12.75 9.75 8.49 11.45 12.02 0.75 4.04 0.75 11.45 6.41 3.18 6.41 6.18 8.49 4.04 4.04 2.7 9.0 4.04 9.75 14.09 6.41 9.75 6.18 0.0 8.49 11.45 14.09 12.57 0.0 9.75 4.04 12.57 11.45 9.75 6.18 8.49 9.75 12.57 12.75 12.02 2.7 3.18 0.0 16.05 12.75 12.57 2.37 0.0 12.75 9.0 14.09 11.45 12.02 6.18 6.18 3.82 5.86 13.29 6.41 4.04 2.37 8.49 2.37 6.18 12.02 0.0 0.0 12.57 0.75 12.02 12.02 0.75 14.09 4.04 13.29 8.49 3.82 4.04 2.7 0.75 12.57 16.05 6.41 5.86 9.75 9.75 2.7 0.75 9.75 9.75 11.45 5.86 4.04 2.7 0.75 2.37 5.86
10.2 7.08 9.75 3.0 0.0 7.08 10.45 21.76 9.78 13.58 9.78 10.45 15.91 12.21 4.37 4.04 7.08 13.58 13.58 8.55 18.75 13.58 0.0 6.71 15.91 0.0 4.04 9.75 7.08 10.45 6.71 22.07 9.75 0.0 13.58 22.07 10.45 0.0 4.04 7.08 0.0 22.07 3.0 21.76 8.55 12.21 9.75 10.2 3.0 22.07 9.28 9.75 3.0 18.75 6.71 10.45 21.76 4.04 4.04 13.52 14.74 4.8 4.37 13.58 9.28 7.08 9.28 4.04 21.76 9.75 9.75 22.07 9.78 21.76 21.76 9.78 6.71 13.58 4.8 7.08 13.52 13.58 8.55 9.78 22.07 10.2 15.91 14.74 0.0 0.0 8.55 9.78 0.0 0.0 10.45 14.74 13.58 8.55 9.78 9.28 14.74
19.97 12.3 4.04 16.57 13.58 12.3 14.89 8.55 4.37 0.0 4.37 14.89 4.37 4.04 10.45 9.75 12.3 0.0 0.0 6.45 5.46 0.0 13.58 18.12 4.37 13.58 9.75 4.04 12.3 14.89 18.12 9.78 4.04 13.58 0.0 9.78 14.89 13.58 9.75 12.3 13.58 9.78 16.57 8.55 6.45 4.04 4.04 19.97 16.57 9.78 4.56 4.04 16.57 5.46 18.12 14.89 8.55 9.75 9.75 2.25 5.3 17.32 10.45 0.0 4.56 12.3 4.56 9.75 8.55 4.04 4.04 9.78 4.37 8.55 8.55 4.37 18.12 0.0 17.32 12.3 2.25 0.0 6.45 4.37 9.78 19.97 4.37 5.3 13.58 13.58 6.45 4.37 13.58 13.58 14.89 5.3 0.0 6.45 4.37 4.56 5.3
25.47 18.14 12.57 25.03 22.07 18.14 18.97 3.0 12.37 9.78 12.37 18.97 6.18 9.86 18.06 18.75 18.14 9.78 9.78 13.58 4.8 9.78 22.07 24.85 6.18 22.07 18.75 12.57 18.14 18.97 24.85 0.0 12.57 22.07 9.78 0.0 18.97 22.07 18.75 18.14 22.07 0.0 25.03 3.0 13.58 9.86 12.57 25.47 25.03 0.0 14.09 12.57 25.03 4.8 24.85 18.97 3.0 18.75 18.75 8.78 7.5 24.75 18.06 9.78 14.09 18.14 14.09 18.75 3.0 12.57 12.57 0.0 12.37 3.0 3.0 12.37 24.85 9.78 24.75 18.14 8.78 9.78 13.58 12.37 0.0 25.47 6.18 7.5 22.07 22.07 13.58 12.37 22.07 22.07 18.97 7.5 9.78 13.58 12.37 14.09 7.5
6.75 3.75 11.45 11.86 10.45 3.75 0.0 20.12 10.82 14.89 10.82 0.0 14.15 11.15 7.5 11.25 3.75 14.89 14.89 8.75 17.89 14.89 10.45 7.72 14.15 10.45 11.25 11.45 3.75 0.0 7.72 18.97 11.45 10.45 14.89 18.97 0.0 10.45 11.25 3.75 10.45 18.97 11.86 20.12 8.75 11.15 11.45 6.75 11.86 18.97 13.1 11.45 11.86 17.89 7.72 0.0 20.12 11.25 11.25 13.27 12.09 9.03 7.5 14.89 13.1 3.75 13.1 11.25 20.12 11.45 11.45 18.97 10.82 20.12 20.12 10.82 7.72 14.89 9.03 3.75 13.27 14.89 8.75 10.82 18.97 6.75 14.15 12.09 10.45 10.45 8.75 10.82 10.45 10.45 0.0 12.09 14.89 8.75 10.82 13.1 12.09
10.2 7.08 9.75 3.0 0.0 7.08 10.45 21.76 9.78 13.58 9.78 10.45 15.91 12.21 4.37 4.04 7.08 13.58 13.58 8.55 18.75 13.58 0.0 6.71 15.91 0.0 4.04 9.75 7.08 10.45 6.71 22.07 9.75 0.0 13.58 22.07 10.45 0.0 4.04 7.08 0.0 22.07 3.0 21.76 8.55 12.21 9.75 10.2 3.0 22.07 9.28 9.75 3.0 18.75 6.71 10.45 21.76 4.04 4.04 13.52 14.74 4.8 4.37 13.58 9.28 7.08 9.28 4.04 21.76 9.75 9.75 22.07 9.78 21.76 21.76 9.78 6.71 13.58 4.8 7.08 13.52 13.58 8.55 9.78 22.07 10.2 15.91 14.74 0.0 0.0 8.55 9.78 0.0 0.0 10.45 14.74 13.58 8.55 9.78 9.28 14.74
13.12 7.5 6.18 6.91 4.04 7.5 11.25 18.14 6.41 9.75 6.41 11.25 12.57 9.06 3.75 0.0 7.5 9.75 9.75 5.86 15.07 9.75 4.04 10.09 12.57 4.04 0.0 6.18 7.5 11.25 10.09 18.75 6.18 4.04 9.75 18.75 11.25 4.04 0.0 7.5 4.04 18.75 6.91 18.14 5.86 9.06 6.18 13.12 6.91 18.75 5.3 6.18 6.91 15.07 10.09 11.25 18.14 0.0 0.0 10.01 11.74 8.55 3.75 9.75 5.3 7.5 5.3 0.0 18.14 6.18 6.18 18.75 6.41 18.14 18.14 6.41 10.09 9.75 8.55 7.5 10.01 9.75 5.86 6.41 18.75 13.12 12.57 11.74 4.04 4.04 5.86 6.41 4.04 4.04 11.25 11.74 9.75 5.86 6.41 5.3 11.74
7.72 0.0 8.49 9.03 7.08 0.0 3.75 18.75 7.97 12.3 7.97 3.75 12.57 9.06 3.75 7.5 0.0 12.3 12.3 5.86 16.16 12.3 7.08 6.75 12.57 7.08 7.5 8.49 0.0 3.75 6.75 18.14 8.49 7.08 12.3 18.14 3.75 7.08 7.5 0.0 7.08 18.14 9.03 18.75 5.86 9.06 8.49 7.72 9.03 18.14 9.78 8.49 9.03 16.16 6.75 3.75 18.75 7.5 7.5 11.07 10.74 7.12 3.75 12.3 9.78 0.0 9.78 7.5 18.75 8.49 8.49 18.14 7.97 18.75 18.75 7.97 6.75 12.3 7.12 0.0 11.07 12.3 5.86 7.97 18.14 7.72 12.57 10.74 7.08 7.08 5.86 7.97 7.08 7.08 3.75 10.74 12.3 5.86 7.97 9.78 10.74
10.2 7.08 9.75 3.0 0.0 7.08 10.45 21.76 9.78 13.58 9.78 10.45 15.91 12.21 4.37 4.04 7.08 13.58 13.58 8.55 18.75 13.58 0.0 6.71 15.91 0.0 4.04 9.75 7.08 10.45 6.71 22.07 9.75 0.0 13.58 22.07 10.45 0.0 4.04 7.08 0.0 22.07 3.0 21.76 8.55 12.21 9.75 10.2 3.0 22.07 9.28 9.75 3.0 18.75 6.71 10.45 21.76 4.04 4.04 13.52 14.74 4.8 4.37 13.58 9.28 7.08 9.28 4.04 21.76 9.75 9.75 22.07 9.78 21.76 21.76 9.78 6.71 13.58 4.8 7.08 13.52 13.58 8.55 9.78 22.07 10.2 15.91 14.74 0.0 0.0 8.55 9.78 0.0 0.0 10.45 14.74 13.58 8.55 9.78 9.28 14.74
25.47 18.14 12.57 25.03 22.07 18.14 18.97 3.0 12.37 9.78 12.37 18.97 6.18 9.86 18.06 18.75 18.14 9.78 9.78 13.58 4.8 9.78 22.07 24.85 6.18 22.07 18.75 12.57 18.14 18.97 24.85 0.0 12.57 22.07 9.78 0.0 18.97 22.07 18.75 18.14 22.07 0.0 25.03 3.0 13.58 9.86 12.57 25.47 25.03 0.0 14.09 12.57 25.03 4.8 24.85 18.97 3.0 18.75 18.75 8.78 7.5 24.75 18.06 9.78 14.09 18.14 14.09 18.75 3.0 12.57 12.57 0.0 12.37 3.0 3.0 12.37 24.85 9.78 24.75 18.14 8.78 9.78 13.58 12.37 0.0 25.47 6.18 7.5 22.07 22.07 13.58 12.37 22.07 22.07 18.97 7.5 9.78 13.58 12.37 14.09 7.5
9.75 9.03 12.75 0.0 3.0 9.03 11.86 24.76 12.77 16.57 12.77 11.86 18.88 15.17 7.12 6.91 9.03 16.57 16.57 11.47 21.75 16.57 3.0 6.0 18.88 3.0 6.91 12.75 9.03 11.86 6.0 25.03 12.75 3.0 16.57 25.03 11.86 3.0 6.91 9.03 3.0 25.03 0.0 24.76 11.47 15.17 12.75 9.75 0.0 25.03 12.21 12.75 0.0 21.75 6.0 11.86 24.76 6.91 6.91 16.52 17.65 3.75 7.12 16.57 12.21 9.03 12.21 6.91 24.76 12.75 12.75 25.03 12.77 24.76 24.76 12.77 6.0 16.57 3.75 9.03 16.52 16.57 11.47 12.77 25.03 9.75 18.88 17.65 3.0 3.0 11.47 12.77 3.0 3.0 11.86 17.65 16.57 11.47 12.77 12.21 17.65
26.34 18.75 12.02 24.76 21.76 18.75 20.12 0.0 12.0 8.55 12.0 20.12 6.18 9.86 18.06 18.14 18.75 8.55 8.55 13.58 3.09 8.55 21.76 25.3 6.18 21.76 18.14 12.02 18.75 20.12 25.3 3.0 12.02 21.76 8.55 3.0 20.12 21.76 18.14 18.75 21.76 3.0 24.76 0.0 13.58 9.86 12.02 26.34 24.76 3.0 13.1 12.02 24.76 3.09 25.3 20.12 0.0 18.14 18.14 8.25 8.08 24.93 18.06 8.55 13.1 18.75 13.1 18.14 0.0 12.02 12.02 3.0 12.0 0.0 0.0 12.0 25.3 8.55 24.93 18.75 8.25 8.55 13.58 12.0 3.0 26.34 6.18 8.08 21.76 21.76 13.58 12.0 21.76 21.76 20.12 8.08 8.55 13.58 12.0 13.1 8.08
13.52 5.86 2.7 11.47 8.55 5.86 8.75 13.58 2.12 6.45 2.12 8.75 7.5 3.75 4.5 5.86 5.86 6.45 6.45 0.0 10.74 6.45 8.55 11.86 7.5 8.55 5.86 2.7 5.86 8.75 11.86 13.58 2.7 8.55 6.45 13.58 8.75 8.55 5.86 5.86 8.55 13.58 11.47 13.58 0.0 3.75 2.7 13.52 11.47 13.58 4.56 2.7 11.47 10.74 11.86 8.75 13.58 5.86 5.86 5.46 6.18 11.35 4.5 6.45 4.56 5.86 4.56 5.86 13.58 2.7 2.7 13.58 2.12 13.58 13.58 2.12 11.86 6.45 11.35 5.86 5.46 6.45 0.0 2.12 13.58 13.52 7.5 6.18 8.55 8.55 0.0 2.12 8.55 8.55 8.75 6.18 6.45 0.0 2.12 4.56 6.18
16.77 9.06 3.18 15.17 12.21 9.06 11.15 9.86 2.7 4.04 2.7 11.15 3.75 0.0 8.25 9.06 9.06 4.04 4.04 3.75 7.12 4.04 12.21 15.46 3.75 12.21 9.06 3.18 9.06 11.15 15.46 9.86 3.18 12.21 4.04 9.86 11.15 12.21 9.06 9.06 12.21 9.86 15.17 9.86 3.75 0.0 3.18 16.77 15.17 9.86 5.41 3.18 15.17 7.12 15.46 11.15 9.86 9.06 9.06 2.12 2.7 15.07 8.25 4.04 5.41 9.06 5.41 9.06 9.86 3.18 3.18 9.86 2.7 9.86 9.86 2.7 15.46 4.04 15.07 9.06 2.12 4.04 3.75 2.7 9.86 16.77 3.75 2.7 12.21 12.21 3.75 2.7 12.21 12.21 11.15 2.7 4.04 3.75 2.7 5.41 2.7
16.05 8.49 0.0 12.75 9.75 8.49 11.45 12.02 0.75 4.04 0.75 11.45 6.41 3.18 6.41 6.18 8.49 4.04 4.04 2.7 9.0 4.04 9.75 14.09 6.41 9.75 6.18 0.0 8.49 11.45 14.09 12.57 0.0 9.75 4.04 12.57 11.45 9.75 6.18 8.49 9.75 12.57 12.75 12.02 2.7 3.18 0.0 16.05 12.75 12.57 2.37 0.0 12.75 9.0 14.09 11.45 12.02 6.18 6.18 3.82 5.86 13.29 6.41 4.04 2.37 8.49 2.37 6.18 12.02 0.0 0.0 12.57 0.75 12.02 12.02 0.75 14.09 4.04 13.29 8.49 3.82 4.04 2.7 0.75 12.57 16.05 6.41 5.86 9.75 9.75 2.7 0.75 9.75 9.75 11.45 5.86 4.04 2.7 0.75 2.37 5.86
0.0 7.72 16.05 9.75 10.2 7.72 6.75 26.34 15.61 19.97 15.61 6.75 20.19 16.77 10.09 13.12 7.72 19.97 19.97 13.52 23.84 19.97 10.2 3.75 20.19 10.2 13.12 16.05 7.72 6.75 3.75 25.47 16.05 10.2 19.97 25.47 6.75 10.2 13.12 7.72 10.2 25.47 9.75 26.34 13.52 16.77 16.05 0.0 9.75 25.47 16.97 16.05 9.75 23.84 3.75 6.75 26.34 13.12 13.12 18.79 18.26 6.0 10.09 19.97 16.97 7.72 16.97 13.12 26.34 16.05 16.05 25.47 15.61 26.34 26.34 15.61 3.75 19.97 6.0 7.72 18.79 19.97 13.52 15.61 25.47 0.0 20.19 18.26 10.2 10.2 13.52 15.61 10.2 10.2 6.75 18.26 19.97 13.52 15.61 16.97 18.26
9.75 9.03 12.75 0.0 3.0 9.03 11.86 24.76 12.77 16.57 12.77 11.86 18.88 15.17 7.12 6.91 9.03 16.57 16.57 11.47 21.75 16.57 3.0 6.0 18.88 3.0 6.91 12.75 9.03 11.86 6.0 25.03 12.75 3.0 16.57 25.03 11.86 3.0 6.91 9.03 3.0 25.03 0.0 24.76 11.47 15.17 12.75 9.75 0.0 25.03 12.21 12.75 0.0 21.75 6.0 11.86 24.76 6.91 6.91 16.52 17.65 3.75 7.12 16.57 12.21 9.03 12.21 6.91 24.76 12.75 12.75 25.03 12.77 24.76 24.76 12.77 6.0 16.57 3.75 9.03 16.52 16.57 11.47 12.77 25.03 9.75 18.88 17.65 3.0 3.0 11.47 12.77 3.0 3.0 11.86 17.65 16.57 11.47 12.77 12.21 17.65
25.47 18.14 12.57 25.03 22.07 18.14 18.97 3.0 12.37 9.78 12.37 18.97 6.18 9.86 18.06 18.75 18.14 9.78 9.78 13.58 4.8 9.78 22.07 24.85 6.18 22.07 18.75 12.57 18.14 18.97 24.85 0.0 12.57 22.07 9.78 0.0 18.97 22.07 18.75 18.14 22.07 0.0 25.03 3.0 13.58 9.86 12.57 25.47 25.03 0.0 14.09 12.57 25.03 4.8 24.85 18.97 3.0 18.75 18.75 8.78 7.5 24.75 18.06 9.78 14.09 18.14 14.09 18.75 3.0 12.57 12.57 0.0 12.37 3.0 3.0 12.37 24.85 9.78 24.75 18.14 8.78 9.78 13.58 12.37 0.0 25.47 6.18 7.5 22.07 22.07 13.58 12.37 22.07 22.07 18.97 7.5 9.78 13.58 12.37 14.09 7.5
16.97 9.78 2.37 12.21 9.28 9.78 13.1 13.1 3.09 4.56 3.09 13.1 8.11 5.41 6.91 5.3 9.78 4.56 4.56 4.56 10.01 4.56 9.28 14.56 8.11 9.28 5.3 2.37 9.78 13.1 14.56 14.09 2.37 9.28 4.56 14.09 13.1 9.28 5.3 9.78 9.28 14.09 12.21 13.1 4.56 5.41 2.37 16.97 12.21 14.09 0.0 2.37 12.21 10.01 14.56 13.1 13.1 5.3 5.3 5.41 7.97 13.42 6.91 4.56 0.0 9.78 0.0 5.3 13.1 2.37 2.37 14.09 3.09 13.1 13.1 3.09 14.56 4.56 13.42 9.78 5.41 4.56 4.56 3.09 14.09 16.97 8.11 7.97 9.28 9.28 4.56 3.09 9.28 9.28 13.1 7.97 4.56 4.56 3.09 0.0 7.97
16.05 8.49 0.0 12.75 9.75 8.49 11.45 12.02 0.75 4.04 0.75 11.45 6.41 3.18 6.41 6.18 8.49 4.04 4.04 2.7 9.0 4.04 9.75 14.09 6.41 9.75 6.18 0.0 8.49 11.45 14.09 12.57 0.0 9.75 4.04 12.57 11.45 9.75 6.18 8.49 9.75 12.57 12.75 12.02 2.7 3.18 0.0 16.05 12.75 12.57 2.37 0.0 12.75 9.0 14.09 11.45 12.02 6.18 6.18 3.82 5.86 13.29 6.41 4.04 2.37 8.49 2.37 6.18 12.02 0.0 0.0 12.57 0.75 12.02 12.02 0.75 14.09 4.04 13.29 8.49 3.82 4.04 2.7 0.75 12.57 16.05 6.41 5.86 9.75 9.75 2.7 0.75 9.75 9.75 11.45 5.86 4.04 2.7 0.75 2.37 5.86
9.75 9.03 12.75 0.0 3.0 9.03 11.86 24.76 12.77 16.57 12.77 11.86 18.88 15.17 7.12 6.91 9.03 16.57 16.57 11.47 21.75 16.57 3.0 6.0 18.88 3.0 6.91 12.75 9.03 11.86 6.0 25.03 12.75 3.0 16.57 25.03 11.86 3.0 6.91 9.03 3.0 25.03 0.0 24.76 11.47 15.17 12.75 9.75 0.0 25.03 12.21 12.75 0.0 21.75 6.0 11.86 24.76 6.91 6.91 16.52 17.65 3.75 7.12 16.57 12.21 9.03 12.21 6.91 24.76 12.75 12.75 25.03 12.77 24.76 24.76 12.77 6.0 16.57 3.75 9.03 16.52 16.57 11.47 12.77 25.03 9.75 18.88 17.65 3.0 3.0 11.47 12.77 3.0 3.0 11.86 17.65 16.57 11.47 12.77 12.21 17.65
23.84 16.16 9.0 21.75 18.75 16.16 17.89 3.09 9.03 5.46 9.03 17.89 3.75 7.12 15.17 15.07 16.16 5.46 5.46 10.74 0.0 5.46 18.75 22.56 3.75 18.75 15.07 9.0 16.16 17.89 22.56 4.8 9.0 18.75 5.46 4.8 17.89 18.75 15.07 16.16 18.75 4.8 21.75 3.09 10.74 7.12 9.0 23.84 21.75 4.8 10.01 9.0 21.75 0.0 22.56 17.89 3.09 15.07 15.07 5.3 5.86 22.07 15.17 5.46 10.01 16.16 10.01 15.07 3.09 9.0 9.0 4.8 9.03 3.09 3.09 9.03 22.56 5.46 22.07 16.16 5.3 5.46 10.74 9.03 4.8 23.84 3.75 5.86 18.75 18.75 10.74 9.03 18.75 18.75 17.89 5.86 5.46 10.74 9.03 10.01 5.86
3.75 6.75 14.09 6.0 6.71 6.75 7.72 25.3 13.79 18.12 13.79 7.72 19.12 15.46 7.72 10.09 6.75 18.12 18.12 11.86 22.56 18.12 6.71 0.0 19.12 6.71 10.09 14.09 6.75 7.72 0.0 24.85 14.09 6.71 18.12 24.85 7.72 6.71 10.09 6.75 6.71 24.85 6.0 25.3 11.86 15.46 14.09 3.75 6.0 24.85 14.56 14.09 6.0 22.56 0.0 7.72 25.3 10.09 10.09 17.32 17.4 2.25 7.72 18.12 14.56 6.75 14.56 10.09 25.3 14.09 14.09 24.85 13.79 25.3 25.3 13.79 0.0 18.12 2.25 6.75 17.32 18.12 11.86 13.79 24.85 3.75 19.12 17.4 6.71 6.71 11.86 13.79 6.71 6.71 7.72 17.4 18.12 11.86 13.79 14.56 17.4
6.75 3.75 11.45 11.86 10.45 3.75 0.0 20.12 10.82 14.89 10.82 0.0 14.15 11.15 7.5 11.25 3.75 14.89 14.89 8.75 17.89 14.89 10.45 7.72 14.15 10.45 11.25 11.45 3.75 0.0 7.72 18.97 11.45 10.45 14.89 18.97 0.0 10.45 11.25 3.75 10.45 18.97 11.86 20.12 8.75 11.15 11.45 6.75 11.86 18.97 13.1 11.45 11.86 17.89 7.72 0.0 20.12 11.25 11.25 13.27 12.09 9.03 7.5 14.89 13.1 3.75 13.1 11.25 20.12 11.45 11.45 18.97 10.82 20.12 20.12 10.82 7.72 14.89 9.03 3.75 13.27 14.89 8.75 10.82 18.97 6.75 14.15 12.09 10.45 10.45 8.75 10.82 10.45 10.45 0.0 12.09 14.89 8.75 10.82 13.1 12.09
26.34 18.75 12.02 24.76 21.76 18.75 20.12 0.0 12.0 8.55 12.0 20.12 6.18 9.86 18.06 18.14 18.75 8.55 8.55 13.58 3.09 8.55 21.76 25.3 6.18 21.76 18.14 12.02 18.75 20.12 25.3 3.0 12.02 21.76 8.55 3.0 20.12 21.76 18.14 18.75 21.76 3.0 24.76 0.0 13.58 9.86 12.02 26.34 24.76 3.0 13.1 12.02 24.76 3.09 25.3 20.12 0.0 18.14 18.14 8.25 8.08 24.93 18.06 8.55 13.1 18.75 13.1 18.14 0.0 12.02 12.02 3.0 12.0 0.0 0.0 12.0 25.3 8.55 24.93 18.75 8.25 8.55 13.58 12.0 3.0 26.34 6.18 8.08 21.76 21.76 13.58 12.0 21.76 21.76 20.12 8.08 8.55 13.58 12.0 13.1 8.08
13.12 7.5 6.18 6.91 4.04 7.5 11.25 18.14 6.41 9.75 6.41 11.25 12.57 9.06 3.75 0.0 7.5 9.75 9.75 5.86 15.07 9.75 4.04 10.09 12.57 4.04 0.0 6.18 7.5 11.25 10.09 18.75 6.18 4.04 9.75 18.75 11.25 4.04 0.0 7.5 4.04 18.75 6.91 18.14 5.86 9.06 6.18 13.12 6.91 18.75 5.3 6.18 6.91 15.07 10.09 11.25 18.14 0.0 0.0 10.01 11.74 8.55 3.75 9.75 5.3 7.5 5.3 0.0 18.14 6.18 6.18 18.75 6.41 18.14 18.14 6.41 10.09 9.75 8.55 7.5 10.01 9.75 5.86 6.41 18.75 13.12 12.57 11.74 4.04 4.04 5.86 6.41 4.04 4.04 11.25 11.74 9.75 5.86 6.41 5.3 11.74
13.12 7.5 6.18 6.91 4.04 7.5 11.25 18.14 6.41 9.75 6.41 11.25 12.57 9.06 3.75 0.0 7.5 9.75 9.75 5.86 15.07 9.75 4.04 10.09 12.57 4.04 0.0 6.18 7.5 11.25 10.09 18.75 6.18 4.04 9.75 18.75 11.25 4.04 0.0 7.5 4.04 18.75 6.91 18.14 5.86 9.06 6.18 13.12 6.91 18.75 5.3 6.18 6.91 15.07 10.09 11.25 18.14 0.0 0.0 10.01 11.74 8.55 3.75 9.75 5.3 7.5 5.3 0.0 18.14 6.18 6.18 18.75 6.41 18.14 18.14 6.41 10.09 9.75 8.55 7.5 10.01 9.75 5.86 6.41 18.75 13.12 12.57 11.74 4.04 4.04 5.86 6.41 4.04 4.04 11.25 11.74 9.75 5.86 6.41 5.3 11.74
18.79 11.07 3.82 16.52 13.52 11.07 13.27 8.25 3.75 2.25 3.75 13.27 2.7 2.12 9.86 10.01 11.07 2.25 2.25 5.46 5.3 2.25 13.52 17.32 2.7 13.52 10.01 3.82 11.07 13.27 17.32 8.78 3.82 13.52 2.25 8.78 13.27 13.52 10.01 11.07 13.52 8.78 16.52 8.25 5.46 2.12 3.82 18.79 16.52 8.78 5.41 3.82 16.52 5.3 17.32 13.27 8.25 10.01 10.01 0.0 3.09 16.77 9.86 2.25 5.41 11.07 5.41 10.01 8.25 3.82 3.82 8.78 3.75 8.25 8.25 3.75 17.32 2.25 16.77 11.07 0.0 2.25 5.46 3.75 8.78 18.79 2.7 3.09 13.52 13.52 5.46 3.75 13.52 13.52 13.27 3.09 2.25 5.46 3.75 5.41 3.09
18.26 10.74 5.86 17.65 14.74 10.74 12.09 8.08 5.41 5.3 5.41 12.09 2.12 2.7 10.61 11.74 10.74 5.3 5.3 6.18 5.86 5.3 14.74 17.4 2.12 14.74 11.74 5.86 10.74 12.09 17.4 7.5 5.86 14.74 5.3 7.5 12.09 14.74 11.74 10.74 14.74 7.5 17.65 8.08 6.18 2.7 5.86 18.26 17.65 7.5 7.97 5.86 17.65 5.86 17.4 12.09 8.08 11.74 11.74 3.09 0.0 17.25 10.61 5.3 7.97 10.74 7.97 11.74 8.08 5.86 5.86 7.5 5.41 8.08 8.08 5.41 17.4 5.3 17.25 10.74 3.09 5.3 6.18 5.41 7.5 18.26 2.12 0.0 14.74 14.74 6.18 5.41 14.74 14.74 12.09 0.0 5.3 6.18 5.41 7.97 0.0
6.0 7.12 13.29 3.75 4.8 7.12 9.03 24.93 13.1 17.32 13.1 9.03 18.81 15.07 6.91 8.55 7.12 17.32 17.32 11.35 22.07 17.32 4.8 2.25 18.81 4.8 8.55 13.29 7.12 9.03 2.25 24.75 13.29 4.8 17.32 24.75 9.03 4.8 8.55 7.12 4.8 24.75 3.75 24.93 11.35 15.07 13.29 6.0 3.75 24.75 13.42 13.29 3.75 22.07 2.25 9.03 24.93 8.55 8.55 16.77 17.25 0.0 6.91 17.32 13.42 7.12 13.42 8.55 24.93 13.29 13.29 24.75 13.1 24.93 24.93 13.1 2.25 17.32 0.0 7.12 16.77 17.32 11.35 13.1 24.75 6.0 18.81 17.25 4.8 4.8 11.35 13.1 4.8 4.8 9.03 17.25 17.32 11.35 13.1 13.42 17.25
10.09 3.75 6.41 7.12 4.37 3.75 7.5 18.06 6.18 10.45 6.18 7.5 12.0 8.25 0.0 3.75 3.75 10.45 10.45 4.5 15.17 10.45 4.37 7.72 12.0 4.37 3.75 6.41 3.75 7.5 7.72 18.06 6.41 4.37 10.45 18.06 7.5 4.37 3.75 3.75 4.37 18.06 7.12 18.06 4.5 8.25 6.41 10.09 7.12 18.06 6.91 6.41 7.12 15.17 7.72 7.5 18.06 3.75 3.75 9.86 10.61 6.91 0.0 10.45 6.91 3.75 6.91 3.75 18.06 6.41 6.41 18.06 6.18 18.06 18.06 6.18 7.72 10.45 6.91 3.75 9.86 10.45 4.5 6.18 18.06 10.09 12.0 10.61 4.37 4.37 4.5 6.18 4.37 4.37 7.5 10.61 10.45 4.5 6.18 6.91 10.61
19.97 12.3 4.04 16.57 13.58 12.3 14.89 8.55 4.37 0.0 4.37 14.89 4.37 4.04 10.45 9.75 12.3 0.0 0.0 6.45 5.46 0.0 13.58 18.12 4.37 13.58 9.75 4.04 12.3 14.89 18.12 9.78 4.04 13.58 0.0 9.78 14.89 13.58 9.75 12.3 13.58 9.78 16.57 8.55 6.45 4.04 4.04 19.97 16.57 9.78 4.56 4.04 16.57 5.46 18.12 14.89 8.55 9.75 9.75 2.25 5.3 17.32 10.45 0.0 4.56 12.3 4.56 9.75 8.55 4.04 4.04 9.78 4.37 8.55 8.55 4.37 18.12 0.0 17.32 12.3 2.25 0.0 6.45 4.37 9.78 19.97 4.37 5.3 13.58 13.58 6.45 4.37 13.58 13.58 14.89 5.3 0.0 6.45 4.37 4.56 5.3
16.97 9.78 2.37 12.21 9.28 9.78 13.1 13.1 3.09 4.56 3.09 13.1 8.11 5.41 6.91 5.3 9.78 4.56 4.56 4.56 10.01 4.56 9.28 14.56 8.11 9.28 5.3 2.37 9.78 13.1 14.56 14.09 2.37 9.28 4.56 14.09 13.1 9.28 5.3 9.78 9.28 14.09 12.21 13.1 4.56 5.41 2.37 16.97 12.21 14.09 0.0 2.37 12.21 10.01 14.56 13.1 13.1 5.3 5.3 5.41 7.97 13.42 6.91 4.56 0.0 9.78 0.0 5.3 13.1 2.37 2.37 14.09 3.09 13.1 13.1 3.09 14.56 4.56 13.42 9.78 5.41 4.56 4.56 3.09 14.09 16.97 8.11 7.97 9.28 9.28 4.56 3.09 9.28 9.28 13.1 7.97 4.56 4.56 3.09 0.0 7.97
7.72 0.0 8.49 9.03 7.08 0.0 3.75 18.75 7.97 12.3 7.97 3.75 12.57 9.06 3.75 7.5 0.0 12.3 12.3 5.86 16.16 12.3 7.08 6.75 12.57 7.08 7.5 8.49 0.0 3.75 6.75 18.14 8.49 7.08 12.3 18.14 3.75 7.08 7.5 0.0 7.08 18.14 9.03 18.75 5.86 9.06 8.49 7.72 9.03 18.14 9.78 8.49 9.03 16.16 6.75 3.75 18.75 7.5 7.5 11.07 10.74 7.12 3.75 12.3 9.78 0.0 9.78 7.5 18.75 8.49 8.49 18.14 7.97 18.75 18.75 7.97 6.75 12.3 7.12 0.0 11.07 12.3 5.86 7.97 18.14 7.72 12.57 10.74 7.08 7.08 5.86 7.97 7.08 7.08 3.75 10.74 12.3 5.86 7.97 9.78 10.74
16.97 9.78 2.37 12.21 9.28 9.78 13.1 13.1 3.09 4.56 3.09 13.1 8.11 5.41 6.91 5.3 9.78 4.56 4.56 4.56 10.01 4.56 9.28 14.56 8.11 9.28 5.3 2.37 9.78 13.1 14.56 14.09 2.37 9.28 4.56 14.09 13.1 9.28 5.3 9.78 9.28 14.09 12.21 13.1 4.56 5.41 2.37 16.97 12.21 14.09 0.0 2.37 12.21 10.01 14.56 13.1 13.1 5.3 5.3 5.41 7.97 13.42 6.91 4.56 0.0 9.78 0.0 5.3 13.1 2.37 2.37 14.09 3.09 13.1 13.1 3.09 14.56 4.56 13.42 9.78 5.41 4.56 4.56 3.09 14.09 16.97 8.11 7.97 9.28 9.28 4.56 3.09 9.28 9.28 13.1 7.97 4.56 4.56 3.09 0.0 7.97
13.12 7.5 6.18 6.91 4.04 7.5 11.25 18.14 6.41 9.75 6.41 11.25 12.57 9.06 3.75 0.0 7.5 9.75 9.75 5.86 15.07 9.75 4.04 10.09 12.57 4.04 0.0 6.18 7.5 11.25 10.09 18.75 6.18 4.04 9.75 18.75 11.25 4.04 0.0 7.5 4.04 18.75 6.91 18.14 5.86 9.06 6.18 13.12 6.91 18.75 5.3 6.18 6.91 15.07 10.09 11.25 18.14 0.0 0.0 10.01 11.74 8.55 3.75 9.75 5.3 7.5 5.3 0.0 18.14 6.18 6.18 18.75 6.41 18.14 18.14 6.41 10.09 9.75 8.55 7.5 10.01 9.75 5.86 6.41 18.75 13.12 12.57 11.74 4.04 4.04 5.86 6.41 4.04 4.04 11.25 11.74 9.75 5.86 6.41 5.3 11.74
26.34 18.75 12.02 24.76 21.76 18.75 20.12 0.0 12.0 8.55 12.0 20.12 6.18 9.86 18.06 18.14 18.75 8.55 8.55 13.58 3.09 8.55 21.76 25.3 6.18 21.76 18.14 12.02 18.75 20.12 25.3 3.0 12.02 21.76 8.55 3.0 20.12 21.76 18.14 18.75 21.76 3.0 24.76 0.0 13.58 9.86 12.02 26.34 24.76 3.0 13.1 12.02 24.76 3.09 25.3 20.12 0.0 18.14 18.14 8.25 8.08 24.93 18.06 8.55 13.1 18.75 13.1 18.14 0.0 12.02 12.02 3.0 12.0 0.0 0.0 12.0 25.3 8.55 24.93 18.75 8.25 8.55 13.58 12.0 3.0 26.34 6.18 8.08 21.76 21.76 13.58 12.0 21.76 21.76 20.12 8.08 8.55 13.58 12.0 13.1 8.08
16.05 8.49 0.0 12.75 9.75 8.49 11.45 12.02 0.75 4.04 0.75 11.45 6.41 3.18 6.41 6.18 8.49 4.04 4.04 2.7 9.0 4.04 9.75 14.09 6.41 9.75 6.18 0.0 8.49 11.45 14.09 12.57 0.0 9.75 4.04 12.57 11.45 9.75 6.18 8.49 9.75 12.57 12.75 12.02 2.7 3.18 0.0 16.05 12.75 12.57 2.37 0.0 12.75 9.0 14.09 11.45 12.02 6.18 6.18 3.82 5.86 13.29 6.41 4.04 2.37 8.49 2.37 6.18 12.02 0.0 0.0 12.57 0.75 12.02 12.02 0.75 14.09 4.04 13.29 8.49 3.82 4.04 2.7 0.75 12.57 16.05 6.41 5.86 9.75 9.75 2.7 0.75 9.75 9.75 11.45 5.86 4.04 2.7 0.75 2.37 5.86
16.05 8.49 0.0 12.75 9.75 8.49 11.45 12.02 0.75 4.04 0.75 11.45 6.41 3.18 6.41 6.18 8.49 4.04 4.04 2.7 9.0 4.04 9.75 14.09 6.41 9.75 6.18 0.0 8.49 11.45 14.09 12.57 0.0 9.75 4.04 12.57 11.45 9.75 6.18 8.49 9.75 12.57 12.75 12.02 2.7 3.18 0.0 16.05 12.75 12.57 2.37 0.0 12.75 9.0 14.09 11.45 12.02 6.18 6.18 3.82 5.86 13.29 6.41 4.04 2.37 8.49 2.37 6.18 12.02 0.0 0.0 12.57 0.75 12.02 12.02 0.75 14.09 4.04 13.29 8.49 3.82 4.04 2.7 0.75 12.57 16.05 6.41 5.86 9.75 9.75 2.7 0.75 9.75 9.75 11.45 5.86 4.04 2.7 0.75 2.37 5.86
25.47 18.14 12.57 25.03 22.07 18.14 18.97 3.0 12.37 9.78 12.37 18.97 6.18 9.86 18.06 18.75 18.14 9.78 9.78 13.58 4.8 9.78 22.07 24.85 6.18 22.07 18.75 12.57 18.14 18.97 24.85 0.0 12.57 22.07 9.78 0.0 18.97 22.07 18.75 18.14 22.07 0.0 25.03 3.0 13.58 9.86 12.57 25.47 25.03 0.0 14.09 12.57 25.03 4.8 24.85 18.97 3.0 18.75 18.75 8.78 7.5 24.75 18.06 9.78 14.09 18.14 14.09 18.75 3.0 12.57 12.57 0.0 12.37 3.0 3.0 12.37 24.85 9.78 24.75 18.14 8.78 9.78 13.58 12.37 0.0 25.47 6.18 7.5 22.07 22.07 13.58 12.37 22.07 22.07 18.97 7.5 9.78 13.58 12.37 14.09 7.5
15.61 7.97 0.75 12.77 9.78 7.97 10.82 12.0 0.0 4.37 0.0 10.82 6.18 2.7 6.18 6.41 7.97 4.37 4.37 2.12 9.03 4.37 9.78 13.79 6.18 9.78 6.41 0.75 7.97 10.82 13.79 12.37 0.75 9.78 4.37 12.37 10.82 9.78 6.41 7.97 9.78 12.37 12.77 12.0 2.12 2.7 0.75 15.61 12.77 12.37 3.09 0.75 12.77 9.03 13.79 10.82 12.0 6.41 6.41 3.75 5.41 13.1 6.18 4.37 3.09 7.97 3.09 6.41 12.0 0.75 0.75 12.37 0.0 12.0 12.0 0.0 13.79 4.37 13.1 7.97 3.75 4.37 2.12 0.0 12.37 15.61 6.18 5.41 9.78 9.78 2.12 0.0 9.78 9.78 10.82 5.41 4.37 2.12 0.0 3.09 5.41
26.34 18.75 12.02 24.76 21.76 18.75 20.12 0.0 12.0 8.55 12.0 20.12 6.18 9.86 18.06 18.14 18.75 8.55 8.55 13.58 3.09 8.55 21.76 25.3 6.18 21.76 18.14 12.02 18.75 20.12 25.3 3.0 12.02 21.76 8.55 3.0 20.12 21.76 18.14 18.75 21.76 3.0 24.76 0.0 13.58 9.86 12.02 26.34 24.76 3.0 13.1 12.02 24.76 3.09 25.3 20.12 0.0 18.14 18.14 8.25 8.08 24.93 18.06 8.55 13.1 18.75 13.1 18.14 0.0 12.02 12.02 3.0 12.0 0.0 0.0 12.0 25.3 8.55 24.93 18.75 8.25 8.55 13.58 12.0 3.0 26.34 6.18 8.08 21.76 21.76 13.58 12.0 21.76 21.76 20.12 8.08 8.55 13.58 12.0 13.1 8.08
26.34 18.75 12.02 24.76 21.76 18.75 20.12 0.0 12.0 8.55 12.0 20.12 6.18 9.86 18.06 18.14 18.75 8.55 8.55 13.58 3.09 8.55 21.76 25.3 6.18 21.76 18.14 12.02 18.75 20.12 25.3 3.0 12.02 21.76 8.55 3.0 20.12 21.76 18.14 18.75 21.76 3.0 24.76 0.0 13.58 9.86 12.02 26.34 24.76 3.0 13.1 12.02 24.76 3.09 25.3 20.12 0.0 18.14 18.14 8.25 8.08 24.93 18.06 8.55 13.1 18.75 13.1 18.14 0.0 12.02 12.02 3.0 12.0 0.0 0.0 12.0 25.3 8.55 24.93 18.75 8.25 8.55 13.58 12.0 3.0 26.34 6.18 8.08 21.76 21.76 13.58 12.0 21.76 21.76 20.12 8.08 8.55 13.58 12.0 13.1 8.08
15.61 7.97 0.75 12.77 9.78 7.97 10.82 12.0 0.0 4.37 0.0 10.82 6.18 2.7 6.18 6.41 7.97 4.37 4.37 2.12 9.03 4.37 9.78 13.79 6.18 9.78 6.41 0.75 7.97 10.82 13.79 12.37 0.75 9.78 4.37 12.37 10.82 9.78 6.41 7.97 9.78 12.37 12.77 12.0 2.12 2.7 0.75 15.61 12.77 12.37 3.09 0.75 12.77 9.03 13.79 10.82 12.0 6.41 6.41 3.75 5.41 13.1 6.18 4.37 3.09 7.97 3.09 6.41 12.0 0.75 0.75 12.37 0.0 12.0 12.0 0.0 13.79 4.37 13.1 7.97 3.75 4.37 2.12 0.0 12.37 15.61 6.18 5.41 9.78 9.78 2.12 0.0 9.78 9.78 10.82 5.41 4.37 2.12 0.0 3.09 5.41
3.75 6.75 14.09 6.0 6.71 6.75 7.72 25.3 13.79 18.12 13.79 7.72 19.12 15.46 7.72 10.09 6.75 18.12 18.12 11.86 22.56 18.12 6.71 0.0 19.12 6.71 10.09 14.09 6.75 7.72 0.0 24.85 14.09 6.71 18.12 24.85 7.72 6.71 10.09 6.75 6.71 24.85 6.0 25.3 11.86 15.46 14.09 3.75 6.0 24.85 14.56 14.09 6.0 22.56 0.0 7.72 25.3 10.09 10.09 17.32 17.4 2.25 7.72 18.12 14.56 6.75 14.56 10.09 25.3 14.09 14.09 24.85 13.79 25.3 25.3 13.79 0.0 18.12 2.25 6.75 17.32 18.12 11.86 13.79 24.85 3.75 19.12 17.4 6.71 6.71 11.86 13.79 6.71 6.71 7.72 17.4 18.12 11.86 13.79 14.56 17.4
19.97 12.3 4.04 16.57 13.58 12.3 14.89 8.55 4.37 0.0 4.37 14.89 4.37 4.04 10.45 9.75 12.3 0.0 0.0 6.45 5.46 0.0 13.58 18.12 4.37 13.58 9.75 4.04 12.3 14.89 18.12 9.78 4.04 13.58 0.0 9.78 14.89 13.58 9.75 12.3 13.58 9.78 16.57 8.55 6.45 4.04 4.04 19.97 16.57 9.78 4.56 4.04 16.57 5.46 18.12 14.89 8.55 9.75 9.75 2.25 5.3 17.32 10.45 0.0 4.56 12.3 4.56 9.75 8.55 4.04 4.04 9.78 4.37 8.55 8.55 4.37 18.12 0.0 17.32 12.3 2.25 0.0 6.45 4.37 9.78 19.97 4.37 5.3 13.58 13.58 6.45 4.37 13.58 13.58 14.89 5.3 0.0 6.45 4.37 4.56 5.3
6.0 7.12 13.29 3.75 4.8 7.12 9.03 24.93 13.1 17.32 13.1 9.03 18.81 15.07 6.91 8.55 7.12 17.32 17.32 11.35 22.07 17.32 4.8 2.25 18.81 4.8 8.55 13.29 7.12 9.03 2.25 24.75 13.29 4.8 17.32 24.75 9.03 4.8 8.55 7.12 4.8 24.75 3.75 24.93 11.35 15.07 13.29 6.0 3.75 24.75 13.42 13.29 3.75 22.07 2.25 9.03 24.93 8.55 8.55 16.77 17.25 0.0 6.91 17.32 13.42 7.12 13.42 8.55 24.93 13.29 13.29 24.75 13.1 24.93 24.93 13.1 2.25 17.32 0.0 7.12 16.77 17.32 11.35 13.1 24.75 6.0 18.81 17.25 4.8 4.8 11.35 13.1 4.8 4.8 9.03 17.25 17.32 11.35 13.1 13.42 17.25
7.72 0.0 8.49 9.03 7.08 0.0 3.75 18.75 7.97 12.3 7.97 3.75 12.57 9.06 3.75 7.5 0.0 12.3 12.3 5.86 16.16 12.3 7.08 6.75 12.57 7.08 7.5 8.49 0.0 3.75 6.75 18.14 8.49 7.08 12.3 18.14 3.75 7.08 7.5 0.0 7.08 18.14 9.03 18.75 5.86 9.06 8.49 7.72 9.03 18.14 9.78 8.49 9.03 16.16 6.75 3.75 18.75 7.5 7.5 11.07 10.74 7.12 3.75 12.3 9.78 0.0 9.78 7.5 18.75 8.49 8.49 18.14 7.97 18.75 18.75 7.97 6.75 12.3 7.12 0.0 11.07 12.3 5.86 7.97 18.14 7.72 12.57 10.74 7.08 7.08 5.86 7.97 7.08 7.08 3.75 10.74 12.3 5.86 7.97 9.78 10.74
18.79 11.07 3.82 16.52 13.52 11.07 13.27 8.25 3.75 2.25 3.75 13.27 2.7 2.12 9.86 10.01 11.07 2.25 2.25 5.46 5.3 2.25 13.52 17.32 2.7 13.52 10.01 3.82 11.07 13.27 17.32 8.78 3.82 13.52 2.25 8.78 13.27 13.52 10.01 11.07 13.52 8.78 16.52 8.25 5.46 2.12 3.82 18.79 16.52 8.78 5.41 3.82 16.52 5.3 17.32 13.27 8.25 10.01 10.01 0.0 3.09 16.77 9.86 2.25 5.41 11.07 5.41 10.01 8.25 3.82 3.82 8.78 3.75 8.25 8.25 3.75 17.32 2.25 16.77 11.07 0.0 2.25 5.46 3.75 8.78 18.79 2.7 3.09 13.52 13.52 5.46 3.75 13.52 13.52 13.27 3.09 2.25 5.46 3.75 5.41 3.09
19.97 12.3 4.04 16.57 13.58 12.3 14.89 8.55 4.37 0.0 4.37 14.89 4.37 4.04 10.45 9.75 12.3 0.0 0.0 6.45 5.46 0.0 13.58 18.12 4.37 13.58 9.75 4.04 12.3 14.89 18.12 9.78 4.04 13.58 0.0 9.78 14.89 13.58 9.75 12.3 13.58 9.78 16.57 8.55 6.45 4.04 4.04 19.97 16.57 9.78 4.56 4.04 16.57 5.46 18.12 14.89 8.55 9.75 9.75 2.25 5.3 17.32 10.45 0.0 4.56 12.3 4.56 9.75 8.55 4.04 4.04 9.78 4.37 8.55 8.55 4.37 18.12 0.0 17.32 12.3 2.25 0.0 6.45 4.37 9.78 19.97 4.37 5.3 13.58 13.58 6.45 4.37 13.58 13.58 14.89 5.3 0.0 6.45 4.37 4.56 5.3
13.52 5.86 2.7 11.47 8.55 5.86 8.75 13.58 2.12 6.45 2.12 8.75 7.5 3.75 4.5 5.86 5.86 6.45 6.45 0.0 10.74 6.45 8.55 11.86 7.5 8.55 5.86 2.7 5.86 8.75 11.86 13.58 2.7 8.55 6.45 13.58 8.75 8.55 5.86 5.86 8.55 13.58 11.47 13.58 0.0 3.75 2.7 13.52 11.47 13.58 4.56 2.7 11.47 10.74 11.86 8.75 13.58 5.86 5.86 5.46 6.18 11.35 4.5 6.45 4.56 5.86 4.56 5.86 13.58 2.7 2.7 13.58 2.12 13.58 13.58 2.12 11.86 6.45 11.35 5.86 5.46 6.45 0.0 2.12 13.58 13.52 7.5 6.18 8.55 8.55 0.0 2.12 8.55 8.55 8.75 6.18 6.45 0.0 2.12 4.56 6.18
15.61 7.97 0.75 12.77 9.78 7.97 10.82 12.0 0.0 4.37 0.0 10.82 6.18 2.7 6.18 6.41 7.97 4.37 4.37 2.12 9.03 4.37 9.78 13.79 6.18 9.78 6.41 0.75 7.97 10.82 13.79 12.37 0.75 9.78 4.37 12.37 10.82 9.78 6.41 7.97 9.78 12.37 12.77 12.0 2.12 2.7 0.75 15.61 12.77 12.37 3.09 0.75 12.77 9.03 13.79 10.82 12.0 6.41 6.41 3.75 5.41 13.1 6.18 4.37 3.09 7.97 3.09 6.41 12.0 0.75 0.75 12.37 0.0 12.0 12.0 0.0 13.79 4.37 13.1 7.97 3.75 4.37 2.12 0.0 12.37 15.61 6.18 5.41 9.78 9.78 2.12 0.0 9.78 9.78 10.82 5.41 4.37 2.12 0.0 3.09 5.41
25.47 18.14 12.57 25.03 22.07 18.14 18.97 3.0 12.37 9.78 12.37 18.97 6.18 9.86 18.06 18.75 18.14 9.78 9.78 13.58 4.8 9.78 22.07 24.85 6.18 22.07 18.75 12.57 18.14 18.97 24.85 0.0 12.57 22.07 9.78 0.0 18.97 22.07 18.75 18.14 22.07 0.0 25.03 3.0 13.58 9.86 12.57 25.47 25.03 0.0 14.09 12.57 25.03 4.8 24.85 18.97 3.0 18.75 18.75 8.78 7.5 24.75 18.06 9.78 14.09 18.14 14.09 18.75 3.0 12.57 12.57 0.0 12.37 3.0 3.0 12.37 24.85 9.78 24.75 18.14 8.78 9.78 13.58 12.37 0.0 25.47 6.18 7.5 22.07 22.07 13.58 12.37 22.07 22.07 18.97 7.5 9.78 13.58 12.37 14.09 7.5
0.0 7.72 16.05 9.75 10.2 7.72 6.75 26.34 15.61 19.97 15.61 6.75 20.19 16.77 10.09 13.12 7.72 19.97 19.97 13.52 23.84 19.97 10.2 3.75 20.19 10.2 13.12 16.05 7.72 6.75 3.75 25.47 16.05 10.2 19.97 25.47 6.75 10.2 13.12 7.72 10.2 25.47 9.75 26.34 13.52 16.77 16.05 0.0 9.75 25.47 16.97 16.05 9.75 23.84 3.75 6.75 26.34 13.12 13.12 18.79 18.26 6.0 10.09 19.97 16.97 7.72 16.97 13.12 26.34 16.05 16.05 25.47 15.61 26.34 26.34 15.61 3.75 19.97 6.0 7.72 18.79 19.97 13.52 15.61 25.47 0.0 20.19 18.26 10.2 10.2 13.52 15.61 10.2 10.2 6.75 18.26 19.97 13.52 15.61 16.97 18.26
20.19 12.57 6.41 18.88 15.91 12.57 14.15 6.18 6.18 4.37 6.18 14.15 0.0 3.75 12.0 12.57 12.57 4.37 4.37 7.5 3.75 4.37 15.91 19.12 0.0 15.91 12.57 6.41 12.57 14.15 19.12 6.18 6.41 15.91 4.37 6.18 14.15 15.91 12.57 12.57 15.91 6.18 18.88 6.18 7.5 3.75 6.41 20.19 18.88 6.18 8.11 6.41 18.88 3.75 19.12 14.15 6.18 12.57 12.57 2.7 2.12 18.81 12.0 4.37 8.11 12.57 8.11 12.57 6.18 6.41 6.41 6.18 6.18 6.18 6.18 6.18 19.12 4.37 18.81 12.57 2.7 4.37 7.5 6.18 6.18 20.19 0.0 2.12 15.91 15.91 7.5 6.18 15.91 15.91 14.15 2.12 4.37 7.5 6.18 8.11 2.12
18.26 10.74 5.86 17.65 14.74 10.74 12.09 8.08 5.41 5.3 5.41 12.09 2.12 2.7 10.61 11.74 10.74 5.3 5.3 6.18 5.86 5.3 14.74 17.4 2.12 14.74 11.74 5.86 10.74 12.09 17.4 7.5 5.86 14.74 5.3 7.5 12.09 14.74 11.74 10.74 14.74 7.5 17.65 8.08 6.18 2.7 5.86 18.26 17.65 7.5 7.97 5.86 17.65 5.86 17.4 12.09 8.08 11.74 11.74 3.09 0.0 17.25 10.61 5.3 7.97 10.74 7.97 11.74 8.08 5.86 5.86 7.5 5.41 8.08 8.08 5.41 17.4 5.3 17.25 10.74 3.09 5.3 6.18 5.41 7.5 18.26 2.12 0.0 14.74 14.74 6.18 5.41 14.74 14.74 12.09 0.0 5.3 6.18 5.41 7.97 0.0
10.2 7.08 9.75 3.0 0.0 7.08 10.45 21.76 9.78 13.58 9.78 10.45 15.91 12.21 4.37 4.04 7.08 13.58 13.58 8.55 18.75 13.58 0.0 6.71 15.91 0.0 4.04 9.75 7.08 10.45 6.71 22.07 9.75 0.0 13.58 22.07 10.45 0.0 4.04 7.08 0.0 22.07 3.0 21.76 8.55 12.21 9.75 10.2 3.0 22.07 9.28 9.75 3.0 18.75 6.71 10.45 21.76 4.04 4.04 13.52 14.74 4.8 4.37 13.58 9.28 7.08 9.28 4.04 21.76 9.75 9.75 22.07 9.78 21.76 21.76 9.78 6.71 13.58 4.8 7.08 13.52 13.58 8.55 9.78 22.07 10.2 15.91 14.74 0.0 0.0 8.55 9.78 0.0 0.0 10.45 14.74 13.58 8.55 9.78 9.28 14.74
10.2 7.08 9.75 3.0 0.0 7.08 10.45 21.76 9.78 13.58 9.78 10.45 15.91 12.21 4.37 4.04 7.08 13.58 13.58 8.55 18.75 13.58 0.0 6.71 15.91 0.0 4.04 9.75 7.08 10.45 6.71 22.07 9.75 0.0 13.58 22.07 10.45 0.0 4.04 7.08 0.0 22.07 3.0 21.76 8.55 12.21 9.75 10.2 3.0 22.07 9.28 9.75 3.0 18.75 6.71 10.45 21.76 4.04 4.04 13.52 14.74 4.8 4.37 13.58 9.28 7.08 9.28 4.04 21.76 9.75 9.75 22.07 9.78 21.76 21.76 9.78 6.71 13.58 4.8 7.08 13.52 13.58 8.55 9.78 22.07 10.2 15.91 14.74 0.0 0.0 8.55 9.78 0.0 0.0 10.45 14.74 13.58 8.55 9.78 9.28 14.74
13.52 5.86 2.7 11.47 8.55 5.86 8.75 13.58 2.12 6.45 2.12 8.75 7.5 3.75 4.5 5.86 5.86 6.45 6.45 0.0 10.74 6.45 8.55 11.86 7.5 8.55 5.86 2.7 5.86 8.75 11.86 13.58 2.7 8.55 6.45 13.58 8.75 8.55 5.86 5.86 8.55 13.58 11.47 13.58 0.0 3.75 2.7 13.52 11.47 13.58 4.56 2.7 11.47 10.74 11.86 8.75 13.58 5.86 5.86 5.46 6.18 11.35 4.5 6.45 4.56 5.86 4.56 5.86 13.58 2.7 2.7 13.58 2.12 13.58 13.58 2.12 11.86 6.45 11.35 5.86 5.46 6.45 0.0 2.12 13.58 13.52 7.5 6.18 8.55 8.55 0.0 2.12 8.55 8.55 8.75 6.18 6.45 0.0 2.12 4.56 6.18
15.61 7.97 0.75 12.77 9.78 7.97 10.82 12.0 0.0 4.37 0.0 10.82 6.18 2.7 6.18 6.41 7.97 4.37 4.37 2.12 9.03 4.37 9.78 13.79 6.18 9.78 6.41 0.75 7.97 10.82 13.79 12.37 0.75 9.78 4.37 12.37 10.82 9.78 6.41 7.97 9.78 12.37 12.77 12.0 2.12 2.7 0.75 15.61 12.77 12.37 3.09 0.75 12.77 9.03 13.79 10.82 12.0 6.41 6.41 3.75 5.41 13.1 6.18 4.37 3.09 7.97 3.09 6.41 12.0 0.75 0.75 12.37 0.0 12.0 12.0 0.0 13.79 4.37 13.1 7.97 3.75 4.37 2.12 0.0 12.37 15.61 6.18 5.41 9.78 9.78 2.12 0.0 9.78 9.78 10.82 5.41 4.37 2.12 0.0 3.09 5.41
10.2 7.08 9.75 3.0 0.0 7.08 10.45 21.76 9.78 13.58 9.78 10.45 15.91 12.21 4.37 4.04 7.08 13.58 13.58 8.55 18.75 13.58 0.0 6.71 15.91 0.0 4.04 9.75 7.08 10.45 6.71 22.07 9.75 0.0 13.58 22.07 10.45 0.0 4.04 7.08 0.0 22.07 3.0 21.76 8.55 12.21 9.75 10.2 3.0 22.07 9.28 9.75 3.0 18.75 6.71 10.45 21.76 4.04 4.04 13.52 14.74 4.8 4.37 13.58 9.28 7.08 9.28 4.04 21.76 9.75 9.75 22.07 9.78 21.76 21.76 9.78 6.71 13.58 4.8 7.08 13.52 13.58 8.55 9.78 22.07 10.2 15.91 14.74 0.0 0.0 8.55 9.78 0.0 0.0 10.45 14.74 13.58 8.55 9.78 9.28 14.74
10.2 7.08 9.75 3.0 0.0 7.08 10.45 21.76 9.78 13.58 9.78 10.45 15.91 12.21 4.37 4.04 7.08 13.58 13.58 8.55 18.75 13.58 0.0 6.71 15.91 0.0 4.04 9.75 7.08 10.45 6.71 22.07 9.75 0.0 13.58 22.07 10.45 0.0 4.04 7.08 0.0 22.07 3.0 21.76 8.55 12.21 9.75 10.2 3.0 22.07 9.28 9.75 3.0 18.75 6.71 10.45 21.76 4.04 4.04 13.52 14.74 4.8 4.37 13.58 9.28 7.08 9.28 4.04 21.76 9.75 9.75 22.07 9.78 21.76 21.76 9.78 6.71 13.58 4.8 7.08 13.52 13.58 8.55 9.78 22.07 10.2 15.91 14.74 0.0 0.0 8.55 9.78 0.0 0.0 10.45 14.74 13.58 8.55 9.78 9.28 14.74
6.75 3.75 11.45 11.86 10.45 3.75 0.0 20.12 10.82 14.89 10.82 0.0 14.15 11.15 7.5 11.25 3.75 14.89 14.89 8.75 17.89 14.89 10.45 7.72 14.15 10.45 11.25 11.45 3.75 0.0 7.72 18.97 11.45 10.45 14.89 18.97 0.0 10.45 11.25 3.75 10.45 18.97 11.86 20.12 8.75 11.15 11.45 6.75 11.86 18.97 13.1 11.45 11.86 17.89 7.72 0.0 20.12 11.25 11.25 13.27 12.09 9.03 7.5 14.89 13.1 3.75 13.1 11.25 20.12 11.45 11.45 18.97 10.82 20.12 20.12 10.82 7.72 14.89 9.03 3.75 13.27 14.89 8.75 10.82 18.97 6.75 14.15 12.09 10.45 10.45 8.75 10.82 10.45 10.45 0.0 12.09 14.89 8.75 10.82 13.1 12.09
18.26 10.74 5.86 17.65 14.74 10.74 12.09 8.08 5.41 5.3 5.41 12.09 2.12 2.7 10.61 11.74 10.74 5.3 5.3 6.18 5.86 5.3 14.74 17.4 2.12 14.74 11.74 5.86 10.74 12.09 17.4 7.5 5.86 14.74 5.3 7.5 12.09 14.74 11.74 10.74 14.74 7.5 17.65 8.08 6.18 2.7 5.86 18.26 17.65 7.5 7.97 5.86 17.65 5.86 17.4 12.09 8.08 11.74 11.74 3.09 0.0 17.25 10.61 5.3 7.97 10.74 7.97 11.74 8.08 5.86 5.86 7.5 5.41 8.08 8.08 5.41 17.4 5.3 17.25 10.74 3.09 5.3 6.18 5.41 7.5 18.26 2.12 0.0 14.74 14.74 6.18 5.41 14.74 14.74 12.09 0.0 5.3 6.18 5.41 7.97 0.0
19.97 12.3 4.04 16.57 13.58 12.3 14.89 8.55 4.37 0.0 4.37 14.89 4.37 4.04 10.45 9.75 12.3 0.0 0.0 6.45 5.46 0.0 13.58 18.12 4.37 13.58 9.75 4.04 12.3 14.89 18.12 9.78 4.04 13.58 0.0 9.78 14.89 13.58 9.75 12.3 13.58 9.78 16.57 8.55 6.45 4.04 4.04 19.97 16.57 9.78 4.56 4.04 16.57 5.46 18.12 14.89 8.55 9.75 9.75 2.25 5.3 17.32 10.45 0.0 4.56 12.3 4.56 9.75 8.55 4.04 4.04 9.78 4.37 8.55 8.55 4.37 18.12 0.0 17.32 12.3 2.25 0.0 6.45 4.37 9.78 19.97 4.37 5.3 13.58 13.58 6.45 4.37 13.58 13.58 14.89 5.3 0.0 6.45 4.37 4.56 5.3
13.52 5.86 2.7 11.47 8.55 5.86 8.75 13.58 2.12 6.45 2.12 8.75 7.5 3.75 4.5 5.86 5.86 6.45 6.45 0.0 10.74 6.45 8.55 11.86 7.5 8.55 5.86 2.7 5.86 8.75 11.86 13.58 2.7 8.55 6.45 13.58 8.75 8.55 5.86 5.86 8.55 13.58 11.47 13.58 0.0 3.75 2.7 13.52 11.47 13.58 4.56 2.7 11.47 10.74 11.86 8.75 13.58 5.86 5.86 5.46 6.18 11.35 4.5 6.45 4.56 5.86 4.56 5.86 13.58 2.7 2.7 13.58 2.12 13.58 13.58 2.12 11.86 6.45 11.35 5.86 5.46 6.45 0.0 2.12 13.58 13.52 7.5 6.18 8.55 8.55 0.0 2.12 8.55 8.55 8.75 6.18 6.45 0.0 2.12 4.56 6.18
15.61 7.97 0.75 12.77 9.78 7.97 10.82 12.0 0.0 4.37 0.0 10.82 6.18 2.7 6.18 6.41 7.97 4.37 4.37 2.12 9.03 4.37 9.78 13.79 6.18 9.78 6.41 0.75 7.97 10.82 13.79 12.37 0.75 9.78 4.37 12.37 10.82 9.78 6.41 7.97 9.78 12.37 12.77 12.0 2.12 2.7 0.75 15.61 12.77 12.37 3.09 0.75 12.77 9.03 13.79 10.82 12.0 6.41 6.41 3.75 5.41 13.1 6.18 4.37 3.09 7.97 3.09 6.41 12.0 0.75 0.75 12.37 0.0 12.0 12.0 0.0 13.79 4.37 13.1 7.97 3.75 4.37 2.12 0.0 12.37 15.61 6.18 5.41 9.78 9.78 2.12 0.0 9.78 9.78 10.82 5.41 4.37 2.12 0.0 3.09 5.41
16.97 9.78 2.37 12.21 9.28 9.78 13.1 13.1 3.09 4.56 3.09 13.1 8.11 5.41 6.91 5.3 9.78 4.56 4.56 4.56 10.01 4.56 9.28 14.56 8.11 9.28 5.3 2.37 9.78 13.1 14.56 14.09 2.37 9.28 4.56 14.09 13.1 9.28 5.3 9.78 9.28 14.09 12.21 13.1 4.56 5.41 2.37 16.97 12.21 14.09 0.0 2.37 12.21 10.01 14.56 13.1 13.1 5.3 5.3 5.41 7.97 13.42 6.91 4.56 0.0 9.78 0.0 5.3 13.1 2.37 2.37 14.09 3.09 13.1 13.1 3.09 14.56 4.56 13.42 9.78 5.41 4.56 4.56 3.09 14.09 16.97 8.11 7.97 9.28 9.28 4.56 3.09 9.28 9.28 13.1 7.97 4.56 4.56 3.09 0.0 7.97
18.26 10.74 5.86 17.65 14.74 10.74 12.09 8.08 5.41 5.3 5.41 12.09 2.12 2.7 10.61 11.74 10.74 5.3 5.3 6.18 5.86 5.3 14.74 17.4 2.12 14.74 11.74 5.86 10.74 12.09 17.4 7.5 5.86 14.74 5.3 7.5 12.09 14.74 11.74 10.74 14.74 7.5 17.65 8.08 6.18 2.7 5.86 18.26 17.65 7.5 7.97 5.86 17.65 5.86 17.4 12.09 8.08 11.74 11.74 3.09 0.0 17.25 10.61 5.3 7.97 10.74 7.97 11.74 8.08 5.86 5.86 7.5 5.41 8.08 8.08 5.41 17.4 5.3 17.25 10.74 3.09 5.3 6.18 5.41 7.5 18.26 2.12 0.0 14.74 14.74 6.18 5.41 14.74 14.74 12.09 0.0 5.3 6.18 5.41 7.97 0.0
