0.0 18.79 18.26 10.2 16.05 0.0 13.12 18.26 23.84 20.19 10.2 13.52 7.72 26.34 16.77 18.26 6.75 23.84 0.0 13.52 19.97 3.75 6.0 13.12 23.84 7.72 9.75 0.0 13.52 10.2 25.47 26.34 9.75 6.75 15.61 10.09 15.61 23.84 10.09 16.97 0.0 10.09 18.79 10.09 7.72 6.0 9.75 0.0 10.2 19.97 6.0 16.05 16.05 16.05 9.75 20.19 3.75 16.05 10.2 6.75 16.05 6.0 13.12 18.26 16.97 6.75 19.97 18.26 15.61 6.75 16.97 7.72 3.75 16.97 19.97 13.52 6.0 7.72 10.2 3.75 26.34
18.79 0.0 3.09 13.52 3.82 18.79 10.01 3.09 5.3 2.7 13.52 5.46 11.07 8.25 2.12 3.09 13.27 5.3 18.79 5.46 2.25 17.32 16.77 10.01 5.3 11.07 16.52 18.79 5.46 13.52 8.78 8.25 16.52 13.27 3.75 9.86 3.75 5.3 9.86 5.41 18.79 9.86 0.0 9.86 11.07 16.77 16.52 18.79 13.52 2.25 16.77 3.82 3.82 3.82 16.52 2.7 17.32 3.82 13.52 13.27 3.82 16.77 10.01 3.09 5.41 13.27 2.25 3.09 3.75 13.27 5.41 11.07 17.32 5.41 2.25 5.46 16.77 11.07 13.52 17.32 8.25
18.26 3.09 0.0 14.74 5.86 18.26 11.74 0.0 5.86 2.12 14.74 6.18 10.74 8.08 2.7 0.0 12.09 5.86 18.26 6.18 5.3 17.4 17.25 11.74 5.86 10.74 17.65 18.26 6.18 14.74 7.5 8.08 17.65 12.09 5.41 10.61 5.41 5.86 10.61 7.97 18.26 10.61 3.09 10.61 10.74 17.25 17.65 18.26 14.74 5.3 17.25 5.86 5.86 5.86 17.65 2.12 17.4 5.86 14.74 12.09 5.86 17.25 11.74 0.0 7.97 12.09 5.3 0.0 5.41 12.09 7.97 10.74 17.4 7.97 5.3 6.18 17.25 10.74 14.74 17.4 8.08
10.2 13.52 14.74 0.0 9.75 10.2 4.04 14.74 18.75 15.91 0.0 8.55 7.08 21.76 12.21 14.74 10.45 18.75 10.2 8.55 13.58 6.71 4.8 4.04 18.75 7.08 3.0 10.2 8.55 0.0 22.07 21.76 3.0 10.45 9.78 4.37 9.78 18.75 4.37 9.28 10.2 4.37 13.52 4.37 7.08 4.8 3.0 10.2 0.0 13.58 4.8 9.75 9.75 9.75 3.0 15.91 6.71 9.75 0.0 10.45 9.75 4.8 4.04 14.74 9.28 10.45 13.58 14.74 9.78 10.45 9.28 7.08 6.71 9.28 13.58 8.55 4.8 7.08 0.0 6.71 21.76
16.05 3.82 5.86 9.75 0.0 16.05 6.18 5.86 9.0 6.41 9.75 2.7 8.49 12.02 3.18 5.86 11.45 9.0 16.05 2.7 4.04 14.09 13.29 6.18 9.0 8.49 12.75 16.05 2.7 9.75 12.57 12.02 12.75 11.45 0.75 6.41 0.75 9.0 6.41 2.37 16.05 6.41 3.82 6.41 8.49 13.29 12.75 16.05 9.75 4.04 13.29 0.0 0.0 0.0 12.75 6.41 14.09 0.0 9.75 11.45 0.0 13.29 6.18 5.86 2.37 11.45 4.04 5.86 0.75 11.45 2.37 8.49 14.09 2.37 4.04 2.7 13.29 8.49 9.75 14.09 12.02
0.0 18.79 18.26 10.2 16.05 0.0 13.12 18.26 23.84 20.19 10.2 13.52 7.72 26.34 16.77 18.26 6.75 23.84 0.0 13.52 19.97 3.75 6.0 13.12 23.84 7.72 9.75 0.0 13.52 10.2 25.47 26.34 9.75 6.75 15.61 10.09 15.61 23.84 10.09 16.97 0.0 10.09 18.79 10.09 7.72 6.0 9.75 0.0 10.2 19.97 6.0 16.05 16.05 16.05 9.75 20.19 3.75 16.05 10.2 6.75 16.05 6.0 13.12 18.26 16.97 6.75 19.97 18.26 15.61 6.75 16.97 7.72 3.75 16.97 19.97 13.52 6.0 7.72 10.2 3.75 26.34
13.12 10.01 11.74 4.04 6.18 13.12 0.0 11.74 15.07 12.57 4.04 5.86 7.5 18.14 9.06 11.74 11.25 15.07 13.12 5.86 9.75 10.09 8.55 0.0 15.07 7.5 6.91 13.12 5.86 4.04 18.75 18.14 6.91 11.25 6.41 3.75 6.41 15.07 3.75 5.3 13.12 3.75 10.01 3.75 7.5 8.55 6.91 13.12 4.04 9.75 8.55 6.18 6.18 6.18 6.91 12.57 10.09 6.18 4.04 11.25 6.18 8.55 0.0 11.74 5.3 11.25 9.75 11.74 6.41 11.25 5.3 7.5 10.09 5.3 9.75 5.86 8.55 7.5 4.04 10.09 18.14
18.26 3.09 0.0 14.74 5.86 18.26 11.74 0.0 5.86 2.12 14.74 6.18 10.74 8.08 2.7 0.0 12.09 5.86 18.26 6.18 5.3 17.4 17.25 11.74 5.86 10.74 17.65 18.26 6.18 14.74 7.5 8.08 17.65 12.09 5.41 10.61 5.41 5.86 10.61 7.97 18.26 10.61 3.09 10.61 10.74 17.25 17.65 18.26 14.74 5.3 17.25 5.86 5.86 5.86 17.65 2.12 17.4 5.86 14.74 12.09 5.86 17.25 11.74 0.0 7.97 12.09 5.3 0.0 5.41 12.09 7.97 10.74 17.4 7.97 5.3 6.18 17.25 10.74 14.74 17.4 8.08
23.84 5.3 5.86 18.75 9.0 23.84 15.07 5.86 0.0 3.75 18.75 10.74 16.16 3.09 7.12 5.86 17.89 0.0 23.84 10.74 5.46 22.56 22.07 15.07 0.0 16.16 21.75 23.84 10.74 18.75 4.8 3.09 21.75 17.89 9.03 15.17 9.03 0.0 15.17 10.01 23.84 15.17 5.3 15.17 16.16 22.07 21.75 23.84 18.75 5.46 22.07 9.0 9.0 9.0 21.75 3.75 22.56 9.0 18.75 17.89 9.0 22.07 15.07 5.86 10.01 17.89 5.46 5.86 9.03 17.89 10.01 16.16 22.56 10.01 5.46 10.74 22.07 16.16 18.75 22.56 3.09
20.19 2.7 2.12 15.91 6.41 20.19 12.57 2.12 3.75 0.0 15.91 7.5 12.57 6.18 3.75 2.12 14.15 3.75 20.19 7.5 4.37 19.12 18.81 12.57 3.75 12.57 18.88 20.19 7.5 15.91 6.18 6.18 18.88 14.15 6.18 12.0 6.18 3.75 12.0 8.11 20.19 12.0 2.7 12.0 12.57 18.81 18.88 20.19 15.91 4.37 18.81 6.41 6.41 6.41 18.88 0.0 19.12 6.41 15.91 14.15 6.41 18.81 12.57 2.12 8.11 14.15 4.37 2.12 6.18 14.15 8.11 12.57 19.12 8.11 4.37 7.5 18.81 12.57 15.91 19.12 6.18
10.2 13.52 14.74 0.0 9.75 10.2 4.04 14.74 18.75 15.91 0.0 8.55 7.08 21.76 12.21 14.74 10.45 18.75 10.2 8.55 13.58 6.71 4.8 4.04 18.75 7.08 3.0 10.2 8.55 0.0 22.07 21.76 3.0 10.45 9.78 4.37 9.78 18.75 4.37 9.28 10.2 4.37 13.52 4.37 7.08 4.8 3.0 10.2 0.0 13.58 4.8 9.75 9.75 9.75 3.0 15.91 6.71 9.75 0.0 10.45 9.75 4.8 4.04 14.74 9.28 10.45 13.58 14.74 9.78 10.45 9.28 7.08 6.71 9.28 13.58 8.55 4.8 7.08 0.0 6.71 21.76
13.52 5.46 6.18 8.55 2.7 13.52 5.86 6.18 10.74 7.5 8.55 0.0 5.86 13.58 3.75 6.18 8.75 10.74 13.52 0.0 6.45 11.86 11.35 5.86 10.74 5.86 11.47 13.52 0.0 8.55 13.58 13.58 11.47 8.75 2.12 4.5 2.12 10.74 4.5 4.56 13.52 4.5 5.46 4.5 5.86 11.35 11.47 13.52 8.55 6.45 11.35 2.7 2.7 2.7 11.47 7.5 11.86 2.7 8.55 8.75 2.7 11.35 5.86 6.18 4.56 8.75 6.45 6.18 2.12 8.75 4.56 5.86 11.86 4.56 6.45 0.0 11.35 5.86 8.55 11.86 13.58
7.72 11.07 10.74 7.08 8.49 7.72 7.5 10.74 16.16 12.57 7.08 5.86 0.0 18.75 9.06 10.74 3.75 16.16 7.72 5.86 12.3 6.75 7.12 7.5 16.16 0.0 9.03 7.72 5.86 7.08 18.14 18.75 9.03 3.75 7.97 3.75 7.97 16.16 3.75 9.78 7.72 3.75 11.07 3.75 0.0 7.12 9.03 7.72 7.08 12.3 7.12 8.49 8.49 8.49 9.03 12.57 6.75 8.49 7.08 3.75 8.49 7.12 7.5 10.74 9.78 3.75 12.3 10.74 7.97 3.75 9.78 0.0 6.75 9.78 12.3 5.86 7.12 0.0 7.08 6.75 18.75
26.34 8.25 8.08 21.76 12.02 26.34 18.14 8.08 3.09 6.18 21.76 13.58 18.75 0.0 9.86 8.08 20.12 3.09 26.34 13.58 8.55 25.3 24.93 18.14 3.09 18.75 24.76 26.34 13.58 21.76 3.0 0.0 24.76 20.12 12.0 18.06 12.0 3.09 18.06 13.1 26.34 18.06 8.25 18.06 18.75 24.93 24.76 26.34 21.76 8.55 24.93 12.02 12.02 12.02 24.76 6.18 25.3 12.02 21.76 20.12 12.02 24.93 18.14 8.08 13.1 20.12 8.55 8.08 12.0 20.12 13.1 18.75 25.3 13.1 8.55 13.58 24.93 18.75 21.76 25.3 0.0
16.77 2.12 2.7 12.21 3.18 16.77 9.06 2.7 7.12 3.75 12.21 3.75 9.06 9.86 0.0 2.7 11.15 7.12 16.77 3.75 4.04 15.46 15.07 9.06 7.12 9.06 15.17 16.77 3.75 12.21 9.86 9.86 15.17 11.15 2.7 8.25 2.7 7.12 8.25 5.41 16.77 8.25 2.12 8.25 9.06 15.07 15.17 16.77 12.21 4.04 15.07 3.18 3.18 3.18 15.17 3.75 15.46 3.18 12.21 11.15 3.18 15.07 9.06 2.7 5.41 11.15 4.04 2.7 2.7 11.15 5.41 9.06 15.46 5.41 4.04 3.75 15.07 9.06 12.21 15.46 9.86
18.26 3.09 0.0 14.74 5.86 18.26 11.74 0.0 5.86 2.12 14.74 6.18 10.74 8.08 2.7 0.0 12.09 5.86 18.26 6.18 5.3 17.4 17.25 11.74 5.86 10.74 17.65 18.26 6.18 14.74 7.5 8.08 17.65 12.09 5.41 10.61 5.41 5.86 10.61 7.97 18.26 10.61 3.09 10.61 10.74 17.25 17.65 18.26 14.74 5.3 17.25 5.86 5.86 5.86 17.65 2.12 17.4 5.86 14.74 12.09 5.86 17.25 11.74 0.0 7.97 12.09 5.3 0.0 5.41 12.09 7.97 10.74 17.4 7.97 5.3 6.18 17.25 10.74 14.74 17.4 8.08
6.75 13.27 12.09 10.45 11.45 6.75 11.25 12.09 17.89 14.15 10.45 8.75 3.75 20.12 11.15 12.09 0.0 17.89 6.75 8.75 14.89 7.72 9.03 11.25 17.89 3.75 11.86 6.75 8.75 10.45 18.97 20.12 11.86 0.0 10.82 7.5 10.82 17.89 7.5 13.1 6.75 7.5 13.27 7.5 3.75 9.03 11.86 6.75 10.45 14.89 9.03 11.45 11.45 11.45 11.86 14.15 7.72 11.45 10.45 0.0 11.45 9.03 11.25 12.09 13.1 0.0 14.89 12.09 10.82 0.0 13.1 3.75 7.72 13.1 14.89 8.75 9.03 3.75 10.45 7.72 20.12
23.84 5.3 5.86 18.75 9.0 23.84 15.07 5.86 0.0 3.75 18.75 10.74 16.16 3.09 7.12 5.86 17.89 0.0 23.84 10.74 5.46 22.56 22.07 15.07 0.0 16.16 21.75 23.84 10.74 18.75 4.8 3.09 21.75 17.89 9.03 15.17 9.03 0.0 15.17 10.01 23.84 15.17 5.3 15.17 16.16 22.07 21.75 23.84 18.75 5.46 22.07 9.0 9.0 9.0 21.75 3.75 22.56 9.0 18.75 17.89 9.0 22.07 15.07 5.86 10.01 17.89 5.46 5.86 9.03 17.89 10.01 16.16 22.56 10.01 5.46 10.74 22.07 16.16 18.75 22.56 3.09
0.0 18.79 18.26 10.2 16.05 0.0 13.12 18.26 23.84 20.19 10.2 13.52 7.72 26.34 16.77 18.26 6.75 23.84 0.0 13.52 19.97 3.75 6.0 13.12 23.84 7.72 9.75 0.0 13.52 10.2 25.47 26.34 9.75 6.75 15.61 10.09 15.61 23.84 10.09 16.97 0.0 10.09 18.79 10.09 7.72 6.0 9.75 0.0 10.2 19.97 6.0 16.05 16.05 16.05 9.75 20.19 3.75 16.05 10.2 6.75 16.05 6.0 13.12 18.26 16.97 6.75 19.97 18.26 15.61 6.75 16.97 7.72 3.75 16.97 19.97 13.52 6.0 7.72 10.2 3.75 26.34
13.52 5.46 6.18 8.55 2.7 13.52 5.86 6.18 10.74 7.5 8.55 0.0 5.86 13.58 3.75 6.18 8.75 10.74 13.52 0.0 6.45 11.86 11.35 5.86 10.74 5.86 11.47 13.52 0.0 8.55 13.58 13.58 11.47 8.75 2.12 4.5 2.12 10.74 4.5 4.56 13.52 4.5 5.46 4.5 5.86 11.35 11.47 13.52 8.55 6.45 11.35 2.7 2.7 2.7 11.47 7.5 11.86 2.7 8.55 8.75 2.7 11.35 5.86 6.18 4.56 8.75 6.45 6.18 2.12 8.75 4.56 5.86 11.86 4.56 6.45 0.0 11.35 5.86 8.55 11.86 13.58
19.97 2.25 5.3 13.58 4.04 19.97 9.75 5.3 5.46 4.37 13.58 6.45 12.3 8.55 4.04 5.3 14.89 5.46 19.97 6.45 0.0 18.12 17.32 9.75 5.46 12.3 16.57 19.97 6.45 13.58 9.78 8.55 16.57 14.89 4.37 10.45 4.37 5.46 10.45 4.56 19.97 10.45 2.25 10.45 12.3 17.32 16.57 19.97 13.58 0.0 17.32 4.04 4.04 4.04 16.57 4.37 18.12 4.04 13.58 14.89 4.04 17.32 9.75 5.3 4.56 14.89 0.0 5.3 4.37 14.89 4.56 12.3 18.12 4.56 0.0 6.45 17.32 12.3 13.58 18.12 8.55
3.75 17.32 17.4 6.71 14.09 3.75 10.09 17.4 22.56 19.12 6.71 11.86 6.75 25.3 15.46 17.4 7.72 22.56 3.75 11.86 18.12 0.0 2.25 10.09 22.56 6.75 6.0 3.75 11.86 6.71 24.85 25.3 6.0 7.72 13.79 7.72 13.79 22.56 7.72 14.56 3.75 7.72 17.32 7.72 6.75 2.25 6.0 3.75 6.71 18.12 2.25 14.09 14.09 14.09 6.0 19.12 0.0 14.09 6.71 7.72 14.09 2.25 10.09 17.4 14.56 7.72 18.12 17.4 13.79 7.72 14.56 6.75 0.0 14.56 18.12 11.86 2.25 6.75 6.71 0.0 25.3
6.0 16.77 17.25 4.8 13.29 6.0 8.55 17.25 22.07 18.81 4.8 11.35 7.12 24.93 15.07 17.25 9.03 22.07 6.0 11.35 17.32 2.25 0.0 8.55 22.07 7.12 3.75 6.0 11.35 4.8 24.75 24.93 3.75 9.03 13.1 6.91 13.1 22.07 6.91 13.42 6.0 6.91 16.77 6.91 7.12 0.0 3.75 6.0 4.8 17.32 0.0 13.29 13.29 13.29 3.75 18.81 2.25 13.29 4.8 9.03 13.29 0.0 8.55 17.25 13.42 9.03 17.32 17.25 13.1 9.03 13.42 7.12 2.25 13.42 17.32 11.35 0.0 7.12 4.8 2.25 24.93
13.12 10.01 11.74 4.04 6.18 13.12 0.0 11.74 15.07 12.57 4.04 5.86 7.5 18.14 9.06 11.74 11.25 15.07 13.12 5.86 9.75 10.09 8.55 0.0 15.07 7.5 6.91 13.12 5.86 4.04 18.75 18.14 6.91 11.25 6.41 3.75 6.41 15.07 3.75 5.3 13.12 3.75 10.01 3.75 7.5 8.55 6.91 13.12 4.04 9.75 8.55 6.18 6.18 6.18 6.91 12.57 10.09 6.18 4.04 11.25 6.18 8.55 0.0 11.74 5.3 11.25 9.75 11.74 6.41 11.25 5.3 7.5 10.09 5.3 9.75 5.86 8.55 7.5 4.04 10.09 18.14
23.84 5.3 5.86 18.75 9.0 23.84 15.07 5.86 0.0 3.75 18.75 10.74 16.16 3.09 7.12 5.86 17.89 0.0 23.84 10.74 5.46 22.56 22.07 15.07 0.0 16.16 21.75 23.84 10.74 18.75 4.8 3.09 21.75 17.89 9.03 15.17 9.03 0.0 15.17 10.01 23.84 15.17 5.3 15.17 16.16 22.07 21.75 23.84 18.75 5.46 22.07 9.0 9.0 9.0 21.75 3.75 22.56 9.0 18.75 17.89 9.0 22.07 15.07 5.86 10.01 17.89 5.46 5.86 9.03 17.89 10.01 16.16 22.56 10.01 5.46 10.74 22.07 16.16 18.75 22.56 3.09
7.72 11.07 10.74 7.08 8.49 7.72 7.5 10.74 16.16 12.57 7.08 5.86 0.0 18.75 9.06 10.74 3.75 16.16 7.72 5.86 12.3 6.75 7.12 7.5 16.16 0.0 9.03 7.72 5.86 7.08 18.14 18.75 9.03 3.75 7.97 3.75 7.97 16.16 3.75 9.78 7.72 3.75 11.07 3.75 0.0 7.12 9.03 7.72 7.08 12.3 7.12 8.49 8.49 8.49 9.03 12.57 6.75 8.49 7.08 3.75 8.49 7.12 7.5 10.74 9.78 3.75 12.3 10.74 7.97 3.75 9.78 0.0 6.75 9.78 12.3 5.86 7.12 0.0 7.08 6.75 18.75
9.75 16.52 17.65 3.0 12.75 9.75 6.91 17.65 21.75 18.88 3.0 11.47 9.03 24.76 15.17 17.65 11.86 21.75 9.75 11.47 16.57 6.0 3.75 6.91 21.75 9.03 0.0 9.75 11.47 3.0 25.03 24.76 0.0 11.86 12.77 7.12 12.77 21.75 7.12 12.21 9.75 7.12 16.52 7.12 9.03 3.75 0.0 9.75 3.0 16.57 3.75 12.75 12.75 12.75 0.0 18.88 6.0 12.75 3.0 11.86 12.75 3.75 6.91 17.65 12.21 11.86 16.57 17.65 12.77 11.86 12.21 9.03 6.0 12.21 16.57 11.47 3.75 9.03 3.0 6.0 24.76
0.0 18.79 18.26 10.2 16.05 0.0 13.12 18.26 23.84 20.19 10.2 13.52 7.72 26.34 16.77 18.26 6.75 23.84 0.0 13.52 19.97 3.75 6.0 13.12 23.84 7.72 9.75 0.0 13.52 10.2 25.47 26.34 9.75 6.75 15.61 10.09 15.61 23.84 10.09 16.97 0.0 10.09 18.79 10.09 7.72 6.0 9.75 0.0 10.2 19.97 6.0 16.05 16.05 16.05 9.75 20.19 3.75 16.05 10.2 6.75 16.05 6.0 13.12 18.26 16.97 6.75 19.97 18.26 15.61 6.75 16.97 7.72 3.75 16.97 19.97 13.52 6.0 7.72 10.2 3.75 26.34
13.52 5.46 6.18 8.55 2.7 13.52 5.86 6.18 10.74 7.5 8.55 0.0 5.86 13.58 3.75 6.18 8.75 10.74 13.52 0.0 6.45 11.86 11.35 5.86 10.74 5.86 11.47 13.52 0.0 8.55 13.58 13.58 11.47 8.75 2.12 4.5 2.12 10.74 4.5 4.56 13.52 4.5 5.46 4.5 5.86 11.35 11.47 13.52 8.55 6.45 11.35 2.7 2.7 2.7 11.47 7.5 11.86 2.7 8.55 8.75 2.7 11.35 5.86 6.18 4.56 8.75 6.45 6.18 2.12 8.75 4.56 5.86 11.86 4.56 6.45 0.0 11.35 5.86 8.55 11.86 13.58
10.2 13.52 14.74 0.0 9.75 10.2 4.04 14.74 18.75 15.91 0.0 8.55 7.08 21.76 12.21 14.74 10.45 18.75 10.2 8.55 13.58 6.71 4.8 4.04 18.75 7.08 3.0 10.2 8.55 0.0 22.07 21.76 3.0 10.45 9.78 4.37 9.78 18.75 4.37 9.28 10.2 4.37 13.52 4.37 7.08 4.8 3.0 10.2 0.0 13.58 4.8 9.75 9.75 9.75 3.0 15.91 6.71 9.75 0.0 10.45 9.75 4.8 4.04 14.74 9.28 10.45 13.58 14.74 9.78 10.45 9.28 7.08 6.71 9.28 13.58 8.55 4.8 7.08 0.0 6.71 21.76
25.47 8.78 7.5 22.07 12.57 25.47 18.75 7.5 4.8 6.18 22.07 13.58 18.14 3.0 9.86 7.5 18.97 4.8 25.47 13.58 9.78 24.85 24.75 18.75 4.8 18.14 25.03 25.47 13.58 22.07 0.0 3.0 25.03 18.97 12.37 18.06 12.37 4.8 18.06 14.09 25.47 18.06 8.78 18.06 18.14 24.75 25.03 25.47 22.07 9.78 24.75 12.57 12.57 12.57 25.03 6.18 24.85 12.57 22.07 18.97 12.57 24.75 18.75 7.5 14.09 18.97 9.78 7.5 12.37 18.97 14.09 18.14 24.85 14.09 9.78 13.58 24.75 18.14 22.07 24.85 3.0
26.34 8.25 8.08 21.76 12.02 26.34 18.14 8.08 3.09 6.18 21.76 13.58 18.75 0.0 9.86 8.08 20.12 3.09 26.34 13.58 8.55 25.3 24.93 18.14 3.09 18.75 24.76 26.34 13.58 21.76 3.0 0.0 24.76 20.12 12.0 18.06 12.0 3.09 18.06 13.1 26.34 18.06 8.25 18.06 18.75 24.93 24.76 26.34 21.76 8.55 24.93 12.02 12.02 12.02 24.76 6.18 25.3 12.02 21.76 20.12 12.02 24.93 18.14 8.08 13.1 20.12 8.55 8.08 12.0 20.12 13.1 18.75 25.3 13.1 8.55 13.58 24.93 18.75 21.76 25.3 0.0
9.75 16.52 17.65 3.0 12.75 9.75 6.91 17.65 21.75 18.88 3.0 11.47 9.03 24.76 15.17 17.65 11.86 21.75 9.75 11.47 16.57 6.0 3.75 6.91 21.75 9.03 0.0 9.75 11.47 3.0 25.03 24.76 0.0 11.86 12.77 7.12 12.77 21.75 7.12 12.21 9.75 7.12 16.52 7.12 9.03 3.75 0.0 9.75 3.0 16.57 3.75 12.75 12.75 12.75 0.0 18.88 6.0 12.75 3.0 11.86 12.75 3.75 6.91 17.65 12.21 11.86 16.57 17.65 12.77 11.86 12.21 9.03 6.0 12.21 16.57 11.47 3.75 9.03 3.0 6.0 24.76
6.75 13.27 12.09 10.45 11.45 6.75 11.25 12.09 17.89 14.15 10.45 8.75 3.75 20.12 11.15 12.09 0.0 17.89 6.75 8.75 14.89 7.72 9.03 11.25 17.89 3.75 11.86 6.75 8.75 10.45 18.97 20.12 11.86 0.0 10.82 7.5 10.82 17.89 7.5 13.1 6.75 7.5 13.27 7.5 3.75 9.03 11.86 6.75 10.45 14.89 9.03 11.45 11.45 11.45 11.86 14.15 7.72 11.45 10.45 0.0 11.45 9.03 11.25 12.09 13.1 0.0 14.89 12.09 10.82 0.0 13.1 3.75 7.72 13.1 14.89 8.75 9.03 3.75 10.45 7.72 20.12
15.61 3.75 5.41 9.78 0.75 15.61 6.41 5.41 9.03 6.18 9.78 2.12 7.97 12.0 2.7 5.41 10.82 9.03 15.61 2.12 4.37 13.79 13.1 6.41 9.03 7.97 12.77 15.61 2.12 9.78 12.37 12.0 12.77 10.82 0.0 6.18 0.0 9.03 6.18 3.09 15.61 6.18 3.75 6.18 7.97 13.1 12.77 15.61 9.78 4.37 13.1 0.75 0.75 0.75 12.77 6.18 13.79 0.75 9.78 10.82 0.75 13.1 6.41 5.41 3.09 10.82 4.37 5.41 0.0 10.82 3.09 7.97 13.79 3.09 4.37 2.12 13.1 7.97 9.78 13.79 12.0
10.09 9.86 10.61 4.37 6.41 10.09 3.75 10.61 15.17 12.0 4.37 4.5 3.75 18.06 8.25 10.61 7.5 15.17 10.09 4.5 10.45 7.72 6.91 3.75 15.17 3.75 7.12 10.09 4.5 4.37 18.06 18.06 7.12 7.5 6.18 0.0 6.18 15.17 0.0 6.91 10.09 0.0 9.86 0.0 3.75 6.91 7.12 10.09 4.37 10.45 6.91 6.41 6.41 6.41 7.12 12.0 7.72 6.41 4.37 7.5 6.41 6.91 3.75 10.61 6.91 7.5 10.45 10.61 6.18 7.5 6.91 3.75 7.72 6.91 10.45 4.5 6.91 3.75 4.37 7.72 18.06
15.61 3.75 5.41 9.78 0.75 15.61 6.41 5.41 9.03 6.18 9.78 2.12 7.97 12.0 2.7 5.41 10.82 9.03 15.61 2.12 4.37 13.79 13.1 6.41 9.03 7.97 12.77 15.61 2.12 9.78 12.37 12.0 12.77 10.82 0.0 6.18 0.0 9.03 6.18 3.09 15.61 6.18 3.75 6.18 7.97 13.1 12.77 15.61 9.78 4.37 13.1 0.75 0.75 0.75 12.77 6.18 13.79 0.75 9.78 10.82 0.75 13.1 6.41 5.41 3.09 10.82 4.37 5.41 0.0 10.82 3.09 7.97 13.79 3.09 4.37 2.12 13.1 7.97 9.78 13.79 12.0
23.84 5.3 5.86 18.75 9.0 23.84 15.07 5.86 0.0 3.75 18.75 10.74 16.16 3.09 7.12 5.86 17.89 0.0 23.84 10.74 5.46 22.56 22.07 15.07 0.0 16.16 21.75 23.84 10.74 18.75 4.8 3.09 21.75 17.89 9.03 15.17 9.03 0.0 15.17 10.01 23.84 15.17 5.3 15.17 16.16 22.07 21.75 23.84 18.75 5.46 22.07 9.0 9.0 9.0 21.75 3.75 22.56 9.0 18.75 17.89 9.0 22.07 15.07 5.86 10.01 17.89 5.46 5.86 9.03 17.89 10.01 16.16 22.56 10.01 5.46 10.74 22.07 16.16 18.75 22.56 3.09
10.09 9.86 10.61 4.37 6.41 10.09 3.75 10.61 15.17 12.0 4.37 4.5 3.75 18.06 8.25 10.61 7.5 15.17 10.09 4.5 10.45 7.72 6.91 3.75 15.17 3.75 7.12 10.09 4.5 4.37 18.06 18.06 7.12 7.5 6.18 0.0 6.18 15.17 0.0 6.91 10.09 0.0 9.86 0.0 3.75 6.91 7.12 10.09 4.37 10.45 6.91 6.41 6.41 6.41 7.12 12.0 7.72 6.41 4.37 7.5 6.41 6.91 3.75 10.61 6.91 7.5 10.45 10.61 6.18 7.5 6.91 3.75 7.72 6.91 10.45 4.5 6.91 3.75 4.37 7.72 18.06
16.97 5.41 7.97 9.28 2.37 16.97 5.3 7.97 10.01 8.11 9.28 4.56 9.78 13.1 5.41 7.97 13.1 10.01 16.97 4.56 4.56 14.56 13.42 5.3 10.01 9.78 12.21 16.97 4.56 9.28 14.09 13.1 12.21 13.1 3.09 6.91 3.09 10.01 6.91 0.0 16.97 6.91 5.41 6.91 9.78 13.42 12.21 16.97 9.28 4.56 13.42 2.37 2.37 2.37 12.21 8.11 14.56 2.37 9.28 13.1 2.37 13.42 5.3 7.97 0.0 13.1 4.56 7.97 3.09 13.1 0.0 9.78 14.56 0.0 4.56 4.56 13.42 9.78 9.28 14.56 13.1
0.0 18.79 18.26 10.2 16.05 0.0 13.12 18.26 23.84 20.19 10.2 13.52 7.72 26.34 16.77 18.26 6.75 23.84 0.0 13.52 19.97 3.75 6.0 13.12 23.84 7.72 9.75 0.0 13.52 10.2 25.47 26.34 9.75 6.75 15.61 10.09 15.61 23.84 10.09 16.97 0.0 10.09 18.79 10.09 7.72 6.0 9.75 0.0 10.2 19.97 6.0 16.05 16.05 16.05 9.75 20.19 3.75 16.05 10.2 6.75 16.05 6.0 13.12 18.26 16.97 6.75 19.97 18.26 15.61 6.75 16.97 7.72 3.75 16.97 19.97 13.52 6.0 7.72 10.2 3.75 26.34
10.09 9.86 10.61 4.37 6.41 10.09 3.75 10.61 15.17 12.0 4.37 4.5 3.75 18.06 8.25 10.61 7.5 15.17 10.09 4.5 10.45 7.72 6.91 3.75 15.17 3.75 7.12 10.09 4.5 4.37 18.06 18.06 7.12 7.5 6.18 0.0 6.18 15.17 0.0 6.91 10.09 0.0 9.86 0.0 3.75 6.91 7.12 10.09 4.37 10.45 6.91 6.41 6.41 6.41 7.12 12.0 7.72 6.41 4.37 7.5 6.41 6.91 3.75 10.61 6.91 7.5 10.45 10.61 6.18 7.5 6.91 3.75 7.72 6.91 10.45 4.5 6.91 3.75 4.37 7.72 18.06
18.79 0.0 3.09 13.52 3.82 18.79 10.01 3.09 5.3 2.7 13.52 5.46 11.07 8.25 2.12 3.09 13.27 5.3 18.79 5.46 2.25 17.32 16.77 10.01 5.3 11.07 16.52 18.79 5.46 13.52 8.78 8.25 16.52 13.27 3.75 9.86 3.75 5.3 9.86 5.41 18.79 9.86 0.0 9.86 11.07 16.77 16.52 18.79 13.52 2.25 16.77 3.82 3.82 3.82 16.52 2.7 17.32 3.82 13.52 13.27 3.82 16.77 10.01 3.09 5.41 13.27 2.25 3.09 3.75 13.27 5.41 11.07 17.32 5.41 2.25 5.46 16.77 11.07 13.52 17.32 8.25
10.09 9.86 10.61 4.37 6.41 10.09 3.75 10.61 15.17 12.0 4.37 4.5 3.75 18.06 8.25 10.61 7.5 15.17 10.09 4.5 10.45 7.72 6.91 3.75 15.17 3.75 7.12 10.09 4.5 4.37 18.06 18.06 7.12 7.5 6.18 0.0 6.18 15.17 0.0 6.91 10.09 0.0 9.86 0.0 3.75 6.91 7.12 10.09 4.37 10.45 6.91 6.41 6.41 6.41 7.12 12.0 7.72 6.41 4.37 7.5 6.41 6.91 3.75 10.61 6.91 7.5 10.45 10.61 6.18 7.5 6.91 3.75 7.72 6.91 10.45 4.5 6.91 3.75 4.37 7.72 18.06
7.72 11.07 10.74 7.08 8.49 7.72 7.5 10.74 16.16 12.57 7.08 5.86 0.0 18.75 9.06 10.74 3.75 16.16 7.72 5.86 12.3 6.75 7.12 7.5 16.16 0.0 9.03 7.72 5.86 7.08 18.14 18.75 9.03 3.75 7.97 3.75 7.97 16.16 3.75 9.78 7.72 3.75 11.07 3.75 0.0 7.12 9.03 7.72 7.08 12.3 7.12 8.49 8.49 8.49 9.03 12.57 6.75 8.49 7.08 3.75 8.49 7.12 7.5 10.74 9.78 3.75 12.3 10.74 7.97 3.75 9.78 0.0 6.75 9.78 12.3 5.86 7.12 0.0 7.08 6.75 18.75
6.0 16.77 17.25 4.8 13.29 6.0 8.55 17.25 22.07 18.81 4.8 11.35 7.12 24.93 15.07 17.25 9.03 22.07 6.0 11.35 17.32 2.25 0.0 8.55 22.07 7.12 3.75 6.0 11.35 4.8 24.75 24.93 3.75 9.03 13.1 6.91 13.1 22.07 6.91 13.42 6.0 6.91 16.77 6.91 7.12 0.0 3.75 6.0 4.8 17.32 0.0 13.29 13.29 13.29 3.75 18.81 2.25 13.29 4.8 9.03 13.29 0.0 8.55 17.25 13.42 9.03 17.32 17.25 13.1 9.03 13.42 7.12 2.25 13.42 17.32 11.35 0.0 7.12 4.8 2.25 24.93
9.75 16.52 17.65 3.0 12.75 9.75 6.91 17.65 21.75 18.88 3.0 11.47 9.03 24.76 15.17 17.65 11.86 21.75 9.75 11.47 16.57 6.0 3.75 6.91 21.75 9.03 0.0 9.75 11.47 3.0 25.03 24.76 0.0 11.86 12.77 7.12 12.77 21.75 7.12 12.21 9.75 7.12 16.52 7.12 9.03 3.75 0.0 9.75 3.0 16.57 3.75 12.75 12.75 12.75 0.0 18.88 6.0 12.75 3.0 11.86 12.75 3.75 6.91 17.65 12.21 11.86 16.57 17.65 12.77 11.86 12.21 9.03 6.0 12.21 16.57 11.47 3.75 9.03 3.0 6.0 24.76
0.0 18.79 18.26 10.2 16.05 0.0 13.12 18.26 23.84 20.19 10.2 13.52 7.72 26.34 16.77 18.26 6.75 23.84 0.0 13.52 19.97 3.75 6.0 13.12 23.84 7.72 9.75 0.0 13.52 10.2 25.47 26.34 9.75 6.75 15.61 10.09 15.61 23.84 10.09 16.97 0.0 10.09 18.79 10.09 7.72 6.0 9.75 0.0 10.2 19.97 6.0 16.05 16.05 16.05 9.75 20.19 3.75 16.05 10.2 6.75 16.05 6.0 13.12 18.26 16.97 6.75 19.97 18.26 15.61 6.75 16.97 7.72 3.75 16.97 19.97 13.52 6.0 7.72 10.2 3.75 26.34
10.2 13.52 14.74 0.0 9.75 10.2 4.04 14.74 18.75 15.91 0.0 8.55 7.08 21.76 12.21 14.74 10.45 18.75 10.2 8.55 13.58 6.71 4.8 4.04 18.75 7.08 3.0 10.2 8.55 0.0 22.07 21.76 3.0 10.45 9.78 4.37 9.78 18.75 4.37 9.28 10.2 4.37 13.52 4.37 7.08 4.8 3.0 10.2 0.0 13.58 4.8 9.75 9.75 9.75 3.0 15.91 6.71 9.75 0.0 10.45 9.75 4.8 4.04 14.74 9.28 10.45 13.58 14.74 9.78 10.45 9.28 7.08 6.71 9.28 13.58 8.55 4.8 7.08 0.0 6.71 21.76
19.97 2.25 5.3 13.58 4.04 19.97 9.75 5.3 5.46 4.37 13.58 6.45 12.3 8.55 4.04 5.3 14.89 5.46 19.97 6.45 0.0 18.12 17.32 9.75 5.46 12.3 16.57 19.97 6.45 13.58 9.78 8.55 16.57 14.89 4.37 10.45 4.37 5.46 10.45 4.56 19.97 10.45 2.25 10.45 12.3 17.32 16.57 19.97 13.58 0.0 17.32 4.04 4.04 4.04 16.57 4.37 18.12 4.04 13.58 14.89 4.04 17.32 9.75 5.3 4.56 14.89 0.0 5.3 4.37 14.89 4.56 12.3 18.12 4.56 0.0 6.45 17.32 12.3 13.58 18.12 8.55
6.0 16.77 17.25 4.8 13.29 6.0 8.55 17.25 22.07 18.81 4.8 11.35 7.12 24.93 15.07 17.25 9.03 22.07 6.0 11.35 17.32 2.25 0.0 8.55 22.07 7.12 3.75 6.0 11.35 4.8 24.75 24.93 3.75 9.03 13.1 6.91 13.1 22.07 6.91 13.42 6.0 6.91 16.77 6.91 7.12 0.0 3.75 6.0 4.8 17.32 0.0 13.29 13.29 13.29 3.75 18.81 2.25 13.29 4.8 9.03 13.29 0.0 8.55 17.25 13.42 9.03 17.32 17.25 13.1 9.03 13.42 7.12 2.25 13.42 17.32 11.35 0.0 7.12 4.8 2.25 24.93
16.05 3.82 5.86 9.75 0.0 16.05 6.18 5.86 9.0 6.41 9.75 2.7 8.49 12.02 3.18 5.86 11.45 9.0 16.05 2.7 4.04 14.09 13.29 6.18 9.0 8.49 12.75 16.05 2.7 9.75 12.57 12.02 12.75 11.45 0.75 6.41 0.75 9.0 6.41 2.37 16.05 6.41 3.82 6.41 8.49 13.29 12.75 16.05 9.75 4.04 13.29 0.0 0.0 0.0 12.75 6.41 14.09 0.0 9.75 11.45 0.0 13.29 6.18 5.86 2.37 11.45 4.04 5.86 0.75 11.45 2.37 8.49 14.09 2.37 4.04 2.7 13.29 8.49 9.75 14.09 12.02
16.05 3.82 5.86 9.75 0.0 16.05 6.18 5.86 9.0 6.41 9.75 2.7 8.49 12.02 3.18 5.86 11.45 9.0 16.05 2.7 4.04 14.09 13.29 6.18 9.0 8.49 12.75 16.05 2.7 9.75 12.57 12.02 12.75 11.45 0.75 6.41 0.75 9.0 6.41 2.37 16.05 6.41 3.82 6.41 8.49 13.29 12.75 16.05 9.75 4.04 13.29 0.0 0.0 0.0 12.75 6.41 14.09 0.0 9.75 11.45 0.0 13.29 6.18 5.86 2.37 11.45 4.04 5.86 0.75 11.45 2.37 8.49 14.09 2.37 4.04 2.7 13.29 8.49 9.75 14.09 12.02
16.05 3.82 5.86 9.75 0.0 16.05 6.18 5.86 9.0 6.41 9.75 2.7 8.49 12.02 3.18 5.86 11.45 9.0 16.05 2.7 4.04 14.09 13.29 6.18 9.0 8.49 12.75 16.05 2.7 9.75 12.57 12.02 12.75 11.45 0.75 6.41 0.75 9.0 6.41 2.37 16.05 6.41 3.82 6.41 8.49 13.29 12.75 16.05 9.75 4.04 13.29 0.0 0.0 0.0 12.75 6.41 14.09 0.0 9.75 11.45 0.0 13.29 6.18 5.86 2.37 11.45 4.04 5.86 0.75 11.45 2.37 8.49 14.09 2.37 4.04 2.7 13.29 8.49 9.75 14.09 12.02
9.75 16.52 17.65 3.0 12.75 9.75 6.91 17.65 21.75 18.88 3.0 11.47 9.03 24.76 15.17 17.65 11.86 21.75 9.75 11.47 16.57 6.0 3.75 6.91 21.75 9.03 0.0 9.75 11.47 3.0 25.03 24.76 0.0 11.86 12.77 7.12 12.77 21.75 7.12 12.21 9.75 7.12 16.52 7.12 9.03 3.75 0.0 9.75 3.0 16.57 3.75 12.75 12.75 12.75 0.0 18.88 6.0 12.75 3.0 11.86 12.75 3.75 6.91 17.65 12.21 11.86 16.57 17.65 12.77 11.86 12.21 9.03 6.0 12.21 16.57 11.47 3.75 9.03 3.0 6.0 24.76
20.19 2.7 2.12 15.91 6.41 20.19 12.57 2.12 3.75 0.0 15.91 7.5 12.57 6.18 3.75 2.12 14.15 3.75 20.19 7.5 4.37 19.12 18.81 12.57 3.75 12.57 18.88 20.19 7.5 15.91 6.18 6.18 18.88 14.15 6.18 12.0 6.18 3.75 12.0 8.11 20.19 12.0 2.7 12.0 12.57 18.81 18.88 20.19 15.91 4.37 18.81 6.41 6.41 6.41 18.88 0.0 19.12 6.41 15.91 14.15 6.41 18.81 12.57 2.12 8.11 14.15 4.37 2.12 6.18 14.15 8.11 12.57 19.12 8.11 4.37 7.5 18.81 12.57 15.91 19.12 6.18
3.75 17.32 17.4 6.71 14.09 3.75 10.09 17.4 22.56 19.12 6.71 11.86 6.75 25.3 15.46 17.4 7.72 22.56 3.75 11.86 18.12 0.0 2.25 10.09 22.56 6.75 6.0 3.75 11.86 6.71 24.85 25.3 6.0 7.72 13.79 7.72 13.79 22.56 7.72 14.56 3.75 7.72 17.32 7.72 6.75 2.25 6.0 3.75 6.71 18.12 2.25 14.09 14.09 14.09 6.0 19.12 0.0 14.09 6.71 7.72 14.09 2.25 10.09 17.4 14.56 7.72 18.12 17.4 13.79 7.72 14.56 6.75 0.0 14.56 18.12 11.86 2.25 6.75 6.71 0.0 25.3
16.05 3.82 5.86 9.75 0.0 16.05 6.18 5.86 9.0 6.41 9.75 2.7 8.49 12.02 3.18 5.86 11.45 9.0 16.05 2.7 4.04 14.09 13.29 6.18 9.0 8.49 12.75 16.05 2.7 9.75 12.57 12.02 12.75 11.45 0.75 6.41 0.75 9.0 6.41 2.37 16.05 6.41 3.82 6.41 8.49 13.29 12.75 16.05 9.75 4.04 13.29 0.0 0.0 0.0 12.75 6.41 14.09 0.0 9.75 11.45 0.0 13.29 6.18 5.86 2.37 11.45 4.04 5.86 0.75 11.45 2.37 8.49 14.09 2.37 4.04 2.7 13.29 8.49 9.75 14.09 12.02
10.2 13.52 14.74 0.0 9.75 10.2 4.04 14.74 18.75 15.91 0.0 8.55 7.08 21.76 12.21 14.74 10.45 18.75 10.2 8.55 13.58 6.71 4.8 4.04 18.75 7.08 3.0 10.2 8.55 0.0 22.07 21.76 3.0 10.45 9.78 4.37 9.78 18.75 4.37 9.28 10.2 4.37 13.52 4.37 7.08 4.8 3.0 10.2 0.0 13.58 4.8 9.75 9.75 9.75 3.0 15.91 6.71 9.75 0.0 10.45 9.75 4.8 4.04 14.74 9.28 10.45 13.58 14.74 9.78 10.45 9.28 7.08 6.71 9.28 13.58 8.55 4.8 7.08 0.0 6.71 21.76
6.75 13.27 12.09 10.45 11.45 6.75 11.25 12.09 17.89 14.15 10.45 8.75 3.75 20.12 11.15 12.09 0.0 17.89 6.75 8.75 14.89 7.72 9.03 11.25 17.89 3.75 11.86 6.75 8.75 10.45 18.97 20.12 11.86 0.0 10.82 7.5 10.82 17.89 7.5 13.1 6.75 7.5 13.27 7.5 3.75 9.03 11.86 6.75 10.45 14.89 9.03 11.45 11.45 11.45 11.86 14.15 7.72 11.45 10.45 0.0 11.45 9.03 11.25 12.09 13.1 0.0 14.89 12.09 10.82 0.0 13.1 3.75 7.72 13.1 14.89 8.75 9.03 3.75 10.45 7.72 20.12
16.05 3.82 5.86 9.75 0.0 16.05 6.18 5.86 9.0 6.41 9.75 2.7 8.49 12.02 3.18 5.86 11.45 9.0 16.05 2.7 4.04 14.09 13.29 6.18 9.0 8.49 12.75 16.05 2.7 9.75 12.57 12.02 12.75 11.45 0.75 6.41 0.75 9.0 6.41 2.37 16.05 6.41 3.82 6.41 8.49 13.29 12.75 16.05 9.75 4.04 13.29 0.0 0.0 0.0 12.75 6.41 14.09 0.0 9.75 11.45 0.0 13.29 6.18 5.86 2.37 11.45 4.04 5.86 0.75 11.45 2.37 8.49 14.09 2.37 4.04 2.7 13.29 8.49 9.75 14.09 12.02
6.0 16.77 17.25 4.8 13.29 6.0 8.55 17.25 22.07 18.81 4.8 11.35 7.12 24.93 15.07 17.25 9.03 22.07 6.0 11.35 17.32 2.25 0.0 8.55 22.07 7.12 3.75 6.0 11.35 4.8 24.75 24.93 3.75 9.03 13.1 6.91 13.1 22.07 6.91 13.42 6.0 6.91 16.77 6.91 7.12 0.0 3.75 6.0 4.8 17.32 0.0 13.29 13.29 13.29 3.75 18.81 2.25 13.29 4.8 9.03 13.29 0.0 8.55 17.25 13.42 9.03 17.32 17.25 13.1 9.03 13.42 7.12 2.25 13.42 17.32 11.35 0.0 7.12 4.8 2.25 24.93
13.12 10.01 11.74 4.04 6.18 13.12 0.0 11.74 15.07 12.57 4.04 5.86 7.5 18.14 9.06 11.74 11.25 15.07 13.12 5.86 9.75 10.09 8.55 0.0 15.07 7.5 6.91 13.12 5.86 4.04 18.75 18.14 6.91 11.25 6.41 3.75 6.41 15.07 3.75 5.3 13.12 3.75 10.01 3.75 7.5 8.55 6.91 13.12 4.04 9.75 8.55 6.18 6.18 6.18 6.91 12.57 10.09 6.18 4.04 11.25 6.18 8.55 0.0 11.74 5.3 11.25 9.75 11.74 6.41 11.25 5.3 7.5 10.09 5.3 9.75 5.86 8.55 7.5 4.04 10.09 18.14
18.26 3.09 0.0 14.74 5.86 18.26 11.74 0.0 5.86 2.12 14.74 6.18 10.74 8.08 2.7 0.0 12.09 5.86 18.26 6.18 5.3 17.4 17.25 11.74 5.86 10.74 17.65 18.26 6.18 14.74 7.5 8.08 17.65 12.09 5.41 10.61 5.41 5.86 10.61 7.97 18.26 10.61 3.09 10.61 10.74 17.25 17.65 18.26 14.74 5.3 17.25 5.86 5.86 5.86 17.65 2.12 17.4 5.86 14.74 12.09 5.86 17.25 11.74 0.0 7.97 12.09 5.3 0.0 5.41 12.09 7.97 10.74 17.4 7.97 5.3 6.18 17.25 10.74 14.74 17.4 8.08
16.97 5.41 7.97 9.28 2.37 16.97 5.3 7.97 10.01 8.11 9.28 4.56 9.78 13.1 5.41 7.97 13.1 10.01 16.97 4.56 4.56 14.56 13.42 5.3 10.01 9.78 12.21 16.97 4.56 9.28 14.09 13.1 12.21 13.1 3.09 6.91 3.09 10.01 6.91 0.0 16.97 6.91 5.41 6.91 9.78 13.42 12.21 16.97 9.28 4.56 13.42 2.37 2.37 2.37 12.21 8.11 14.56 2.37 9.28 13.1 2.37 13.42 5.3 7.97 0.0 13.1 4.56 7.97 3.09 13.1 0.0 9.78 14.56 0.0 4.56 4.56 13.42 9.78 9.28 14.56 13.1
6.75 13.27 12.09 10.45 11.45 6.75 11.25 12.09 17.89 14.15 10.45 8.75 3.75 20.12 11.15 12.09 0.0 17.89 6.75 8.75 14.89 7.72 9.03 11.25 17.89 3.75 11.86 6.75 8.75 10.45 18.97 20.12 11.86 0.0 10.82 7.5 10.82 17.89 7.5 13.1 6.75 7.5 13.27 7.5 3.75 9.03 11.86 6.75 10.45 14.89 9.03 11.45 11.45 11.45 11.86 14.15 7.72 11.45 10.45 0.0 11.45 9.03 11.25 12.09 13.1 0.0 14.89 12.09 10.82 0.0 13.1 3.75 7.72 13.1 14.89 8.75 9.03 3.75 10.45 7.72 20.12
19.97 2.25 5.3 13.58 4.04 19.97 9.75 5.3 5.46 4.37 13.58 6.45 12.3 8.55 4.04 5.3 14.89 5.46 19.97 6.45 0.0 18.12 17.32 9.75 5.46 12.3 16.57 19.97 6.45 13.58 9.78 8.55 16.57 14.89 4.37 10.45 4.37 5.46 10.45 4.56 19.97 10.45 2.25 10.45 12.3 17.32 16.57 19.97 13.58 0.0 17.32 4.04 4.04 4.04 16.57 4.37 18.12 4.04 13.58 14.89 4.04 17.32 9.75 5.3 4.56 14.89 0.0 5.3 4.37 14.89 4.56 12.3 18.12 4.56 0.0 6.45 17.32 12.3 13.58 18.12 8.55
18.26 3.09 0.0 14.74 5.86 18.26 11.74 0.0 5.86 2.12 14.74 6.18 10.74 8.08 2.7 0.0 12.09 5.86 18.26 6.18 5.3 17.4 17.25 11.74 5.86 10.74 17.65 18.26 6.18 14.74 7.5 8.08 17.65 12.09 5.41 10.61 5.41 5.86 10.61 7.97 18.26 10.61 3.09 10.61 10.74 17.25 17.65 18.26 14.74 5.3 17.25 5.86 5.86 5.86 17.65 2.12 17.4 5.86 14.74 12.09 5.86 17.25 11.74 0.0 7.97 12.09 5.3 0.0 5.41 12.09 7.97 10.74 17.4 7.97 5.3 6.18 17.25 10.74 14.74 17.4 8.08
15.61 3.75 5.41 9.78 0.75 15.61 6.41 5.41 9.03 6.18 9.78 2.12 7.97 12.0 2.7 5.41 10.82 9.03 15.61 2.12 4.37 13.79 13.1 6.41 9.03 7.97 12.77 15.61 2.12 9.78 12.37 12.0 12.77 10.82 0.0 6.18 0.0 9.03 6.18 3.09 15.61 6.18 3.75 6.18 7.97 13.1 12.77 15.61 9.78 4.37 13.1 0.75 0.75 0.75 12.77 6.18 13.79 0.75 9.78 10.82 0.75 13.1 6.41 5.41 3.09 10.82 4.37 5.41 0.0 10.82 3.09 7.97 13.79 3.09 4.37 2.12 13.1 7.97 9.78 13.79 12.0
6.75 13.27 12.09 10.45 11.45 6.75 11.25 12.09 17.89 14.15 10.45 8.75 3.75 20.12 11.15 12.09 0.0 17.89 6.75 8.75 14.89 7.72 9.03 11.25 17.89 3.75 11.86 6.75 8.75 10.45 18.97 20.12 11.86 0.0 10.82 7.5 10.82 17.89 7.5 13.1 6.75 7.5 13.27 7.5 3.75 9.03 11.86 6.75 10.45 14.89 9.03 11.45 11.45 11.45 11.86 14.15 7.72 11.45 10.45 0.0 11.45 9.03 11.25 12.09 13.1 0.0 14.89 12.09 10.82 0.0 13.1 3.75 7.72 13.1 14.89 8.75 9.03 3.75 10.45 7.72 20.12
16.97 5.41 7.97 9.28 2.37 16.97 5.3 7.97 10.01 8.11 9.28 4.56 9.78 13.1 5.41 7.97 13.1 10.01 16.97 4.56 4.56 14.56 13.42 5.3 10.01 9.78 12.21 16.97 4.56 9.28 14.09 13.1 12.21 13.1 3.09 6.91 3.09 10.01 6.91 0.0 16.97 6.91 5.41 6.91 9.78 13.42 12.21 16.97 9.28 4.56 13.42 2.37 2.37 2.37 12.21 8.11 14.56 2.37 9.28 13.1 2.37 13.42 5.3 7.97 0.0 13.1 4.56 7.97 3.09 13.1 0.0 9.78 14.56 0.0 4.56 4.56 13.42 9.78 9.28 14.56 13.1
7.72 11.07 10.74 7.08 8.49 7.72 7.5 10.74 16.16 12.57 7.08 5.86 0.0 18.75 9.06 10.74 3.75 16.16 7.72 5.86 12.3 6.75 7.12 7.5 16.16 0.0 9.03 7.72 5.86 7.08 18.14 18.75 9.03 3.75 7.97 3.75 7.97 16.16 3.75 9.78 7.72 3.75 11.07 3.75 0.0 7.12 9.03 7.72 7.08 12.3 7.12 8.49 8.49 8.49 9.03 12.57 6.75 8.49 7.08 3.75 8.49 7.12 7.5 10.74 9.78 3.75 12.3 10.74 7.97 3.75 9.78 0.0 6.75 9.78 12.3 5.86 7.12 0.0 7.08 6.75 18.75
3.75 17.32 17.4 6.71 14.09 3.75 10.09 17.4 22.56 19.12 6.71 11.86 6.75 25.3 15.46 17.4 7.72 22.56 3.75 11.86 18.12 0.0 2.25 10.09 22.56 6.75 6.0 3.75 11.86 6.71 24.85 25.3 6.0 7.72 13.79 7.72 13.79 22.56 7.72 14.56 3.75 7.72 17.32 7.72 6.75 2.25 6.0 3.75 6.71 18.12 2.25 14.09 14.09 14.09 6.0 19.12 0.0 14.09 6.71 7.72 14.09 2.25 10.09 17.4 14.56 7.72 18.12 17.4 13.79 7.72 14.56 6.75 0.0 14.56 18.12 11.86 2.25 6.75 6.71 0.0 25.3
16.97 5.41 7.97 9.28 2.37 16.97 5.3 7.97 10.01 8.11 9.28 4.56 9.78 13.1 5.41 7.97 13.1 10.01 16.97 4.56 4.56 14.56 13.42 5.3 10.01 9.78 12.21 16.97 4.56 9.28 14.09 13.1 12.21 13.1 3.09 6.91 3.09 10.01 6.91 0.0 16.97 6.91 5.41 6.91 9.78 13.42 12.21 16.97 9.28 4.56 13.42 2.37 2.37 2.37 12.21 8.11 14.56 2.37 9.28 13.1 2.37 13.42 5.3 7.97 0.0 13.1 4.56 7.97 3.09 13.1 0.0 9.78 14.56 0.0 4.56 4.56 13.42 9.78 9.28 14.56 13.1
19.97 2.25 5.3 13.58 4.04 19.97 9.75 5.3 5.46 4.37 13.58 6.45 12.3 8.55 4.04 5.3 14.89 5.46 19.97 6.45 0.0 18.12 17.32 9.75 5.46 12.3 16.57 19.97 6.45 13.58 9.78 8.55 16.57 14.89 4.37 10.45 4.37 5.46 10.45 4.56 19.97 10.45 2.25 10.45 12.3 17.32 16.57 19.97 13.58 0.0 17.32 4.04 4.04 4.04 16.57 4.37 18.12 4.04 13.58 14.89 4.04 17.32 9.75 5.3 4.56 14.89 0.0 5.3 4.37 14.89 4.56 12.3 18.12 4.56 0.0 6.45 17.32 12.3 13.58 18.12 8.55
13.52 5.46 6.18 8.55 2.7 13.52 5.86 6.18 10.74 7.5 8.55 0.0 5.86 13.58 3.75 6.18 8.75 10.74 13.52 0.0 6.45 11.86 11.35 5.86 10.74 5.86 11.47 13.52 0.0 8.55 13.58 13.58 11.47 8.75 2.12 4.5 2.12 10.74 4.5 4.56 13.52 4.5 5.46 4.5 5.86 11.35 11.47 13.52 8.55 6.45 11.35 2.7 2.7 2.7 11.47 7.5 11.86 2.7 8.55 8.75 2.7 11.35 5.86 6.18 4.56 8.75 6.45 6.18 2.12 8.75 4.56 5.86 11.86 4.56 6.45 0.0 11.35 5.86 8.55 11.86 13.58
6.0 16.77 17.25 4.8 13.29 6.0 8.55 17.25 22.07 18.81 4.8 11.35 7.12 24.93 15.07 17.25 9.03 22.07 6.0 11.35 17.32 2.25 0.0 8.55 22.07 7.12 3.75 6.0 11.35 4.8 24.75 24.93 3.75 9.03 13.1 6.91 13.1 22.07 6.91 13.42 6.0 6.91 16.77 6.91 7.12 0.0 3.75 6.0 4.8 17.32 0.0 13.29 13.29 13.29 3.75 18.81 2.25 13.29 4.8 9.03 13.29 0.0 8.55 17.25 13.42 9.03 17.32 17.25 13.1 9.03 13.42 7.12 2.25 13.42 17.32 11.35 0.0 7.12 4.8 2.25 24.93
7.72 11.07 10.74 7.08 8.49 7.72 7.5 10.74 16.16 12.57 7.08 5.86 0.0 18.75 9.06 10.74 3.75 16.16 7.72 5.86 12.3 6.75 7.12 7.5 16.16 0.0 9.03 7.72 5.86 7.08 18.14 18.75 9.03 3.75 7.97 3.75 7.97 16.16 3.75 9.78 7.72 3.75 11.07 3.75 0.0 7.12 9.03 7.72 7.08 12.3 7.12 8.49 8.49 8.49 9.03 12.57 6.75 8.49 7.08 3.75 8.49 7.12 7.5 10.74 9.78 3.75 12.3 10.74 7.97 3.75 9.78 0.0 6.75 9.78 12.3 5.86 7.12 0.0 7.08 6.75 18.75
10.2 13.52 14.74 0.0 9.75 10.2 4.04 14.74 18.75 15.91 0.0 8.55 7.08 21.76 12.21 14.74 10.45 18.75 10.2 8.55 13.58 6.71 4.8 4.04 18.75 7.08 3.0 10.2 8.55 0.0 22.07 21.76 3.0 10.45 9.78 4.37 9.78 18.75 4.37 9.28 10.2 4.37 13.52 4.37 7.08 4.8 3.0 10.2 0.0 13.58 4.8 9.75 9.75 9.75 3.0 15.91 6.71 9.75 0.0 10.45 9.75 4.8 4.04 14.74 9.28 10.45 13.58 14.74 9.78 10.45 9.28 7.08 6.71 9.28 13.58 8.55 4.8 7.08 0.0 6.71 21.76
3.75 17.32 17.4 6.71 14.09 3.75 10.09 17.4 22.56 19.12 6.71 11.86 6.75 25.3 15.46 17.4 7.72 22.56 3.75 11.86 18.12 0.0 2.25 10.09 22.56 6.75 6.0 3.75 11.86 6.71 24.85 25.3 6.0 7.72 13.79 7.72 13.79 22.56 7.72 14.56 3.75 7.72 17.32 7.72 6.75 2.25 6.0 3.75 6.71 18.12 2.25 14.09 14.09 14.09 6.0 19.12 0.0 14.09 6.71 7.72 14.09 2.25 10.09 17.4 14.56 7.72 18.12 17.4 13.79 7.72 14.56 6.75 0.0 14.56 18.12 11.86 2.25 6.75 6.71 0.0 25.3
26.34 8.25 8.08 21.76 12.02 26.34 18.14 8.08 3.09 6.18 21.76 13.58 18.75 0.0 9.86 8.08 20.12 3.09 26.34 13.58 8.55 25.3 24.93 18.14 3.09 18.75 24.76 26.34 13.58 21.76 3.0 0.0 24.76 20.12 12.0 18.06 12.0 3.09 18.06 13.1 26.34 18.06 8.25 18.06 18.75 24.93 24.76 26.34 21.76 8.55 24.93 12.02 12.02 12.02 24.76 6.18 25.3 12.02 21.76 20.12 12.02 24.93 18.14 8.08 13.1 20.12 8.55 8.08 12.0 20.12 13.1 18.75 25.3 13.1 8.55 13.58 24.93 18.75 21.76 25.3 0.0
