0.0 19.97 7.72 13.12 0.0 3.75 13.52 6.0 0.0 10.09 18.79 15.61 19.97 10.09 23.84 26.34 23.84 9.75 16.77 18.26 26.34 25.47 18.26 23.84 0.0 13.12 25.47 23.84 16.05 0.0 25.47 20.19 10.2 16.97 19.97 23.84 6.75 13.52 23.84 13.52 20.19 6.75 3.75 0.0 9.75 19.97 15.61 6.0 18.26 13.12 0.0 15.61 20.19 6.75 6.75 26.34 16.77 20.19 19.97 23.84 13.12
19.97 0.0 12.3 9.75 19.97 18.12 6.45 17.32 19.97 10.45 2.25 4.37 0.0 10.45 5.46 8.55 5.46 16.57 4.04 5.3 8.55 9.78 5.3 5.46 19.97 9.75 9.78 5.46 4.04 19.97 9.78 4.37 13.58 4.56 0.0 5.46 14.89 6.45 5.46 6.45 4.37 14.89 18.12 19.97 16.57 0.0 4.37 17.32 5.3 9.75 19.97 4.37 4.37 14.89 14.89 8.55 4.04 4.37 0.0 5.46 9.75
7.72 12.3 0.0 7.5 7.72 6.75 5.86 7.12 7.72 3.75 11.07 7.97 12.3 3.75 16.16 18.75 16.16 9.03 9.06 10.74 18.75 18.14 10.74 16.16 7.72 7.5 18.14 16.16 8.49 7.72 18.14 12.57 7.08 9.78 12.3 16.16 3.75 5.86 16.16 5.86 12.57 3.75 6.75 7.72 9.03 12.3 7.97 7.12 10.74 7.5 7.72 7.97 12.57 3.75 3.75 18.75 9.06 12.57 12.3 16.16 7.5
13.12 9.75 7.5 0.0 13.12 10.09 5.86 8.55 13.12 3.75 10.01 6.41 9.75 3.75 15.07 18.14 15.07 6.91 9.06 11.74 18.14 18.75 11.74 15.07 13.12 0.0 18.75 15.07 6.18 13.12 18.75 12.57 4.04 5.3 9.75 15.07 11.25 5.86 15.07 5.86 12.57 11.25 10.09 13.12 6.91 9.75 6.41 8.55 11.74 0.0 13.12 6.41 12.57 11.25 11.25 18.14 9.06 12.57 9.75 15.07 0.0
0.0 19.97 7.72 13.12 0.0 3.75 13.52 6.0 0.0 10.09 18.79 15.61 19.97 10.09 23.84 26.34 23.84 9.75 16.77 18.26 26.34 25.47 18.26 23.84 0.0 13.12 25.47 23.84 16.05 0.0 25.47 20.19 10.2 16.97 19.97 23.84 6.75 13.52 23.84 13.52 20.19 6.75 3.75 0.0 9.75 19.97 15.61 6.0 18.26 13.12 0.0 15.61 20.19 6.75 6.75 26.34 16.77 20.19 19.97 23.84 13.12
3.75 18.12 6.75 10.09 3.75 0.0 11.86 2.25 3.75 7.72 17.32 13.79 18.12 7.72 22.56 25.3 22.56 6.0 15.46 17.4 25.3 24.85 17.4 22.56 3.75 10.09 24.85 22.56 14.09 3.75 24.85 19.12 6.71 14.56 18.12 22.56 7.72 11.86 22.56 11.86 19.12 7.72 0.0 3.75 6.0 18.12 13.79 2.25 17.4 10.09 3.75 13.79 19.12 7.72 7.72 25.3 15.46 19.12 18.12 22.56 10.09
13.52 6.45 5.86 5.86 13.52 11.86 0.0 11.35 13.52 4.5 5.46 2.12 6.45 4.5 10.74 13.58 10.74 11.47 3.75 6.18 13.58 13.58 6.18 10.74 13.52 5.86 13.58 10.74 2.7 13.52 13.58 7.5 8.55 4.56 6.45 10.74 8.75 0.0 10.74 0.0 7.5 8.75 11.86 13.52 11.47 6.45 2.12 11.35 6.18 5.86 13.52 2.12 7.5 8.75 8.75 13.58 3.75 7.5 6.45 10.74 5.86
6.0 17.32 7.12 8.55 6.0 2.25 11.35 0.0 6.0 6.91 16.77 13.1 17.32 6.91 22.07 24.93 22.07 3.75 15.07 17.25 24.93 24.75 17.25 22.07 6.0 8.55 24.75 22.07 13.29 6.0 24.75 18.81 4.8 13.42 17.32 22.07 9.03 11.35 22.07 11.35 18.81 9.03 2.25 6.0 3.75 17.32 13.1 0.0 17.25 8.55 6.0 13.1 18.81 9.03 9.03 24.93 15.07 18.81 17.32 22.07 8.55
0.0 19.97 7.72 13.12 0.0 3.75 13.52 6.0 0.0 10.09 18.79 15.61 19.97 10.09 23.84 26.34 23.84 9.75 16.77 18.26 26.34 25.47 18.26 23.84 0.0 13.12 25.47 23.84 16.05 0.0 25.47 20.19 10.2 16.97 19.97 23.84 6.75 13.52 23.84 13.52 20.19 6.75 3.75 0.0 9.75 19.97 15.61 6.0 18.26 13.12 0.0 15.61 20.19 6.75 6.75 26.34 16.77 20.19 19.97 23.84 13.12
10.09 10.45 3.75 3.75 10.09 7.72 4.5 6.91 10.09 0.0 9.86 6.18 10.45 0.0 15.17 18.06 15.17 7.12 8.25 10.61 18.06 18.06 10.61 15.17 10.09 3.75 18.06 15.17 6.41 10.09 18.06 12.0 4.37 6.91 10.45 15.17 7.5 4.5 15.17 4.5 12.0 7.5 7.72 10.09 7.12 10.45 6.18 6.91 10.61 3.75 10.09 6.18 12.0 7.5 7.5 18.06 8.25 12.0 10.45 15.17 3.75
18.79 2.25 11.07 10.01 18.79 17.32 5.46 16.77 18.79 9.86 0.0 3.75 2.25 9.86 5.3 8.25 5.3 16.52 2.12 3.09 8.25 8.78 3.09 5.3 18.79 10.01 8.78 5.3 3.82 18.79 8.78 2.7 13.52 5.41 2.25 5.3 13.27 5.46 5.3 5.46 2.7 13.27 17.32 18.79 16.52 2.25 3.75 16.77 3.09 10.01 18.79 3.75 2.7 13.27 13.27 8.25 2.12 2.7 2.25 5.3 10.01
15.61 4.37 7.97 6.41 15.61 13.79 2.12 13.1 15.61 6.18 3.75 0.0 4.37 6.18 9.03 12.0 9.03 12.77 2.7 5.41 12.0 12.37 5.41 9.03 15.61 6.41 12.37 9.03 0.75 15.61 12.37 6.18 9.78 3.09 4.37 9.03 10.82 2.12 9.03 2.12 6.18 10.82 13.79 15.61 12.77 4.37 0.0 13.1 5.41 6.41 15.61 0.0 6.18 10.82 10.82 12.0 2.7 6.18 4.37 9.03 6.41
19.97 0.0 12.3 9.75 19.97 18.12 6.45 17.32 19.97 10.45 2.25 4.37 0.0 10.45 5.46 8.55 5.46 16.57 4.04 5.3 8.55 9.78 5.3 5.46 19.97 9.75 9.78 5.46 4.04 19.97 9.78 4.37 13.58 4.56 0.0 5.46 14.89 6.45 5.46 6.45 4.37 14.89 18.12 19.97 16.57 0.0 4.37 17.32 5.3 9.75 19.97 4.37 4.37 14.89 14.89 8.55 4.04 4.37 0.0 5.46 9.75
10.09 10.45 3.75 3.75 10.09 7.72 4.5 6.91 10.09 0.0 9.86 6.18 10.45 0.0 15.17 18.06 15.17 7.12 8.25 10.61 18.06 18.06 10.61 15.17 10.09 3.75 18.06 15.17 6.41 10.09 18.06 12.0 4.37 6.91 10.45 15.17 7.5 4.5 15.17 4.5 12.0 7.5 7.72 10.09 7.12 10.45 6.18 6.91 10.61 3.75 10.09 6.18 12.0 7.5 7.5 18.06 8.25 12.0 10.45 15.17 3.75
23.84 5.46 16.16 15.07 23.84 22.56 10.74 22.07 23.84 15.17 5.3 9.03 5.46 15.17 0.0 3.09 0.0 21.75 7.12 5.86 3.09 4.8 5.86 0.0 23.84 15.07 4.8 0.0 9.0 23.84 4.8 3.75 18.75 10.01 5.46 0.0 17.89 10.74 0.0 10.74 3.75 17.89 22.56 23.84 21.75 5.46 9.03 22.07 5.86 15.07 23.84 9.03 3.75 17.89 17.89 3.09 7.12 3.75 5.46 0.0 15.07
26.34 8.55 18.75 18.14 26.34 25.3 13.58 24.93 26.34 18.06 8.25 12.0 8.55 18.06 3.09 0.0 3.09 24.76 9.86 8.08 0.0 3.0 8.08 3.09 26.34 18.14 3.0 3.09 12.02 26.34 3.0 6.18 21.76 13.1 8.55 3.09 20.12 13.58 3.09 13.58 6.18 20.12 25.3 26.34 24.76 8.55 12.0 24.93 8.08 18.14 26.34 12.0 6.18 20.12 20.12 0.0 9.86 6.18 8.55 3.09 18.14
23.84 5.46 16.16 15.07 23.84 22.56 10.74 22.07 23.84 15.17 5.3 9.03 5.46 15.17 0.0 3.09 0.0 21.75 7.12 5.86 3.09 4.8 5.86 0.0 23.84 15.07 4.8 0.0 9.0 23.84 4.8 3.75 18.75 10.01 5.46 0.0 17.89 10.74 0.0 10.74 3.75 17.89 22.56 23.84 21.75 5.46 9.03 22.07 5.86 15.07 23.84 9.03 3.75 17.89 17.89 3.09 7.12 3.75 5.46 0.0 15.07
9.75 16.57 9.03 6.91 9.75 6.0 11.47 3.75 9.75 7.12 16.52 12.77 16.57 7.12 21.75 24.76 21.75 0.0 15.17 17.65 24.76 25.03 17.65 21.75 9.75 6.91 25.03 21.75 12.75 9.75 25.03 18.88 3.0 12.21 16.57 21.75 11.86 11.47 21.75 11.47 18.88 11.86 6.0 9.75 0.0 16.57 12.77 3.75 17.65 6.91 9.75 12.77 18.88 11.86 11.86 24.76 15.17 18.88 16.57 21.75 6.91
16.77 4.04 9.06 9.06 16.77 15.46 3.75 15.07 16.77 8.25 2.12 2.7 4.04 8.25 7.12 9.86 7.12 15.17 0.0 2.7 9.86 9.86 2.7 7.12 16.77 9.06 9.86 7.12 3.18 16.77 9.86 3.75 12.21 5.41 4.04 7.12 11.15 3.75 7.12 3.75 3.75 11.15 15.46 16.77 15.17 4.04 2.7 15.07 2.7 9.06 16.77 2.7 3.75 11.15 11.15 9.86 0.0 3.75 4.04 7.12 9.06
18.26 5.3 10.74 11.74 18.26 17.4 6.18 17.25 18.26 10.61 3.09 5.41 5.3 10.61 5.86 8.08 5.86 17.65 2.7 0.0 8.08 7.5 0.0 5.86 18.26 11.74 7.5 5.86 5.86 18.26 7.5 2.12 14.74 7.97 5.3 5.86 12.09 6.18 5.86 6.18 2.12 12.09 17.4 18.26 17.65 5.3 5.41 17.25 0.0 11.74 18.26 5.41 2.12 12.09 12.09 8.08 2.7 2.12 5.3 5.86 11.74
26.34 8.55 18.75 18.14 26.34 25.3 13.58 24.93 26.34 18.06 8.25 12.0 8.55 18.06 3.09 0.0 3.09 24.76 9.86 8.08 0.0 3.0 8.08 3.09 26.34 18.14 3.0 3.09 12.02 26.34 3.0 6.18 21.76 13.1 8.55 3.09 20.12 13.58 3.09 13.58 6.18 20.12 25.3 26.34 24.76 8.55 12.0 24.93 8.08 18.14 26.34 12.0 6.18 20.12 20.12 0.0 9.86 6.18 8.55 3.09 18.14
25.47 9.78 18.14 18.75 25.47 24.85 13.58 24.75 25.47 18.06 8.78 12.37 9.78 18.06 4.8 3.0 4.8 25.03 9.86 7.5 3.0 0.0 7.5 4.8 25.47 18.75 0.0 4.8 12.57 25.47 0.0 6.18 22.07 14.09 9.78 4.8 18.97 13.58 4.8 13.58 6.18 18.97 24.85 25.47 25.03 9.78 12.37 24.75 7.5 18.75 25.47 12.37 6.18 18.97 18.97 3.0 9.86 6.18 9.78 4.8 18.75
18.26 5.3 10.74 11.74 18.26 17.4 6.18 17.25 18.26 10.61 3.09 5.41 5.3 10.61 5.86 8.08 5.86 17.65 2.7 0.0 8.08 7.5 0.0 5.86 18.26 11.74 7.5 5.86 5.86 18.26 7.5 2.12 14.74 7.97 5.3 5.86 12.09 6.18 5.86 6.18 2.12 12.09 17.4 18.26 17.65 5.3 5.41 17.25 0.0 11.74 18.26 5.41 2.12 12.09 12.09 8.08 2.7 2.12 5.3 5.86 11.74
23.84 5.46 16.16 15.07 23.84 22.56 10.74 22.07 23.84 15.17 5.3 9.03 5.46 15.17 0.0 3.09 0.0 21.75 7.12 5.86 3.09 4.8 5.86 0.0 23.84 15.07 4.8 0.0 9.0 23.84 4.8 3.75 18.75 10.01 5.46 0.0 17.89 10.74 0.0 10.74 3.75 17.89 22.56 23.84 21.75 5.46 9.03 22.07 5.86 15.07 23.84 9.03 3.75 17.89 17.89 3.09 7.12 3.75 5.46 0.0 15.07
0.0 19.97 7.72 13.12 0.0 3.75 13.52 6.0 0.0 10.09 18.79 15.61 19.97 10.09 23.84 26.34 23.84 9.75 16.77 18.26 26.34 25.47 18.26 23.84 0.0 13.12 25.47 23.84 16.05 0.0 25.47 20.19 10.2 16.97 19.97 23.84 6.75 13.52 23.84 13.52 20.19 6.75 3.75 0.0 9.75 19.97 15.61 6.0 18.26 13.12 0.0 15.61 20.19 6.75 6.75 26.34 16.77 20.19 19.97 23.84 13.12
13.12 9.75 7.5 0.0 13.12 10.09 5.86 8.55 13.12 3.75 10.01 6.41 9.75 3.75 15.07 18.14 15.07 6.91 9.06 11.74 18.14 18.75 11.74 15.07 13.12 0.0 18.75 15.07 6.18 13.12 18.75 12.57 4.04 5.3 9.75 15.07 11.25 5.86 15.07 5.86 12.57 11.25 10.09 13.12 6.91 9.75 6.41 8.55 11.74 0.0 13.12 6.41 12.57 11.25 11.25 18.14 9.06 12.57 9.75 15.07 0.0
25.47 9.78 18.14 18.75 25.47 24.85 13.58 24.75 25.47 18.06 8.78 12.37 9.78 18.06 4.8 3.0 4.8 25.03 9.86 7.5 3.0 0.0 7.5 4.8 25.47 18.75 0.0 4.8 12.57 25.47 0.0 6.18 22.07 14.09 9.78 4.8 18.97 13.58 4.8 13.58 6.18 18.97 24.85 25.47 25.03 9.78 12.37 24.75 7.5 18.75 25.47 12.37 6.18 18.97 18.97 3.0 9.86 6.18 9.78 4.8 18.75
23.84 5.46 16.16 15.07 23.84 22.56 10.74 22.07 23.84 15.17 5.3 9.03 5.46 15.17 0.0 3.09 0.0 21.75 7.12 5.86 3.09 4.8 5.86 0.0 23.84 15.07 4.8 0.0 9.0 23.84 4.8 3.75 18.75 10.01 5.46 0.0 17.89 10.74 0.0 10.74 3.75 17.89 22.56 23.84 21.75 5.46 9.03 22.07 5.86 15.07 23.84 9.03 3.75 17.89 17.89 3.09 7.12 3.75 5.46 0.0 15.07
16.05 4.04 8.49 6.18 16.05 14.09 2.7 13.29 16.05 6.41 3.82 0.75 4.04 6.41 9.0 12.02 9.0 12.75 3.18 5.86 12.02 12.57 5.86 9.0 16.05 6.18 12.57 9.0 0.0 16.05 12.57 6.41 9.75 2.37 4.04 9.0 11.45 2.7 9.0 2.7 6.41 11.45 14.09 16.05 12.75 4.04 0.75 13.29 5.86 6.18 16.05 0.75 6.41 11.45 11.45 12.02 3.18 6.41 4.04 9.0 6.18
0.0 19.97 7.72 13.12 0.0 3.75 13.52 6.0 0.0 10.09 18.79 15.61 19.97 10.09 23.84 26.34 23.84 9.75 16.77 18.26 26.34 25.47 18.26 23.84 0.0 13.12 25.47 23.84 16.05 0.0 25.47 20.19 10.2 16.97 19.97 23.84 6.75 13.52 23.84 13.52 20.19 6.75 3.75 0.0 9.75 19.97 15.61 6.0 18.26 13.12 0.0 15.61 20.19 6.75 6.75 26.34 16.77 20.19 19.97 23.84 13.12
25.47 9.78 18.14 18.75 25.47 24.85 13.58 24.75 25.47 18.06 8.78 12.37 9.78 18.06 4.8 3.0 4.8 25.03 9.86 7.5 3.0 0.0 7.5 4.8 25.47 18.75 0.0 4.8 12.57 25.47 0.0 6.18 22.07 14.09 9.78 4.8 18.97 13.58 4.8 13.58 6.18 18.97 24.85 25.47 25.03 9.78 12.37 24.75 7.5 18.75 25.47 12.37 6.18 18.97 18.97 3.0 9.86 6.18 9.78 4.8 18.75
20.19 4.37 12.57 12.57 20.19 19.12 7.5 18.81 20.19 12.0 2.7 6.18 4.37 12.0 3.75 6.18 3.75 18.88 3.75 2.12 6.18 6.18 2.12 3.75 20.19 12.57 6.18 3.75 6.41 20.19 6.18 0.0 15.91 8.11 4.37 3.75 14.15 7.5 3.75 7.5 0.0 14.15 19.12 20.19 18.88 4.37 6.18 18.81 2.12 12.57 20.19 6.18 0.0 14.15 14.15 6.18 3.75 0.0 4.37 3.75 12.57
10.2 13.58 7.08 4.04 10.2 6.71 8.55 4.8 10.2 4.37 13.52 9.78 13.58 4.37 18.75 21.76 18.75 3.0 12.21 14.74 21.76 22.07 14.74 18.75 10.2 4.04 22.07 18.75 9.75 10.2 22.07 15.91 0.0 9.28 13.58 18.75 10.45 8.55 18.75 8.55 15.91 10.45 6.71 10.2 3.0 13.58 9.78 4.8 14.74 4.04 10.2 9.78 15.91 10.45 10.45 21.76 12.21 15.91 13.58 18.75 4.04
16.97 4.56 9.78 5.3 16.97 14.56 4.56 13.42 16.97 6.91 5.41 3.09 4.56 6.91 10.01 13.1 10.01 12.21 5.41 7.97 13.1 14.09 7.97 10.01 16.97 5.3 14.09 10.01 2.37 16.97 14.09 8.11 9.28 0.0 4.56 10.01 13.1 4.56 10.01 4.56 8.11 13.1 14.56 16.97 12.21 4.56 3.09 13.42 7.97 5.3 16.97 3.09 8.11 13.1 13.1 13.1 5.41 8.11 4.56 10.01 5.3
19.97 0.0 12.3 9.75 19.97 18.12 6.45 17.32 19.97 10.45 2.25 4.37 0.0 10.45 5.46 8.55 5.46 16.57 4.04 5.3 8.55 9.78 5.3 5.46 19.97 9.75 9.78 5.46 4.04 19.97 9.78 4.37 13.58 4.56 0.0 5.46 14.89 6.45 5.46 6.45 4.37 14.89 18.12 19.97 16.57 0.0 4.37 17.32 5.3 9.75 19.97 4.37 4.37 14.89 14.89 8.55 4.04 4.37 0.0 5.46 9.75
23.84 5.46 16.16 15.07 23.84 22.56 10.74 22.07 23.84 15.17 5.3 9.03 5.46 15.17 0.0 3.09 0.0 21.75 7.12 5.86 3.09 4.8 5.86 0.0 23.84 15.07 4.8 0.0 9.0 23.84 4.8 3.75 18.75 10.01 5.46 0.0 17.89 10.74 0.0 10.74 3.75 17.89 22.56 23.84 21.75 5.46 9.03 22.07 5.86 15.07 23.84 9.03 3.75 17.89 17.89 3.09 7.12 3.75 5.46 0.0 15.07
6.75 14.89 3.75 11.25 6.75 7.72 8.75 9.03 6.75 7.5 13.27 10.82 14.89 7.5 17.89 20.12 17.89 11.86 11.15 12.09 20.12 18.97 12.09 17.89 6.75 11.25 18.97 17.89 11.45 6.75 18.97 14.15 10.45 13.1 14.89 17.89 0.0 8.75 17.89 8.75 14.15 0.0 7.72 6.75 11.86 14.89 10.82 9.03 12.09 11.25 6.75 10.82 14.15 0.0 0.0 20.12 11.15 14.15 14.89 17.89 11.25
13.52 6.45 5.86 5.86 13.52 11.86 0.0 11.35 13.52 4.5 5.46 2.12 6.45 4.5 10.74 13.58 10.74 11.47 3.75 6.18 13.58 13.58 6.18 10.74 13.52 5.86 13.58 10.74 2.7 13.52 13.58 7.5 8.55 4.56 6.45 10.74 8.75 0.0 10.74 0.0 7.5 8.75 11.86 13.52 11.47 6.45 2.12 11.35 6.18 5.86 13.52 2.12 7.5 8.75 8.75 13.58 3.75 7.5 6.45 10.74 5.86
23.84 5.46 16.16 15.07 23.84 22.56 10.74 22.07 23.84 15.17 5.3 9.03 5.46 15.17 0.0 3.09 0.0 21.75 7.12 5.86 3.09 4.8 5.86 0.0 23.84 15.07 4.8 0.0 9.0 23.84 4.8 3.75 18.75 10.01 5.46 0.0 17.89 10.74 0.0 10.74 3.75 17.89 22.56 23.84 21.75 5.46 9.03 22.07 5.86 15.07 23.84 9.03 3.75 17.89 17.89 3.09 7.12 3.75 5.46 0.0 15.07
13.52 6.45 5.86 5.86 13.52 11.86 0.0 11.35 13.52 4.5 5.46 2.12 6.45 4.5 10.74 13.58 10.74 11.47 3.75 6.18 13.58 13.58 6.18 10.74 13.52 5.86 13.58 10.74 2.7 13.52 13.58 7.5 8.55 4.56 6.45 10.74 8.75 0.0 10.74 0.0 7.5 8.75 11.86 13.52 11.47 6.45 2.12 11.35 6.18 5.86 13.52 2.12 7.5 8.75 8.75 13.58 3.75 7.5 6.45 10.74 5.86
20.19 4.37 12.57 12.57 20.19 19.12 7.5 18.81 20.19 12.0 2.7 6.18 4.37 12.0 3.75 6.18 3.75 18.88 3.75 2.12 6.18 6.18 2.12 3.75 20.19 12.57 6.18 3.75 6.41 20.19 6.18 0.0 15.91 8.11 4.37 3.75 14.15 7.5 3.75 7.5 0.0 14.15 19.12 20.19 18.88 4.37 6.18 18.81 2.12 12.57 20.19 6.18 0.0 14.15 14.15 6.18 3.75 0.0 4.37 3.75 12.57
6.75 14.89 3.75 11.25 6.75 7.72 8.75 9.03 6.75 7.5 13.27 10.82 14.89 7.5 17.89 20.12 17.89 11.86 11.15 12.09 20.12 18.97 12.09 17.89 6.75 11.25 18.97 17.89 11.45 6.75 18.97 14.15 10.45 13.1 14.89 17.89 0.0 8.75 17.89 8.75 14.15 0.0 7.72 6.75 11.86 14.89 10.82 9.03 12.09 11.25 6.75 10.82 14.15 0.0 0.0 20.12 11.15 14.15 14.89 17.89 11.25
3.75 18.12 6.75 10.09 3.75 0.0 11.86 2.25 3.75 7.72 17.32 13.79 18.12 7.72 22.56 25.3 22.56 6.0 15.46 17.4 25.3 24.85 17.4 22.56 3.75 10.09 24.85 22.56 14.09 3.75 24.85 19.12 6.71 14.56 18.12 22.56 7.72 11.86 22.56 11.86 19.12 7.72 0.0 3.75 6.0 18.12 13.79 2.25 17.4 10.09 3.75 13.79 19.12 7.72 7.72 25.3 15.46 19.12 18.12 22.56 10.09
0.0 19.97 7.72 13.12 0.0 3.75 13.52 6.0 0.0 10.09 18.79 15.61 19.97 10.09 23.84 26.34 23.84 9.75 16.77 18.26 26.34 25.47 18.26 23.84 0.0 13.12 25.47 23.84 16.05 0.0 25.47 20.19 10.2 16.97 19.97 23.84 6.75 13.52 23.84 13.52 20.19 6.75 3.75 0.0 9.75 19.97 15.61 6.0 18.26 13.12 0.0 15.61 20.19 6.75 6.75 26.34 16.77 20.19 19.97 23.84 13.12
9.75 16.57 9.03 6.91 9.75 6.0 11.47 3.75 9.75 7.12 16.52 12.77 16.57 7.12 21.75 24.76 21.75 0.0 15.17 17.65 24.76 25.03 17.65 21.75 9.75 6.91 25.03 21.75 12.75 9.75 25.03 18.88 3.0 12.21 16.57 21.75 11.86 11.47 21.75 11.47 18.88 11.86 6.0 9.75 0.0 16.57 12.77 3.75 17.65 6.91 9.75 12.77 18.88 11.86 11.86 24.76 15.17 18.88 16.57 21.75 6.91
19.97 0.0 12.3 9.75 19.97 18.12 6.45 17.32 19.97 10.45 2.25 4.37 0.0 10.45 5.46 8.55 5.46 16.57 4.04 5.3 8.55 9.78 5.3 5.46 19.97 9.75 9.78 5.46 4.04 19.97 9.78 4.37 13.58 4.56 0.0 5.46 14.89 6.45 5.46 6.45 4.37 14.89 18.12 19.97 16.57 0.0 4.37 17.32 5.3 9.75 19.97 4.37 4.37 14.89 14.89 8.55 4.04 4.37 0.0 5.46 9.75
15.61 4.37 7.97 6.41 15.61 13.79 2.12 13.1 15.61 6.18 3.75 0.0 4.37 6.18 9.03 12.0 9.03 12.77 2.7 5.41 12.0 12.37 5.41 9.03 15.61 6.41 12.37 9.03 0.75 15.61 12.37 6.18 9.78 3.09 4.37 9.03 10.82 2.12 9.03 2.12 6.18 10.82 13.79 15.61 12.77 4.37 0.0 13.1 5.41 6.41 15.61 0.0 6.18 10.82 10.82 12.0 2.7 6.18 4.37 9.03 6.41
6.0 17.32 7.12 8.55 6.0 2.25 11.35 0.0 6.0 6.91 16.77 13.1 17.32 6.91 22.07 24.93 22.07 3.75 15.07 17.25 24.93 24.75 17.25 22.07 6.0 8.55 24.75 22.07 13.29 6.0 24.75 18.81 4.8 13.42 17.32 22.07 9.03 11.35 22.07 11.35 18.81 9.03 2.25 6.0 3.75 17.32 13.1 0.0 17.25 8.55 6.0 13.1 18.81 9.03 9.03 24.93 15.07 18.81 17.32 22.07 8.55
18.26 5.3 10.74 11.74 18.26 17.4 6.18 17.25 18.26 10.61 3.09 5.41 5.3 10.61 5.86 8.08 5.86 17.65 2.7 0.0 8.08 7.5 0.0 5.86 18.26 11.74 7.5 5.86 5.86 18.26 7.5 2.12 14.74 7.97 5.3 5.86 12.09 6.18 5.86 6.18 2.12 12.09 17.4 18.26 17.65 5.3 5.41 17.25 0.0 11.74 18.26 5.41 2.12 12.09 12.09 8.08 2.7 2.12 5.3 5.86 11.74
13.12 9.75 7.5 0.0 13.12 10.09 5.86 8.55 13.12 3.75 10.01 6.41 9.75 3.75 15.07 18.14 15.07 6.91 9.06 11.74 18.14 18.75 11.74 15.07 13.12 0.0 18.75 15.07 6.18 13.12 18.75 12.57 4.04 5.3 9.75 15.07 11.25 5.86 15.07 5.86 12.57 11.25 10.09 13.12 6.91 9.75 6.41 8.55 11.74 0.0 13.12 6.41 12.57 11.25 11.25 18.14 9.06 12.57 9.75 15.07 0.0
0.0 19.97 7.72 13.12 0.0 3.75 13.52 6.0 0.0 10.09 18.79 15.61 19.97 10.09 23.84 26.34 23.84 9.75 16.77 18.26 26.34 25.47 18.26 23.84 0.0 13.12 25.47 23.84 16.05 0.0 25.47 20.19 10.2 16.97 19.97 23.84 6.75 13.52 23.84 13.52 20.19 6.75 3.75 0.0 9.75 19.97 15.61 6.0 18.26 13.12 0.0 15.61 20.19 6.75 6.75 26.34 16.77 20.19 19.97 23.84 13.12
15.61 4.37 7.97 6.41 15.61 13.79 2.12 13.1 15.61 6.18 3.75 0.0 4.37 6.18 9.03 12.0 9.03 12.77 2.7 5.41 12.0 12.37 5.41 9.03 15.61 6.41 12.37 9.03 0.75 15.61 12.37 6.18 9.78 3.09 4.37 9.03 10.82 2.12 9.03 2.12 6.18 10.82 13.79 15.61 12.77 4.37 0.0 13.1 5.41 6.41 15.61 0.0 6.18 10.82 10.82 12.0 2.7 6.18 4.37 9.03 6.41
20.19 4.37 12.57 12.57 20.19 19.12 7.5 18.81 20.19 12.0 2.7 6.18 4.37 12.0 3.75 6.18 3.75 18.88 3.75 2.12 6.18 6.18 2.12 3.75 20.19 12.57 6.18 3.75 6.41 20.19 6.18 0.0 15.91 8.11 4.37 3.75 14.15 7.5 3.75 7.5 0.0 14.15 19.12 20.19 18.88 4.37 6.18 18.81 2.12 12.57 20.19 6.18 0.0 14.15 14.15 6.18 3.75 0.0 4.37 3.75 12.57
6.75 14.89 3.75 11.25 6.75 7.72 8.75 9.03 6.75 7.5 13.27 10.82 14.89 7.5 17.89 20.12 17.89 11.86 11.15 12.09 20.12 18.97 12.09 17.89 6.75 11.25 18.97 17.89 11.45 6.75 18.97 14.15 10.45 13.1 14.89 17.89 0.0 8.75 17.89 8.75 14.15 0.0 7.72 6.75 11.86 14.89 10.82 9.03 12.09 11.25 6.75 10.82 14.15 0.0 0.0 20.12 11.15 14.15 14.89 17.89 11.25
6.75 14.89 3.75 11.25 6.75 7.72 8.75 9.03 6.75 7.5 13.27 10.82 14.89 7.5 17.89 20.12 17.89 11.86 11.15 12.09 20.12 18.97 12.09 17.89 6.75 11.25 18.97 17.89 11.45 6.75 18.97 14.15 10.45 13.1 14.89 17.89 0.0 8.75 17.89 8.75 14.15 0.0 7.72 6.75 11.86 14.89 10.82 9.03 12.09 11.25 6.75 10.82 14.15 0.0 0.0 20.12 11.15 14.15 14.89 17.89 11.25
26.34 8.55 18.75 18.14 26.34 25.3 13.58 24.93 26.34 18.06 8.25 12.0 8.55 18.06 3.09 0.0 3.09 24.76 9.86 8.08 0.0 3.0 8.08 3.09 26.34 18.14 3.0 3.09 12.02 26.34 3.0 6.18 21.76 13.1 8.55 3.09 20.12 13.58 3.09 13.58 6.18 20.12 25.3 26.34 24.76 8.55 12.0 24.93 8.08 18.14 26.34 12.0 6.18 20.12 20.12 0.0 9.86 6.18 8.55 3.09 18.14
16.77 4.04 9.06 9.06 16.77 15.46 3.75 15.07 16.77 8.25 2.12 2.7 4.04 8.25 7.12 9.86 7.12 15.17 0.0 2.7 9.86 9.86 2.7 7.12 16.77 9.06 9.86 7.12 3.18 16.77 9.86 3.75 12.21 5.41 4.04 7.12 11.15 3.75 7.12 3.75 3.75 11.15 15.46 16.77 15.17 4.04 2.7 15.07 2.7 9.06 16.77 2.7 3.75 11.15 11.15 9.86 0.0 3.75 4.04 7.12 9.06
20.19 4.37 12.57 12.57 20.19 19.12 7.5 18.81 20.19 12.0 2.7 6.18 4.37 12.0 3.75 6.18 3.75 18.88 3.75 2.12 6.18 6.18 2.12 3.75 20.19 12.57 6.18 3.75 6.41 20.19 6.18 0.0 15.91 8.11 4.37 3.75 14.15 7.5 3.75 7.5 0.0 14.15 19.12 20.19 18.88 4.37 6.18 18.81 2.12 12.57 20.19 6.18 0.0 14.15 14.15 6.18 3.75 0.0 4.37 3.75 12.57
19.97 0.0 12.3 9.75 19.97 18.12 6.45 17.32 19.97 10.45 2.25 4.37 0.0 10.45 5.46 8.55 5.46 16.57 4.04 5.3 8.55 9.78 5.3 5.46 19.97 9.75 9.78 5.46 4.04 19.97 9.78 4.37 13.58 4.56 0.0 5.46 14.89 6.45 5.46 6.45 4.37 14.89 18.12 19.97 16.57 0.0 4.37 17.32 5.3 9.75 19.97 4.37 4.37 14.89 14.89 8.55 4.04 4.37 0.0 5.46 9.75
23.84 5.46 16.16 15.07 23.84 22.56 10.74 22.07 23.84 15.17 5.3 9.03 5.46 15.17 0.0 3.09 0.0 21.75 7.12 5.86 3.09 4.8 5.86 0.0 23.84 15.07 4.8 0.0 9.0 23.84 4.8 3.75 18.75 10.01 5.46 0.0 17.89 10.74 0.0 10.74 3.75 17.89 22.56 23.84 21.75 5.46 9.03 22.07 5.86 15.07 23.84 9.03 3.75 17.89 17.89 3.09 7.12 3.75 5.46 0.0 15.07
13.12 9.75 7.5 0.0 13.12 10.09 5.86 8.55 13.12 3.75 10.01 6.41 9.75 3.75 15.07 18.14 15.07 6.91 9.06 11.74 18.14 18.75 11.74 15.07 13.12 0.0 18.75 15.07 6.18 13.12 18.75 12.57 4.04 5.3 9.75 15.07 11.25 5.86 15.07 5.86 12.57 11.25 10.09 13.12 6.91 9.75 6.41 8.55 11.74 0.0 13.12 6.41 12.57 11.25 11.25 18.14 9.06 12.57 9.75 15.07 0.0
