0.0 8.08 9.0 3.35 20.18 17.1 10.92 0.0 13.42 15.66 15.44 13.58 3.0 12.09 20.12 12.09 15.66 13.58 14.23 10.92 6.71 12.09 16.77 6.71 13.58 5.41 10.92 20.18 13.58 6.71 3.35 12.09 5.41 15.66 13.58 16.77 10.92 14.23 5.41 4.5 8.08 14.77 12.09 13.42 14.85 3.35 2.12 12.09 18.06 0.0 5.41 9.0 13.42 15.44 2.12 3.35 14.23 3.35 3.35 3.35 13.42 14.77 14.77 15.66 17.1 16.77 9.0 5.41 14.77 13.58 3.35 14.85 5.41 13.58 5.41 9.0 20.18 2.12 9.12 10.92 9.0 9.12 10.92 13.42 14.77 17.1 12.09 12.09 2.12 3.35 20.12 10.92 14.85 14.23 8.08 12.09 12.09 6.71 13.83 14.85 12.09
8.08 0.0 9.6 6.36 24.19 22.3 3.0 8.08 9.12 16.97 21.48 21.05 7.5 4.24 22.3 7.65 16.97 12.09 21.05 3.0 6.18 4.24 24.74 14.77 21.05 3.0 3.0 24.19 21.05 6.18 10.82 7.65 3.0 16.97 21.05 24.74 3.0 15.95 3.0 7.65 0.0 10.61 4.24 9.12 8.08 8.49 6.18 7.65 22.85 8.08 3.0 9.6 9.12 21.48 6.18 10.82 21.05 6.36 6.36 10.82 9.12 10.61 10.61 16.97 22.3 24.74 9.6 3.0 10.61 12.09 6.36 8.08 3.0 21.05 3.0 9.6 24.19 6.18 17.1 3.0 9.6 17.1 3.0 9.12 10.61 22.3 4.24 4.24 6.18 8.49 22.3 3.0 8.08 15.95 0.0 4.24 4.24 14.77 21.84 8.08 4.24
9.0 9.6 0.0 10.92 14.77 13.58 12.09 9.0 6.71 7.5 13.58 15.44 6.0 10.92 12.73 6.18 7.5 4.74 14.23 12.09 13.42 10.92 20.4 13.42 15.44 7.5 12.09 14.77 15.44 13.42 12.09 6.18 7.5 7.5 15.44 20.4 12.09 6.36 7.5 4.5 9.6 7.5 10.92 6.71 10.61 12.09 7.65 6.18 13.83 9.0 7.5 0.0 6.71 13.58 7.65 12.09 14.23 10.92 10.92 12.09 6.71 7.5 7.5 7.5 13.58 20.4 0.0 7.5 7.5 4.74 10.92 10.61 7.5 15.44 7.5 0.0 14.77 7.65 13.83 12.09 0.0 13.83 12.09 6.71 7.5 13.58 10.92 10.92 7.65 12.09 12.73 12.09 10.61 6.36 9.6 10.92 10.92 13.42 18.06 10.61 10.92
3.35 6.36 10.92 0.0 23.33 20.4 8.75 3.35 13.83 18.12 18.79 16.77 5.41 10.61 22.9 12.37 18.12 15.07 17.56 8.75 3.35 10.61 19.56 9.12 16.77 4.74 8.75 23.33 16.77 3.35 4.74 12.37 4.74 18.12 16.77 19.56 8.75 16.77 4.74 6.71 6.36 15.3 10.61 13.83 14.15 2.12 3.35 12.37 21.32 3.35 4.74 10.92 13.83 18.79 3.35 4.74 17.56 0.0 0.0 4.74 13.83 15.3 15.3 18.12 20.4 19.56 10.92 4.74 15.3 15.07 0.0 14.15 4.74 16.77 4.74 10.92 23.33 3.35 12.0 8.75 10.92 12.0 8.75 13.83 15.3 20.4 10.61 10.61 3.35 2.12 22.9 8.75 14.15 16.77 6.36 10.61 10.61 9.12 16.57 14.15 10.61
20.18 24.19 14.77 23.33 0.0 4.5 26.83 20.18 19.73 9.0 7.5 13.5 18.06 25.63 5.41 20.01 9.0 15.07 10.5 26.83 26.54 25.63 18.25 19.5 13.5 21.63 26.83 0.0 13.5 26.54 21.63 20.01 21.63 9.0 13.5 18.25 26.83 9.12 21.63 17.1 24.19 19.56 25.63 19.73 24.42 23.43 20.18 20.01 3.0 20.18 21.63 14.77 19.73 7.5 20.18 21.63 10.5 23.33 23.33 21.63 19.73 19.56 19.56 9.0 4.5 18.25 14.77 21.63 19.56 15.07 23.33 24.42 21.63 13.5 21.63 14.77 0.0 20.18 17.1 26.83 14.77 17.1 26.83 19.73 19.56 4.5 25.63 25.63 20.18 23.43 5.41 26.83 24.42 9.12 24.19 25.63 25.63 19.5 18.0 24.42 25.63
17.1 22.3 13.58 20.4 4.5 0.0 25.14 17.1 19.56 10.06 3.0 9.0 15.44 24.42 8.75 19.5 10.06 15.3 6.0 25.14 23.72 24.42 13.83 15.44 9.0 19.5 25.14 4.5 9.0 23.72 18.06 19.5 19.5 10.06 9.0 13.83 25.14 9.49 19.5 14.77 22.3 19.73 24.42 19.56 24.0 20.18 17.49 19.5 1.5 17.1 19.5 13.58 19.56 3.0 17.49 18.06 6.0 20.4 20.4 18.06 19.56 19.73 19.73 10.06 0.0 13.83 13.58 19.5 19.73 15.3 20.4 24.0 19.5 9.0 19.5 13.58 4.5 17.49 12.82 25.14 13.58 12.82 25.14 19.56 19.73 0.0 24.42 24.42 17.49 20.18 8.75 25.14 24.0 9.49 22.3 24.42 24.42 15.44 13.5 24.0 24.42
10.92 3.0 12.09 8.75 26.83 25.14 0.0 10.92 10.06 19.21 24.42 24.05 10.5 3.0 24.6 8.75 19.21 13.83 24.05 0.0 7.5 3.0 27.66 17.56 24.05 6.0 0.0 26.83 24.05 7.5 13.42 8.75 6.0 19.21 24.05 27.66 0.0 18.31 6.0 10.61 3.0 11.42 3.0 10.06 7.5 10.82 9.12 8.75 25.63 10.92 6.0 12.09 10.06 24.42 9.12 13.42 24.05 8.75 8.75 13.42 10.06 11.42 11.42 19.21 25.14 27.66 12.09 6.0 11.42 13.83 8.75 7.5 6.0 24.05 6.0 12.09 26.83 9.12 20.01 0.0 12.09 20.01 0.0 10.06 11.42 25.14 3.0 3.0 9.12 10.82 24.6 0.0 7.5 18.31 3.0 3.0 3.0 17.56 24.74 7.5 3.0
0.0 8.08 9.0 3.35 20.18 17.1 10.92 0.0 13.42 15.66 15.44 13.58 3.0 12.09 20.12 12.09 15.66 13.58 14.23 10.92 6.71 12.09 16.77 6.71 13.58 5.41 10.92 20.18 13.58 6.71 3.35 12.09 5.41 15.66 13.58 16.77 10.92 14.23 5.41 4.5 8.08 14.77 12.09 13.42 14.85 3.35 2.12 12.09 18.06 0.0 5.41 9.0 13.42 15.44 2.12 3.35 14.23 3.35 3.35 3.35 13.42 14.77 14.77 15.66 17.1 16.77 9.0 5.41 14.77 13.58 3.35 14.85 5.41 13.58 5.41 9.0 20.18 2.12 9.12 10.92 9.0 9.12 10.92 13.42 14.77 17.1 12.09 12.09 2.12 3.35 20.12 10.92 14.85 14.23 8.08 12.09 12.09 6.71 13.83 14.85 12.09
13.42 9.12 6.71 13.83 19.73 19.56 10.06 13.42 0.0 10.92 20.01 22.15 10.82 7.5 16.16 1.5 10.92 4.74 20.89 10.06 15.0 7.5 27.04 19.21 22.15 9.12 10.06 19.73 22.15 15.0 16.77 1.5 9.12 10.92 22.15 27.04 10.06 10.61 9.12 9.6 9.12 1.5 7.5 0.0 4.74 15.66 11.42 1.5 19.5 13.42 9.12 6.71 0.0 20.01 11.42 16.77 20.89 13.83 13.83 16.77 0.0 1.5 1.5 10.92 19.56 27.04 6.71 9.12 1.5 4.74 13.83 4.74 9.12 22.15 9.12 6.71 19.73 11.42 20.18 10.06 6.71 20.18 10.06 0.0 1.5 19.56 7.5 7.5 11.42 15.66 16.16 10.06 4.74 10.61 9.12 7.5 7.5 19.21 24.6 4.74 7.5
15.66 16.97 7.5 18.12 9.0 10.06 19.21 15.66 10.92 0.0 11.72 16.22 12.82 17.49 5.41 11.42 0.0 6.18 13.83 19.21 20.84 17.49 21.63 18.06 16.22 15.0 19.21 9.0 16.22 20.84 18.25 11.42 15.0 0.0 16.22 21.63 19.21 1.5 15.0 11.42 16.97 10.61 17.49 10.92 15.66 18.97 14.77 11.42 9.49 15.66 15.0 7.5 10.92 11.72 14.77 18.25 13.83 18.12 18.12 18.25 10.92 10.61 10.61 0.0 10.06 21.63 7.5 15.0 10.61 6.18 18.12 15.66 15.0 16.22 15.0 7.5 9.0 14.77 17.1 19.21 7.5 17.1 19.21 10.92 10.61 10.06 17.49 17.49 14.77 18.97 5.41 19.21 15.66 1.5 16.97 17.49 17.49 18.06 20.12 15.66 17.49
15.44 21.48 13.58 18.79 7.5 3.0 24.42 15.44 20.01 11.72 0.0 6.0 14.23 24.05 11.42 19.73 11.72 16.16 3.0 24.42 22.15 24.05 10.92 12.9 6.0 18.55 24.42 7.5 6.0 22.15 15.95 19.73 18.55 11.72 6.0 10.92 24.42 10.82 18.55 13.83 21.48 20.4 24.05 20.01 24.19 18.31 16.16 19.73 4.5 15.44 18.55 13.58 20.01 0.0 16.16 15.95 3.0 18.79 18.79 15.95 20.01 20.4 20.4 11.72 3.0 10.92 13.58 18.55 20.4 16.16 18.79 24.19 18.55 6.0 18.55 13.58 7.5 16.16 10.06 24.42 13.58 10.06 24.42 20.01 20.4 3.0 24.05 24.05 16.16 18.31 11.42 24.42 24.19 10.82 21.48 24.05 24.05 12.9 10.5 24.19 24.05
13.58 21.05 15.44 16.77 13.5 9.0 24.05 13.58 22.15 16.22 6.0 0.0 13.58 24.42 17.1 21.48 16.22 19.21 3.0 24.05 20.01 24.42 5.41 8.75 0.0 18.06 24.05 13.5 0.0 20.01 12.82 21.48 18.06 16.22 0.0 5.41 24.05 15.0 18.06 13.83 21.05 22.9 24.42 22.15 25.63 15.66 15.0 21.48 10.5 13.58 18.06 15.44 22.15 6.0 15.0 12.82 3.0 16.77 16.77 12.82 22.15 22.9 22.9 16.22 9.0 5.41 15.44 18.06 22.9 19.21 16.77 25.63 18.06 0.0 18.06 15.44 13.5 15.0 5.41 24.05 15.44 5.41 24.05 22.15 22.9 9.0 24.42 24.42 15.0 15.66 17.1 24.05 25.63 15.0 21.05 24.42 24.42 8.75 4.5 25.63 24.42
3.0 7.5 6.0 5.41 18.06 15.44 10.5 3.0 10.82 12.82 14.23 13.58 0.0 10.92 17.49 9.6 12.82 10.61 13.58 10.5 8.49 10.92 17.56 8.49 13.58 4.5 10.5 18.06 13.58 8.49 6.18 9.6 4.5 12.82 13.58 17.56 10.5 11.42 4.5 1.5 7.5 12.09 10.92 10.82 12.9 6.18 2.12 9.6 16.22 3.0 4.5 6.0 10.82 14.23 2.12 6.18 13.58 5.41 5.41 6.18 10.82 12.09 12.09 12.82 15.44 17.56 6.0 4.5 12.09 10.61 5.41 12.9 4.5 13.58 4.5 6.0 18.06 2.12 10.06 10.5 6.0 10.06 10.5 10.82 12.09 15.44 10.92 10.92 2.12 6.18 17.49 10.5 12.9 11.42 7.5 10.92 10.92 8.49 14.77 12.9 10.92
12.09 4.24 10.92 10.61 25.63 24.42 3.0 12.09 7.5 17.49 24.05 24.42 10.92 0.0 22.9 6.36 17.49 11.72 24.05 3.0 10.06 0.0 28.46 18.79 24.42 6.71 3.0 25.63 24.42 10.06 15.0 6.36 6.71 17.49 24.42 28.46 3.0 16.77 6.71 10.61 4.24 8.75 0.0 7.5 4.5 12.73 10.06 6.36 24.74 12.09 6.71 10.92 7.5 24.05 10.06 15.0 24.05 10.61 10.61 15.0 7.5 8.75 8.75 17.49 24.42 28.46 10.92 6.71 8.75 11.72 10.61 4.5 6.71 24.42 6.71 10.92 25.63 10.06 20.89 3.0 10.92 20.89 3.0 7.5 8.75 24.42 0.0 0.0 10.06 12.73 22.9 3.0 4.5 16.77 4.24 0.0 0.0 18.79 25.63 4.5 0.0
20.12 22.3 12.73 22.9 5.41 8.75 24.6 20.12 16.16 5.41 11.42 17.1 17.49 22.9 0.0 16.77 5.41 11.42 14.23 24.6 25.81 22.9 22.3 21.21 17.1 20.18 24.6 5.41 17.1 25.81 22.3 16.77 20.18 5.41 17.1 22.3 24.6 6.36 20.18 16.22 22.3 15.66 22.9 16.16 20.89 23.48 19.56 16.77 7.5 20.12 20.18 12.73 16.16 11.42 19.56 22.3 14.23 22.9 22.9 22.3 16.16 15.66 15.66 5.41 8.75 22.3 12.73 20.18 15.66 11.42 22.9 20.89 20.18 17.1 20.18 12.73 5.41 19.56 19.5 24.6 12.73 19.5 24.6 16.16 15.66 8.75 22.9 22.9 19.56 23.48 0.0 24.6 20.89 6.36 22.3 22.9 22.9 21.21 21.48 20.89 22.9
12.09 7.65 6.18 12.37 20.01 19.5 8.75 12.09 1.5 11.42 19.73 21.48 9.6 6.36 16.77 0.0 11.42 5.41 20.4 8.75 13.5 6.36 26.24 18.06 21.48 7.65 8.75 20.01 21.48 13.5 15.44 0.0 7.65 11.42 21.48 26.24 8.75 10.92 7.65 8.49 7.65 3.0 6.36 1.5 4.5 14.23 10.06 0.0 19.56 12.09 7.65 6.18 1.5 19.73 10.06 15.44 20.4 12.37 12.37 15.44 1.5 3.0 3.0 11.42 19.5 26.24 6.18 7.65 3.0 5.41 12.37 4.5 7.65 21.48 7.65 6.18 20.01 10.06 19.21 8.75 6.18 19.21 8.75 1.5 3.0 19.5 6.36 6.36 10.06 14.23 16.77 8.75 4.5 10.92 7.65 6.36 6.36 18.06 23.72 4.5 6.36
15.66 16.97 7.5 18.12 9.0 10.06 19.21 15.66 10.92 0.0 11.72 16.22 12.82 17.49 5.41 11.42 0.0 6.18 13.83 19.21 20.84 17.49 21.63 18.06 16.22 15.0 19.21 9.0 16.22 20.84 18.25 11.42 15.0 0.0 16.22 21.63 19.21 1.5 15.0 11.42 16.97 10.61 17.49 10.92 15.66 18.97 14.77 11.42 9.49 15.66 15.0 7.5 10.92 11.72 14.77 18.25 13.83 18.12 18.12 18.25 10.92 10.61 10.61 0.0 10.06 21.63 7.5 15.0 10.61 6.18 18.12 15.66 15.0 16.22 15.0 7.5 9.0 14.77 17.1 19.21 7.5 17.1 19.21 10.92 10.61 10.06 17.49 17.49 14.77 18.97 5.41 19.21 15.66 1.5 16.97 17.49 17.49 18.06 20.12 15.66 17.49
13.58 12.09 4.74 15.07 15.07 15.3 13.83 13.58 4.74 6.18 16.16 19.21 10.61 11.72 11.42 5.41 6.18 0.0 17.49 13.83 17.1 11.72 24.42 18.12 19.21 10.92 13.83 15.07 19.21 17.1 16.77 5.41 10.92 6.18 19.21 24.42 13.83 6.0 10.92 9.12 12.09 4.5 11.72 4.74 9.49 16.5 12.0 5.41 15.07 13.58 10.92 4.74 4.74 16.16 12.0 16.77 17.49 15.07 15.07 16.77 4.74 4.5 4.5 6.18 15.3 24.42 4.74 10.92 4.5 0.0 15.07 9.49 10.92 19.21 10.92 4.74 15.07 12.0 18.31 13.83 4.74 18.31 13.83 4.74 4.5 15.3 11.72 11.72 12.0 16.5 11.42 13.83 9.49 6.0 12.09 11.72 11.72 18.12 22.3 9.49 11.72
14.23 21.05 14.23 17.56 10.5 6.0 24.05 14.23 20.89 13.83 3.0 3.0 13.58 24.05 14.23 20.4 13.83 17.49 0.0 24.05 20.89 24.05 8.08 10.61 3.0 18.06 24.05 10.5 3.0 20.89 14.15 20.4 18.06 13.83 3.0 8.08 24.05 12.73 18.06 13.5 21.05 21.48 24.05 20.89 24.74 16.77 15.3 20.4 7.5 14.23 18.06 14.23 20.89 3.0 15.3 14.15 0.0 17.56 17.56 14.15 20.89 21.48 21.48 13.83 6.0 8.08 14.23 18.06 21.48 17.49 17.56 24.74 18.06 3.0 18.06 14.23 10.5 15.3 7.5 24.05 14.23 7.5 24.05 20.89 21.48 6.0 24.05 24.05 15.3 16.77 14.23 24.05 24.74 12.73 21.05 24.05 24.05 10.61 7.5 24.74 24.05
10.92 3.0 12.09 8.75 26.83 25.14 0.0 10.92 10.06 19.21 24.42 24.05 10.5 3.0 24.6 8.75 19.21 13.83 24.05 0.0 7.5 3.0 27.66 17.56 24.05 6.0 0.0 26.83 24.05 7.5 13.42 8.75 6.0 19.21 24.05 27.66 0.0 18.31 6.0 10.61 3.0 11.42 3.0 10.06 7.5 10.82 9.12 8.75 25.63 10.92 6.0 12.09 10.06 24.42 9.12 13.42 24.05 8.75 8.75 13.42 10.06 11.42 11.42 19.21 25.14 27.66 12.09 6.0 11.42 13.83 8.75 7.5 6.0 24.05 6.0 12.09 26.83 9.12 20.01 0.0 12.09 20.01 0.0 10.06 11.42 25.14 3.0 3.0 9.12 10.82 24.6 0.0 7.5 18.31 3.0 3.0 3.0 17.56 24.74 7.5 3.0
6.71 6.18 13.42 3.35 26.54 23.72 7.5 6.71 15.0 20.84 22.15 20.01 8.49 10.06 25.81 13.5 20.84 17.1 20.89 7.5 0.0 10.06 22.5 12.0 20.01 6.18 7.5 26.54 20.01 0.0 7.5 13.5 6.18 20.84 20.01 22.5 7.5 19.56 6.18 9.6 6.18 16.5 10.06 15.0 14.23 4.5 6.36 13.5 24.6 6.71 6.18 13.42 15.0 22.15 6.36 7.5 20.89 3.35 3.35 7.5 15.0 16.5 16.5 20.84 23.72 22.5 13.42 6.18 16.5 17.1 3.35 14.23 6.18 20.01 6.18 13.42 26.54 6.36 15.07 7.5 13.42 15.07 7.5 15.0 16.5 23.72 10.06 10.06 6.36 4.5 25.81 7.5 14.23 19.56 6.18 10.06 10.06 12.0 19.5 14.23 10.06
12.09 4.24 10.92 10.61 25.63 24.42 3.0 12.09 7.5 17.49 24.05 24.42 10.92 0.0 22.9 6.36 17.49 11.72 24.05 3.0 10.06 0.0 28.46 18.79 24.42 6.71 3.0 25.63 24.42 10.06 15.0 6.36 6.71 17.49 24.42 28.46 3.0 16.77 6.71 10.61 4.24 8.75 0.0 7.5 4.5 12.73 10.06 6.36 24.74 12.09 6.71 10.92 7.5 24.05 10.06 15.0 24.05 10.61 10.61 15.0 7.5 8.75 8.75 17.49 24.42 28.46 10.92 6.71 8.75 11.72 10.61 4.5 6.71 24.42 6.71 10.92 25.63 10.06 20.89 3.0 10.92 20.89 3.0 7.5 8.75 24.42 0.0 0.0 10.06 12.73 22.9 3.0 4.5 16.77 4.24 0.0 0.0 18.79 25.63 4.5 0.0
16.77 24.74 20.4 19.56 18.25 13.83 27.66 16.77 27.04 21.63 10.92 5.41 17.56 28.46 22.3 26.24 21.63 24.42 8.08 27.66 22.5 28.46 0.0 10.5 5.41 21.84 27.66 18.25 5.41 22.5 15.0 26.24 21.84 21.63 5.41 0.0 27.66 20.4 21.84 18.12 24.74 27.9 28.46 27.04 30.19 18.0 18.55 26.24 15.3 16.77 21.84 20.4 27.04 10.92 18.55 15.0 8.08 19.56 19.56 15.0 27.04 27.9 27.9 21.63 13.83 0.0 20.4 21.84 27.9 24.42 19.56 30.19 21.84 5.41 21.84 20.4 18.25 18.55 7.65 27.66 20.4 7.65 27.66 27.04 27.9 13.83 28.46 28.46 18.55 18.0 22.3 27.66 30.19 20.4 24.74 28.46 28.46 10.5 3.0 30.19 28.46
6.71 14.77 13.42 9.12 19.5 15.44 17.56 6.71 19.21 18.06 12.9 8.75 8.49 18.79 21.21 18.06 18.06 18.12 10.61 17.56 12.0 18.79 10.5 0.0 8.75 12.09 17.56 19.5 8.75 12.0 4.5 18.06 12.09 18.06 8.75 10.5 17.56 16.57 12.09 9.6 14.77 20.4 18.79 19.21 21.32 7.5 8.75 18.06 16.77 6.71 12.09 13.42 19.21 12.9 8.75 4.5 10.61 9.12 9.12 4.5 19.21 20.4 20.4 18.06 15.44 10.5 13.42 12.09 20.4 18.12 9.12 21.32 12.09 8.75 12.09 13.42 19.5 8.75 3.35 17.56 13.42 3.35 17.56 19.21 20.4 15.44 18.79 18.79 8.75 7.5 21.21 17.56 21.32 16.57 14.77 18.79 18.79 0.0 7.5 21.32 18.79
13.58 21.05 15.44 16.77 13.5 9.0 24.05 13.58 22.15 16.22 6.0 0.0 13.58 24.42 17.1 21.48 16.22 19.21 3.0 24.05 20.01 24.42 5.41 8.75 0.0 18.06 24.05 13.5 0.0 20.01 12.82 21.48 18.06 16.22 0.0 5.41 24.05 15.0 18.06 13.83 21.05 22.9 24.42 22.15 25.63 15.66 15.0 21.48 10.5 13.58 18.06 15.44 22.15 6.0 15.0 12.82 3.0 16.77 16.77 12.82 22.15 22.9 22.9 16.22 9.0 5.41 15.44 18.06 22.9 19.21 16.77 25.63 18.06 0.0 18.06 15.44 13.5 15.0 5.41 24.05 15.44 5.41 24.05 22.15 22.9 9.0 24.42 24.42 15.0 15.66 17.1 24.05 25.63 15.0 21.05 24.42 24.42 8.75 4.5 25.63 24.42
5.41 3.0 7.5 4.74 21.63 19.5 6.0 5.41 9.12 15.0 18.55 18.06 4.5 6.71 20.18 7.65 15.0 10.92 18.06 6.0 6.18 6.71 21.84 12.09 18.06 0.0 6.0 21.63 18.06 6.18 8.49 7.65 0.0 15.0 18.06 21.84 6.0 13.83 0.0 4.74 3.0 10.61 6.71 9.12 9.6 6.71 3.35 7.65 20.12 5.41 0.0 7.5 9.12 18.55 3.35 8.49 18.06 4.74 4.74 8.49 9.12 10.61 10.61 15.0 19.5 21.84 7.5 0.0 10.61 10.92 4.74 9.6 0.0 18.06 0.0 7.5 21.63 3.35 14.23 6.0 7.5 14.23 6.0 9.12 10.61 19.5 6.71 6.71 3.35 6.71 20.18 6.0 9.6 13.83 3.0 6.71 6.71 12.09 18.97 9.6 6.71
10.92 3.0 12.09 8.75 26.83 25.14 0.0 10.92 10.06 19.21 24.42 24.05 10.5 3.0 24.6 8.75 19.21 13.83 24.05 0.0 7.5 3.0 27.66 17.56 24.05 6.0 0.0 26.83 24.05 7.5 13.42 8.75 6.0 19.21 24.05 27.66 0.0 18.31 6.0 10.61 3.0 11.42 3.0 10.06 7.5 10.82 9.12 8.75 25.63 10.92 6.0 12.09 10.06 24.42 9.12 13.42 24.05 8.75 8.75 13.42 10.06 11.42 11.42 19.21 25.14 27.66 12.09 6.0 11.42 13.83 8.75 7.5 6.0 24.05 6.0 12.09 26.83 9.12 20.01 0.0 12.09 20.01 0.0 10.06 11.42 25.14 3.0 3.0 9.12 10.82 24.6 0.0 7.5 18.31 3.0 3.0 3.0 17.56 24.74 7.5 3.0
20.18 24.19 14.77 23.33 0.0 4.5 26.83 20.18 19.73 9.0 7.5 13.5 18.06 25.63 5.41 20.01 9.0 15.07 10.5 26.83 26.54 25.63 18.25 19.5 13.5 21.63 26.83 0.0 13.5 26.54 21.63 20.01 21.63 9.0 13.5 18.25 26.83 9.12 21.63 17.1 24.19 19.56 25.63 19.73 24.42 23.43 20.18 20.01 3.0 20.18 21.63 14.77 19.73 7.5 20.18 21.63 10.5 23.33 23.33 21.63 19.73 19.56 19.56 9.0 4.5 18.25 14.77 21.63 19.56 15.07 23.33 24.42 21.63 13.5 21.63 14.77 0.0 20.18 17.1 26.83 14.77 17.1 26.83 19.73 19.56 4.5 25.63 25.63 20.18 23.43 5.41 26.83 24.42 9.12 24.19 25.63 25.63 19.5 18.0 24.42 25.63
13.58 21.05 15.44 16.77 13.5 9.0 24.05 13.58 22.15 16.22 6.0 0.0 13.58 24.42 17.1 21.48 16.22 19.21 3.0 24.05 20.01 24.42 5.41 8.75 0.0 18.06 24.05 13.5 0.0 20.01 12.82 21.48 18.06 16.22 0.0 5.41 24.05 15.0 18.06 13.83 21.05 22.9 24.42 22.15 25.63 15.66 15.0 21.48 10.5 13.58 18.06 15.44 22.15 6.0 15.0 12.82 3.0 16.77 16.77 12.82 22.15 22.9 22.9 16.22 9.0 5.41 15.44 18.06 22.9 19.21 16.77 25.63 18.06 0.0 18.06 15.44 13.5 15.0 5.41 24.05 15.44 5.41 24.05 22.15 22.9 9.0 24.42 24.42 15.0 15.66 17.1 24.05 25.63 15.0 21.05 24.42 24.42 8.75 4.5 25.63 24.42
6.71 6.18 13.42 3.35 26.54 23.72 7.5 6.71 15.0 20.84 22.15 20.01 8.49 10.06 25.81 13.5 20.84 17.1 20.89 7.5 0.0 10.06 22.5 12.0 20.01 6.18 7.5 26.54 20.01 0.0 7.5 13.5 6.18 20.84 20.01 22.5 7.5 19.56 6.18 9.6 6.18 16.5 10.06 15.0 14.23 4.5 6.36 13.5 24.6 6.71 6.18 13.42 15.0 22.15 6.36 7.5 20.89 3.35 3.35 7.5 15.0 16.5 16.5 20.84 23.72 22.5 13.42 6.18 16.5 17.1 3.35 14.23 6.18 20.01 6.18 13.42 26.54 6.36 15.07 7.5 13.42 15.07 7.5 15.0 16.5 23.72 10.06 10.06 6.36 4.5 25.81 7.5 14.23 19.56 6.18 10.06 10.06 12.0 19.5 14.23 10.06
3.35 10.82 12.09 4.74 21.63 18.06 13.42 3.35 16.77 18.25 15.95 12.82 6.18 15.0 22.3 15.44 18.25 16.77 14.15 13.42 7.5 15.0 15.0 4.5 12.82 8.49 13.42 21.63 12.82 7.5 0.0 15.44 8.49 18.25 12.82 15.0 13.42 16.77 8.49 7.65 10.82 18.12 15.0 16.77 18.06 3.0 5.41 15.44 19.21 3.35 8.49 12.09 16.77 15.95 5.41 0.0 14.15 4.74 4.74 0.0 16.77 18.12 18.12 18.25 18.06 15.0 12.09 8.49 18.12 16.77 4.74 18.06 8.49 12.82 8.49 12.09 21.63 5.41 7.65 13.42 12.09 7.65 13.42 16.77 18.12 18.06 15.0 15.0 5.41 3.0 22.3 13.42 18.06 16.77 10.82 15.0 15.0 4.5 12.0 18.06 15.0
12.09 7.65 6.18 12.37 20.01 19.5 8.75 12.09 1.5 11.42 19.73 21.48 9.6 6.36 16.77 0.0 11.42 5.41 20.4 8.75 13.5 6.36 26.24 18.06 21.48 7.65 8.75 20.01 21.48 13.5 15.44 0.0 7.65 11.42 21.48 26.24 8.75 10.92 7.65 8.49 7.65 3.0 6.36 1.5 4.5 14.23 10.06 0.0 19.56 12.09 7.65 6.18 1.5 19.73 10.06 15.44 20.4 12.37 12.37 15.44 1.5 3.0 3.0 11.42 19.5 26.24 6.18 7.65 3.0 5.41 12.37 4.5 7.65 21.48 7.65 6.18 20.01 10.06 19.21 8.75 6.18 19.21 8.75 1.5 3.0 19.5 6.36 6.36 10.06 14.23 16.77 8.75 4.5 10.92 7.65 6.36 6.36 18.06 23.72 4.5 6.36
5.41 3.0 7.5 4.74 21.63 19.5 6.0 5.41 9.12 15.0 18.55 18.06 4.5 6.71 20.18 7.65 15.0 10.92 18.06 6.0 6.18 6.71 21.84 12.09 18.06 0.0 6.0 21.63 18.06 6.18 8.49 7.65 0.0 15.0 18.06 21.84 6.0 13.83 0.0 4.74 3.0 10.61 6.71 9.12 9.6 6.71 3.35 7.65 20.12 5.41 0.0 7.5 9.12 18.55 3.35 8.49 18.06 4.74 4.74 8.49 9.12 10.61 10.61 15.0 19.5 21.84 7.5 0.0 10.61 10.92 4.74 9.6 0.0 18.06 0.0 7.5 21.63 3.35 14.23 6.0 7.5 14.23 6.0 9.12 10.61 19.5 6.71 6.71 3.35 6.71 20.18 6.0 9.6 13.83 3.0 6.71 6.71 12.09 18.97 9.6 6.71
15.66 16.97 7.5 18.12 9.0 10.06 19.21 15.66 10.92 0.0 11.72 16.22 12.82 17.49 5.41 11.42 0.0 6.18 13.83 19.21 20.84 17.49 21.63 18.06 16.22 15.0 19.21 9.0 16.22 20.84 18.25 11.42 15.0 0.0 16.22 21.63 19.21 1.5 15.0 11.42 16.97 10.61 17.49 10.92 15.66 18.97 14.77 11.42 9.49 15.66 15.0 7.5 10.92 11.72 14.77 18.25 13.83 18.12 18.12 18.25 10.92 10.61 10.61 0.0 10.06 21.63 7.5 15.0 10.61 6.18 18.12 15.66 15.0 16.22 15.0 7.5 9.0 14.77 17.1 19.21 7.5 17.1 19.21 10.92 10.61 10.06 17.49 17.49 14.77 18.97 5.41 19.21 15.66 1.5 16.97 17.49 17.49 18.06 20.12 15.66 17.49
13.58 21.05 15.44 16.77 13.5 9.0 24.05 13.58 22.15 16.22 6.0 0.0 13.58 24.42 17.1 21.48 16.22 19.21 3.0 24.05 20.01 24.42 5.41 8.75 0.0 18.06 24.05 13.5 0.0 20.01 12.82 21.48 18.06 16.22 0.0 5.41 24.05 15.0 18.06 13.83 21.05 22.9 24.42 22.15 25.63 15.66 15.0 21.48 10.5 13.58 18.06 15.44 22.15 6.0 15.0 12.82 3.0 16.77 16.77 12.82 22.15 22.9 22.9 16.22 9.0 5.41 15.44 18.06 22.9 19.21 16.77 25.63 18.06 0.0 18.06 15.44 13.5 15.0 5.41 24.05 15.44 5.41 24.05 22.15 22.9 9.0 24.42 24.42 15.0 15.66 17.1 24.05 25.63 15.0 21.05 24.42 24.42 8.75 4.5 25.63 24.42
16.77 24.74 20.4 19.56 18.25 13.83 27.66 16.77 27.04 21.63 10.92 5.41 17.56 28.46 22.3 26.24 21.63 24.42 8.08 27.66 22.5 28.46 0.0 10.5 5.41 21.84 27.66 18.25 5.41 22.5 15.0 26.24 21.84 21.63 5.41 0.0 27.66 20.4 21.84 18.12 24.74 27.9 28.46 27.04 30.19 18.0 18.55 26.24 15.3 16.77 21.84 20.4 27.04 10.92 18.55 15.0 8.08 19.56 19.56 15.0 27.04 27.9 27.9 21.63 13.83 0.0 20.4 21.84 27.9 24.42 19.56 30.19 21.84 5.41 21.84 20.4 18.25 18.55 7.65 27.66 20.4 7.65 27.66 27.04 27.9 13.83 28.46 28.46 18.55 18.0 22.3 27.66 30.19 20.4 24.74 28.46 28.46 10.5 3.0 30.19 28.46
10.92 3.0 12.09 8.75 26.83 25.14 0.0 10.92 10.06 19.21 24.42 24.05 10.5 3.0 24.6 8.75 19.21 13.83 24.05 0.0 7.5 3.0 27.66 17.56 24.05 6.0 0.0 26.83 24.05 7.5 13.42 8.75 6.0 19.21 24.05 27.66 0.0 18.31 6.0 10.61 3.0 11.42 3.0 10.06 7.5 10.82 9.12 8.75 25.63 10.92 6.0 12.09 10.06 24.42 9.12 13.42 24.05 8.75 8.75 13.42 10.06 11.42 11.42 19.21 25.14 27.66 12.09 6.0 11.42 13.83 8.75 7.5 6.0 24.05 6.0 12.09 26.83 9.12 20.01 0.0 12.09 20.01 0.0 10.06 11.42 25.14 3.0 3.0 9.12 10.82 24.6 0.0 7.5 18.31 3.0 3.0 3.0 17.56 24.74 7.5 3.0
14.23 15.95 6.36 16.77 9.12 9.49 18.31 14.23 10.61 1.5 10.82 15.0 11.42 16.77 6.36 10.92 1.5 6.0 12.73 18.31 19.56 16.77 20.4 16.57 15.0 13.83 18.31 9.12 15.0 19.56 16.77 10.92 13.83 1.5 15.0 20.4 18.31 0.0 13.83 10.06 15.95 10.5 16.77 10.61 15.3 17.56 13.42 10.92 9.12 14.23 13.83 6.36 10.61 10.82 13.42 16.77 12.73 16.77 16.77 16.77 10.61 10.5 10.5 1.5 9.49 20.4 6.36 13.83 10.5 6.0 16.77 15.3 13.83 15.0 13.83 6.36 9.12 13.42 15.66 18.31 6.36 15.66 18.31 10.61 10.5 9.49 16.77 16.77 13.42 17.56 6.36 18.31 15.3 0.0 15.95 16.77 16.77 16.57 18.79 15.3 16.77
5.41 3.0 7.5 4.74 21.63 19.5 6.0 5.41 9.12 15.0 18.55 18.06 4.5 6.71 20.18 7.65 15.0 10.92 18.06 6.0 6.18 6.71 21.84 12.09 18.06 0.0 6.0 21.63 18.06 6.18 8.49 7.65 0.0 15.0 18.06 21.84 6.0 13.83 0.0 4.74 3.0 10.61 6.71 9.12 9.6 6.71 3.35 7.65 20.12 5.41 0.0 7.5 9.12 18.55 3.35 8.49 18.06 4.74 4.74 8.49 9.12 10.61 10.61 15.0 19.5 21.84 7.5 0.0 10.61 10.92 4.74 9.6 0.0 18.06 0.0 7.5 21.63 3.35 14.23 6.0 7.5 14.23 6.0 9.12 10.61 19.5 6.71 6.71 3.35 6.71 20.18 6.0 9.6 13.83 3.0 6.71 6.71 12.09 18.97 9.6 6.71
4.5 7.65 4.5 6.71 17.1 14.77 10.61 4.5 9.6 11.42 13.83 13.83 1.5 10.61 16.22 8.49 11.42 9.12 13.5 10.61 9.6 10.61 18.12 9.6 13.83 4.74 10.61 17.1 13.83 9.6 7.65 8.49 4.74 11.42 13.83 18.12 10.61 10.06 4.74 0.0 7.65 10.82 10.61 9.6 12.09 7.65 3.35 8.49 15.44 4.5 4.74 4.5 9.6 13.83 3.35 7.65 13.5 6.71 6.71 7.65 9.6 10.82 10.82 11.42 14.77 18.12 4.5 4.74 10.82 9.12 6.71 12.09 4.74 13.83 4.74 4.5 17.1 3.35 10.82 10.61 4.5 10.82 10.61 9.6 10.82 14.77 10.61 10.61 3.35 7.65 16.22 10.61 12.09 10.06 7.65 10.61 10.61 9.6 15.44 12.09 10.61
8.08 0.0 9.6 6.36 24.19 22.3 3.0 8.08 9.12 16.97 21.48 21.05 7.5 4.24 22.3 7.65 16.97 12.09 21.05 3.0 6.18 4.24 24.74 14.77 21.05 3.0 3.0 24.19 21.05 6.18 10.82 7.65 3.0 16.97 21.05 24.74 3.0 15.95 3.0 7.65 0.0 10.61 4.24 9.12 8.08 8.49 6.18 7.65 22.85 8.08 3.0 9.6 9.12 21.48 6.18 10.82 21.05 6.36 6.36 10.82 9.12 10.61 10.61 16.97 22.3 24.74 9.6 3.0 10.61 12.09 6.36 8.08 3.0 21.05 3.0 9.6 24.19 6.18 17.1 3.0 9.6 17.1 3.0 9.12 10.61 22.3 4.24 4.24 6.18 8.49 22.3 3.0 8.08 15.95 0.0 4.24 4.24 14.77 21.84 8.08 4.24
14.77 10.61 7.5 15.3 19.56 19.73 11.42 14.77 1.5 10.61 20.4 22.9 12.09 8.75 15.66 3.0 10.61 4.5 21.48 11.42 16.5 8.75 27.9 20.4 22.9 10.61 11.42 19.56 22.9 16.5 18.12 3.0 10.61 10.61 22.9 27.9 11.42 10.5 10.61 10.82 10.61 0.0 8.75 1.5 5.41 17.1 12.82 3.0 19.56 14.77 10.61 7.5 1.5 20.4 12.82 18.12 21.48 15.3 15.3 18.12 1.5 0.0 0.0 10.61 19.73 27.9 7.5 10.61 0.0 4.5 15.3 5.41 10.61 22.9 10.61 7.5 19.56 12.82 21.21 11.42 7.5 21.21 11.42 1.5 0.0 19.73 8.75 8.75 12.82 17.1 15.66 11.42 5.41 10.5 10.61 8.75 8.75 20.4 25.54 5.41 8.75
12.09 4.24 10.92 10.61 25.63 24.42 3.0 12.09 7.5 17.49 24.05 24.42 10.92 0.0 22.9 6.36 17.49 11.72 24.05 3.0 10.06 0.0 28.46 18.79 24.42 6.71 3.0 25.63 24.42 10.06 15.0 6.36 6.71 17.49 24.42 28.46 3.0 16.77 6.71 10.61 4.24 8.75 0.0 7.5 4.5 12.73 10.06 6.36 24.74 12.09 6.71 10.92 7.5 24.05 10.06 15.0 24.05 10.61 10.61 15.0 7.5 8.75 8.75 17.49 24.42 28.46 10.92 6.71 8.75 11.72 10.61 4.5 6.71 24.42 6.71 10.92 25.63 10.06 20.89 3.0 10.92 20.89 3.0 7.5 8.75 24.42 0.0 0.0 10.06 12.73 22.9 3.0 4.5 16.77 4.24 0.0 0.0 18.79 25.63 4.5 0.0
13.42 9.12 6.71 13.83 19.73 19.56 10.06 13.42 0.0 10.92 20.01 22.15 10.82 7.5 16.16 1.5 10.92 4.74 20.89 10.06 15.0 7.5 27.04 19.21 22.15 9.12 10.06 19.73 22.15 15.0 16.77 1.5 9.12 10.92 22.15 27.04 10.06 10.61 9.12 9.6 9.12 1.5 7.5 0.0 4.74 15.66 11.42 1.5 19.5 13.42 9.12 6.71 0.0 20.01 11.42 16.77 20.89 13.83 13.83 16.77 0.0 1.5 1.5 10.92 19.56 27.04 6.71 9.12 1.5 4.74 13.83 4.74 9.12 22.15 9.12 6.71 19.73 11.42 20.18 10.06 6.71 20.18 10.06 0.0 1.5 19.56 7.5 7.5 11.42 15.66 16.16 10.06 4.74 10.61 9.12 7.5 7.5 19.21 24.6 4.74 7.5
14.85 8.08 10.61 14.15 24.42 24.0 7.5 14.85 4.74 15.66 24.19 25.63 12.9 4.5 20.89 4.5 15.66 9.49 24.74 7.5 14.23 4.5 30.19 21.32 25.63 9.6 7.5 24.42 25.63 14.23 18.06 4.5 9.6 15.66 25.63 30.19 7.5 15.3 9.6 12.09 8.08 5.41 4.5 4.74 0.0 16.22 12.73 4.5 24.05 14.85 9.6 10.61 4.74 24.19 12.73 18.06 24.74 14.15 14.15 18.06 4.74 5.41 5.41 15.66 24.0 30.19 10.61 9.6 5.41 9.49 14.15 0.0 9.6 25.63 9.6 10.61 24.42 12.73 22.9 7.5 10.61 22.9 7.5 4.74 5.41 24.0 4.5 4.5 12.73 16.22 20.89 7.5 0.0 15.3 8.08 4.5 4.5 21.32 27.54 0.0 4.5
3.35 8.49 12.09 2.12 23.43 20.18 10.82 3.35 15.66 18.97 18.31 15.66 6.18 12.73 23.48 14.23 18.97 16.5 16.77 10.82 4.5 12.73 18.0 7.5 15.66 6.71 10.82 23.43 15.66 4.5 3.0 14.23 6.71 18.97 15.66 18.0 10.82 17.56 6.71 7.65 8.49 17.1 12.73 15.66 16.22 0.0 4.5 14.23 21.21 3.35 6.71 12.09 15.66 18.31 4.5 3.0 16.77 2.12 2.12 3.0 15.66 17.1 17.1 18.97 20.18 18.0 12.09 6.71 17.1 16.5 2.12 16.22 6.71 15.66 6.71 12.09 23.43 4.5 10.61 10.82 12.09 10.61 10.82 15.66 17.1 20.18 12.73 12.73 4.5 0.0 23.48 10.82 16.22 17.56 8.49 12.73 12.73 7.5 15.0 16.22 12.73
2.12 6.18 7.65 3.35 20.18 17.49 9.12 2.12 11.42 14.77 16.16 15.0 2.12 10.06 19.56 10.06 14.77 12.0 15.3 9.12 6.36 10.06 18.55 8.75 15.0 3.35 9.12 20.18 15.0 6.36 5.41 10.06 3.35 14.77 15.0 18.55 9.12 13.42 3.35 3.35 6.18 12.82 10.06 11.42 12.73 4.5 0.0 10.06 18.31 2.12 3.35 7.65 11.42 16.16 0.0 5.41 15.3 3.35 3.35 5.41 11.42 12.82 12.82 14.77 17.49 18.55 7.65 3.35 12.82 12.0 3.35 12.73 3.35 15.0 3.35 7.65 20.18 0.0 10.92 9.12 7.65 10.92 9.12 11.42 12.82 17.49 10.06 10.06 0.0 4.5 19.56 9.12 12.73 13.42 6.18 10.06 10.06 8.75 15.66 12.73 10.06
12.09 7.65 6.18 12.37 20.01 19.5 8.75 12.09 1.5 11.42 19.73 21.48 9.6 6.36 16.77 0.0 11.42 5.41 20.4 8.75 13.5 6.36 26.24 18.06 21.48 7.65 8.75 20.01 21.48 13.5 15.44 0.0 7.65 11.42 21.48 26.24 8.75 10.92 7.65 8.49 7.65 3.0 6.36 1.5 4.5 14.23 10.06 0.0 19.56 12.09 7.65 6.18 1.5 19.73 10.06 15.44 20.4 12.37 12.37 15.44 1.5 3.0 3.0 11.42 19.5 26.24 6.18 7.65 3.0 5.41 12.37 4.5 7.65 21.48 7.65 6.18 20.01 10.06 19.21 8.75 6.18 19.21 8.75 1.5 3.0 19.5 6.36 6.36 10.06 14.23 16.77 8.75 4.5 10.92 7.65 6.36 6.36 18.06 23.72 4.5 6.36
18.06 22.85 13.83 21.32 3.0 1.5 25.63 18.06 19.5 9.49 4.5 10.5 16.22 24.74 7.5 19.56 9.49 15.07 7.5 25.63 24.6 24.74 15.3 16.77 10.5 20.12 25.63 3.0 10.5 24.6 19.21 19.56 20.12 9.49 10.5 15.3 25.63 9.12 20.12 15.44 22.85 19.56 24.74 19.5 24.05 21.21 18.31 19.56 0.0 18.06 20.12 13.83 19.5 4.5 18.31 19.21 7.5 21.32 21.32 19.21 19.5 19.56 19.56 9.49 1.5 15.3 13.83 20.12 19.56 15.07 21.32 24.05 20.12 10.5 20.12 13.83 3.0 18.31 14.23 25.63 13.83 14.23 25.63 19.5 19.56 1.5 24.74 24.74 18.31 21.21 7.5 25.63 24.05 9.12 22.85 24.74 24.74 16.77 15.0 24.05 24.74
0.0 8.08 9.0 3.35 20.18 17.1 10.92 0.0 13.42 15.66 15.44 13.58 3.0 12.09 20.12 12.09 15.66 13.58 14.23 10.92 6.71 12.09 16.77 6.71 13.58 5.41 10.92 20.18 13.58 6.71 3.35 12.09 5.41 15.66 13.58 16.77 10.92 14.23 5.41 4.5 8.08 14.77 12.09 13.42 14.85 3.35 2.12 12.09 18.06 0.0 5.41 9.0 13.42 15.44 2.12 3.35 14.23 3.35 3.35 3.35 13.42 14.77 14.77 15.66 17.1 16.77 9.0 5.41 14.77 13.58 3.35 14.85 5.41 13.58 5.41 9.0 20.18 2.12 9.12 10.92 9.0 9.12 10.92 13.42 14.77 17.1 12.09 12.09 2.12 3.35 20.12 10.92 14.85 14.23 8.08 12.09 12.09 6.71 13.83 14.85 12.09
5.41 3.0 7.5 4.74 21.63 19.5 6.0 5.41 9.12 15.0 18.55 18.06 4.5 6.71 20.18 7.65 15.0 10.92 18.06 6.0 6.18 6.71 21.84 12.09 18.06 0.0 6.0 21.63 18.06 6.18 8.49 7.65 0.0 15.0 18.06 21.84 6.0 13.83 0.0 4.74 3.0 10.61 6.71 9.12 9.6 6.71 3.35 7.65 20.12 5.41 0.0 7.5 9.12 18.55 3.35 8.49 18.06 4.74 4.74 8.49 9.12 10.61 10.61 15.0 19.5 21.84 7.5 0.0 10.61 10.92 4.74 9.6 0.0 18.06 0.0 7.5 21.63 3.35 14.23 6.0 7.5 14.23 6.0 9.12 10.61 19.5 6.71 6.71 3.35 6.71 20.18 6.0 9.6 13.83 3.0 6.71 6.71 12.09 18.97 9.6 6.71
9.0 9.6 0.0 10.92 14.77 13.58 12.09 9.0 6.71 7.5 13.58 15.44 6.0 10.92 12.73 6.18 7.5 4.74 14.23 12.09 13.42 10.92 20.4 13.42 15.44 7.5 12.09 14.77 15.44 13.42 12.09 6.18 7.5 7.5 15.44 20.4 12.09 6.36 7.5 4.5 9.6 7.5 10.92 6.71 10.61 12.09 7.65 6.18 13.83 9.0 7.5 0.0 6.71 13.58 7.65 12.09 14.23 10.92 10.92 12.09 6.71 7.5 7.5 7.5 13.58 20.4 0.0 7.5 7.5 4.74 10.92 10.61 7.5 15.44 7.5 0.0 14.77 7.65 13.83 12.09 0.0 13.83 12.09 6.71 7.5 13.58 10.92 10.92 7.65 12.09 12.73 12.09 10.61 6.36 9.6 10.92 10.92 13.42 18.06 10.61 10.92
13.42 9.12 6.71 13.83 19.73 19.56 10.06 13.42 0.0 10.92 20.01 22.15 10.82 7.5 16.16 1.5 10.92 4.74 20.89 10.06 15.0 7.5 27.04 19.21 22.15 9.12 10.06 19.73 22.15 15.0 16.77 1.5 9.12 10.92 22.15 27.04 10.06 10.61 9.12 9.6 9.12 1.5 7.5 0.0 4.74 15.66 11.42 1.5 19.5 13.42 9.12 6.71 0.0 20.01 11.42 16.77 20.89 13.83 13.83 16.77 0.0 1.5 1.5 10.92 19.56 27.04 6.71 9.12 1.5 4.74 13.83 4.74 9.12 22.15 9.12 6.71 19.73 11.42 20.18 10.06 6.71 20.18 10.06 0.0 1.5 19.56 7.5 7.5 11.42 15.66 16.16 10.06 4.74 10.61 9.12 7.5 7.5 19.21 24.6 4.74 7.5
15.44 21.48 13.58 18.79 7.5 3.0 24.42 15.44 20.01 11.72 0.0 6.0 14.23 24.05 11.42 19.73 11.72 16.16 3.0 24.42 22.15 24.05 10.92 12.9 6.0 18.55 24.42 7.5 6.0 22.15 15.95 19.73 18.55 11.72 6.0 10.92 24.42 10.82 18.55 13.83 21.48 20.4 24.05 20.01 24.19 18.31 16.16 19.73 4.5 15.44 18.55 13.58 20.01 0.0 16.16 15.95 3.0 18.79 18.79 15.95 20.01 20.4 20.4 11.72 3.0 10.92 13.58 18.55 20.4 16.16 18.79 24.19 18.55 6.0 18.55 13.58 7.5 16.16 10.06 24.42 13.58 10.06 24.42 20.01 20.4 3.0 24.05 24.05 16.16 18.31 11.42 24.42 24.19 10.82 21.48 24.05 24.05 12.9 10.5 24.19 24.05
2.12 6.18 7.65 3.35 20.18 17.49 9.12 2.12 11.42 14.77 16.16 15.0 2.12 10.06 19.56 10.06 14.77 12.0 15.3 9.12 6.36 10.06 18.55 8.75 15.0 3.35 9.12 20.18 15.0 6.36 5.41 10.06 3.35 14.77 15.0 18.55 9.12 13.42 3.35 3.35 6.18 12.82 10.06 11.42 12.73 4.5 0.0 10.06 18.31 2.12 3.35 7.65 11.42 16.16 0.0 5.41 15.3 3.35 3.35 5.41 11.42 12.82 12.82 14.77 17.49 18.55 7.65 3.35 12.82 12.0 3.35 12.73 3.35 15.0 3.35 7.65 20.18 0.0 10.92 9.12 7.65 10.92 9.12 11.42 12.82 17.49 10.06 10.06 0.0 4.5 19.56 9.12 12.73 13.42 6.18 10.06 10.06 8.75 15.66 12.73 10.06
3.35 10.82 12.09 4.74 21.63 18.06 13.42 3.35 16.77 18.25 15.95 12.82 6.18 15.0 22.3 15.44 18.25 16.77 14.15 13.42 7.5 15.0 15.0 4.5 12.82 8.49 13.42 21.63 12.82 7.5 0.0 15.44 8.49 18.25 12.82 15.0 13.42 16.77 8.49 7.65 10.82 18.12 15.0 16.77 18.06 3.0 5.41 15.44 19.21 3.35 8.49 12.09 16.77 15.95 5.41 0.0 14.15 4.74 4.74 0.0 16.77 18.12 18.12 18.25 18.06 15.0 12.09 8.49 18.12 16.77 4.74 18.06 8.49 12.82 8.49 12.09 21.63 5.41 7.65 13.42 12.09 7.65 13.42 16.77 18.12 18.06 15.0 15.0 5.41 3.0 22.3 13.42 18.06 16.77 10.82 15.0 15.0 4.5 12.0 18.06 15.0
14.23 21.05 14.23 17.56 10.5 6.0 24.05 14.23 20.89 13.83 3.0 3.0 13.58 24.05 14.23 20.4 13.83 17.49 0.0 24.05 20.89 24.05 8.08 10.61 3.0 18.06 24.05 10.5 3.0 20.89 14.15 20.4 18.06 13.83 3.0 8.08 24.05 12.73 18.06 13.5 21.05 21.48 24.05 20.89 24.74 16.77 15.3 20.4 7.5 14.23 18.06 14.23 20.89 3.0 15.3 14.15 0.0 17.56 17.56 14.15 20.89 21.48 21.48 13.83 6.0 8.08 14.23 18.06 21.48 17.49 17.56 24.74 18.06 3.0 18.06 14.23 10.5 15.3 7.5 24.05 14.23 7.5 24.05 20.89 21.48 6.0 24.05 24.05 15.3 16.77 14.23 24.05 24.74 12.73 21.05 24.05 24.05 10.61 7.5 24.74 24.05
3.35 6.36 10.92 0.0 23.33 20.4 8.75 3.35 13.83 18.12 18.79 16.77 5.41 10.61 22.9 12.37 18.12 15.07 17.56 8.75 3.35 10.61 19.56 9.12 16.77 4.74 8.75 23.33 16.77 3.35 4.74 12.37 4.74 18.12 16.77 19.56 8.75 16.77 4.74 6.71 6.36 15.3 10.61 13.83 14.15 2.12 3.35 12.37 21.32 3.35 4.74 10.92 13.83 18.79 3.35 4.74 17.56 0.0 0.0 4.74 13.83 15.3 15.3 18.12 20.4 19.56 10.92 4.74 15.3 15.07 0.0 14.15 4.74 16.77 4.74 10.92 23.33 3.35 12.0 8.75 10.92 12.0 8.75 13.83 15.3 20.4 10.61 10.61 3.35 2.12 22.9 8.75 14.15 16.77 6.36 10.61 10.61 9.12 16.57 14.15 10.61
3.35 6.36 10.92 0.0 23.33 20.4 8.75 3.35 13.83 18.12 18.79 16.77 5.41 10.61 22.9 12.37 18.12 15.07 17.56 8.75 3.35 10.61 19.56 9.12 16.77 4.74 8.75 23.33 16.77 3.35 4.74 12.37 4.74 18.12 16.77 19.56 8.75 16.77 4.74 6.71 6.36 15.3 10.61 13.83 14.15 2.12 3.35 12.37 21.32 3.35 4.74 10.92 13.83 18.79 3.35 4.74 17.56 0.0 0.0 4.74 13.83 15.3 15.3 18.12 20.4 19.56 10.92 4.74 15.3 15.07 0.0 14.15 4.74 16.77 4.74 10.92 23.33 3.35 12.0 8.75 10.92 12.0 8.75 13.83 15.3 20.4 10.61 10.61 3.35 2.12 22.9 8.75 14.15 16.77 6.36 10.61 10.61 9.12 16.57 14.15 10.61
3.35 10.82 12.09 4.74 21.63 18.06 13.42 3.35 16.77 18.25 15.95 12.82 6.18 15.0 22.3 15.44 18.25 16.77 14.15 13.42 7.5 15.0 15.0 4.5 12.82 8.49 13.42 21.63 12.82 7.5 0.0 15.44 8.49 18.25 12.82 15.0 13.42 16.77 8.49 7.65 10.82 18.12 15.0 16.77 18.06 3.0 5.41 15.44 19.21 3.35 8.49 12.09 16.77 15.95 5.41 0.0 14.15 4.74 4.74 0.0 16.77 18.12 18.12 18.25 18.06 15.0 12.09 8.49 18.12 16.77 4.74 18.06 8.49 12.82 8.49 12.09 21.63 5.41 7.65 13.42 12.09 7.65 13.42 16.77 18.12 18.06 15.0 15.0 5.41 3.0 22.3 13.42 18.06 16.77 10.82 15.0 15.0 4.5 12.0 18.06 15.0
13.42 9.12 6.71 13.83 19.73 19.56 10.06 13.42 0.0 10.92 20.01 22.15 10.82 7.5 16.16 1.5 10.92 4.74 20.89 10.06 15.0 7.5 27.04 19.21 22.15 9.12 10.06 19.73 22.15 15.0 16.77 1.5 9.12 10.92 22.15 27.04 10.06 10.61 9.12 9.6 9.12 1.5 7.5 0.0 4.74 15.66 11.42 1.5 19.5 13.42 9.12 6.71 0.0 20.01 11.42 16.77 20.89 13.83 13.83 16.77 0.0 1.5 1.5 10.92 19.56 27.04 6.71 9.12 1.5 4.74 13.83 4.74 9.12 22.15 9.12 6.71 19.73 11.42 20.18 10.06 6.71 20.18 10.06 0.0 1.5 19.56 7.5 7.5 11.42 15.66 16.16 10.06 4.74 10.61 9.12 7.5 7.5 19.21 24.6 4.74 7.5
14.77 10.61 7.5 15.3 19.56 19.73 11.42 14.77 1.5 10.61 20.4 22.9 12.09 8.75 15.66 3.0 10.61 4.5 21.48 11.42 16.5 8.75 27.9 20.4 22.9 10.61 11.42 19.56 22.9 16.5 18.12 3.0 10.61 10.61 22.9 27.9 11.42 10.5 10.61 10.82 10.61 0.0 8.75 1.5 5.41 17.1 12.82 3.0 19.56 14.77 10.61 7.5 1.5 20.4 12.82 18.12 21.48 15.3 15.3 18.12 1.5 0.0 0.0 10.61 19.73 27.9 7.5 10.61 0.0 4.5 15.3 5.41 10.61 22.9 10.61 7.5 19.56 12.82 21.21 11.42 7.5 21.21 11.42 1.5 0.0 19.73 8.75 8.75 12.82 17.1 15.66 11.42 5.41 10.5 10.61 8.75 8.75 20.4 25.54 5.41 8.75
14.77 10.61 7.5 15.3 19.56 19.73 11.42 14.77 1.5 10.61 20.4 22.9 12.09 8.75 15.66 3.0 10.61 4.5 21.48 11.42 16.5 8.75 27.9 20.4 22.9 10.61 11.42 19.56 22.9 16.5 18.12 3.0 10.61 10.61 22.9 27.9 11.42 10.5 10.61 10.82 10.61 0.0 8.75 1.5 5.41 17.1 12.82 3.0 19.56 14.77 10.61 7.5 1.5 20.4 12.82 18.12 21.48 15.3 15.3 18.12 1.5 0.0 0.0 10.61 19.73 27.9 7.5 10.61 0.0 4.5 15.3 5.41 10.61 22.9 10.61 7.5 19.56 12.82 21.21 11.42 7.5 21.21 11.42 1.5 0.0 19.73 8.75 8.75 12.82 17.1 15.66 11.42 5.41 10.5 10.61 8.75 8.75 20.4 25.54 5.41 8.75
15.66 16.97 7.5 18.12 9.0 10.06 19.21 15.66 10.92 0.0 11.72 16.22 12.82 17.49 5.41 11.42 0.0 6.18 13.83 19.21 20.84 17.49 21.63 18.06 16.22 15.0 19.21 9.0 16.22 20.84 18.25 11.42 15.0 0.0 16.22 21.63 19.21 1.5 15.0 11.42 16.97 10.61 17.49 10.92 15.66 18.97 14.77 11.42 9.49 15.66 15.0 7.5 10.92 11.72 14.77 18.25 13.83 18.12 18.12 18.25 10.92 10.61 10.61 0.0 10.06 21.63 7.5 15.0 10.61 6.18 18.12 15.66 15.0 16.22 15.0 7.5 9.0 14.77 17.1 19.21 7.5 17.1 19.21 10.92 10.61 10.06 17.49 17.49 14.77 18.97 5.41 19.21 15.66 1.5 16.97 17.49 17.49 18.06 20.12 15.66 17.49
17.1 22.3 13.58 20.4 4.5 0.0 25.14 17.1 19.56 10.06 3.0 9.0 15.44 24.42 8.75 19.5 10.06 15.3 6.0 25.14 23.72 24.42 13.83 15.44 9.0 19.5 25.14 4.5 9.0 23.72 18.06 19.5 19.5 10.06 9.0 13.83 25.14 9.49 19.5 14.77 22.3 19.73 24.42 19.56 24.0 20.18 17.49 19.5 1.5 17.1 19.5 13.58 19.56 3.0 17.49 18.06 6.0 20.4 20.4 18.06 19.56 19.73 19.73 10.06 0.0 13.83 13.58 19.5 19.73 15.3 20.4 24.0 19.5 9.0 19.5 13.58 4.5 17.49 12.82 25.14 13.58 12.82 25.14 19.56 19.73 0.0 24.42 24.42 17.49 20.18 8.75 25.14 24.0 9.49 22.3 24.42 24.42 15.44 13.5 24.0 24.42
16.77 24.74 20.4 19.56 18.25 13.83 27.66 16.77 27.04 21.63 10.92 5.41 17.56 28.46 22.3 26.24 21.63 24.42 8.08 27.66 22.5 28.46 0.0 10.5 5.41 21.84 27.66 18.25 5.41 22.5 15.0 26.24 21.84 21.63 5.41 0.0 27.66 20.4 21.84 18.12 24.74 27.9 28.46 27.04 30.19 18.0 18.55 26.24 15.3 16.77 21.84 20.4 27.04 10.92 18.55 15.0 8.08 19.56 19.56 15.0 27.04 27.9 27.9 21.63 13.83 0.0 20.4 21.84 27.9 24.42 19.56 30.19 21.84 5.41 21.84 20.4 18.25 18.55 7.65 27.66 20.4 7.65 27.66 27.04 27.9 13.83 28.46 28.46 18.55 18.0 22.3 27.66 30.19 20.4 24.74 28.46 28.46 10.5 3.0 30.19 28.46
9.0 9.6 0.0 10.92 14.77 13.58 12.09 9.0 6.71 7.5 13.58 15.44 6.0 10.92 12.73 6.18 7.5 4.74 14.23 12.09 13.42 10.92 20.4 13.42 15.44 7.5 12.09 14.77 15.44 13.42 12.09 6.18 7.5 7.5 15.44 20.4 12.09 6.36 7.5 4.5 9.6 7.5 10.92 6.71 10.61 12.09 7.65 6.18 13.83 9.0 7.5 0.0 6.71 13.58 7.65 12.09 14.23 10.92 10.92 12.09 6.71 7.5 7.5 7.5 13.58 20.4 0.0 7.5 7.5 4.74 10.92 10.61 7.5 15.44 7.5 0.0 14.77 7.65 13.83 12.09 0.0 13.83 12.09 6.71 7.5 13.58 10.92 10.92 7.65 12.09 12.73 12.09 10.61 6.36 9.6 10.92 10.92 13.42 18.06 10.61 10.92
5.41 3.0 7.5 4.74 21.63 19.5 6.0 5.41 9.12 15.0 18.55 18.06 4.5 6.71 20.18 7.65 15.0 10.92 18.06 6.0 6.18 6.71 21.84 12.09 18.06 0.0 6.0 21.63 18.06 6.18 8.49 7.65 0.0 15.0 18.06 21.84 6.0 13.83 0.0 4.74 3.0 10.61 6.71 9.12 9.6 6.71 3.35 7.65 20.12 5.41 0.0 7.5 9.12 18.55 3.35 8.49 18.06 4.74 4.74 8.49 9.12 10.61 10.61 15.0 19.5 21.84 7.5 0.0 10.61 10.92 4.74 9.6 0.0 18.06 0.0 7.5 21.63 3.35 14.23 6.0 7.5 14.23 6.0 9.12 10.61 19.5 6.71 6.71 3.35 6.71 20.18 6.0 9.6 13.83 3.0 6.71 6.71 12.09 18.97 9.6 6.71
14.77 10.61 7.5 15.3 19.56 19.73 11.42 14.77 1.5 10.61 20.4 22.9 12.09 8.75 15.66 3.0 10.61 4.5 21.48 11.42 16.5 8.75 27.9 20.4 22.9 10.61 11.42 19.56 22.9 16.5 18.12 3.0 10.61 10.61 22.9 27.9 11.42 10.5 10.61 10.82 10.61 0.0 8.75 1.5 5.41 17.1 12.82 3.0 19.56 14.77 10.61 7.5 1.5 20.4 12.82 18.12 21.48 15.3 15.3 18.12 1.5 0.0 0.0 10.61 19.73 27.9 7.5 10.61 0.0 4.5 15.3 5.41 10.61 22.9 10.61 7.5 19.56 12.82 21.21 11.42 7.5 21.21 11.42 1.5 0.0 19.73 8.75 8.75 12.82 17.1 15.66 11.42 5.41 10.5 10.61 8.75 8.75 20.4 25.54 5.41 8.75
13.58 12.09 4.74 15.07 15.07 15.3 13.83 13.58 4.74 6.18 16.16 19.21 10.61 11.72 11.42 5.41 6.18 0.0 17.49 13.83 17.1 11.72 24.42 18.12 19.21 10.92 13.83 15.07 19.21 17.1 16.77 5.41 10.92 6.18 19.21 24.42 13.83 6.0 10.92 9.12 12.09 4.5 11.72 4.74 9.49 16.5 12.0 5.41 15.07 13.58 10.92 4.74 4.74 16.16 12.0 16.77 17.49 15.07 15.07 16.77 4.74 4.5 4.5 6.18 15.3 24.42 4.74 10.92 4.5 0.0 15.07 9.49 10.92 19.21 10.92 4.74 15.07 12.0 18.31 13.83 4.74 18.31 13.83 4.74 4.5 15.3 11.72 11.72 12.0 16.5 11.42 13.83 9.49 6.0 12.09 11.72 11.72 18.12 22.3 9.49 11.72
3.35 6.36 10.92 0.0 23.33 20.4 8.75 3.35 13.83 18.12 18.79 16.77 5.41 10.61 22.9 12.37 18.12 15.07 17.56 8.75 3.35 10.61 19.56 9.12 16.77 4.74 8.75 23.33 16.77 3.35 4.74 12.37 4.74 18.12 16.77 19.56 8.75 16.77 4.74 6.71 6.36 15.3 10.61 13.83 14.15 2.12 3.35 12.37 21.32 3.35 4.74 10.92 13.83 18.79 3.35 4.74 17.56 0.0 0.0 4.74 13.83 15.3 15.3 18.12 20.4 19.56 10.92 4.74 15.3 15.07 0.0 14.15 4.74 16.77 4.74 10.92 23.33 3.35 12.0 8.75 10.92 12.0 8.75 13.83 15.3 20.4 10.61 10.61 3.35 2.12 22.9 8.75 14.15 16.77 6.36 10.61 10.61 9.12 16.57 14.15 10.61
14.85 8.08 10.61 14.15 24.42 24.0 7.5 14.85 4.74 15.66 24.19 25.63 12.9 4.5 20.89 4.5 15.66 9.49 24.74 7.5 14.23 4.5 30.19 21.32 25.63 9.6 7.5 24.42 25.63 14.23 18.06 4.5 9.6 15.66 25.63 30.19 7.5 15.3 9.6 12.09 8.08 5.41 4.5 4.74 0.0 16.22 12.73 4.5 24.05 14.85 9.6 10.61 4.74 24.19 12.73 18.06 24.74 14.15 14.15 18.06 4.74 5.41 5.41 15.66 24.0 30.19 10.61 9.6 5.41 9.49 14.15 0.0 9.6 25.63 9.6 10.61 24.42 12.73 22.9 7.5 10.61 22.9 7.5 4.74 5.41 24.0 4.5 4.5 12.73 16.22 20.89 7.5 0.0 15.3 8.08 4.5 4.5 21.32 27.54 0.0 4.5
5.41 3.0 7.5 4.74 21.63 19.5 6.0 5.41 9.12 15.0 18.55 18.06 4.5 6.71 20.18 7.65 15.0 10.92 18.06 6.0 6.18 6.71 21.84 12.09 18.06 0.0 6.0 21.63 18.06 6.18 8.49 7.65 0.0 15.0 18.06 21.84 6.0 13.83 0.0 4.74 3.0 10.61 6.71 9.12 9.6 6.71 3.35 7.65 20.12 5.41 0.0 7.5 9.12 18.55 3.35 8.49 18.06 4.74 4.74 8.49 9.12 10.61 10.61 15.0 19.5 21.84 7.5 0.0 10.61 10.92 4.74 9.6 0.0 18.06 0.0 7.5 21.63 3.35 14.23 6.0 7.5 14.23 6.0 9.12 10.61 19.5 6.71 6.71 3.35 6.71 20.18 6.0 9.6 13.83 3.0 6.71 6.71 12.09 18.97 9.6 6.71
13.58 21.05 15.44 16.77 13.5 9.0 24.05 13.58 22.15 16.22 6.0 0.0 13.58 24.42 17.1 21.48 16.22 19.21 3.0 24.05 20.01 24.42 5.41 8.75 0.0 18.06 24.05 13.5 0.0 20.01 12.82 21.48 18.06 16.22 0.0 5.41 24.05 15.0 18.06 13.83 21.05 22.9 24.42 22.15 25.63 15.66 15.0 21.48 10.5 13.58 18.06 15.44 22.15 6.0 15.0 12.82 3.0 16.77 16.77 12.82 22.15 22.9 22.9 16.22 9.0 5.41 15.44 18.06 22.9 19.21 16.77 25.63 18.06 0.0 18.06 15.44 13.5 15.0 5.41 24.05 15.44 5.41 24.05 22.15 22.9 9.0 24.42 24.42 15.0 15.66 17.1 24.05 25.63 15.0 21.05 24.42 24.42 8.75 4.5 25.63 24.42
5.41 3.0 7.5 4.74 21.63 19.5 6.0 5.41 9.12 15.0 18.55 18.06 4.5 6.71 20.18 7.65 15.0 10.92 18.06 6.0 6.18 6.71 21.84 12.09 18.06 0.0 6.0 21.63 18.06 6.18 8.49 7.65 0.0 15.0 18.06 21.84 6.0 13.83 0.0 4.74 3.0 10.61 6.71 9.12 9.6 6.71 3.35 7.65 20.12 5.41 0.0 7.5 9.12 18.55 3.35 8.49 18.06 4.74 4.74 8.49 9.12 10.61 10.61 15.0 19.5 21.84 7.5 0.0 10.61 10.92 4.74 9.6 0.0 18.06 0.0 7.5 21.63 3.35 14.23 6.0 7.5 14.23 6.0 9.12 10.61 19.5 6.71 6.71 3.35 6.71 20.18 6.0 9.6 13.83 3.0 6.71 6.71 12.09 18.97 9.6 6.71
9.0 9.6 0.0 10.92 14.77 13.58 12.09 9.0 6.71 7.5 13.58 15.44 6.0 10.92 12.73 6.18 7.5 4.74 14.23 12.09 13.42 10.92 20.4 13.42 15.44 7.5 12.09 14.77 15.44 13.42 12.09 6.18 7.5 7.5 15.44 20.4 12.09 6.36 7.5 4.5 9.6 7.5 10.92 6.71 10.61 12.09 7.65 6.18 13.83 9.0 7.5 0.0 6.71 13.58 7.65 12.09 14.23 10.92 10.92 12.09 6.71 7.5 7.5 7.5 13.58 20.4 0.0 7.5 7.5 4.74 10.92 10.61 7.5 15.44 7.5 0.0 14.77 7.65 13.83 12.09 0.0 13.83 12.09 6.71 7.5 13.58 10.92 10.92 7.65 12.09 12.73 12.09 10.61 6.36 9.6 10.92 10.92 13.42 18.06 10.61 10.92
20.18 24.19 14.77 23.33 0.0 4.5 26.83 20.18 19.73 9.0 7.5 13.5 18.06 25.63 5.41 20.01 9.0 15.07 10.5 26.83 26.54 25.63 18.25 19.5 13.5 21.63 26.83 0.0 13.5 26.54 21.63 20.01 21.63 9.0 13.5 18.25 26.83 9.12 21.63 17.1 24.19 19.56 25.63 19.73 24.42 23.43 20.18 20.01 3.0 20.18 21.63 14.77 19.73 7.5 20.18 21.63 10.5 23.33 23.33 21.63 19.73 19.56 19.56 9.0 4.5 18.25 14.77 21.63 19.56 15.07 23.33 24.42 21.63 13.5 21.63 14.77 0.0 20.18 17.1 26.83 14.77 17.1 26.83 19.73 19.56 4.5 25.63 25.63 20.18 23.43 5.41 26.83 24.42 9.12 24.19 25.63 25.63 19.5 18.0 24.42 25.63
2.12 6.18 7.65 3.35 20.18 17.49 9.12 2.12 11.42 14.77 16.16 15.0 2.12 10.06 19.56 10.06 14.77 12.0 15.3 9.12 6.36 10.06 18.55 8.75 15.0 3.35 9.12 20.18 15.0 6.36 5.41 10.06 3.35 14.77 15.0 18.55 9.12 13.42 3.35 3.35 6.18 12.82 10.06 11.42 12.73 4.5 0.0 10.06 18.31 2.12 3.35 7.65 11.42 16.16 0.0 5.41 15.3 3.35 3.35 5.41 11.42 12.82 12.82 14.77 17.49 18.55 7.65 3.35 12.82 12.0 3.35 12.73 3.35 15.0 3.35 7.65 20.18 0.0 10.92 9.12 7.65 10.92 9.12 11.42 12.82 17.49 10.06 10.06 0.0 4.5 19.56 9.12 12.73 13.42 6.18 10.06 10.06 8.75 15.66 12.73 10.06
9.12 17.1 13.83 12.0 17.1 12.82 20.01 9.12 20.18 17.1 10.06 5.41 10.06 20.89 19.5 19.21 17.1 18.31 7.5 20.01 15.07 20.89 7.65 3.35 5.41 14.23 20.01 17.1 5.41 15.07 7.65 19.21 14.23 17.1 5.41 7.65 20.01 15.66 14.23 10.82 17.1 21.21 20.89 20.18 22.9 10.61 10.92 19.21 14.23 9.12 14.23 13.83 20.18 10.06 10.92 7.65 7.5 12.0 12.0 7.65 20.18 21.21 21.21 17.1 12.82 7.65 13.83 14.23 21.21 18.31 12.0 22.9 14.23 5.41 14.23 13.83 17.1 10.92 0.0 20.01 13.83 0.0 20.01 20.18 21.21 12.82 20.89 20.89 10.92 10.61 19.5 20.01 22.9 15.66 17.1 20.89 20.89 3.35 4.74 22.9 20.89
10.92 3.0 12.09 8.75 26.83 25.14 0.0 10.92 10.06 19.21 24.42 24.05 10.5 3.0 24.6 8.75 19.21 13.83 24.05 0.0 7.5 3.0 27.66 17.56 24.05 6.0 0.0 26.83 24.05 7.5 13.42 8.75 6.0 19.21 24.05 27.66 0.0 18.31 6.0 10.61 3.0 11.42 3.0 10.06 7.5 10.82 9.12 8.75 25.63 10.92 6.0 12.09 10.06 24.42 9.12 13.42 24.05 8.75 8.75 13.42 10.06 11.42 11.42 19.21 25.14 27.66 12.09 6.0 11.42 13.83 8.75 7.5 6.0 24.05 6.0 12.09 26.83 9.12 20.01 0.0 12.09 20.01 0.0 10.06 11.42 25.14 3.0 3.0 9.12 10.82 24.6 0.0 7.5 18.31 3.0 3.0 3.0 17.56 24.74 7.5 3.0
9.0 9.6 0.0 10.92 14.77 13.58 12.09 9.0 6.71 7.5 13.58 15.44 6.0 10.92 12.73 6.18 7.5 4.74 14.23 12.09 13.42 10.92 20.4 13.42 15.44 7.5 12.09 14.77 15.44 13.42 12.09 6.18 7.5 7.5 15.44 20.4 12.09 6.36 7.5 4.5 9.6 7.5 10.92 6.71 10.61 12.09 7.65 6.18 13.83 9.0 7.5 0.0 6.71 13.58 7.65 12.09 14.23 10.92 10.92 12.09 6.71 7.5 7.5 7.5 13.58 20.4 0.0 7.5 7.5 4.74 10.92 10.61 7.5 15.44 7.5 0.0 14.77 7.65 13.83 12.09 0.0 13.83 12.09 6.71 7.5 13.58 10.92 10.92 7.65 12.09 12.73 12.09 10.61 6.36 9.6 10.92 10.92 13.42 18.06 10.61 10.92
9.12 17.1 13.83 12.0 17.1 12.82 20.01 9.12 20.18 17.1 10.06 5.41 10.06 20.89 19.5 19.21 17.1 18.31 7.5 20.01 15.07 20.89 7.65 3.35 5.41 14.23 20.01 17.1 5.41 15.07 7.65 19.21 14.23 17.1 5.41 7.65 20.01 15.66 14.23 10.82 17.1 21.21 20.89 20.18 22.9 10.61 10.92 19.21 14.23 9.12 14.23 13.83 20.18 10.06 10.92 7.65 7.5 12.0 12.0 7.65 20.18 21.21 21.21 17.1 12.82 7.65 13.83 14.23 21.21 18.31 12.0 22.9 14.23 5.41 14.23 13.83 17.1 10.92 0.0 20.01 13.83 0.0 20.01 20.18 21.21 12.82 20.89 20.89 10.92 10.61 19.5 20.01 22.9 15.66 17.1 20.89 20.89 3.35 4.74 22.9 20.89
10.92 3.0 12.09 8.75 26.83 25.14 0.0 10.92 10.06 19.21 24.42 24.05 10.5 3.0 24.6 8.75 19.21 13.83 24.05 0.0 7.5 3.0 27.66 17.56 24.05 6.0 0.0 26.83 24.05 7.5 13.42 8.75 6.0 19.21 24.05 27.66 0.0 18.31 6.0 10.61 3.0 11.42 3.0 10.06 7.5 10.82 9.12 8.75 25.63 10.92 6.0 12.09 10.06 24.42 9.12 13.42 24.05 8.75 8.75 13.42 10.06 11.42 11.42 19.21 25.14 27.66 12.09 6.0 11.42 13.83 8.75 7.5 6.0 24.05 6.0 12.09 26.83 9.12 20.01 0.0 12.09 20.01 0.0 10.06 11.42 25.14 3.0 3.0 9.12 10.82 24.6 0.0 7.5 18.31 3.0 3.0 3.0 17.56 24.74 7.5 3.0
13.42 9.12 6.71 13.83 19.73 19.56 10.06 13.42 0.0 10.92 20.01 22.15 10.82 7.5 16.16 1.5 10.92 4.74 20.89 10.06 15.0 7.5 27.04 19.21 22.15 9.12 10.06 19.73 22.15 15.0 16.77 1.5 9.12 10.92 22.15 27.04 10.06 10.61 9.12 9.6 9.12 1.5 7.5 0.0 4.74 15.66 11.42 1.5 19.5 13.42 9.12 6.71 0.0 20.01 11.42 16.77 20.89 13.83 13.83 16.77 0.0 1.5 1.5 10.92 19.56 27.04 6.71 9.12 1.5 4.74 13.83 4.74 9.12 22.15 9.12 6.71 19.73 11.42 20.18 10.06 6.71 20.18 10.06 0.0 1.5 19.56 7.5 7.5 11.42 15.66 16.16 10.06 4.74 10.61 9.12 7.5 7.5 19.21 24.6 4.74 7.5
14.77 10.61 7.5 15.3 19.56 19.73 11.42 14.77 1.5 10.61 20.4 22.9 12.09 8.75 15.66 3.0 10.61 4.5 21.48 11.42 16.5 8.75 27.9 20.4 22.9 10.61 11.42 19.56 22.9 16.5 18.12 3.0 10.61 10.61 22.9 27.9 11.42 10.5 10.61 10.82 10.61 0.0 8.75 1.5 5.41 17.1 12.82 3.0 19.56 14.77 10.61 7.5 1.5 20.4 12.82 18.12 21.48 15.3 15.3 18.12 1.5 0.0 0.0 10.61 19.73 27.9 7.5 10.61 0.0 4.5 15.3 5.41 10.61 22.9 10.61 7.5 19.56 12.82 21.21 11.42 7.5 21.21 11.42 1.5 0.0 19.73 8.75 8.75 12.82 17.1 15.66 11.42 5.41 10.5 10.61 8.75 8.75 20.4 25.54 5.41 8.75
17.1 22.3 13.58 20.4 4.5 0.0 25.14 17.1 19.56 10.06 3.0 9.0 15.44 24.42 8.75 19.5 10.06 15.3 6.0 25.14 23.72 24.42 13.83 15.44 9.0 19.5 25.14 4.5 9.0 23.72 18.06 19.5 19.5 10.06 9.0 13.83 25.14 9.49 19.5 14.77 22.3 19.73 24.42 19.56 24.0 20.18 17.49 19.5 1.5 17.1 19.5 13.58 19.56 3.0 17.49 18.06 6.0 20.4 20.4 18.06 19.56 19.73 19.73 10.06 0.0 13.83 13.58 19.5 19.73 15.3 20.4 24.0 19.5 9.0 19.5 13.58 4.5 17.49 12.82 25.14 13.58 12.82 25.14 19.56 19.73 0.0 24.42 24.42 17.49 20.18 8.75 25.14 24.0 9.49 22.3 24.42 24.42 15.44 13.5 24.0 24.42
12.09 4.24 10.92 10.61 25.63 24.42 3.0 12.09 7.5 17.49 24.05 24.42 10.92 0.0 22.9 6.36 17.49 11.72 24.05 3.0 10.06 0.0 28.46 18.79 24.42 6.71 3.0 25.63 24.42 10.06 15.0 6.36 6.71 17.49 24.42 28.46 3.0 16.77 6.71 10.61 4.24 8.75 0.0 7.5 4.5 12.73 10.06 6.36 24.74 12.09 6.71 10.92 7.5 24.05 10.06 15.0 24.05 10.61 10.61 15.0 7.5 8.75 8.75 17.49 24.42 28.46 10.92 6.71 8.75 11.72 10.61 4.5 6.71 24.42 6.71 10.92 25.63 10.06 20.89 3.0 10.92 20.89 3.0 7.5 8.75 24.42 0.0 0.0 10.06 12.73 22.9 3.0 4.5 16.77 4.24 0.0 0.0 18.79 25.63 4.5 0.0
12.09 4.24 10.92 10.61 25.63 24.42 3.0 12.09 7.5 17.49 24.05 24.42 10.92 0.0 22.9 6.36 17.49 11.72 24.05 3.0 10.06 0.0 28.46 18.79 24.42 6.71 3.0 25.63 24.42 10.06 15.0 6.36 6.71 17.49 24.42 28.46 3.0 16.77 6.71 10.61 4.24 8.75 0.0 7.5 4.5 12.73 10.06 6.36 24.74 12.09 6.71 10.92 7.5 24.05 10.06 15.0 24.05 10.61 10.61 15.0 7.5 8.75 8.75 17.49 24.42 28.46 10.92 6.71 8.75 11.72 10.61 4.5 6.71 24.42 6.71 10.92 25.63 10.06 20.89 3.0 10.92 20.89 3.0 7.5 8.75 24.42 0.0 0.0 10.06 12.73 22.9 3.0 4.5 16.77 4.24 0.0 0.0 18.79 25.63 4.5 0.0
2.12 6.18 7.65 3.35 20.18 17.49 9.12 2.12 11.42 14.77 16.16 15.0 2.12 10.06 19.56 10.06 14.77 12.0 15.3 9.12 6.36 10.06 18.55 8.75 15.0 3.35 9.12 20.18 15.0 6.36 5.41 10.06 3.35 14.77 15.0 18.55 9.12 13.42 3.35 3.35 6.18 12.82 10.06 11.42 12.73 4.5 0.0 10.06 18.31 2.12 3.35 7.65 11.42 16.16 0.0 5.41 15.3 3.35 3.35 5.41 11.42 12.82 12.82 14.77 17.49 18.55 7.65 3.35 12.82 12.0 3.35 12.73 3.35 15.0 3.35 7.65 20.18 0.0 10.92 9.12 7.65 10.92 9.12 11.42 12.82 17.49 10.06 10.06 0.0 4.5 19.56 9.12 12.73 13.42 6.18 10.06 10.06 8.75 15.66 12.73 10.06
3.35 8.49 12.09 2.12 23.43 20.18 10.82 3.35 15.66 18.97 18.31 15.66 6.18 12.73 23.48 14.23 18.97 16.5 16.77 10.82 4.5 12.73 18.0 7.5 15.66 6.71 10.82 23.43 15.66 4.5 3.0 14.23 6.71 18.97 15.66 18.0 10.82 17.56 6.71 7.65 8.49 17.1 12.73 15.66 16.22 0.0 4.5 14.23 21.21 3.35 6.71 12.09 15.66 18.31 4.5 3.0 16.77 2.12 2.12 3.0 15.66 17.1 17.1 18.97 20.18 18.0 12.09 6.71 17.1 16.5 2.12 16.22 6.71 15.66 6.71 12.09 23.43 4.5 10.61 10.82 12.09 10.61 10.82 15.66 17.1 20.18 12.73 12.73 4.5 0.0 23.48 10.82 16.22 17.56 8.49 12.73 12.73 7.5 15.0 16.22 12.73
20.12 22.3 12.73 22.9 5.41 8.75 24.6 20.12 16.16 5.41 11.42 17.1 17.49 22.9 0.0 16.77 5.41 11.42 14.23 24.6 25.81 22.9 22.3 21.21 17.1 20.18 24.6 5.41 17.1 25.81 22.3 16.77 20.18 5.41 17.1 22.3 24.6 6.36 20.18 16.22 22.3 15.66 22.9 16.16 20.89 23.48 19.56 16.77 7.5 20.12 20.18 12.73 16.16 11.42 19.56 22.3 14.23 22.9 22.9 22.3 16.16 15.66 15.66 5.41 8.75 22.3 12.73 20.18 15.66 11.42 22.9 20.89 20.18 17.1 20.18 12.73 5.41 19.56 19.5 24.6 12.73 19.5 24.6 16.16 15.66 8.75 22.9 22.9 19.56 23.48 0.0 24.6 20.89 6.36 22.3 22.9 22.9 21.21 21.48 20.89 22.9
10.92 3.0 12.09 8.75 26.83 25.14 0.0 10.92 10.06 19.21 24.42 24.05 10.5 3.0 24.6 8.75 19.21 13.83 24.05 0.0 7.5 3.0 27.66 17.56 24.05 6.0 0.0 26.83 24.05 7.5 13.42 8.75 6.0 19.21 24.05 27.66 0.0 18.31 6.0 10.61 3.0 11.42 3.0 10.06 7.5 10.82 9.12 8.75 25.63 10.92 6.0 12.09 10.06 24.42 9.12 13.42 24.05 8.75 8.75 13.42 10.06 11.42 11.42 19.21 25.14 27.66 12.09 6.0 11.42 13.83 8.75 7.5 6.0 24.05 6.0 12.09 26.83 9.12 20.01 0.0 12.09 20.01 0.0 10.06 11.42 25.14 3.0 3.0 9.12 10.82 24.6 0.0 7.5 18.31 3.0 3.0 3.0 17.56 24.74 7.5 3.0
14.85 8.08 10.61 14.15 24.42 24.0 7.5 14.85 4.74 15.66 24.19 25.63 12.9 4.5 20.89 4.5 15.66 9.49 24.74 7.5 14.23 4.5 30.19 21.32 25.63 9.6 7.5 24.42 25.63 14.23 18.06 4.5 9.6 15.66 25.63 30.19 7.5 15.3 9.6 12.09 8.08 5.41 4.5 4.74 0.0 16.22 12.73 4.5 24.05 14.85 9.6 10.61 4.74 24.19 12.73 18.06 24.74 14.15 14.15 18.06 4.74 5.41 5.41 15.66 24.0 30.19 10.61 9.6 5.41 9.49 14.15 0.0 9.6 25.63 9.6 10.61 24.42 12.73 22.9 7.5 10.61 22.9 7.5 4.74 5.41 24.0 4.5 4.5 12.73 16.22 20.89 7.5 0.0 15.3 8.08 4.5 4.5 21.32 27.54 0.0 4.5
14.23 15.95 6.36 16.77 9.12 9.49 18.31 14.23 10.61 1.5 10.82 15.0 11.42 16.77 6.36 10.92 1.5 6.0 12.73 18.31 19.56 16.77 20.4 16.57 15.0 13.83 18.31 9.12 15.0 19.56 16.77 10.92 13.83 1.5 15.0 20.4 18.31 0.0 13.83 10.06 15.95 10.5 16.77 10.61 15.3 17.56 13.42 10.92 9.12 14.23 13.83 6.36 10.61 10.82 13.42 16.77 12.73 16.77 16.77 16.77 10.61 10.5 10.5 1.5 9.49 20.4 6.36 13.83 10.5 6.0 16.77 15.3 13.83 15.0 13.83 6.36 9.12 13.42 15.66 18.31 6.36 15.66 18.31 10.61 10.5 9.49 16.77 16.77 13.42 17.56 6.36 18.31 15.3 0.0 15.95 16.77 16.77 16.57 18.79 15.3 16.77
8.08 0.0 9.6 6.36 24.19 22.3 3.0 8.08 9.12 16.97 21.48 21.05 7.5 4.24 22.3 7.65 16.97 12.09 21.05 3.0 6.18 4.24 24.74 14.77 21.05 3.0 3.0 24.19 21.05 6.18 10.82 7.65 3.0 16.97 21.05 24.74 3.0 15.95 3.0 7.65 0.0 10.61 4.24 9.12 8.08 8.49 6.18 7.65 22.85 8.08 3.0 9.6 9.12 21.48 6.18 10.82 21.05 6.36 6.36 10.82 9.12 10.61 10.61 16.97 22.3 24.74 9.6 3.0 10.61 12.09 6.36 8.08 3.0 21.05 3.0 9.6 24.19 6.18 17.1 3.0 9.6 17.1 3.0 9.12 10.61 22.3 4.24 4.24 6.18 8.49 22.3 3.0 8.08 15.95 0.0 4.24 4.24 14.77 21.84 8.08 4.24
12.09 4.24 10.92 10.61 25.63 24.42 3.0 12.09 7.5 17.49 24.05 24.42 10.92 0.0 22.9 6.36 17.49 11.72 24.05 3.0 10.06 0.0 28.46 18.79 24.42 6.71 3.0 25.63 24.42 10.06 15.0 6.36 6.71 17.49 24.42 28.46 3.0 16.77 6.71 10.61 4.24 8.75 0.0 7.5 4.5 12.73 10.06 6.36 24.74 12.09 6.71 10.92 7.5 24.05 10.06 15.0 24.05 10.61 10.61 15.0 7.5 8.75 8.75 17.49 24.42 28.46 10.92 6.71 8.75 11.72 10.61 4.5 6.71 24.42 6.71 10.92 25.63 10.06 20.89 3.0 10.92 20.89 3.0 7.5 8.75 24.42 0.0 0.0 10.06 12.73 22.9 3.0 4.5 16.77 4.24 0.0 0.0 18.79 25.63 4.5 0.0
12.09 4.24 10.92 10.61 25.63 24.42 3.0 12.09 7.5 17.49 24.05 24.42 10.92 0.0 22.9 6.36 17.49 11.72 24.05 3.0 10.06 0.0 28.46 18.79 24.42 6.71 3.0 25.63 24.42 10.06 15.0 6.36 6.71 17.49 24.42 28.46 3.0 16.77 6.71 10.61 4.24 8.75 0.0 7.5 4.5 12.73 10.06 6.36 24.74 12.09 6.71 10.92 7.5 24.05 10.06 15.0 24.05 10.61 10.61 15.0 7.5 8.75 8.75 17.49 24.42 28.46 10.92 6.71 8.75 11.72 10.61 4.5 6.71 24.42 6.71 10.92 25.63 10.06 20.89 3.0 10.92 20.89 3.0 7.5 8.75 24.42 0.0 0.0 10.06 12.73 22.9 3.0 4.5 16.77 4.24 0.0 0.0 18.79 25.63 4.5 0.0
6.71 14.77 13.42 9.12 19.5 15.44 17.56 6.71 19.21 18.06 12.9 8.75 8.49 18.79 21.21 18.06 18.06 18.12 10.61 17.56 12.0 18.79 10.5 0.0 8.75 12.09 17.56 19.5 8.75 12.0 4.5 18.06 12.09 18.06 8.75 10.5 17.56 16.57 12.09 9.6 14.77 20.4 18.79 19.21 21.32 7.5 8.75 18.06 16.77 6.71 12.09 13.42 19.21 12.9 8.75 4.5 10.61 9.12 9.12 4.5 19.21 20.4 20.4 18.06 15.44 10.5 13.42 12.09 20.4 18.12 9.12 21.32 12.09 8.75 12.09 13.42 19.5 8.75 3.35 17.56 13.42 3.35 17.56 19.21 20.4 15.44 18.79 18.79 8.75 7.5 21.21 17.56 21.32 16.57 14.77 18.79 18.79 0.0 7.5 21.32 18.79
13.83 21.84 18.06 16.57 18.0 13.5 24.74 13.83 24.6 20.12 10.5 4.5 14.77 25.63 21.48 23.72 20.12 22.3 7.5 24.74 19.5 25.63 3.0 7.5 4.5 18.97 24.74 18.0 4.5 19.5 12.0 23.72 18.97 20.12 4.5 3.0 24.74 18.79 18.97 15.44 21.84 25.54 25.63 24.6 27.54 15.0 15.66 23.72 15.0 13.83 18.97 18.06 24.6 10.5 15.66 12.0 7.5 16.57 16.57 12.0 24.6 25.54 25.54 20.12 13.5 3.0 18.06 18.97 25.54 22.3 16.57 27.54 18.97 4.5 18.97 18.06 18.0 15.66 4.74 24.74 18.06 4.74 24.74 24.6 25.54 13.5 25.63 25.63 15.66 15.0 21.48 24.74 27.54 18.79 21.84 25.63 25.63 7.5 0.0 27.54 25.63
14.85 8.08 10.61 14.15 24.42 24.0 7.5 14.85 4.74 15.66 24.19 25.63 12.9 4.5 20.89 4.5 15.66 9.49 24.74 7.5 14.23 4.5 30.19 21.32 25.63 9.6 7.5 24.42 25.63 14.23 18.06 4.5 9.6 15.66 25.63 30.19 7.5 15.3 9.6 12.09 8.08 5.41 4.5 4.74 0.0 16.22 12.73 4.5 24.05 14.85 9.6 10.61 4.74 24.19 12.73 18.06 24.74 14.15 14.15 18.06 4.74 5.41 5.41 15.66 24.0 30.19 10.61 9.6 5.41 9.49 14.15 0.0 9.6 25.63 9.6 10.61 24.42 12.73 22.9 7.5 10.61 22.9 7.5 4.74 5.41 24.0 4.5 4.5 12.73 16.22 20.89 7.5 0.0 15.3 8.08 4.5 4.5 21.32 27.54 0.0 4.5
12.09 4.24 10.92 10.61 25.63 24.42 3.0 12.09 7.5 17.49 24.05 24.42 10.92 0.0 22.9 6.36 17.49 11.72 24.05 3.0 10.06 0.0 28.46 18.79 24.42 6.71 3.0 25.63 24.42 10.06 15.0 6.36 6.71 17.49 24.42 28.46 3.0 16.77 6.71 10.61 4.24 8.75 0.0 7.5 4.5 12.73 10.06 6.36 24.74 12.09 6.71 10.92 7.5 24.05 10.06 15.0 24.05 10.61 10.61 15.0 7.5 8.75 8.75 17.49 24.42 28.46 10.92 6.71 8.75 11.72 10.61 4.5 6.71 24.42 6.71 10.92 25.63 10.06 20.89 3.0 10.92 20.89 3.0 7.5 8.75 24.42 0.0 0.0 10.06 12.73 22.9 3.0 4.5 16.77 4.24 0.0 0.0 18.79 25.63 4.5 0.0
