0.0 17.1 3.35 5.41 3.0 12.09 17.1 20.18 15.44 9.0 12.09 17.1 0.0 10.92 2.12 13.58 13.42 2.12 3.35 12.09 3.0 8.08 9.12 8.08 13.83 12.09 3.35 3.35 4.5 13.58 12.09 15.66 13.5 4.5 13.58 8.08 9.12 14.77 14.23 6.71 5.41 13.58 13.42 14.23 12.09 3.0 10.92 13.58 15.66 3.35 13.58 13.42 6.71 14.23 14.23 3.35 15.66 10.92 14.23 14.23 18.06
17.1 0.0 18.06 19.5 15.44 19.5 0.0 4.5 3.0 13.58 24.42 0.0 17.1 25.14 17.49 9.0 19.56 17.49 18.06 19.5 15.44 22.3 12.82 22.3 13.5 24.42 20.4 20.18 14.77 15.3 19.5 10.06 10.5 14.77 15.3 22.3 12.82 19.73 6.0 23.72 19.5 9.0 19.56 6.0 24.42 15.44 25.14 9.0 10.06 20.4 15.3 19.56 23.72 6.0 6.0 20.4 10.06 25.14 9.49 9.49 1.5
3.35 18.06 0.0 8.49 6.18 15.44 18.06 21.63 15.95 12.09 15.0 18.06 3.35 13.42 5.41 12.82 16.77 5.41 0.0 15.44 6.18 10.82 7.65 10.82 12.0 15.0 4.74 3.0 7.65 16.77 15.44 18.25 12.37 7.65 16.77 10.82 7.65 18.12 14.15 7.5 8.49 12.82 16.77 14.15 15.0 6.18 13.42 12.82 18.25 4.74 16.77 16.77 7.5 14.15 14.15 4.74 18.25 13.42 16.77 16.77 19.21
5.41 19.5 8.49 0.0 4.5 7.65 19.5 21.63 18.55 7.5 6.71 19.5 5.41 6.0 3.35 18.06 9.12 3.35 8.49 7.65 4.5 3.0 14.23 3.0 18.97 6.71 4.74 6.71 4.74 10.92 7.65 15.0 18.25 4.74 10.92 3.0 14.23 10.61 18.06 6.18 0.0 18.06 9.12 18.06 6.71 4.5 6.0 18.06 15.0 4.74 10.92 9.12 6.18 18.06 18.06 4.74 15.0 6.0 13.83 13.83 20.12
3.0 15.44 6.18 4.5 0.0 9.6 15.44 18.06 14.23 6.0 10.92 15.44 3.0 10.5 2.12 13.58 10.82 2.12 6.18 9.6 0.0 7.5 10.06 7.5 14.77 10.92 5.41 6.18 1.5 10.61 9.6 12.82 13.83 1.5 10.61 7.5 10.06 12.09 13.58 8.49 4.5 13.58 10.82 13.58 10.92 0.0 10.5 13.58 12.82 5.41 10.61 10.82 8.49 13.58 13.58 5.41 12.82 10.5 11.42 11.42 16.22
12.09 19.5 15.44 7.65 9.6 0.0 19.5 20.01 19.73 6.18 6.36 19.5 12.09 8.75 10.06 21.48 1.5 10.06 15.44 0.0 9.6 7.65 19.21 7.65 23.72 6.36 12.37 14.23 8.49 5.41 0.0 11.42 22.15 8.49 5.41 7.65 19.21 3.0 20.4 13.5 7.65 21.48 1.5 20.4 6.36 9.6 8.75 21.48 11.42 12.37 5.41 1.5 13.5 20.4 20.4 12.37 11.42 8.75 10.92 10.92 19.56
17.1 0.0 18.06 19.5 15.44 19.5 0.0 4.5 3.0 13.58 24.42 0.0 17.1 25.14 17.49 9.0 19.56 17.49 18.06 19.5 15.44 22.3 12.82 22.3 13.5 24.42 20.4 20.18 14.77 15.3 19.5 10.06 10.5 14.77 15.3 22.3 12.82 19.73 6.0 23.72 19.5 9.0 19.56 6.0 24.42 15.44 25.14 9.0 10.06 20.4 15.3 19.56 23.72 6.0 6.0 20.4 10.06 25.14 9.49 9.49 1.5
20.18 4.5 21.63 21.63 18.06 20.01 4.5 0.0 7.5 14.77 25.63 4.5 20.18 26.83 20.18 13.5 19.73 20.18 21.63 20.01 18.06 24.19 17.1 24.19 18.0 25.63 23.33 23.43 17.1 15.07 20.01 9.0 15.0 17.1 15.07 24.19 17.1 19.56 10.5 26.54 21.63 13.5 19.73 10.5 25.63 18.06 26.83 13.5 9.0 23.33 15.07 19.73 26.54 10.5 10.5 23.33 9.0 26.83 9.12 9.12 3.0
15.44 3.0 15.95 18.55 14.23 19.73 3.0 7.5 0.0 13.58 24.05 3.0 15.44 24.42 16.16 6.0 20.01 16.16 15.95 19.73 14.23 21.48 10.06 21.48 10.5 24.05 18.79 18.31 13.83 16.16 19.73 11.72 7.5 13.83 16.16 21.48 10.06 20.4 3.0 22.15 18.55 6.0 20.01 3.0 24.05 14.23 24.42 6.0 11.72 18.79 16.16 20.01 22.15 3.0 3.0 18.79 11.72 24.42 10.82 10.82 4.5
9.0 13.58 12.09 7.5 6.0 6.18 13.58 14.77 13.58 0.0 10.92 13.58 9.0 12.09 7.65 15.44 6.71 7.65 12.09 6.18 6.0 9.6 13.83 9.6 18.06 10.92 10.92 12.09 4.5 4.74 6.18 7.5 16.22 4.5 4.74 9.6 13.83 7.5 14.23 13.42 7.5 15.44 6.71 14.23 10.92 6.0 12.09 15.44 7.5 10.92 4.74 6.71 13.42 14.23 14.23 10.92 7.5 12.09 6.36 6.36 13.83
12.09 24.42 15.0 6.71 10.92 6.36 24.42 25.63 24.05 10.92 0.0 24.42 12.09 3.0 10.06 24.42 7.5 10.06 15.0 6.36 10.92 4.24 20.89 4.24 25.63 0.0 10.61 12.73 10.61 11.72 6.36 17.49 24.74 10.61 11.72 4.24 20.89 8.75 24.05 10.06 6.71 24.42 7.5 24.05 0.0 10.92 3.0 24.42 17.49 10.61 11.72 7.5 10.06 24.05 24.05 10.61 17.49 3.0 16.77 16.77 24.74
17.1 0.0 18.06 19.5 15.44 19.5 0.0 4.5 3.0 13.58 24.42 0.0 17.1 25.14 17.49 9.0 19.56 17.49 18.06 19.5 15.44 22.3 12.82 22.3 13.5 24.42 20.4 20.18 14.77 15.3 19.5 10.06 10.5 14.77 15.3 22.3 12.82 19.73 6.0 23.72 19.5 9.0 19.56 6.0 24.42 15.44 25.14 9.0 10.06 20.4 15.3 19.56 23.72 6.0 6.0 20.4 10.06 25.14 9.49 9.49 1.5
0.0 17.1 3.35 5.41 3.0 12.09 17.1 20.18 15.44 9.0 12.09 17.1 0.0 10.92 2.12 13.58 13.42 2.12 3.35 12.09 3.0 8.08 9.12 8.08 13.83 12.09 3.35 3.35 4.5 13.58 12.09 15.66 13.5 4.5 13.58 8.08 9.12 14.77 14.23 6.71 5.41 13.58 13.42 14.23 12.09 3.0 10.92 13.58 15.66 3.35 13.58 13.42 6.71 14.23 14.23 3.35 15.66 10.92 14.23 14.23 18.06
10.92 25.14 13.42 6.0 10.5 8.75 25.14 26.83 24.42 12.09 3.0 25.14 10.92 0.0 9.12 24.05 10.06 9.12 13.42 8.75 10.5 3.0 20.01 3.0 24.74 3.0 8.75 10.82 10.61 13.83 8.75 19.21 24.19 10.61 13.83 3.0 20.01 11.42 24.05 7.5 6.0 24.05 10.06 24.05 3.0 10.5 0.0 24.05 19.21 8.75 13.83 10.06 7.5 24.05 24.05 8.75 19.21 0.0 18.31 18.31 25.63
2.12 17.49 5.41 3.35 2.12 10.06 17.49 20.18 16.16 7.65 10.06 17.49 2.12 9.12 0.0 15.0 11.42 0.0 5.41 10.06 2.12 6.18 10.92 6.18 15.66 10.06 3.35 4.5 3.35 12.0 10.06 14.77 15.07 3.35 12.0 6.18 10.92 12.82 15.3 6.36 3.35 15.0 11.42 15.3 10.06 2.12 9.12 15.0 14.77 3.35 12.0 11.42 6.36 15.3 15.3 3.35 14.77 9.12 13.42 13.42 18.31
13.58 9.0 12.82 18.06 13.58 21.48 9.0 13.5 6.0 15.44 24.42 9.0 13.58 24.05 15.0 0.0 22.15 15.0 12.82 21.48 13.58 21.05 5.41 21.05 4.5 24.42 16.77 15.66 13.83 19.21 21.48 16.22 1.5 13.83 19.21 21.05 5.41 22.9 3.0 20.01 18.06 0.0 22.15 3.0 24.42 13.58 24.05 0.0 16.22 16.77 19.21 22.15 20.01 3.0 3.0 16.77 16.22 24.05 15.0 15.0 10.5
13.42 19.56 16.77 9.12 10.82 1.5 19.56 19.73 20.01 6.71 7.5 19.56 13.42 10.06 11.42 22.15 0.0 11.42 16.77 1.5 10.82 9.12 20.18 9.12 24.6 7.5 13.83 15.66 9.6 4.74 1.5 10.92 22.9 9.6 4.74 9.12 20.18 1.5 20.89 15.0 9.12 22.15 0.0 20.89 7.5 10.82 10.06 22.15 10.92 13.83 4.74 0.0 15.0 20.89 20.89 13.83 10.92 10.06 10.61 10.61 19.5
2.12 17.49 5.41 3.35 2.12 10.06 17.49 20.18 16.16 7.65 10.06 17.49 2.12 9.12 0.0 15.0 11.42 0.0 5.41 10.06 2.12 6.18 10.92 6.18 15.66 10.06 3.35 4.5 3.35 12.0 10.06 14.77 15.07 3.35 12.0 6.18 10.92 12.82 15.3 6.36 3.35 15.0 11.42 15.3 10.06 2.12 9.12 15.0 14.77 3.35 12.0 11.42 6.36 15.3 15.3 3.35 14.77 9.12 13.42 13.42 18.31
3.35 18.06 0.0 8.49 6.18 15.44 18.06 21.63 15.95 12.09 15.0 18.06 3.35 13.42 5.41 12.82 16.77 5.41 0.0 15.44 6.18 10.82 7.65 10.82 12.0 15.0 4.74 3.0 7.65 16.77 15.44 18.25 12.37 7.65 16.77 10.82 7.65 18.12 14.15 7.5 8.49 12.82 16.77 14.15 15.0 6.18 13.42 12.82 18.25 4.74 16.77 16.77 7.5 14.15 14.15 4.74 18.25 13.42 16.77 16.77 19.21
12.09 19.5 15.44 7.65 9.6 0.0 19.5 20.01 19.73 6.18 6.36 19.5 12.09 8.75 10.06 21.48 1.5 10.06 15.44 0.0 9.6 7.65 19.21 7.65 23.72 6.36 12.37 14.23 8.49 5.41 0.0 11.42 22.15 8.49 5.41 7.65 19.21 3.0 20.4 13.5 7.65 21.48 1.5 20.4 6.36 9.6 8.75 21.48 11.42 12.37 5.41 1.5 13.5 20.4 20.4 12.37 11.42 8.75 10.92 10.92 19.56
3.0 15.44 6.18 4.5 0.0 9.6 15.44 18.06 14.23 6.0 10.92 15.44 3.0 10.5 2.12 13.58 10.82 2.12 6.18 9.6 0.0 7.5 10.06 7.5 14.77 10.92 5.41 6.18 1.5 10.61 9.6 12.82 13.83 1.5 10.61 7.5 10.06 12.09 13.58 8.49 4.5 13.58 10.82 13.58 10.92 0.0 10.5 13.58 12.82 5.41 10.61 10.82 8.49 13.58 13.58 5.41 12.82 10.5 11.42 11.42 16.22
8.08 22.3 10.82 3.0 7.5 7.65 22.3 24.19 21.48 9.6 4.24 22.3 8.08 3.0 6.18 21.05 9.12 6.18 10.82 7.65 7.5 0.0 17.1 0.0 21.84 4.24 6.36 8.49 7.65 12.09 7.65 16.97 21.21 7.65 12.09 0.0 17.1 10.61 21.05 6.18 3.0 21.05 9.12 21.05 4.24 7.5 3.0 21.05 16.97 6.36 12.09 9.12 6.18 21.05 21.05 6.36 16.97 3.0 15.95 15.95 22.85
9.12 12.82 7.65 14.23 10.06 19.21 12.82 17.1 10.06 13.83 20.89 12.82 9.12 20.01 10.92 5.41 20.18 10.92 7.65 19.21 10.06 17.1 0.0 17.1 4.74 20.89 12.0 10.61 10.82 18.31 19.21 17.1 4.74 10.82 18.31 17.1 0.0 21.21 7.5 15.07 14.23 5.41 20.18 7.5 20.89 10.06 20.01 5.41 17.1 12.0 18.31 20.18 15.07 7.5 7.5 12.0 17.1 20.01 15.66 15.66 14.23
8.08 22.3 10.82 3.0 7.5 7.65 22.3 24.19 21.48 9.6 4.24 22.3 8.08 3.0 6.18 21.05 9.12 6.18 10.82 7.65 7.5 0.0 17.1 0.0 21.84 4.24 6.36 8.49 7.65 12.09 7.65 16.97 21.21 7.65 12.09 0.0 17.1 10.61 21.05 6.18 3.0 21.05 9.12 21.05 4.24 7.5 3.0 21.05 16.97 6.36 12.09 9.12 6.18 21.05 21.05 6.36 16.97 3.0 15.95 15.95 22.85
13.83 13.5 12.0 18.97 14.77 23.72 13.5 18.0 10.5 18.06 25.63 13.5 13.83 24.74 15.66 4.5 24.6 15.66 12.0 23.72 14.77 21.84 4.74 21.84 0.0 25.63 16.57 15.0 15.44 22.3 23.72 20.12 3.0 15.44 22.3 21.84 4.74 25.54 7.5 19.5 18.97 4.5 24.6 7.5 25.63 14.77 24.74 4.5 20.12 16.57 22.3 24.6 19.5 7.5 7.5 16.57 20.12 24.74 18.79 18.79 15.0
12.09 24.42 15.0 6.71 10.92 6.36 24.42 25.63 24.05 10.92 0.0 24.42 12.09 3.0 10.06 24.42 7.5 10.06 15.0 6.36 10.92 4.24 20.89 4.24 25.63 0.0 10.61 12.73 10.61 11.72 6.36 17.49 24.74 10.61 11.72 4.24 20.89 8.75 24.05 10.06 6.71 24.42 7.5 24.05 0.0 10.92 3.0 24.42 17.49 10.61 11.72 7.5 10.06 24.05 24.05 10.61 17.49 3.0 16.77 16.77 24.74
3.35 20.4 4.74 4.74 5.41 12.37 20.4 23.33 18.79 10.92 10.61 20.4 3.35 8.75 3.35 16.77 13.83 3.35 4.74 12.37 5.41 6.36 12.0 6.36 16.57 10.61 0.0 2.12 6.71 15.07 12.37 18.12 16.57 6.71 15.07 6.36 12.0 15.3 17.56 3.35 4.74 16.77 13.83 17.56 10.61 5.41 8.75 16.77 18.12 0.0 15.07 13.83 3.35 17.56 17.56 0.0 18.12 8.75 16.77 16.77 21.32
3.35 20.18 3.0 6.71 6.18 14.23 20.18 23.43 18.31 12.09 12.73 20.18 3.35 10.82 4.5 15.66 15.66 4.5 3.0 14.23 6.18 8.49 10.61 8.49 15.0 12.73 2.12 0.0 7.65 16.5 14.23 18.97 15.3 7.65 16.5 8.49 10.61 17.1 16.77 4.5 6.71 15.66 15.66 16.77 12.73 6.18 10.82 15.66 18.97 2.12 16.5 15.66 4.5 16.77 16.77 2.12 18.97 10.82 17.56 17.56 21.21
4.5 14.77 7.65 4.74 1.5 8.49 14.77 17.1 13.83 4.5 10.61 14.77 4.5 10.61 3.35 13.83 9.6 3.35 7.65 8.49 1.5 7.65 10.82 7.65 15.44 10.61 6.71 7.65 0.0 9.12 8.49 11.42 14.23 0.0 9.12 7.65 10.82 10.82 13.5 9.6 4.74 13.83 9.6 13.5 10.61 1.5 10.61 13.83 11.42 6.71 9.12 9.6 9.6 13.5 13.5 6.71 11.42 10.61 10.06 10.06 15.44
13.58 15.3 16.77 10.92 10.61 5.41 15.3 15.07 16.16 4.74 11.72 15.3 13.58 13.83 12.0 19.21 4.74 12.0 16.77 5.41 10.61 12.09 18.31 12.09 22.3 11.72 15.07 16.5 9.12 0.0 5.41 6.18 20.18 9.12 0.0 12.09 18.31 4.5 17.49 17.1 10.92 19.21 4.74 17.49 11.72 10.61 13.83 19.21 6.18 15.07 0.0 4.74 17.1 17.49 17.49 15.07 6.18 13.83 6.0 6.0 15.07
12.09 19.5 15.44 7.65 9.6 0.0 19.5 20.01 19.73 6.18 6.36 19.5 12.09 8.75 10.06 21.48 1.5 10.06 15.44 0.0 9.6 7.65 19.21 7.65 23.72 6.36 12.37 14.23 8.49 5.41 0.0 11.42 22.15 8.49 5.41 7.65 19.21 3.0 20.4 13.5 7.65 21.48 1.5 20.4 6.36 9.6 8.75 21.48 11.42 12.37 5.41 1.5 13.5 20.4 20.4 12.37 11.42 8.75 10.92 10.92 19.56
15.66 10.06 18.25 15.0 12.82 11.42 10.06 9.0 11.72 7.5 17.49 10.06 15.66 19.21 14.77 16.22 10.92 14.77 18.25 11.42 12.82 16.97 17.1 16.97 20.12 17.49 18.12 18.97 11.42 6.18 11.42 0.0 17.49 11.42 6.18 16.97 17.1 10.61 13.83 20.84 15.0 16.22 10.92 13.83 17.49 12.82 19.21 16.22 0.0 18.12 6.18 10.92 20.84 13.83 13.83 18.12 0.0 19.21 1.5 1.5 9.49
13.5 10.5 12.37 18.25 13.83 22.15 10.5 15.0 7.5 16.22 24.74 10.5 13.5 24.19 15.07 1.5 22.9 15.07 12.37 22.15 13.83 21.21 4.74 21.21 3.0 24.74 16.57 15.3 14.23 20.18 22.15 17.49 0.0 14.23 20.18 21.21 4.74 23.72 4.5 19.73 18.25 1.5 22.9 4.5 24.74 13.83 24.19 1.5 17.49 16.57 20.18 22.9 19.73 4.5 4.5 16.57 17.49 24.19 16.22 16.22 12.0
4.5 14.77 7.65 4.74 1.5 8.49 14.77 17.1 13.83 4.5 10.61 14.77 4.5 10.61 3.35 13.83 9.6 3.35 7.65 8.49 1.5 7.65 10.82 7.65 15.44 10.61 6.71 7.65 0.0 9.12 8.49 11.42 14.23 0.0 9.12 7.65 10.82 10.82 13.5 9.6 4.74 13.83 9.6 13.5 10.61 1.5 10.61 13.83 11.42 6.71 9.12 9.6 9.6 13.5 13.5 6.71 11.42 10.61 10.06 10.06 15.44
13.58 15.3 16.77 10.92 10.61 5.41 15.3 15.07 16.16 4.74 11.72 15.3 13.58 13.83 12.0 19.21 4.74 12.0 16.77 5.41 10.61 12.09 18.31 12.09 22.3 11.72 15.07 16.5 9.12 0.0 5.41 6.18 20.18 9.12 0.0 12.09 18.31 4.5 17.49 17.1 10.92 19.21 4.74 17.49 11.72 10.61 13.83 19.21 6.18 15.07 0.0 4.74 17.1 17.49 17.49 15.07 6.18 13.83 6.0 6.0 15.07
8.08 22.3 10.82 3.0 7.5 7.65 22.3 24.19 21.48 9.6 4.24 22.3 8.08 3.0 6.18 21.05 9.12 6.18 10.82 7.65 7.5 0.0 17.1 0.0 21.84 4.24 6.36 8.49 7.65 12.09 7.65 16.97 21.21 7.65 12.09 0.0 17.1 10.61 21.05 6.18 3.0 21.05 9.12 21.05 4.24 7.5 3.0 21.05 16.97 6.36 12.09 9.12 6.18 21.05 21.05 6.36 16.97 3.0 15.95 15.95 22.85
9.12 12.82 7.65 14.23 10.06 19.21 12.82 17.1 10.06 13.83 20.89 12.82 9.12 20.01 10.92 5.41 20.18 10.92 7.65 19.21 10.06 17.1 0.0 17.1 4.74 20.89 12.0 10.61 10.82 18.31 19.21 17.1 4.74 10.82 18.31 17.1 0.0 21.21 7.5 15.07 14.23 5.41 20.18 7.5 20.89 10.06 20.01 5.41 17.1 12.0 18.31 20.18 15.07 7.5 7.5 12.0 17.1 20.01 15.66 15.66 14.23
14.77 19.73 18.12 10.61 12.09 3.0 19.73 19.56 20.4 7.5 8.75 19.73 14.77 11.42 12.82 22.9 1.5 12.82 18.12 3.0 12.09 10.61 21.21 10.61 25.54 8.75 15.3 17.1 10.82 4.5 3.0 10.61 23.72 10.82 4.5 10.61 21.21 0.0 21.48 16.5 10.61 22.9 1.5 21.48 8.75 12.09 11.42 22.9 10.61 15.3 4.5 1.5 16.5 21.48 21.48 15.3 10.61 11.42 10.5 10.5 19.56
14.23 6.0 14.15 18.06 13.58 20.4 6.0 10.5 3.0 14.23 24.05 6.0 14.23 24.05 15.3 3.0 20.89 15.3 14.15 20.4 13.58 21.05 7.5 21.05 7.5 24.05 17.56 16.77 13.5 17.49 20.4 13.83 4.5 13.5 17.49 21.05 7.5 21.48 0.0 20.89 18.06 3.0 20.89 0.0 24.05 13.58 24.05 3.0 13.83 17.56 17.49 20.89 20.89 0.0 0.0 17.56 13.83 24.05 12.73 12.73 7.5
6.71 23.72 7.5 6.18 8.49 13.5 23.72 26.54 22.15 13.42 10.06 23.72 6.71 7.5 6.36 20.01 15.0 6.36 7.5 13.5 8.49 6.18 15.07 6.18 19.5 10.06 3.35 4.5 9.6 17.1 13.5 20.84 19.73 9.6 17.1 6.18 15.07 16.5 20.89 0.0 6.18 20.01 15.0 20.89 10.06 8.49 7.5 20.01 20.84 3.35 17.1 15.0 0.0 20.89 20.89 3.35 20.84 7.5 19.56 19.56 24.6
5.41 19.5 8.49 0.0 4.5 7.65 19.5 21.63 18.55 7.5 6.71 19.5 5.41 6.0 3.35 18.06 9.12 3.35 8.49 7.65 4.5 3.0 14.23 3.0 18.97 6.71 4.74 6.71 4.74 10.92 7.65 15.0 18.25 4.74 10.92 3.0 14.23 10.61 18.06 6.18 0.0 18.06 9.12 18.06 6.71 4.5 6.0 18.06 15.0 4.74 10.92 9.12 6.18 18.06 18.06 4.74 15.0 6.0 13.83 13.83 20.12
13.58 9.0 12.82 18.06 13.58 21.48 9.0 13.5 6.0 15.44 24.42 9.0 13.58 24.05 15.0 0.0 22.15 15.0 12.82 21.48 13.58 21.05 5.41 21.05 4.5 24.42 16.77 15.66 13.83 19.21 21.48 16.22 1.5 13.83 19.21 21.05 5.41 22.9 3.0 20.01 18.06 0.0 22.15 3.0 24.42 13.58 24.05 0.0 16.22 16.77 19.21 22.15 20.01 3.0 3.0 16.77 16.22 24.05 15.0 15.0 10.5
13.42 19.56 16.77 9.12 10.82 1.5 19.56 19.73 20.01 6.71 7.5 19.56 13.42 10.06 11.42 22.15 0.0 11.42 16.77 1.5 10.82 9.12 20.18 9.12 24.6 7.5 13.83 15.66 9.6 4.74 1.5 10.92 22.9 9.6 4.74 9.12 20.18 1.5 20.89 15.0 9.12 22.15 0.0 20.89 7.5 10.82 10.06 22.15 10.92 13.83 4.74 0.0 15.0 20.89 20.89 13.83 10.92 10.06 10.61 10.61 19.5
14.23 6.0 14.15 18.06 13.58 20.4 6.0 10.5 3.0 14.23 24.05 6.0 14.23 24.05 15.3 3.0 20.89 15.3 14.15 20.4 13.58 21.05 7.5 21.05 7.5 24.05 17.56 16.77 13.5 17.49 20.4 13.83 4.5 13.5 17.49 21.05 7.5 21.48 0.0 20.89 18.06 3.0 20.89 0.0 24.05 13.58 24.05 3.0 13.83 17.56 17.49 20.89 20.89 0.0 0.0 17.56 13.83 24.05 12.73 12.73 7.5
12.09 24.42 15.0 6.71 10.92 6.36 24.42 25.63 24.05 10.92 0.0 24.42 12.09 3.0 10.06 24.42 7.5 10.06 15.0 6.36 10.92 4.24 20.89 4.24 25.63 0.0 10.61 12.73 10.61 11.72 6.36 17.49 24.74 10.61 11.72 4.24 20.89 8.75 24.05 10.06 6.71 24.42 7.5 24.05 0.0 10.92 3.0 24.42 17.49 10.61 11.72 7.5 10.06 24.05 24.05 10.61 17.49 3.0 16.77 16.77 24.74
3.0 15.44 6.18 4.5 0.0 9.6 15.44 18.06 14.23 6.0 10.92 15.44 3.0 10.5 2.12 13.58 10.82 2.12 6.18 9.6 0.0 7.5 10.06 7.5 14.77 10.92 5.41 6.18 1.5 10.61 9.6 12.82 13.83 1.5 10.61 7.5 10.06 12.09 13.58 8.49 4.5 13.58 10.82 13.58 10.92 0.0 10.5 13.58 12.82 5.41 10.61 10.82 8.49 13.58 13.58 5.41 12.82 10.5 11.42 11.42 16.22
10.92 25.14 13.42 6.0 10.5 8.75 25.14 26.83 24.42 12.09 3.0 25.14 10.92 0.0 9.12 24.05 10.06 9.12 13.42 8.75 10.5 3.0 20.01 3.0 24.74 3.0 8.75 10.82 10.61 13.83 8.75 19.21 24.19 10.61 13.83 3.0 20.01 11.42 24.05 7.5 6.0 24.05 10.06 24.05 3.0 10.5 0.0 24.05 19.21 8.75 13.83 10.06 7.5 24.05 24.05 8.75 19.21 0.0 18.31 18.31 25.63
13.58 9.0 12.82 18.06 13.58 21.48 9.0 13.5 6.0 15.44 24.42 9.0 13.58 24.05 15.0 0.0 22.15 15.0 12.82 21.48 13.58 21.05 5.41 21.05 4.5 24.42 16.77 15.66 13.83 19.21 21.48 16.22 1.5 13.83 19.21 21.05 5.41 22.9 3.0 20.01 18.06 0.0 22.15 3.0 24.42 13.58 24.05 0.0 16.22 16.77 19.21 22.15 20.01 3.0 3.0 16.77 16.22 24.05 15.0 15.0 10.5
15.66 10.06 18.25 15.0 12.82 11.42 10.06 9.0 11.72 7.5 17.49 10.06 15.66 19.21 14.77 16.22 10.92 14.77 18.25 11.42 12.82 16.97 17.1 16.97 20.12 17.49 18.12 18.97 11.42 6.18 11.42 0.0 17.49 11.42 6.18 16.97 17.1 10.61 13.83 20.84 15.0 16.22 10.92 13.83 17.49 12.82 19.21 16.22 0.0 18.12 6.18 10.92 20.84 13.83 13.83 18.12 0.0 19.21 1.5 1.5 9.49
3.35 20.4 4.74 4.74 5.41 12.37 20.4 23.33 18.79 10.92 10.61 20.4 3.35 8.75 3.35 16.77 13.83 3.35 4.74 12.37 5.41 6.36 12.0 6.36 16.57 10.61 0.0 2.12 6.71 15.07 12.37 18.12 16.57 6.71 15.07 6.36 12.0 15.3 17.56 3.35 4.74 16.77 13.83 17.56 10.61 5.41 8.75 16.77 18.12 0.0 15.07 13.83 3.35 17.56 17.56 0.0 18.12 8.75 16.77 16.77 21.32
13.58 15.3 16.77 10.92 10.61 5.41 15.3 15.07 16.16 4.74 11.72 15.3 13.58 13.83 12.0 19.21 4.74 12.0 16.77 5.41 10.61 12.09 18.31 12.09 22.3 11.72 15.07 16.5 9.12 0.0 5.41 6.18 20.18 9.12 0.0 12.09 18.31 4.5 17.49 17.1 10.92 19.21 4.74 17.49 11.72 10.61 13.83 19.21 6.18 15.07 0.0 4.74 17.1 17.49 17.49 15.07 6.18 13.83 6.0 6.0 15.07
13.42 19.56 16.77 9.12 10.82 1.5 19.56 19.73 20.01 6.71 7.5 19.56 13.42 10.06 11.42 22.15 0.0 11.42 16.77 1.5 10.82 9.12 20.18 9.12 24.6 7.5 13.83 15.66 9.6 4.74 1.5 10.92 22.9 9.6 4.74 9.12 20.18 1.5 20.89 15.0 9.12 22.15 0.0 20.89 7.5 10.82 10.06 22.15 10.92 13.83 4.74 0.0 15.0 20.89 20.89 13.83 10.92 10.06 10.61 10.61 19.5
6.71 23.72 7.5 6.18 8.49 13.5 23.72 26.54 22.15 13.42 10.06 23.72 6.71 7.5 6.36 20.01 15.0 6.36 7.5 13.5 8.49 6.18 15.07 6.18 19.5 10.06 3.35 4.5 9.6 17.1 13.5 20.84 19.73 9.6 17.1 6.18 15.07 16.5 20.89 0.0 6.18 20.01 15.0 20.89 10.06 8.49 7.5 20.01 20.84 3.35 17.1 15.0 0.0 20.89 20.89 3.35 20.84 7.5 19.56 19.56 24.6
14.23 6.0 14.15 18.06 13.58 20.4 6.0 10.5 3.0 14.23 24.05 6.0 14.23 24.05 15.3 3.0 20.89 15.3 14.15 20.4 13.58 21.05 7.5 21.05 7.5 24.05 17.56 16.77 13.5 17.49 20.4 13.83 4.5 13.5 17.49 21.05 7.5 21.48 0.0 20.89 18.06 3.0 20.89 0.0 24.05 13.58 24.05 3.0 13.83 17.56 17.49 20.89 20.89 0.0 0.0 17.56 13.83 24.05 12.73 12.73 7.5
14.23 6.0 14.15 18.06 13.58 20.4 6.0 10.5 3.0 14.23 24.05 6.0 14.23 24.05 15.3 3.0 20.89 15.3 14.15 20.4 13.58 21.05 7.5 21.05 7.5 24.05 17.56 16.77 13.5 17.49 20.4 13.83 4.5 13.5 17.49 21.05 7.5 21.48 0.0 20.89 18.06 3.0 20.89 0.0 24.05 13.58 24.05 3.0 13.83 17.56 17.49 20.89 20.89 0.0 0.0 17.56 13.83 24.05 12.73 12.73 7.5
3.35 20.4 4.74 4.74 5.41 12.37 20.4 23.33 18.79 10.92 10.61 20.4 3.35 8.75 3.35 16.77 13.83 3.35 4.74 12.37 5.41 6.36 12.0 6.36 16.57 10.61 0.0 2.12 6.71 15.07 12.37 18.12 16.57 6.71 15.07 6.36 12.0 15.3 17.56 3.35 4.74 16.77 13.83 17.56 10.61 5.41 8.75 16.77 18.12 0.0 15.07 13.83 3.35 17.56 17.56 0.0 18.12 8.75 16.77 16.77 21.32
15.66 10.06 18.25 15.0 12.82 11.42 10.06 9.0 11.72 7.5 17.49 10.06 15.66 19.21 14.77 16.22 10.92 14.77 18.25 11.42 12.82 16.97 17.1 16.97 20.12 17.49 18.12 18.97 11.42 6.18 11.42 0.0 17.49 11.42 6.18 16.97 17.1 10.61 13.83 20.84 15.0 16.22 10.92 13.83 17.49 12.82 19.21 16.22 0.0 18.12 6.18 10.92 20.84 13.83 13.83 18.12 0.0 19.21 1.5 1.5 9.49
10.92 25.14 13.42 6.0 10.5 8.75 25.14 26.83 24.42 12.09 3.0 25.14 10.92 0.0 9.12 24.05 10.06 9.12 13.42 8.75 10.5 3.0 20.01 3.0 24.74 3.0 8.75 10.82 10.61 13.83 8.75 19.21 24.19 10.61 13.83 3.0 20.01 11.42 24.05 7.5 6.0 24.05 10.06 24.05 3.0 10.5 0.0 24.05 19.21 8.75 13.83 10.06 7.5 24.05 24.05 8.75 19.21 0.0 18.31 18.31 25.63
14.23 9.49 16.77 13.83 11.42 10.92 9.49 9.12 10.82 6.36 16.77 9.49 14.23 18.31 13.42 15.0 10.61 13.42 16.77 10.92 11.42 15.95 15.66 15.95 18.79 16.77 16.77 17.56 10.06 6.0 10.92 1.5 16.22 10.06 6.0 15.95 15.66 10.5 12.73 19.56 13.83 15.0 10.61 12.73 16.77 11.42 18.31 15.0 1.5 16.77 6.0 10.61 19.56 12.73 12.73 16.77 1.5 18.31 0.0 0.0 9.12
14.23 9.49 16.77 13.83 11.42 10.92 9.49 9.12 10.82 6.36 16.77 9.49 14.23 18.31 13.42 15.0 10.61 13.42 16.77 10.92 11.42 15.95 15.66 15.95 18.79 16.77 16.77 17.56 10.06 6.0 10.92 1.5 16.22 10.06 6.0 15.95 15.66 10.5 12.73 19.56 13.83 15.0 10.61 12.73 16.77 11.42 18.31 15.0 1.5 16.77 6.0 10.61 19.56 12.73 12.73 16.77 1.5 18.31 0.0 0.0 9.12
18.06 1.5 19.21 20.12 16.22 19.56 1.5 3.0 4.5 13.83 24.74 1.5 18.06 25.63 18.31 10.5 19.5 18.31 19.21 19.56 16.22 22.85 14.23 22.85 15.0 24.74 21.32 21.21 15.44 15.07 19.56 9.49 12.0 15.44 15.07 22.85 14.23 19.56 7.5 24.6 20.12 10.5 19.5 7.5 24.74 16.22 25.63 10.5 9.49 21.32 15.07 19.5 24.6 7.5 7.5 21.32 9.49 25.63 9.12 9.12 0.0
