0.0 17.1 16.77 15.66 20.18 12.09 17.1 5.41 5.41 13.42 13.58 6.71 9.0 20.18 4.5 18.06 4.5 9.12 0.0 0.0 10.92 3.35 14.23 6.71 20.12 13.5 15.66 12.09 15.66 14.23 13.83 13.5 12.09 16.77 15.44 3.35 6.71 15.66 15.66 10.92 13.58
17.1 0.0 13.83 10.06 4.5 24.42 0.0 19.5 19.5 19.56 15.3 15.44 13.58 4.5 14.77 1.5 14.77 12.82 17.1 17.1 25.14 18.06 6.0 15.44 8.75 10.5 10.06 24.42 10.06 9.49 13.5 10.5 19.5 13.83 3.0 20.18 15.44 10.06 10.06 25.14 9.0
16.77 13.83 0.0 21.63 18.25 28.46 13.83 21.84 21.84 27.04 24.42 10.5 20.4 18.25 18.12 15.3 18.12 7.65 16.77 16.77 27.66 15.0 8.08 10.5 22.3 4.24 21.63 28.46 21.63 20.4 3.0 4.24 26.24 0.0 10.92 18.0 10.5 21.63 21.63 27.66 5.41
15.66 10.06 21.63 0.0 9.0 17.49 10.06 15.0 15.0 10.92 6.18 18.06 7.5 9.0 11.42 9.49 11.42 17.1 15.66 15.66 19.21 18.25 13.83 18.06 5.41 17.49 0.0 17.49 0.0 1.5 20.12 17.49 11.42 21.63 11.72 18.97 18.06 0.0 0.0 19.21 16.22
20.18 4.5 18.25 9.0 0.0 25.63 4.5 21.63 21.63 19.73 15.07 19.5 14.77 0.0 17.1 3.0 17.1 17.1 20.18 20.18 26.83 21.63 10.5 19.5 5.41 15.0 9.0 25.63 9.0 9.12 18.0 15.0 20.01 18.25 7.5 23.43 19.5 9.0 9.0 26.83 13.5
12.09 24.42 28.46 17.49 25.63 0.0 24.42 6.71 6.71 7.5 11.72 18.79 10.92 25.63 10.61 24.74 10.61 20.89 12.09 12.09 3.0 15.0 24.05 18.79 22.9 24.74 17.49 0.0 17.49 16.77 25.63 24.74 6.36 28.46 24.05 12.73 18.79 17.49 17.49 3.0 24.42
17.1 0.0 13.83 10.06 4.5 24.42 0.0 19.5 19.5 19.56 15.3 15.44 13.58 4.5 14.77 1.5 14.77 12.82 17.1 17.1 25.14 18.06 6.0 15.44 8.75 10.5 10.06 24.42 10.06 9.49 13.5 10.5 19.5 13.83 3.0 20.18 15.44 10.06 10.06 25.14 9.0
5.41 19.5 21.84 15.0 21.63 6.71 19.5 0.0 0.0 9.12 10.92 12.09 7.5 21.63 4.74 20.12 4.74 14.23 5.41 5.41 6.0 8.49 18.06 12.09 20.18 18.25 15.0 6.71 15.0 13.83 18.97 18.25 7.65 21.84 18.55 6.71 12.09 15.0 15.0 6.0 18.06
5.41 19.5 21.84 15.0 21.63 6.71 19.5 0.0 0.0 9.12 10.92 12.09 7.5 21.63 4.74 20.12 4.74 14.23 5.41 5.41 6.0 8.49 18.06 12.09 20.18 18.25 15.0 6.71 15.0 13.83 18.97 18.25 7.65 21.84 18.55 6.71 12.09 15.0 15.0 6.0 18.06
13.42 19.56 27.04 10.92 19.73 7.5 19.56 9.12 9.12 0.0 4.74 19.21 6.71 19.73 9.6 19.5 9.6 20.18 13.42 13.42 10.06 16.77 20.89 19.21 16.16 22.9 10.92 7.5 10.92 10.61 24.6 22.9 1.5 27.04 20.01 15.66 19.21 10.92 10.92 10.06 22.15
13.58 15.3 24.42 6.18 15.07 11.72 15.3 10.92 10.92 4.74 0.0 18.12 4.74 15.07 9.12 15.07 9.12 18.31 13.58 13.58 13.83 16.77 17.49 18.12 11.42 20.18 6.18 11.72 6.18 6.0 22.3 20.18 5.41 24.42 16.16 16.5 18.12 6.18 6.18 13.83 19.21
6.71 15.44 10.5 18.06 19.5 18.79 15.44 12.09 12.09 19.21 18.12 0.0 13.42 19.5 9.6 16.77 9.6 3.35 6.71 6.71 17.56 4.5 10.61 0.0 21.21 8.08 18.06 18.79 18.06 16.57 7.5 8.08 18.06 10.5 12.9 7.5 0.0 18.06 18.06 17.56 8.75
9.0 13.58 20.4 7.5 14.77 10.92 13.58 7.5 7.5 6.71 4.74 13.42 0.0 14.77 4.5 13.83 4.5 13.83 9.0 9.0 12.09 12.09 14.23 13.42 12.73 16.22 7.5 10.92 7.5 6.36 18.06 16.22 6.18 20.4 13.58 12.09 13.42 7.5 7.5 12.09 15.44
20.18 4.5 18.25 9.0 0.0 25.63 4.5 21.63 21.63 19.73 15.07 19.5 14.77 0.0 17.1 3.0 17.1 17.1 20.18 20.18 26.83 21.63 10.5 19.5 5.41 15.0 9.0 25.63 9.0 9.12 18.0 15.0 20.01 18.25 7.5 23.43 19.5 9.0 9.0 26.83 13.5
4.5 14.77 18.12 11.42 17.1 10.61 14.77 4.74 4.74 9.6 9.12 9.6 4.5 17.1 0.0 15.44 0.0 10.82 4.5 4.5 10.61 7.65 13.5 9.6 16.22 14.23 11.42 10.61 11.42 10.06 15.44 14.23 8.49 18.12 13.83 7.65 9.6 11.42 11.42 10.61 13.83
18.06 1.5 15.3 9.49 3.0 24.74 1.5 20.12 20.12 19.5 15.07 16.77 13.83 3.0 15.44 0.0 15.44 14.23 18.06 18.06 25.63 19.21 7.5 16.77 7.5 12.0 9.49 24.74 9.49 9.12 15.0 12.0 19.56 15.3 4.5 21.21 16.77 9.49 9.49 25.63 10.5
4.5 14.77 18.12 11.42 17.1 10.61 14.77 4.74 4.74 9.6 9.12 9.6 4.5 17.1 0.0 15.44 0.0 10.82 4.5 4.5 10.61 7.65 13.5 9.6 16.22 14.23 11.42 10.61 11.42 10.06 15.44 14.23 8.49 18.12 13.83 7.65 9.6 11.42 11.42 10.61 13.83
9.12 12.82 7.65 17.1 17.1 20.89 12.82 14.23 14.23 20.18 18.31 3.35 13.83 17.1 10.82 14.23 10.82 0.0 9.12 9.12 20.01 7.65 7.5 3.35 19.5 4.74 17.1 20.89 17.1 15.66 4.74 4.74 19.21 7.65 10.06 10.61 3.35 17.1 17.1 20.01 5.41
0.0 17.1 16.77 15.66 20.18 12.09 17.1 5.41 5.41 13.42 13.58 6.71 9.0 20.18 4.5 18.06 4.5 9.12 0.0 0.0 10.92 3.35 14.23 6.71 20.12 13.5 15.66 12.09 15.66 14.23 13.83 13.5 12.09 16.77 15.44 3.35 6.71 15.66 15.66 10.92 13.58
0.0 17.1 16.77 15.66 20.18 12.09 17.1 5.41 5.41 13.42 13.58 6.71 9.0 20.18 4.5 18.06 4.5 9.12 0.0 0.0 10.92 3.35 14.23 6.71 20.12 13.5 15.66 12.09 15.66 14.23 13.83 13.5 12.09 16.77 15.44 3.35 6.71 15.66 15.66 10.92 13.58
10.92 25.14 27.66 19.21 26.83 3.0 25.14 6.0 6.0 10.06 13.83 17.56 12.09 26.83 10.61 25.63 10.61 20.01 10.92 10.92 0.0 13.42 24.05 17.56 24.6 24.19 19.21 3.0 19.21 18.31 24.74 24.19 8.75 27.66 24.42 10.82 17.56 19.21 19.21 0.0 24.05
3.35 18.06 15.0 18.25 21.63 15.0 18.06 8.49 8.49 16.77 16.77 4.5 12.09 21.63 7.65 19.21 7.65 7.65 3.35 3.35 13.42 0.0 14.15 4.5 22.3 12.37 18.25 15.0 18.25 16.77 12.0 12.37 15.44 15.0 15.95 3.0 4.5 18.25 18.25 13.42 12.82
14.23 6.0 8.08 13.83 10.5 24.05 6.0 18.06 18.06 20.89 17.49 10.61 14.23 10.5 13.5 7.5 13.5 7.5 14.23 14.23 24.05 14.15 0.0 10.61 14.23 4.5 13.83 24.05 13.83 12.73 7.5 4.5 20.4 8.08 3.0 16.77 10.61 13.83 13.83 24.05 3.0
6.71 15.44 10.5 18.06 19.5 18.79 15.44 12.09 12.09 19.21 18.12 0.0 13.42 19.5 9.6 16.77 9.6 3.35 6.71 6.71 17.56 4.5 10.61 0.0 21.21 8.08 18.06 18.79 18.06 16.57 7.5 8.08 18.06 10.5 12.9 7.5 0.0 18.06 18.06 17.56 8.75
20.12 8.75 22.3 5.41 5.41 22.9 8.75 20.18 20.18 16.16 11.42 21.21 12.73 5.41 16.22 7.5 16.22 19.5 20.12 20.12 24.6 22.3 14.23 21.21 0.0 18.55 5.41 22.9 5.41 6.36 21.48 18.55 16.77 22.3 11.42 23.48 21.21 5.41 5.41 24.6 17.1
13.5 10.5 4.24 17.49 15.0 24.74 10.5 18.25 18.25 22.9 20.18 8.08 16.22 15.0 14.23 12.0 14.23 4.74 13.5 13.5 24.19 12.37 4.5 8.08 18.55 0.0 17.49 24.74 17.49 16.22 3.0 0.0 22.15 4.24 7.5 15.3 8.08 17.49 17.49 24.19 1.5
15.66 10.06 21.63 0.0 9.0 17.49 10.06 15.0 15.0 10.92 6.18 18.06 7.5 9.0 11.42 9.49 11.42 17.1 15.66 15.66 19.21 18.25 13.83 18.06 5.41 17.49 0.0 17.49 0.0 1.5 20.12 17.49 11.42 21.63 11.72 18.97 18.06 0.0 0.0 19.21 16.22
12.09 24.42 28.46 17.49 25.63 0.0 24.42 6.71 6.71 7.5 11.72 18.79 10.92 25.63 10.61 24.74 10.61 20.89 12.09 12.09 3.0 15.0 24.05 18.79 22.9 24.74 17.49 0.0 17.49 16.77 25.63 24.74 6.36 28.46 24.05 12.73 18.79 17.49 17.49 3.0 24.42
15.66 10.06 21.63 0.0 9.0 17.49 10.06 15.0 15.0 10.92 6.18 18.06 7.5 9.0 11.42 9.49 11.42 17.1 15.66 15.66 19.21 18.25 13.83 18.06 5.41 17.49 0.0 17.49 0.0 1.5 20.12 17.49 11.42 21.63 11.72 18.97 18.06 0.0 0.0 19.21 16.22
14.23 9.49 20.4 1.5 9.12 16.77 9.49 13.83 13.83 10.61 6.0 16.57 6.36 9.12 10.06 9.12 10.06 15.66 14.23 14.23 18.31 16.77 12.73 16.57 6.36 16.22 1.5 16.77 1.5 0.0 18.79 16.22 10.92 20.4 10.82 17.56 16.57 1.5 1.5 18.31 15.0
13.83 13.5 3.0 20.12 18.0 25.63 13.5 18.97 18.97 24.6 22.3 7.5 18.06 18.0 15.44 15.0 15.44 4.74 13.83 13.83 24.74 12.0 7.5 7.5 21.48 3.0 20.12 25.63 20.12 18.79 0.0 3.0 23.72 3.0 10.5 15.0 7.5 20.12 20.12 24.74 4.5
13.5 10.5 4.24 17.49 15.0 24.74 10.5 18.25 18.25 22.9 20.18 8.08 16.22 15.0 14.23 12.0 14.23 4.74 13.5 13.5 24.19 12.37 4.5 8.08 18.55 0.0 17.49 24.74 17.49 16.22 3.0 0.0 22.15 4.24 7.5 15.3 8.08 17.49 17.49 24.19 1.5
12.09 19.5 26.24 11.42 20.01 6.36 19.5 7.65 7.65 1.5 5.41 18.06 6.18 20.01 8.49 19.56 8.49 19.21 12.09 12.09 8.75 15.44 20.4 18.06 16.77 22.15 11.42 6.36 11.42 10.92 23.72 22.15 0.0 26.24 19.73 14.23 18.06 11.42 11.42 8.75 21.48
16.77 13.83 0.0 21.63 18.25 28.46 13.83 21.84 21.84 27.04 24.42 10.5 20.4 18.25 18.12 15.3 18.12 7.65 16.77 16.77 27.66 15.0 8.08 10.5 22.3 4.24 21.63 28.46 21.63 20.4 3.0 4.24 26.24 0.0 10.92 18.0 10.5 21.63 21.63 27.66 5.41
15.44 3.0 10.92 11.72 7.5 24.05 3.0 18.55 18.55 20.01 16.16 12.9 13.58 7.5 13.83 4.5 13.83 10.06 15.44 15.44 24.42 15.95 3.0 12.9 11.42 7.5 11.72 24.05 11.72 10.82 10.5 7.5 19.73 10.92 0.0 18.31 12.9 11.72 11.72 24.42 6.0
3.35 20.18 18.0 18.97 23.43 12.73 20.18 6.71 6.71 15.66 16.5 7.5 12.09 23.43 7.65 21.21 7.65 10.61 3.35 3.35 10.82 3.0 16.77 7.5 23.48 15.3 18.97 12.73 18.97 17.56 15.0 15.3 14.23 18.0 18.31 0.0 7.5 18.97 18.97 10.82 15.66
6.71 15.44 10.5 18.06 19.5 18.79 15.44 12.09 12.09 19.21 18.12 0.0 13.42 19.5 9.6 16.77 9.6 3.35 6.71 6.71 17.56 4.5 10.61 0.0 21.21 8.08 18.06 18.79 18.06 16.57 7.5 8.08 18.06 10.5 12.9 7.5 0.0 18.06 18.06 17.56 8.75
15.66 10.06 21.63 0.0 9.0 17.49 10.06 15.0 15.0 10.92 6.18 18.06 7.5 9.0 11.42 9.49 11.42 17.1 15.66 15.66 19.21 18.25 13.83 18.06 5.41 17.49 0.0 17.49 0.0 1.5 20.12 17.49 11.42 21.63 11.72 18.97 18.06 0.0 0.0 19.21 16.22
15.66 10.06 21.63 0.0 9.0 17.49 10.06 15.0 15.0 10.92 6.18 18.06 7.5 9.0 11.42 9.49 11.42 17.1 15.66 15.66 19.21 18.25 13.83 18.06 5.41 17.49 0.0 17.49 0.0 1.5 20.12 17.49 11.42 21.63 11.72 18.97 18.06 0.0 0.0 19.21 16.22
10.92 25.14 27.66 19.21 26.83 3.0 25.14 6.0 6.0 10.06 13.83 17.56 12.09 26.83 10.61 25.63 10.61 20.01 10.92 10.92 0.0 13.42 24.05 17.56 24.6 24.19 19.21 3.0 19.21 18.31 24.74 24.19 8.75 27.66 24.42 10.82 17.56 19.21 19.21 0.0 24.05
13.58 9.0 5.41 16.22 13.5 24.42 9.0 18.06 18.06 22.15 19.21 8.75 15.44 13.5 13.83 10.5 13.83 5.41 13.58 13.58 24.05 12.82 3.0 8.75 17.1 1.5 16.22 24.42 16.22 15.0 4.5 1.5 21.48 5.41 6.0 15.66 8.75 16.22 16.22 24.05 0.0
