0.0 13.58 16.77 12.09 18.06 3.35 6.71 0.0 14.23 13.83 9.0 18.06 9.0 14.85 3.0 5.41 6.71 17.1 9.0 9.0 9.12 14.77 0.0 20.12 14.23 3.35 3.0 12.09 3.35 10.92 20.18 16.77 3.35 15.66 20.12 17.1 2.12 9.12 12.09 9.12 6.71 13.58 13.5 3.35 14.77 17.1 4.5 8.08 17.1 10.92 14.85 6.71 3.35 18.06 17.1 15.44 13.42 9.0 15.66 10.92 3.35 13.5 3.35 20.18 9.12 6.71 13.58 5.41 12.09 20.12 5.41 14.23 14.23 13.5 6.71 10.92 14.23 13.58 3.0 16.77 18.06
13.58 0.0 24.42 5.41 15.07 16.77 17.1 13.58 6.0 22.3 4.74 15.07 4.74 9.49 10.61 10.92 18.12 15.3 4.74 4.74 18.31 4.5 13.58 11.42 6.0 15.07 10.61 5.41 16.77 13.83 15.07 24.42 16.77 6.18 11.42 15.3 12.0 18.31 11.72 18.31 17.1 19.21 20.18 16.77 4.5 15.3 9.12 12.09 15.3 13.83 9.49 18.12 16.77 15.07 15.3 16.16 4.74 4.74 6.18 13.83 16.5 20.18 16.5 15.07 18.31 17.1 0.0 10.92 11.72 11.42 10.92 17.49 17.49 20.18 17.1 13.83 17.49 0.0 10.61 24.42 15.07
16.77 24.42 0.0 26.24 15.3 15.0 22.5 16.77 20.4 3.0 20.4 15.3 20.4 30.19 17.56 21.84 10.5 13.83 20.4 20.4 7.65 27.9 16.77 22.3 20.4 19.56 17.56 26.24 15.0 27.66 18.25 0.0 15.0 21.63 22.3 13.83 18.55 7.65 28.46 7.65 22.5 5.41 4.24 15.0 27.9 13.83 18.12 24.74 13.83 27.66 30.19 10.5 15.0 15.3 13.83 10.92 27.04 20.4 21.63 27.66 18.0 4.24 18.0 18.25 7.65 22.5 24.42 21.84 28.46 22.3 21.84 8.08 8.08 4.24 22.5 27.66 8.08 24.42 17.56 0.0 15.3
12.09 5.41 26.24 0.0 19.56 15.44 13.5 12.09 10.92 23.72 6.18 19.56 6.18 4.5 9.6 7.65 18.06 19.5 6.18 6.18 19.21 3.0 12.09 16.77 10.92 12.37 9.6 0.0 15.44 8.75 20.01 26.24 15.44 11.42 16.77 19.5 10.06 19.21 6.36 19.21 13.5 21.48 22.15 15.44 3.0 19.5 8.49 7.65 19.5 8.75 4.5 18.06 15.44 19.56 19.5 19.73 1.5 6.18 11.42 8.75 14.23 22.15 14.23 20.01 19.21 13.5 5.41 7.65 6.36 16.77 7.65 20.4 20.4 22.15 13.5 8.75 20.4 5.41 9.6 26.24 19.56
18.06 15.07 15.3 19.56 0.0 19.21 24.6 18.06 9.12 15.0 13.83 0.0 13.83 24.05 16.22 20.12 16.77 1.5 13.83 13.83 14.23 19.56 18.06 7.5 9.12 21.32 16.22 19.56 19.21 25.63 3.0 15.3 19.21 9.49 7.5 1.5 18.31 14.23 24.74 14.23 24.6 10.5 12.0 19.21 19.56 1.5 15.44 22.85 1.5 25.63 24.05 16.77 19.21 0.0 1.5 4.5 19.5 13.83 9.49 25.63 21.21 12.0 21.21 3.0 14.23 24.6 15.07 20.12 24.74 7.5 20.12 7.5 7.5 12.0 24.6 25.63 7.5 15.07 16.22 15.3 0.0
3.35 16.77 15.0 15.44 19.21 0.0 7.5 3.35 16.77 12.0 12.09 19.21 12.09 18.06 6.18 8.49 4.5 18.06 12.09 12.09 7.65 18.12 3.35 22.3 16.77 4.74 6.18 15.44 0.0 13.42 21.63 15.0 0.0 18.25 22.3 18.06 5.41 7.65 15.0 7.65 7.5 12.82 12.37 0.0 18.12 18.06 7.65 10.82 18.06 13.42 18.06 4.5 0.0 19.21 18.06 15.95 16.77 12.09 18.25 13.42 3.0 12.37 3.0 21.63 7.65 7.5 16.77 8.49 15.0 22.3 8.49 14.15 14.15 12.37 7.5 13.42 14.15 16.77 6.18 15.0 19.21
6.71 17.1 22.5 13.5 24.6 7.5 0.0 6.71 19.56 19.5 13.42 24.6 13.42 14.23 8.49 6.18 12.0 23.72 13.42 13.42 15.07 16.5 6.71 25.81 19.56 3.35 8.49 13.5 7.5 7.5 26.54 22.5 7.5 20.84 25.81 23.72 6.36 15.07 10.06 15.07 0.0 20.01 19.73 7.5 16.5 23.72 9.6 6.18 23.72 7.5 14.23 12.0 7.5 24.6 23.72 22.15 15.0 13.42 20.84 7.5 4.5 19.73 4.5 26.54 15.07 0.0 17.1 6.18 10.06 25.81 6.18 20.89 20.89 19.73 0.0 7.5 20.89 17.1 8.49 22.5 24.6
0.0 13.58 16.77 12.09 18.06 3.35 6.71 0.0 14.23 13.83 9.0 18.06 9.0 14.85 3.0 5.41 6.71 17.1 9.0 9.0 9.12 14.77 0.0 20.12 14.23 3.35 3.0 12.09 3.35 10.92 20.18 16.77 3.35 15.66 20.12 17.1 2.12 9.12 12.09 9.12 6.71 13.58 13.5 3.35 14.77 17.1 4.5 8.08 17.1 10.92 14.85 6.71 3.35 18.06 17.1 15.44 13.42 9.0 15.66 10.92 3.35 13.5 3.35 20.18 9.12 6.71 13.58 5.41 12.09 20.12 5.41 14.23 14.23 13.5 6.71 10.92 14.23 13.58 3.0 16.77 18.06
14.23 6.0 20.4 10.92 9.12 16.77 19.56 14.23 0.0 18.79 6.36 9.12 6.36 15.3 11.42 13.83 16.57 9.49 6.36 6.36 15.66 10.5 14.23 6.36 0.0 16.77 11.42 10.92 16.77 18.31 9.12 20.4 16.77 1.5 6.36 9.49 13.42 15.66 16.77 15.66 19.56 15.0 16.22 16.77 10.5 9.49 10.06 15.95 9.49 18.31 15.3 16.57 16.77 9.12 9.49 10.82 10.61 6.36 1.5 18.31 17.56 16.22 17.56 9.12 15.66 19.56 6.0 13.83 16.77 6.36 13.83 12.73 12.73 16.22 19.56 18.31 12.73 6.0 11.42 20.4 9.12
13.83 22.3 3.0 23.72 15.0 12.0 19.5 13.83 18.79 0.0 18.06 15.0 18.06 27.54 14.77 18.97 7.5 13.5 18.06 18.06 4.74 25.54 13.83 21.48 18.79 16.57 14.77 23.72 12.0 24.74 18.0 3.0 12.0 20.12 21.48 13.5 15.66 4.74 25.63 4.74 19.5 4.5 3.0 12.0 25.54 13.5 15.44 21.84 13.5 24.74 27.54 7.5 12.0 15.0 13.5 10.5 24.6 18.06 20.12 24.74 15.0 3.0 15.0 18.0 4.74 19.5 22.3 18.97 25.63 21.48 18.97 7.5 7.5 3.0 19.5 24.74 7.5 22.3 14.77 3.0 15.0
9.0 4.74 20.4 6.18 13.83 12.09 13.42 9.0 6.36 18.06 0.0 13.83 0.0 10.61 6.0 7.5 13.42 13.58 0.0 0.0 13.83 7.5 9.0 12.73 6.36 10.92 6.0 6.18 12.09 12.09 14.77 20.4 12.09 7.5 12.73 13.58 7.65 13.83 10.92 13.83 13.42 15.44 16.22 12.09 7.5 13.58 4.5 9.6 13.58 12.09 10.61 13.42 12.09 13.83 13.58 13.58 6.71 0.0 7.5 12.09 12.09 16.22 12.09 14.77 13.83 13.42 4.74 7.5 10.92 12.73 7.5 14.23 14.23 16.22 13.42 12.09 14.23 4.74 6.0 20.4 13.83
18.06 15.07 15.3 19.56 0.0 19.21 24.6 18.06 9.12 15.0 13.83 0.0 13.83 24.05 16.22 20.12 16.77 1.5 13.83 13.83 14.23 19.56 18.06 7.5 9.12 21.32 16.22 19.56 19.21 25.63 3.0 15.3 19.21 9.49 7.5 1.5 18.31 14.23 24.74 14.23 24.6 10.5 12.0 19.21 19.56 1.5 15.44 22.85 1.5 25.63 24.05 16.77 19.21 0.0 1.5 4.5 19.5 13.83 9.49 25.63 21.21 12.0 21.21 3.0 14.23 24.6 15.07 20.12 24.74 7.5 20.12 7.5 7.5 12.0 24.6 25.63 7.5 15.07 16.22 15.3 0.0
9.0 4.74 20.4 6.18 13.83 12.09 13.42 9.0 6.36 18.06 0.0 13.83 0.0 10.61 6.0 7.5 13.42 13.58 0.0 0.0 13.83 7.5 9.0 12.73 6.36 10.92 6.0 6.18 12.09 12.09 14.77 20.4 12.09 7.5 12.73 13.58 7.65 13.83 10.92 13.83 13.42 15.44 16.22 12.09 7.5 13.58 4.5 9.6 13.58 12.09 10.61 13.42 12.09 13.83 13.58 13.58 6.71 0.0 7.5 12.09 12.09 16.22 12.09 14.77 13.83 13.42 4.74 7.5 10.92 12.73 7.5 14.23 14.23 16.22 13.42 12.09 14.23 4.74 6.0 20.4 13.83
14.85 9.49 30.19 4.5 24.05 18.06 14.23 14.85 15.3 27.54 10.61 24.05 10.61 0.0 12.9 9.6 21.32 24.0 10.61 10.61 22.9 5.41 14.85 20.89 15.3 14.15 12.9 4.5 18.06 7.5 24.42 30.19 18.06 15.66 20.89 24.0 12.73 22.9 4.5 22.9 14.23 25.63 26.2 18.06 5.41 24.0 12.09 8.08 24.0 7.5 0.0 21.32 18.06 24.05 24.0 24.19 4.74 10.61 15.66 7.5 16.22 26.2 16.22 24.42 22.9 14.23 9.49 9.6 4.5 20.89 9.6 24.74 24.74 26.2 14.23 7.5 24.74 9.49 12.9 30.19 24.05
3.0 10.61 17.56 9.6 16.22 6.18 8.49 3.0 11.42 14.77 6.0 16.22 6.0 12.9 0.0 4.5 8.49 15.44 6.0 6.0 10.06 12.09 3.0 17.49 11.42 5.41 0.0 9.6 6.18 10.5 18.06 17.56 6.18 12.82 17.49 15.44 2.12 10.06 10.92 10.06 8.49 13.58 13.83 6.18 12.09 15.44 1.5 7.5 15.44 10.5 12.9 8.49 6.18 16.22 15.44 14.23 10.82 6.0 12.82 10.5 6.18 13.83 6.18 18.06 10.06 8.49 10.61 4.5 10.92 17.49 4.5 13.58 13.58 13.83 8.49 10.5 13.58 10.61 0.0 17.56 16.22
5.41 10.92 21.84 7.65 20.12 8.49 6.18 5.41 13.83 18.97 7.5 20.12 7.5 9.6 4.5 0.0 12.09 19.5 7.5 7.5 14.23 10.61 5.41 20.18 13.83 4.74 4.5 7.65 8.49 6.0 21.63 21.84 8.49 15.0 20.18 19.5 3.35 14.23 6.71 14.23 6.18 18.06 18.25 8.49 10.61 19.5 4.74 3.0 19.5 6.0 9.6 12.09 8.49 20.12 19.5 18.55 9.12 7.5 15.0 6.0 6.71 18.25 6.71 21.63 14.23 6.18 10.92 0.0 6.71 20.18 0.0 18.06 18.06 18.25 6.18 6.0 18.06 10.92 4.5 21.84 20.12
6.71 18.12 10.5 18.06 16.77 4.5 12.0 6.71 16.57 7.5 13.42 16.77 13.42 21.32 8.49 12.09 0.0 15.44 13.42 13.42 3.35 20.4 6.71 21.21 16.57 9.12 8.49 18.06 4.5 17.56 19.5 10.5 4.5 18.06 21.21 15.44 8.75 3.35 18.79 3.35 12.0 8.75 8.08 4.5 20.4 15.44 9.6 14.77 15.44 17.56 21.32 0.0 4.5 16.77 15.44 12.9 19.21 13.42 18.06 17.56 7.5 8.08 7.5 19.5 3.35 12.0 18.12 12.09 18.79 21.21 12.09 10.61 10.61 8.08 12.0 17.56 10.61 18.12 8.49 10.5 16.77
17.1 15.3 13.83 19.5 1.5 18.06 23.72 17.1 9.49 13.5 13.58 1.5 13.58 24.0 15.44 19.5 15.44 0.0 13.58 13.58 12.82 19.73 17.1 8.75 9.49 20.4 15.44 19.5 18.06 25.14 4.5 13.83 18.06 10.06 8.75 0.0 17.49 12.82 24.42 12.82 23.72 9.0 10.5 18.06 19.73 0.0 14.77 22.3 0.0 25.14 24.0 15.44 18.06 1.5 0.0 3.0 19.56 13.58 10.06 25.14 20.18 10.5 20.18 4.5 12.82 23.72 15.3 19.5 24.42 8.75 19.5 6.0 6.0 10.5 23.72 25.14 6.0 15.3 15.44 13.83 1.5
9.0 4.74 20.4 6.18 13.83 12.09 13.42 9.0 6.36 18.06 0.0 13.83 0.0 10.61 6.0 7.5 13.42 13.58 0.0 0.0 13.83 7.5 9.0 12.73 6.36 10.92 6.0 6.18 12.09 12.09 14.77 20.4 12.09 7.5 12.73 13.58 7.65 13.83 10.92 13.83 13.42 15.44 16.22 12.09 7.5 13.58 4.5 9.6 13.58 12.09 10.61 13.42 12.09 13.83 13.58 13.58 6.71 0.0 7.5 12.09 12.09 16.22 12.09 14.77 13.83 13.42 4.74 7.5 10.92 12.73 7.5 14.23 14.23 16.22 13.42 12.09 14.23 4.74 6.0 20.4 13.83
9.0 4.74 20.4 6.18 13.83 12.09 13.42 9.0 6.36 18.06 0.0 13.83 0.0 10.61 6.0 7.5 13.42 13.58 0.0 0.0 13.83 7.5 9.0 12.73 6.36 10.92 6.0 6.18 12.09 12.09 14.77 20.4 12.09 7.5 12.73 13.58 7.65 13.83 10.92 13.83 13.42 15.44 16.22 12.09 7.5 13.58 4.5 9.6 13.58 12.09 10.61 13.42 12.09 13.83 13.58 13.58 6.71 0.0 7.5 12.09 12.09 16.22 12.09 14.77 13.83 13.42 4.74 7.5 10.92 12.73 7.5 14.23 14.23 16.22 13.42 12.09 14.23 4.74 6.0 20.4 13.83
9.12 18.31 7.65 19.21 14.23 7.65 15.07 9.12 15.66 4.74 13.83 14.23 13.83 22.9 10.06 14.23 3.35 12.82 13.83 13.83 0.0 21.21 9.12 19.5 15.66 12.0 10.06 19.21 7.65 20.01 17.1 7.65 7.65 17.1 19.5 12.82 10.92 0.0 20.89 0.0 15.07 5.41 4.74 7.65 21.21 12.82 10.82 17.1 12.82 20.01 22.9 3.35 7.65 14.23 12.82 10.06 20.18 13.83 17.1 20.01 10.61 4.74 10.61 17.1 0.0 15.07 18.31 14.23 20.89 19.5 14.23 7.5 7.5 4.74 15.07 20.01 7.5 18.31 10.06 7.65 14.23
14.77 4.5 27.9 3.0 19.56 18.12 16.5 14.77 10.5 25.54 7.5 19.56 7.5 5.41 12.09 10.61 20.4 19.73 7.5 7.5 21.21 0.0 14.77 15.66 10.5 15.3 12.09 3.0 18.12 11.42 19.56 27.9 18.12 10.61 15.66 19.73 12.82 21.21 8.75 21.21 16.5 22.9 23.72 18.12 0.0 19.73 10.82 10.61 19.73 11.42 5.41 20.4 18.12 19.56 19.73 20.4 1.5 7.5 10.61 11.42 17.1 23.72 17.1 19.56 21.21 16.5 4.5 10.61 8.75 15.66 10.61 21.48 21.48 23.72 16.5 11.42 21.48 4.5 12.09 27.9 19.56
0.0 13.58 16.77 12.09 18.06 3.35 6.71 0.0 14.23 13.83 9.0 18.06 9.0 14.85 3.0 5.41 6.71 17.1 9.0 9.0 9.12 14.77 0.0 20.12 14.23 3.35 3.0 12.09 3.35 10.92 20.18 16.77 3.35 15.66 20.12 17.1 2.12 9.12 12.09 9.12 6.71 13.58 13.5 3.35 14.77 17.1 4.5 8.08 17.1 10.92 14.85 6.71 3.35 18.06 17.1 15.44 13.42 9.0 15.66 10.92 3.35 13.5 3.35 20.18 9.12 6.71 13.58 5.41 12.09 20.12 5.41 14.23 14.23 13.5 6.71 10.92 14.23 13.58 3.0 16.77 18.06
20.12 11.42 22.3 16.77 7.5 22.3 25.81 20.12 6.36 21.48 12.73 7.5 12.73 20.89 17.49 20.18 21.21 8.75 12.73 12.73 19.5 15.66 20.12 0.0 6.36 22.9 17.49 16.77 22.3 24.6 5.41 22.3 22.3 5.41 0.0 8.75 19.56 19.5 22.9 19.5 25.81 17.1 18.55 22.3 15.66 8.75 16.22 22.3 8.75 24.6 20.89 21.21 22.3 7.5 8.75 11.42 16.16 12.73 5.41 24.6 23.48 18.55 23.48 5.41 19.5 25.81 11.42 20.18 22.9 0.0 20.18 14.23 14.23 18.55 25.81 24.6 14.23 11.42 17.49 22.3 7.5
14.23 6.0 20.4 10.92 9.12 16.77 19.56 14.23 0.0 18.79 6.36 9.12 6.36 15.3 11.42 13.83 16.57 9.49 6.36 6.36 15.66 10.5 14.23 6.36 0.0 16.77 11.42 10.92 16.77 18.31 9.12 20.4 16.77 1.5 6.36 9.49 13.42 15.66 16.77 15.66 19.56 15.0 16.22 16.77 10.5 9.49 10.06 15.95 9.49 18.31 15.3 16.57 16.77 9.12 9.49 10.82 10.61 6.36 1.5 18.31 17.56 16.22 17.56 9.12 15.66 19.56 6.0 13.83 16.77 6.36 13.83 12.73 12.73 16.22 19.56 18.31 12.73 6.0 11.42 20.4 9.12
3.35 15.07 19.56 12.37 21.32 4.74 3.35 3.35 16.77 16.57 10.92 21.32 10.92 14.15 5.41 4.74 9.12 20.4 10.92 10.92 12.0 15.3 3.35 22.9 16.77 0.0 5.41 12.37 4.74 8.75 23.33 19.56 4.74 18.12 22.9 20.4 3.35 12.0 10.61 12.0 3.35 16.77 16.57 4.74 15.3 20.4 6.71 6.36 20.4 8.75 14.15 9.12 4.74 21.32 20.4 18.79 13.83 10.92 18.12 8.75 2.12 16.57 2.12 23.33 12.0 3.35 15.07 4.74 10.61 22.9 4.74 17.56 17.56 16.57 3.35 8.75 17.56 15.07 5.41 19.56 21.32
3.0 10.61 17.56 9.6 16.22 6.18 8.49 3.0 11.42 14.77 6.0 16.22 6.0 12.9 0.0 4.5 8.49 15.44 6.0 6.0 10.06 12.09 3.0 17.49 11.42 5.41 0.0 9.6 6.18 10.5 18.06 17.56 6.18 12.82 17.49 15.44 2.12 10.06 10.92 10.06 8.49 13.58 13.83 6.18 12.09 15.44 1.5 7.5 15.44 10.5 12.9 8.49 6.18 16.22 15.44 14.23 10.82 6.0 12.82 10.5 6.18 13.83 6.18 18.06 10.06 8.49 10.61 4.5 10.92 17.49 4.5 13.58 13.58 13.83 8.49 10.5 13.58 10.61 0.0 17.56 16.22
12.09 5.41 26.24 0.0 19.56 15.44 13.5 12.09 10.92 23.72 6.18 19.56 6.18 4.5 9.6 7.65 18.06 19.5 6.18 6.18 19.21 3.0 12.09 16.77 10.92 12.37 9.6 0.0 15.44 8.75 20.01 26.24 15.44 11.42 16.77 19.5 10.06 19.21 6.36 19.21 13.5 21.48 22.15 15.44 3.0 19.5 8.49 7.65 19.5 8.75 4.5 18.06 15.44 19.56 19.5 19.73 1.5 6.18 11.42 8.75 14.23 22.15 14.23 20.01 19.21 13.5 5.41 7.65 6.36 16.77 7.65 20.4 20.4 22.15 13.5 8.75 20.4 5.41 9.6 26.24 19.56
3.35 16.77 15.0 15.44 19.21 0.0 7.5 3.35 16.77 12.0 12.09 19.21 12.09 18.06 6.18 8.49 4.5 18.06 12.09 12.09 7.65 18.12 3.35 22.3 16.77 4.74 6.18 15.44 0.0 13.42 21.63 15.0 0.0 18.25 22.3 18.06 5.41 7.65 15.0 7.65 7.5 12.82 12.37 0.0 18.12 18.06 7.65 10.82 18.06 13.42 18.06 4.5 0.0 19.21 18.06 15.95 16.77 12.09 18.25 13.42 3.0 12.37 3.0 21.63 7.65 7.5 16.77 8.49 15.0 22.3 8.49 14.15 14.15 12.37 7.5 13.42 14.15 16.77 6.18 15.0 19.21
10.92 13.83 27.66 8.75 25.63 13.42 7.5 10.92 18.31 24.74 12.09 25.63 12.09 7.5 10.5 6.0 17.56 25.14 12.09 12.09 20.01 11.42 10.92 24.6 18.31 8.75 10.5 8.75 13.42 0.0 26.83 27.66 13.42 19.21 24.6 25.14 9.12 20.01 3.0 20.01 7.5 24.05 24.19 13.42 11.42 25.14 10.61 3.0 25.14 0.0 7.5 17.56 13.42 25.63 25.14 24.42 10.06 12.09 19.21 0.0 10.82 24.19 10.82 26.83 20.01 7.5 13.83 6.0 3.0 24.6 6.0 24.05 24.05 24.19 7.5 0.0 24.05 13.83 10.5 27.66 25.63
20.18 15.07 18.25 20.01 3.0 21.63 26.54 20.18 9.12 18.0 14.77 3.0 14.77 24.42 18.06 21.63 19.5 4.5 14.77 14.77 17.1 19.56 20.18 5.41 9.12 23.33 18.06 20.01 21.63 26.83 0.0 18.25 21.63 9.0 5.41 4.5 20.18 17.1 25.63 17.1 26.54 13.5 15.0 21.63 19.56 4.5 17.1 24.19 4.5 26.83 24.42 19.5 21.63 3.0 4.5 7.5 19.73 14.77 9.0 26.83 23.43 15.0 23.43 0.0 17.1 26.54 15.07 21.63 25.63 5.41 21.63 10.5 10.5 15.0 26.54 26.83 10.5 15.07 18.06 18.25 3.0
16.77 24.42 0.0 26.24 15.3 15.0 22.5 16.77 20.4 3.0 20.4 15.3 20.4 30.19 17.56 21.84 10.5 13.83 20.4 20.4 7.65 27.9 16.77 22.3 20.4 19.56 17.56 26.24 15.0 27.66 18.25 0.0 15.0 21.63 22.3 13.83 18.55 7.65 28.46 7.65 22.5 5.41 4.24 15.0 27.9 13.83 18.12 24.74 13.83 27.66 30.19 10.5 15.0 15.3 13.83 10.92 27.04 20.4 21.63 27.66 18.0 4.24 18.0 18.25 7.65 22.5 24.42 21.84 28.46 22.3 21.84 8.08 8.08 4.24 22.5 27.66 8.08 24.42 17.56 0.0 15.3
3.35 16.77 15.0 15.44 19.21 0.0 7.5 3.35 16.77 12.0 12.09 19.21 12.09 18.06 6.18 8.49 4.5 18.06 12.09 12.09 7.65 18.12 3.35 22.3 16.77 4.74 6.18 15.44 0.0 13.42 21.63 15.0 0.0 18.25 22.3 18.06 5.41 7.65 15.0 7.65 7.5 12.82 12.37 0.0 18.12 18.06 7.65 10.82 18.06 13.42 18.06 4.5 0.0 19.21 18.06 15.95 16.77 12.09 18.25 13.42 3.0 12.37 3.0 21.63 7.65 7.5 16.77 8.49 15.0 22.3 8.49 14.15 14.15 12.37 7.5 13.42 14.15 16.77 6.18 15.0 19.21
15.66 6.18 21.63 11.42 9.49 18.25 20.84 15.66 1.5 20.12 7.5 9.49 7.5 15.66 12.82 15.0 18.06 10.06 7.5 7.5 17.1 10.61 15.66 5.41 1.5 18.12 12.82 11.42 18.25 19.21 9.0 21.63 18.25 0.0 5.41 10.06 14.77 17.1 17.49 17.1 20.84 16.22 17.49 18.25 10.61 10.06 11.42 16.97 10.06 19.21 15.66 18.06 18.25 9.49 10.06 11.72 10.92 7.5 0.0 19.21 18.97 17.49 18.97 9.0 17.1 20.84 6.18 15.0 17.49 5.41 15.0 13.83 13.83 17.49 20.84 19.21 13.83 6.18 12.82 21.63 9.49
20.12 11.42 22.3 16.77 7.5 22.3 25.81 20.12 6.36 21.48 12.73 7.5 12.73 20.89 17.49 20.18 21.21 8.75 12.73 12.73 19.5 15.66 20.12 0.0 6.36 22.9 17.49 16.77 22.3 24.6 5.41 22.3 22.3 5.41 0.0 8.75 19.56 19.5 22.9 19.5 25.81 17.1 18.55 22.3 15.66 8.75 16.22 22.3 8.75 24.6 20.89 21.21 22.3 7.5 8.75 11.42 16.16 12.73 5.41 24.6 23.48 18.55 23.48 5.41 19.5 25.81 11.42 20.18 22.9 0.0 20.18 14.23 14.23 18.55 25.81 24.6 14.23 11.42 17.49 22.3 7.5
17.1 15.3 13.83 19.5 1.5 18.06 23.72 17.1 9.49 13.5 13.58 1.5 13.58 24.0 15.44 19.5 15.44 0.0 13.58 13.58 12.82 19.73 17.1 8.75 9.49 20.4 15.44 19.5 18.06 25.14 4.5 13.83 18.06 10.06 8.75 0.0 17.49 12.82 24.42 12.82 23.72 9.0 10.5 18.06 19.73 0.0 14.77 22.3 0.0 25.14 24.0 15.44 18.06 1.5 0.0 3.0 19.56 13.58 10.06 25.14 20.18 10.5 20.18 4.5 12.82 23.72 15.3 19.5 24.42 8.75 19.5 6.0 6.0 10.5 23.72 25.14 6.0 15.3 15.44 13.83 1.5
2.12 12.0 18.55 10.06 18.31 5.41 6.36 2.12 13.42 15.66 7.65 18.31 7.65 12.73 2.12 3.35 8.75 17.49 7.65 7.65 10.92 12.82 2.12 19.56 13.42 3.35 2.12 10.06 5.41 9.12 20.18 18.55 5.41 14.77 19.56 17.49 0.0 10.92 10.06 10.92 6.36 15.0 15.07 5.41 12.82 17.49 3.35 6.18 17.49 9.12 12.73 8.75 5.41 18.31 17.49 16.16 11.42 7.65 14.77 9.12 4.5 15.07 4.5 20.18 10.92 6.36 12.0 3.35 10.06 19.56 3.35 15.3 15.3 15.07 6.36 9.12 15.3 12.0 2.12 18.55 18.31
9.12 18.31 7.65 19.21 14.23 7.65 15.07 9.12 15.66 4.74 13.83 14.23 13.83 22.9 10.06 14.23 3.35 12.82 13.83 13.83 0.0 21.21 9.12 19.5 15.66 12.0 10.06 19.21 7.65 20.01 17.1 7.65 7.65 17.1 19.5 12.82 10.92 0.0 20.89 0.0 15.07 5.41 4.74 7.65 21.21 12.82 10.82 17.1 12.82 20.01 22.9 3.35 7.65 14.23 12.82 10.06 20.18 13.83 17.1 20.01 10.61 4.74 10.61 17.1 0.0 15.07 18.31 14.23 20.89 19.5 14.23 7.5 7.5 4.74 15.07 20.01 7.5 18.31 10.06 7.65 14.23
12.09 11.72 28.46 6.36 24.74 15.0 10.06 12.09 16.77 25.63 10.92 24.74 10.92 4.5 10.92 6.71 18.79 24.42 10.92 10.92 20.89 8.75 12.09 22.9 16.77 10.61 10.92 6.36 15.0 3.0 25.63 28.46 15.0 17.49 22.9 24.42 10.06 20.89 0.0 20.89 10.06 24.42 24.74 15.0 8.75 24.42 10.61 4.24 24.42 3.0 4.5 18.79 15.0 24.74 24.42 24.05 7.5 10.92 17.49 3.0 12.73 24.74 12.73 25.63 20.89 10.06 11.72 6.71 0.0 22.9 6.71 24.05 24.05 24.74 10.06 3.0 24.05 11.72 10.92 28.46 24.74
9.12 18.31 7.65 19.21 14.23 7.65 15.07 9.12 15.66 4.74 13.83 14.23 13.83 22.9 10.06 14.23 3.35 12.82 13.83 13.83 0.0 21.21 9.12 19.5 15.66 12.0 10.06 19.21 7.65 20.01 17.1 7.65 7.65 17.1 19.5 12.82 10.92 0.0 20.89 0.0 15.07 5.41 4.74 7.65 21.21 12.82 10.82 17.1 12.82 20.01 22.9 3.35 7.65 14.23 12.82 10.06 20.18 13.83 17.1 20.01 10.61 4.74 10.61 17.1 0.0 15.07 18.31 14.23 20.89 19.5 14.23 7.5 7.5 4.74 15.07 20.01 7.5 18.31 10.06 7.65 14.23
6.71 17.1 22.5 13.5 24.6 7.5 0.0 6.71 19.56 19.5 13.42 24.6 13.42 14.23 8.49 6.18 12.0 23.72 13.42 13.42 15.07 16.5 6.71 25.81 19.56 3.35 8.49 13.5 7.5 7.5 26.54 22.5 7.5 20.84 25.81 23.72 6.36 15.07 10.06 15.07 0.0 20.01 19.73 7.5 16.5 23.72 9.6 6.18 23.72 7.5 14.23 12.0 7.5 24.6 23.72 22.15 15.0 13.42 20.84 7.5 4.5 19.73 4.5 26.54 15.07 0.0 17.1 6.18 10.06 25.81 6.18 20.89 20.89 19.73 0.0 7.5 20.89 17.1 8.49 22.5 24.6
13.58 19.21 5.41 21.48 10.5 12.82 20.01 13.58 15.0 4.5 15.44 10.5 15.44 25.63 13.58 18.06 8.75 9.0 15.44 15.44 5.41 22.9 13.58 17.1 15.0 16.77 13.58 21.48 12.82 24.05 13.5 5.41 12.82 16.22 17.1 9.0 15.0 5.41 24.42 5.41 20.01 0.0 1.5 12.82 22.9 9.0 13.83 21.05 9.0 24.05 25.63 8.75 12.82 10.5 9.0 6.0 22.15 15.44 16.22 24.05 15.66 1.5 15.66 13.5 5.41 20.01 19.21 18.06 24.42 17.1 18.06 3.0 3.0 1.5 20.01 24.05 3.0 19.21 13.58 5.41 10.5
13.5 20.18 4.24 22.15 12.0 12.37 19.73 13.5 16.22 3.0 16.22 12.0 16.22 26.2 13.83 18.25 8.08 10.5 16.22 16.22 4.74 23.72 13.5 18.55 16.22 16.57 13.83 22.15 12.37 24.19 15.0 4.24 12.37 17.49 18.55 10.5 15.07 4.74 24.74 4.74 19.73 1.5 0.0 12.37 23.72 10.5 14.23 21.21 10.5 24.19 26.2 8.08 12.37 12.0 10.5 7.5 22.9 16.22 17.49 24.19 15.3 0.0 15.3 15.0 4.74 19.73 20.18 18.25 24.74 18.55 18.25 4.5 4.5 0.0 19.73 24.19 4.5 20.18 13.83 4.24 12.0
3.35 16.77 15.0 15.44 19.21 0.0 7.5 3.35 16.77 12.0 12.09 19.21 12.09 18.06 6.18 8.49 4.5 18.06 12.09 12.09 7.65 18.12 3.35 22.3 16.77 4.74 6.18 15.44 0.0 13.42 21.63 15.0 0.0 18.25 22.3 18.06 5.41 7.65 15.0 7.65 7.5 12.82 12.37 0.0 18.12 18.06 7.65 10.82 18.06 13.42 18.06 4.5 0.0 19.21 18.06 15.95 16.77 12.09 18.25 13.42 3.0 12.37 3.0 21.63 7.65 7.5 16.77 8.49 15.0 22.3 8.49 14.15 14.15 12.37 7.5 13.42 14.15 16.77 6.18 15.0 19.21
14.77 4.5 27.9 3.0 19.56 18.12 16.5 14.77 10.5 25.54 7.5 19.56 7.5 5.41 12.09 10.61 20.4 19.73 7.5 7.5 21.21 0.0 14.77 15.66 10.5 15.3 12.09 3.0 18.12 11.42 19.56 27.9 18.12 10.61 15.66 19.73 12.82 21.21 8.75 21.21 16.5 22.9 23.72 18.12 0.0 19.73 10.82 10.61 19.73 11.42 5.41 20.4 18.12 19.56 19.73 20.4 1.5 7.5 10.61 11.42 17.1 23.72 17.1 19.56 21.21 16.5 4.5 10.61 8.75 15.66 10.61 21.48 21.48 23.72 16.5 11.42 21.48 4.5 12.09 27.9 19.56
17.1 15.3 13.83 19.5 1.5 18.06 23.72 17.1 9.49 13.5 13.58 1.5 13.58 24.0 15.44 19.5 15.44 0.0 13.58 13.58 12.82 19.73 17.1 8.75 9.49 20.4 15.44 19.5 18.06 25.14 4.5 13.83 18.06 10.06 8.75 0.0 17.49 12.82 24.42 12.82 23.72 9.0 10.5 18.06 19.73 0.0 14.77 22.3 0.0 25.14 24.0 15.44 18.06 1.5 0.0 3.0 19.56 13.58 10.06 25.14 20.18 10.5 20.18 4.5 12.82 23.72 15.3 19.5 24.42 8.75 19.5 6.0 6.0 10.5 23.72 25.14 6.0 15.3 15.44 13.83 1.5
4.5 9.12 18.12 8.49 15.44 7.65 9.6 4.5 10.06 15.44 4.5 15.44 4.5 12.09 1.5 4.74 9.6 14.77 4.5 4.5 10.82 10.82 4.5 16.22 10.06 6.71 1.5 8.49 7.65 10.61 17.1 18.12 7.65 11.42 16.22 14.77 3.35 10.82 10.61 10.82 9.6 13.83 14.23 7.65 10.82 14.77 0.0 7.65 14.77 10.61 12.09 9.6 7.65 15.44 14.77 13.83 9.6 4.5 11.42 10.61 7.65 14.23 7.65 17.1 10.82 9.6 9.12 4.74 10.61 16.22 4.74 13.5 13.5 14.23 9.6 10.61 13.5 9.12 1.5 18.12 15.44
8.08 12.09 24.74 7.65 22.85 10.82 6.18 8.08 15.95 21.84 9.6 22.85 9.6 8.08 7.5 3.0 14.77 22.3 9.6 9.6 17.1 10.61 8.08 22.3 15.95 6.36 7.5 7.65 10.82 3.0 24.19 24.74 10.82 16.97 22.3 22.3 6.18 17.1 4.24 17.1 6.18 21.05 21.21 10.82 10.61 22.3 7.65 0.0 22.3 3.0 8.08 14.77 10.82 22.85 22.3 21.48 9.12 9.6 16.97 3.0 8.49 21.21 8.49 24.19 17.1 6.18 12.09 3.0 4.24 22.3 3.0 21.05 21.05 21.21 6.18 3.0 21.05 12.09 7.5 24.74 22.85
17.1 15.3 13.83 19.5 1.5 18.06 23.72 17.1 9.49 13.5 13.58 1.5 13.58 24.0 15.44 19.5 15.44 0.0 13.58 13.58 12.82 19.73 17.1 8.75 9.49 20.4 15.44 19.5 18.06 25.14 4.5 13.83 18.06 10.06 8.75 0.0 17.49 12.82 24.42 12.82 23.72 9.0 10.5 18.06 19.73 0.0 14.77 22.3 0.0 25.14 24.0 15.44 18.06 1.5 0.0 3.0 19.56 13.58 10.06 25.14 20.18 10.5 20.18 4.5 12.82 23.72 15.3 19.5 24.42 8.75 19.5 6.0 6.0 10.5 23.72 25.14 6.0 15.3 15.44 13.83 1.5
10.92 13.83 27.66 8.75 25.63 13.42 7.5 10.92 18.31 24.74 12.09 25.63 12.09 7.5 10.5 6.0 17.56 25.14 12.09 12.09 20.01 11.42 10.92 24.6 18.31 8.75 10.5 8.75 13.42 0.0 26.83 27.66 13.42 19.21 24.6 25.14 9.12 20.01 3.0 20.01 7.5 24.05 24.19 13.42 11.42 25.14 10.61 3.0 25.14 0.0 7.5 17.56 13.42 25.63 25.14 24.42 10.06 12.09 19.21 0.0 10.82 24.19 10.82 26.83 20.01 7.5 13.83 6.0 3.0 24.6 6.0 24.05 24.05 24.19 7.5 0.0 24.05 13.83 10.5 27.66 25.63
14.85 9.49 30.19 4.5 24.05 18.06 14.23 14.85 15.3 27.54 10.61 24.05 10.61 0.0 12.9 9.6 21.32 24.0 10.61 10.61 22.9 5.41 14.85 20.89 15.3 14.15 12.9 4.5 18.06 7.5 24.42 30.19 18.06 15.66 20.89 24.0 12.73 22.9 4.5 22.9 14.23 25.63 26.2 18.06 5.41 24.0 12.09 8.08 24.0 7.5 0.0 21.32 18.06 24.05 24.0 24.19 4.74 10.61 15.66 7.5 16.22 26.2 16.22 24.42 22.9 14.23 9.49 9.6 4.5 20.89 9.6 24.74 24.74 26.2 14.23 7.5 24.74 9.49 12.9 30.19 24.05
6.71 18.12 10.5 18.06 16.77 4.5 12.0 6.71 16.57 7.5 13.42 16.77 13.42 21.32 8.49 12.09 0.0 15.44 13.42 13.42 3.35 20.4 6.71 21.21 16.57 9.12 8.49 18.06 4.5 17.56 19.5 10.5 4.5 18.06 21.21 15.44 8.75 3.35 18.79 3.35 12.0 8.75 8.08 4.5 20.4 15.44 9.6 14.77 15.44 17.56 21.32 0.0 4.5 16.77 15.44 12.9 19.21 13.42 18.06 17.56 7.5 8.08 7.5 19.5 3.35 12.0 18.12 12.09 18.79 21.21 12.09 10.61 10.61 8.08 12.0 17.56 10.61 18.12 8.49 10.5 16.77
3.35 16.77 15.0 15.44 19.21 0.0 7.5 3.35 16.77 12.0 12.09 19.21 12.09 18.06 6.18 8.49 4.5 18.06 12.09 12.09 7.65 18.12 3.35 22.3 16.77 4.74 6.18 15.44 0.0 13.42 21.63 15.0 0.0 18.25 22.3 18.06 5.41 7.65 15.0 7.65 7.5 12.82 12.37 0.0 18.12 18.06 7.65 10.82 18.06 13.42 18.06 4.5 0.0 19.21 18.06 15.95 16.77 12.09 18.25 13.42 3.0 12.37 3.0 21.63 7.65 7.5 16.77 8.49 15.0 22.3 8.49 14.15 14.15 12.37 7.5 13.42 14.15 16.77 6.18 15.0 19.21
18.06 15.07 15.3 19.56 0.0 19.21 24.6 18.06 9.12 15.0 13.83 0.0 13.83 24.05 16.22 20.12 16.77 1.5 13.83 13.83 14.23 19.56 18.06 7.5 9.12 21.32 16.22 19.56 19.21 25.63 3.0 15.3 19.21 9.49 7.5 1.5 18.31 14.23 24.74 14.23 24.6 10.5 12.0 19.21 19.56 1.5 15.44 22.85 1.5 25.63 24.05 16.77 19.21 0.0 1.5 4.5 19.5 13.83 9.49 25.63 21.21 12.0 21.21 3.0 14.23 24.6 15.07 20.12 24.74 7.5 20.12 7.5 7.5 12.0 24.6 25.63 7.5 15.07 16.22 15.3 0.0
17.1 15.3 13.83 19.5 1.5 18.06 23.72 17.1 9.49 13.5 13.58 1.5 13.58 24.0 15.44 19.5 15.44 0.0 13.58 13.58 12.82 19.73 17.1 8.75 9.49 20.4 15.44 19.5 18.06 25.14 4.5 13.83 18.06 10.06 8.75 0.0 17.49 12.82 24.42 12.82 23.72 9.0 10.5 18.06 19.73 0.0 14.77 22.3 0.0 25.14 24.0 15.44 18.06 1.5 0.0 3.0 19.56 13.58 10.06 25.14 20.18 10.5 20.18 4.5 12.82 23.72 15.3 19.5 24.42 8.75 19.5 6.0 6.0 10.5 23.72 25.14 6.0 15.3 15.44 13.83 1.5
15.44 16.16 10.92 19.73 4.5 15.95 22.15 15.44 10.82 10.5 13.58 4.5 13.58 24.19 14.23 18.55 12.9 3.0 13.58 13.58 10.06 20.4 15.44 11.42 10.82 18.79 14.23 19.73 15.95 24.42 7.5 10.92 15.95 11.72 11.42 3.0 16.16 10.06 24.05 10.06 22.15 6.0 7.5 15.95 20.4 3.0 13.83 21.48 3.0 24.42 24.19 12.9 15.95 4.5 3.0 0.0 20.01 13.58 11.72 24.42 18.31 7.5 18.31 7.5 10.06 22.15 16.16 18.55 24.05 11.42 18.55 3.0 3.0 7.5 22.15 24.42 3.0 16.16 14.23 10.92 4.5
13.42 4.74 27.04 1.5 19.5 16.77 15.0 13.42 10.61 24.6 6.71 19.5 6.71 4.74 10.82 9.12 19.21 19.56 6.71 6.71 20.18 1.5 13.42 16.16 10.61 13.83 10.82 1.5 16.77 10.06 19.73 27.04 16.77 10.92 16.16 19.56 11.42 20.18 7.5 20.18 15.0 22.15 22.9 16.77 1.5 19.56 9.6 9.12 19.56 10.06 4.74 19.21 16.77 19.5 19.56 20.01 0.0 6.71 10.92 10.06 15.66 22.9 15.66 19.73 20.18 15.0 4.74 9.12 7.5 16.16 9.12 20.89 20.89 22.9 15.0 10.06 20.89 4.74 10.82 27.04 19.5
9.0 4.74 20.4 6.18 13.83 12.09 13.42 9.0 6.36 18.06 0.0 13.83 0.0 10.61 6.0 7.5 13.42 13.58 0.0 0.0 13.83 7.5 9.0 12.73 6.36 10.92 6.0 6.18 12.09 12.09 14.77 20.4 12.09 7.5 12.73 13.58 7.65 13.83 10.92 13.83 13.42 15.44 16.22 12.09 7.5 13.58 4.5 9.6 13.58 12.09 10.61 13.42 12.09 13.83 13.58 13.58 6.71 0.0 7.5 12.09 12.09 16.22 12.09 14.77 13.83 13.42 4.74 7.5 10.92 12.73 7.5 14.23 14.23 16.22 13.42 12.09 14.23 4.74 6.0 20.4 13.83
15.66 6.18 21.63 11.42 9.49 18.25 20.84 15.66 1.5 20.12 7.5 9.49 7.5 15.66 12.82 15.0 18.06 10.06 7.5 7.5 17.1 10.61 15.66 5.41 1.5 18.12 12.82 11.42 18.25 19.21 9.0 21.63 18.25 0.0 5.41 10.06 14.77 17.1 17.49 17.1 20.84 16.22 17.49 18.25 10.61 10.06 11.42 16.97 10.06 19.21 15.66 18.06 18.25 9.49 10.06 11.72 10.92 7.5 0.0 19.21 18.97 17.49 18.97 9.0 17.1 20.84 6.18 15.0 17.49 5.41 15.0 13.83 13.83 17.49 20.84 19.21 13.83 6.18 12.82 21.63 9.49
10.92 13.83 27.66 8.75 25.63 13.42 7.5 10.92 18.31 24.74 12.09 25.63 12.09 7.5 10.5 6.0 17.56 25.14 12.09 12.09 20.01 11.42 10.92 24.6 18.31 8.75 10.5 8.75 13.42 0.0 26.83 27.66 13.42 19.21 24.6 25.14 9.12 20.01 3.0 20.01 7.5 24.05 24.19 13.42 11.42 25.14 10.61 3.0 25.14 0.0 7.5 17.56 13.42 25.63 25.14 24.42 10.06 12.09 19.21 0.0 10.82 24.19 10.82 26.83 20.01 7.5 13.83 6.0 3.0 24.6 6.0 24.05 24.05 24.19 7.5 0.0 24.05 13.83 10.5 27.66 25.63
3.35 16.5 18.0 14.23 21.21 3.0 4.5 3.35 17.56 15.0 12.09 21.21 12.09 16.22 6.18 6.71 7.5 20.18 12.09 12.09 10.61 17.1 3.35 23.48 17.56 2.12 6.18 14.23 3.0 10.82 23.43 18.0 3.0 18.97 23.48 20.18 4.5 10.61 12.73 10.61 4.5 15.66 15.3 3.0 17.1 20.18 7.65 8.49 20.18 10.82 16.22 7.5 3.0 21.21 20.18 18.31 15.66 12.09 18.97 10.82 0.0 15.3 0.0 23.43 10.61 4.5 16.5 6.71 12.73 23.48 6.71 16.77 16.77 15.3 4.5 10.82 16.77 16.5 6.18 18.0 21.21
13.5 20.18 4.24 22.15 12.0 12.37 19.73 13.5 16.22 3.0 16.22 12.0 16.22 26.2 13.83 18.25 8.08 10.5 16.22 16.22 4.74 23.72 13.5 18.55 16.22 16.57 13.83 22.15 12.37 24.19 15.0 4.24 12.37 17.49 18.55 10.5 15.07 4.74 24.74 4.74 19.73 1.5 0.0 12.37 23.72 10.5 14.23 21.21 10.5 24.19 26.2 8.08 12.37 12.0 10.5 7.5 22.9 16.22 17.49 24.19 15.3 0.0 15.3 15.0 4.74 19.73 20.18 18.25 24.74 18.55 18.25 4.5 4.5 0.0 19.73 24.19 4.5 20.18 13.83 4.24 12.0
3.35 16.5 18.0 14.23 21.21 3.0 4.5 3.35 17.56 15.0 12.09 21.21 12.09 16.22 6.18 6.71 7.5 20.18 12.09 12.09 10.61 17.1 3.35 23.48 17.56 2.12 6.18 14.23 3.0 10.82 23.43 18.0 3.0 18.97 23.48 20.18 4.5 10.61 12.73 10.61 4.5 15.66 15.3 3.0 17.1 20.18 7.65 8.49 20.18 10.82 16.22 7.5 3.0 21.21 20.18 18.31 15.66 12.09 18.97 10.82 0.0 15.3 0.0 23.43 10.61 4.5 16.5 6.71 12.73 23.48 6.71 16.77 16.77 15.3 4.5 10.82 16.77 16.5 6.18 18.0 21.21
20.18 15.07 18.25 20.01 3.0 21.63 26.54 20.18 9.12 18.0 14.77 3.0 14.77 24.42 18.06 21.63 19.5 4.5 14.77 14.77 17.1 19.56 20.18 5.41 9.12 23.33 18.06 20.01 21.63 26.83 0.0 18.25 21.63 9.0 5.41 4.5 20.18 17.1 25.63 17.1 26.54 13.5 15.0 21.63 19.56 4.5 17.1 24.19 4.5 26.83 24.42 19.5 21.63 3.0 4.5 7.5 19.73 14.77 9.0 26.83 23.43 15.0 23.43 0.0 17.1 26.54 15.07 21.63 25.63 5.41 21.63 10.5 10.5 15.0 26.54 26.83 10.5 15.07 18.06 18.25 3.0
9.12 18.31 7.65 19.21 14.23 7.65 15.07 9.12 15.66 4.74 13.83 14.23 13.83 22.9 10.06 14.23 3.35 12.82 13.83 13.83 0.0 21.21 9.12 19.5 15.66 12.0 10.06 19.21 7.65 20.01 17.1 7.65 7.65 17.1 19.5 12.82 10.92 0.0 20.89 0.0 15.07 5.41 4.74 7.65 21.21 12.82 10.82 17.1 12.82 20.01 22.9 3.35 7.65 14.23 12.82 10.06 20.18 13.83 17.1 20.01 10.61 4.74 10.61 17.1 0.0 15.07 18.31 14.23 20.89 19.5 14.23 7.5 7.5 4.74 15.07 20.01 7.5 18.31 10.06 7.65 14.23
6.71 17.1 22.5 13.5 24.6 7.5 0.0 6.71 19.56 19.5 13.42 24.6 13.42 14.23 8.49 6.18 12.0 23.72 13.42 13.42 15.07 16.5 6.71 25.81 19.56 3.35 8.49 13.5 7.5 7.5 26.54 22.5 7.5 20.84 25.81 23.72 6.36 15.07 10.06 15.07 0.0 20.01 19.73 7.5 16.5 23.72 9.6 6.18 23.72 7.5 14.23 12.0 7.5 24.6 23.72 22.15 15.0 13.42 20.84 7.5 4.5 19.73 4.5 26.54 15.07 0.0 17.1 6.18 10.06 25.81 6.18 20.89 20.89 19.73 0.0 7.5 20.89 17.1 8.49 22.5 24.6
13.58 0.0 24.42 5.41 15.07 16.77 17.1 13.58 6.0 22.3 4.74 15.07 4.74 9.49 10.61 10.92 18.12 15.3 4.74 4.74 18.31 4.5 13.58 11.42 6.0 15.07 10.61 5.41 16.77 13.83 15.07 24.42 16.77 6.18 11.42 15.3 12.0 18.31 11.72 18.31 17.1 19.21 20.18 16.77 4.5 15.3 9.12 12.09 15.3 13.83 9.49 18.12 16.77 15.07 15.3 16.16 4.74 4.74 6.18 13.83 16.5 20.18 16.5 15.07 18.31 17.1 0.0 10.92 11.72 11.42 10.92 17.49 17.49 20.18 17.1 13.83 17.49 0.0 10.61 24.42 15.07
5.41 10.92 21.84 7.65 20.12 8.49 6.18 5.41 13.83 18.97 7.5 20.12 7.5 9.6 4.5 0.0 12.09 19.5 7.5 7.5 14.23 10.61 5.41 20.18 13.83 4.74 4.5 7.65 8.49 6.0 21.63 21.84 8.49 15.0 20.18 19.5 3.35 14.23 6.71 14.23 6.18 18.06 18.25 8.49 10.61 19.5 4.74 3.0 19.5 6.0 9.6 12.09 8.49 20.12 19.5 18.55 9.12 7.5 15.0 6.0 6.71 18.25 6.71 21.63 14.23 6.18 10.92 0.0 6.71 20.18 0.0 18.06 18.06 18.25 6.18 6.0 18.06 10.92 4.5 21.84 20.12
12.09 11.72 28.46 6.36 24.74 15.0 10.06 12.09 16.77 25.63 10.92 24.74 10.92 4.5 10.92 6.71 18.79 24.42 10.92 10.92 20.89 8.75 12.09 22.9 16.77 10.61 10.92 6.36 15.0 3.0 25.63 28.46 15.0 17.49 22.9 24.42 10.06 20.89 0.0 20.89 10.06 24.42 24.74 15.0 8.75 24.42 10.61 4.24 24.42 3.0 4.5 18.79 15.0 24.74 24.42 24.05 7.5 10.92 17.49 3.0 12.73 24.74 12.73 25.63 20.89 10.06 11.72 6.71 0.0 22.9 6.71 24.05 24.05 24.74 10.06 3.0 24.05 11.72 10.92 28.46 24.74
20.12 11.42 22.3 16.77 7.5 22.3 25.81 20.12 6.36 21.48 12.73 7.5 12.73 20.89 17.49 20.18 21.21 8.75 12.73 12.73 19.5 15.66 20.12 0.0 6.36 22.9 17.49 16.77 22.3 24.6 5.41 22.3 22.3 5.41 0.0 8.75 19.56 19.5 22.9 19.5 25.81 17.1 18.55 22.3 15.66 8.75 16.22 22.3 8.75 24.6 20.89 21.21 22.3 7.5 8.75 11.42 16.16 12.73 5.41 24.6 23.48 18.55 23.48 5.41 19.5 25.81 11.42 20.18 22.9 0.0 20.18 14.23 14.23 18.55 25.81 24.6 14.23 11.42 17.49 22.3 7.5
5.41 10.92 21.84 7.65 20.12 8.49 6.18 5.41 13.83 18.97 7.5 20.12 7.5 9.6 4.5 0.0 12.09 19.5 7.5 7.5 14.23 10.61 5.41 20.18 13.83 4.74 4.5 7.65 8.49 6.0 21.63 21.84 8.49 15.0 20.18 19.5 3.35 14.23 6.71 14.23 6.18 18.06 18.25 8.49 10.61 19.5 4.74 3.0 19.5 6.0 9.6 12.09 8.49 20.12 19.5 18.55 9.12 7.5 15.0 6.0 6.71 18.25 6.71 21.63 14.23 6.18 10.92 0.0 6.71 20.18 0.0 18.06 18.06 18.25 6.18 6.0 18.06 10.92 4.5 21.84 20.12
14.23 17.49 8.08 20.4 7.5 14.15 20.89 14.23 12.73 7.5 14.23 7.5 14.23 24.74 13.58 18.06 10.61 6.0 14.23 14.23 7.5 21.48 14.23 14.23 12.73 17.56 13.58 20.4 14.15 24.05 10.5 8.08 14.15 13.83 14.23 6.0 15.3 7.5 24.05 7.5 20.89 3.0 4.5 14.15 21.48 6.0 13.5 21.05 6.0 24.05 24.74 10.61 14.15 7.5 6.0 3.0 20.89 14.23 13.83 24.05 16.77 4.5 16.77 10.5 7.5 20.89 17.49 18.06 24.05 14.23 18.06 0.0 0.0 4.5 20.89 24.05 0.0 17.49 13.58 8.08 7.5
14.23 17.49 8.08 20.4 7.5 14.15 20.89 14.23 12.73 7.5 14.23 7.5 14.23 24.74 13.58 18.06 10.61 6.0 14.23 14.23 7.5 21.48 14.23 14.23 12.73 17.56 13.58 20.4 14.15 24.05 10.5 8.08 14.15 13.83 14.23 6.0 15.3 7.5 24.05 7.5 20.89 3.0 4.5 14.15 21.48 6.0 13.5 21.05 6.0 24.05 24.74 10.61 14.15 7.5 6.0 3.0 20.89 14.23 13.83 24.05 16.77 4.5 16.77 10.5 7.5 20.89 17.49 18.06 24.05 14.23 18.06 0.0 0.0 4.5 20.89 24.05 0.0 17.49 13.58 8.08 7.5
13.5 20.18 4.24 22.15 12.0 12.37 19.73 13.5 16.22 3.0 16.22 12.0 16.22 26.2 13.83 18.25 8.08 10.5 16.22 16.22 4.74 23.72 13.5 18.55 16.22 16.57 13.83 22.15 12.37 24.19 15.0 4.24 12.37 17.49 18.55 10.5 15.07 4.74 24.74 4.74 19.73 1.5 0.0 12.37 23.72 10.5 14.23 21.21 10.5 24.19 26.2 8.08 12.37 12.0 10.5 7.5 22.9 16.22 17.49 24.19 15.3 0.0 15.3 15.0 4.74 19.73 20.18 18.25 24.74 18.55 18.25 4.5 4.5 0.0 19.73 24.19 4.5 20.18 13.83 4.24 12.0
6.71 17.1 22.5 13.5 24.6 7.5 0.0 6.71 19.56 19.5 13.42 24.6 13.42 14.23 8.49 6.18 12.0 23.72 13.42 13.42 15.07 16.5 6.71 25.81 19.56 3.35 8.49 13.5 7.5 7.5 26.54 22.5 7.5 20.84 25.81 23.72 6.36 15.07 10.06 15.07 0.0 20.01 19.73 7.5 16.5 23.72 9.6 6.18 23.72 7.5 14.23 12.0 7.5 24.6 23.72 22.15 15.0 13.42 20.84 7.5 4.5 19.73 4.5 26.54 15.07 0.0 17.1 6.18 10.06 25.81 6.18 20.89 20.89 19.73 0.0 7.5 20.89 17.1 8.49 22.5 24.6
10.92 13.83 27.66 8.75 25.63 13.42 7.5 10.92 18.31 24.74 12.09 25.63 12.09 7.5 10.5 6.0 17.56 25.14 12.09 12.09 20.01 11.42 10.92 24.6 18.31 8.75 10.5 8.75 13.42 0.0 26.83 27.66 13.42 19.21 24.6 25.14 9.12 20.01 3.0 20.01 7.5 24.05 24.19 13.42 11.42 25.14 10.61 3.0 25.14 0.0 7.5 17.56 13.42 25.63 25.14 24.42 10.06 12.09 19.21 0.0 10.82 24.19 10.82 26.83 20.01 7.5 13.83 6.0 3.0 24.6 6.0 24.05 24.05 24.19 7.5 0.0 24.05 13.83 10.5 27.66 25.63
14.23 17.49 8.08 20.4 7.5 14.15 20.89 14.23 12.73 7.5 14.23 7.5 14.23 24.74 13.58 18.06 10.61 6.0 14.23 14.23 7.5 21.48 14.23 14.23 12.73 17.56 13.58 20.4 14.15 24.05 10.5 8.08 14.15 13.83 14.23 6.0 15.3 7.5 24.05 7.5 20.89 3.0 4.5 14.15 21.48 6.0 13.5 21.05 6.0 24.05 24.74 10.61 14.15 7.5 6.0 3.0 20.89 14.23 13.83 24.05 16.77 4.5 16.77 10.5 7.5 20.89 17.49 18.06 24.05 14.23 18.06 0.0 0.0 4.5 20.89 24.05 0.0 17.49 13.58 8.08 7.5
13.58 0.0 24.42 5.41 15.07 16.77 17.1 13.58 6.0 22.3 4.74 15.07 4.74 9.49 10.61 10.92 18.12 15.3 4.74 4.74 18.31 4.5 13.58 11.42 6.0 15.07 10.61 5.41 16.77 13.83 15.07 24.42 16.77 6.18 11.42 15.3 12.0 18.31 11.72 18.31 17.1 19.21 20.18 16.77 4.5 15.3 9.12 12.09 15.3 13.83 9.49 18.12 16.77 15.07 15.3 16.16 4.74 4.74 6.18 13.83 16.5 20.18 16.5 15.07 18.31 17.1 0.0 10.92 11.72 11.42 10.92 17.49 17.49 20.18 17.1 13.83 17.49 0.0 10.61 24.42 15.07
3.0 10.61 17.56 9.6 16.22 6.18 8.49 3.0 11.42 14.77 6.0 16.22 6.0 12.9 0.0 4.5 8.49 15.44 6.0 6.0 10.06 12.09 3.0 17.49 11.42 5.41 0.0 9.6 6.18 10.5 18.06 17.56 6.18 12.82 17.49 15.44 2.12 10.06 10.92 10.06 8.49 13.58 13.83 6.18 12.09 15.44 1.5 7.5 15.44 10.5 12.9 8.49 6.18 16.22 15.44 14.23 10.82 6.0 12.82 10.5 6.18 13.83 6.18 18.06 10.06 8.49 10.61 4.5 10.92 17.49 4.5 13.58 13.58 13.83 8.49 10.5 13.58 10.61 0.0 17.56 16.22
16.77 24.42 0.0 26.24 15.3 15.0 22.5 16.77 20.4 3.0 20.4 15.3 20.4 30.19 17.56 21.84 10.5 13.83 20.4 20.4 7.65 27.9 16.77 22.3 20.4 19.56 17.56 26.24 15.0 27.66 18.25 0.0 15.0 21.63 22.3 13.83 18.55 7.65 28.46 7.65 22.5 5.41 4.24 15.0 27.9 13.83 18.12 24.74 13.83 27.66 30.19 10.5 15.0 15.3 13.83 10.92 27.04 20.4 21.63 27.66 18.0 4.24 18.0 18.25 7.65 22.5 24.42 21.84 28.46 22.3 21.84 8.08 8.08 4.24 22.5 27.66 8.08 24.42 17.56 0.0 15.3
18.06 15.07 15.3 19.56 0.0 19.21 24.6 18.06 9.12 15.0 13.83 0.0 13.83 24.05 16.22 20.12 16.77 1.5 13.83 13.83 14.23 19.56 18.06 7.5 9.12 21.32 16.22 19.56 19.21 25.63 3.0 15.3 19.21 9.49 7.5 1.5 18.31 14.23 24.74 14.23 24.6 10.5 12.0 19.21 19.56 1.5 15.44 22.85 1.5 25.63 24.05 16.77 19.21 0.0 1.5 4.5 19.5 13.83 9.49 25.63 21.21 12.0 21.21 3.0 14.23 24.6 15.07 20.12 24.74 7.5 20.12 7.5 7.5 12.0 24.6 25.63 7.5 15.07 16.22 15.3 0.0
