0.0 17.1 9.0 13.58 20.18 3.0 6.71 13.5 12.09 10.92 20.12 14.77 3.35 16.77 3.35 13.58 12.09 18.06 6.71 0.0 8.08 17.1 13.42 2.12 9.12 3.0 18.06 16.77 14.77 5.41 3.35 14.23 13.83 9.0 13.58 5.41 16.77 9.0 3.35 6.71 3.0 20.12 16.77 13.58 20.18 17.1 3.35 10.92 13.58 14.23 14.77 3.0 15.66 13.42 12.09 9.12 6.71 13.83 8.08 13.83 13.42 14.23 14.23 6.71 14.23 13.58 3.35 17.1 15.44 20.18 6.71 14.77 6.71 3.0 3.35 17.1 3.35 13.5 16.77 13.83 13.58 3.35 14.23 14.23 12.09 12.09 18.06 15.44 6.71 3.35 6.71 13.58 10.92 20.18 9.12 4.5 13.58 13.42 5.41 2.12 20.12
17.1 0.0 13.58 9.0 4.5 15.44 15.44 10.5 24.42 25.14 8.75 19.73 20.4 13.83 18.06 9.0 19.5 1.5 15.44 17.1 22.3 0.0 19.56 17.49 12.82 15.44 1.5 13.83 19.73 19.5 20.4 6.0 13.5 13.58 9.0 19.5 13.83 13.58 20.4 15.44 15.44 8.75 13.83 15.3 4.5 0.0 20.4 25.14 15.3 6.0 19.73 15.44 10.06 19.56 19.5 12.82 23.72 13.5 22.3 13.5 19.56 6.0 6.0 15.44 6.0 15.3 18.06 0.0 3.0 4.5 15.44 19.73 15.44 15.44 20.4 0.0 20.18 10.5 13.83 13.5 15.3 20.4 9.49 9.49 19.5 24.42 1.5 3.0 23.72 18.06 23.72 15.3 25.14 4.5 12.82 14.77 9.0 19.56 19.5 17.49 8.75
9.0 13.58 0.0 15.44 14.77 6.0 13.42 16.22 10.92 12.09 12.73 7.5 10.92 20.4 12.09 15.44 6.18 13.83 13.42 9.0 9.6 13.58 6.71 7.65 13.83 6.0 13.83 20.4 7.5 7.5 10.92 14.23 18.06 0.0 15.44 7.5 20.4 0.0 10.92 13.42 6.0 12.73 20.4 4.74 14.77 13.58 10.92 12.09 4.74 14.23 7.5 6.0 7.5 6.71 6.18 13.83 13.42 18.06 9.6 18.06 6.71 14.23 14.23 13.42 14.23 4.74 12.09 13.58 13.58 14.77 13.42 7.5 13.42 6.0 10.92 13.58 12.09 16.22 20.4 18.06 4.74 10.92 6.36 6.36 6.18 10.92 13.83 13.58 13.42 12.09 13.42 4.74 12.09 14.77 13.83 4.5 15.44 6.71 7.5 7.65 12.73
13.58 9.0 15.44 0.0 13.5 13.58 8.75 1.5 24.42 24.05 17.1 22.9 16.77 5.41 12.82 0.0 21.48 10.5 8.75 13.58 21.05 9.0 22.15 15.0 5.41 13.58 10.5 5.41 22.9 18.06 16.77 3.0 4.5 15.44 0.0 18.06 5.41 15.44 16.77 8.75 13.58 17.1 5.41 19.21 13.5 9.0 16.77 24.05 19.21 3.0 22.9 13.58 16.22 22.15 21.48 5.41 20.01 4.5 21.05 4.5 22.15 3.0 3.0 8.75 3.0 19.21 12.82 9.0 6.0 13.5 8.75 22.9 8.75 13.58 16.77 9.0 15.66 1.5 5.41 4.5 19.21 16.77 15.0 15.0 21.48 24.42 10.5 6.0 20.01 12.82 20.01 19.21 24.05 13.5 5.41 13.83 0.0 22.15 18.06 15.0 17.1
20.18 4.5 14.77 13.5 0.0 18.06 19.5 15.0 25.63 26.83 5.41 19.56 23.33 18.25 21.63 13.5 20.01 3.0 19.5 20.18 24.19 4.5 19.73 20.18 17.1 18.06 3.0 18.25 19.56 21.63 23.33 10.5 18.0 14.77 13.5 21.63 18.25 14.77 23.33 19.5 18.06 5.41 18.25 15.07 0.0 4.5 23.33 26.83 15.07 10.5 19.56 18.06 9.0 19.73 20.01 17.1 26.54 18.0 24.19 18.0 19.73 10.5 10.5 19.5 10.5 15.07 21.63 4.5 7.5 0.0 19.5 19.56 19.5 18.06 23.33 4.5 23.43 15.0 18.25 18.0 15.07 23.33 9.12 9.12 20.01 25.63 3.0 7.5 26.54 21.63 26.54 15.07 26.83 0.0 17.1 17.1 13.5 19.73 21.63 20.18 5.41
3.0 15.44 6.0 13.58 18.06 0.0 8.49 13.83 10.92 10.5 17.49 12.09 5.41 17.56 6.18 13.58 9.6 16.22 8.49 3.0 7.5 15.44 10.82 2.12 10.06 0.0 16.22 17.56 12.09 4.5 5.41 13.58 14.77 6.0 13.58 4.5 17.56 6.0 5.41 8.49 0.0 17.49 17.56 10.61 18.06 15.44 5.41 10.5 10.61 13.58 12.09 0.0 12.82 10.82 9.6 10.06 8.49 14.77 7.5 14.77 10.82 13.58 13.58 8.49 13.58 10.61 6.18 15.44 14.23 18.06 8.49 12.09 8.49 0.0 5.41 15.44 6.18 13.83 17.56 14.77 10.61 5.41 11.42 11.42 9.6 10.92 16.22 14.23 8.49 6.18 8.49 10.61 10.5 18.06 10.06 1.5 13.58 10.82 4.5 2.12 17.49
6.71 15.44 13.42 8.75 19.5 8.49 0.0 8.08 18.79 17.56 21.21 20.4 9.12 10.5 4.5 8.75 18.06 16.77 0.0 6.71 14.77 15.44 19.21 8.75 3.35 8.49 16.77 10.5 20.4 12.09 9.12 10.61 7.5 13.42 8.75 12.09 10.5 13.42 9.12 0.0 8.49 21.21 10.5 18.12 19.5 15.44 9.12 17.56 18.12 10.61 20.4 8.49 18.06 19.21 18.06 3.35 12.0 7.5 14.77 7.5 19.21 10.61 10.61 0.0 10.61 18.12 4.5 15.44 12.9 19.5 0.0 20.4 0.0 8.49 9.12 15.44 7.5 8.08 10.5 7.5 18.12 9.12 16.57 16.57 18.06 18.79 16.77 12.9 12.0 4.5 12.0 18.12 17.56 19.5 3.35 9.6 8.75 19.21 12.09 8.75 21.21
13.5 10.5 16.22 1.5 15.0 13.83 8.08 0.0 24.74 24.19 18.55 23.72 16.57 4.24 12.37 1.5 22.15 12.0 8.08 13.5 21.21 10.5 22.9 15.07 4.74 13.83 12.0 4.24 23.72 18.25 16.57 4.5 3.0 16.22 1.5 18.25 4.24 16.22 16.57 8.08 13.83 18.55 4.24 20.18 15.0 10.5 16.57 24.19 20.18 4.5 23.72 13.83 17.49 22.9 22.15 4.74 19.73 3.0 21.21 3.0 22.9 4.5 4.5 8.08 4.5 20.18 12.37 10.5 7.5 15.0 8.08 23.72 8.08 13.83 16.57 10.5 15.3 0.0 4.24 3.0 20.18 16.57 16.22 16.22 22.15 24.74 12.0 7.5 19.73 12.37 19.73 20.18 24.19 15.0 4.74 14.23 1.5 22.9 18.25 15.07 18.55
12.09 24.42 10.92 24.42 25.63 10.92 18.79 24.74 0.0 3.0 22.9 8.75 10.61 28.46 15.0 24.42 6.36 24.74 18.79 12.09 4.24 24.42 7.5 10.06 20.89 10.92 24.74 28.46 8.75 6.71 10.61 24.05 25.63 10.92 24.42 6.71 28.46 10.92 10.61 18.79 10.92 22.9 28.46 11.72 25.63 24.42 10.61 3.0 11.72 24.05 8.75 10.92 17.49 7.5 6.36 20.89 10.06 25.63 4.24 25.63 7.5 24.05 24.05 18.79 24.05 11.72 15.0 24.42 24.05 25.63 18.79 8.75 18.79 10.92 10.61 24.42 12.73 24.74 28.46 25.63 11.72 10.61 16.77 16.77 6.36 0.0 24.74 24.05 10.06 15.0 10.06 11.72 3.0 25.63 20.89 10.61 24.42 7.5 6.71 10.06 22.9
10.92 25.14 12.09 24.05 26.83 10.5 17.56 24.19 3.0 0.0 24.6 11.42 8.75 27.66 13.42 24.05 8.75 25.63 17.56 10.92 3.0 25.14 10.06 9.12 20.01 10.5 25.63 27.66 11.42 6.0 8.75 24.05 24.74 12.09 24.05 6.0 27.66 12.09 8.75 17.56 10.5 24.6 27.66 13.83 26.83 25.14 8.75 0.0 13.83 24.05 11.42 10.5 19.21 10.06 8.75 20.01 7.5 24.74 3.0 24.74 10.06 24.05 24.05 17.56 24.05 13.83 13.42 25.14 24.42 26.83 17.56 11.42 17.56 10.5 8.75 25.14 10.82 24.19 27.66 24.74 13.83 8.75 18.31 18.31 8.75 3.0 25.63 24.42 7.5 13.42 7.5 13.83 0.0 26.83 20.01 10.61 24.05 10.06 6.0 9.12 24.6
20.12 8.75 12.73 17.1 5.41 17.49 21.21 18.55 22.9 24.6 0.0 15.66 22.9 22.3 22.3 17.1 16.77 7.5 21.21 20.12 22.3 8.75 16.16 19.56 19.5 17.49 7.5 22.3 15.66 20.18 22.9 14.23 21.48 12.73 17.1 20.18 22.3 12.73 22.9 21.21 17.49 0.0 22.3 11.42 5.41 8.75 22.9 24.6 11.42 14.23 15.66 17.49 5.41 16.16 16.77 19.5 25.81 21.48 22.3 21.48 16.16 14.23 14.23 21.21 14.23 11.42 22.3 8.75 11.42 5.41 21.21 15.66 21.21 17.49 22.9 8.75 23.48 18.55 22.3 21.48 11.42 22.9 6.36 6.36 16.77 22.9 7.5 11.42 25.81 22.3 25.81 11.42 24.6 5.41 19.5 16.22 17.1 16.16 20.18 19.56 0.0
14.77 19.73 7.5 22.9 19.56 12.09 20.4 23.72 8.75 11.42 15.66 0.0 15.3 27.9 18.12 22.9 3.0 19.56 20.4 14.77 10.61 19.73 1.5 12.82 21.21 12.09 19.56 27.9 0.0 10.61 15.3 21.48 25.54 7.5 22.9 10.61 27.9 7.5 15.3 20.4 12.09 15.66 27.9 4.5 19.56 19.73 15.3 11.42 4.5 21.48 0.0 12.09 10.61 1.5 3.0 21.21 16.5 25.54 10.61 25.54 1.5 21.48 21.48 20.4 21.48 4.5 18.12 19.73 20.4 19.56 20.4 0.0 20.4 12.09 15.3 19.73 17.1 23.72 27.9 25.54 4.5 15.3 10.5 10.5 3.0 8.75 19.56 20.4 16.5 18.12 16.5 4.5 11.42 19.56 21.21 10.82 22.9 1.5 10.61 12.82 15.66
3.35 20.4 10.92 16.77 23.33 5.41 9.12 16.57 10.61 8.75 22.9 15.3 0.0 19.56 4.74 16.77 12.37 21.32 9.12 3.35 6.36 20.4 13.83 3.35 12.0 5.41 21.32 19.56 15.3 4.74 0.0 17.56 16.57 10.92 16.77 4.74 19.56 10.92 0.0 9.12 5.41 22.9 19.56 15.07 23.33 20.4 0.0 8.75 15.07 17.56 15.3 5.41 18.12 13.83 12.37 12.0 3.35 16.57 6.36 16.57 13.83 17.56 17.56 9.12 17.56 15.07 4.74 20.4 18.79 23.33 9.12 15.3 9.12 5.41 0.0 20.4 2.12 16.57 19.56 16.57 15.07 0.0 16.77 16.77 12.37 10.61 21.32 18.79 3.35 4.74 3.35 15.07 8.75 23.33 12.0 6.71 16.77 13.83 4.74 3.35 22.9
16.77 13.83 20.4 5.41 18.25 17.56 10.5 4.24 28.46 27.66 22.3 27.9 19.56 0.0 15.0 5.41 26.24 15.3 10.5 16.77 24.74 13.83 27.04 18.55 7.65 17.56 15.3 0.0 27.9 21.84 19.56 8.08 3.0 20.4 5.41 21.84 0.0 20.4 19.56 10.5 17.56 22.3 0.0 24.42 18.25 13.83 19.56 27.66 24.42 8.08 27.9 17.56 21.63 27.04 26.24 7.65 22.5 3.0 24.74 3.0 27.04 8.08 8.08 10.5 8.08 24.42 15.0 13.83 10.92 18.25 10.5 27.9 10.5 17.56 19.56 13.83 18.0 4.24 0.0 3.0 24.42 19.56 20.4 20.4 26.24 28.46 15.3 10.92 22.5 15.0 22.5 24.42 27.66 18.25 7.65 18.12 5.41 27.04 21.84 18.55 22.3
3.35 18.06 12.09 12.82 21.63 6.18 4.5 12.37 15.0 13.42 22.3 18.12 4.74 15.0 0.0 12.82 15.44 19.21 4.5 3.35 10.82 18.06 16.77 5.41 7.65 6.18 19.21 15.0 18.12 8.49 4.74 14.15 12.0 12.09 12.82 8.49 15.0 12.09 4.74 4.5 6.18 22.3 15.0 16.77 21.63 18.06 4.74 13.42 16.77 14.15 18.12 6.18 18.25 16.77 15.44 7.65 7.5 12.0 10.82 12.0 16.77 14.15 14.15 4.5 14.15 16.77 0.0 18.06 15.95 21.63 4.5 18.12 4.5 6.18 4.74 18.06 3.0 12.37 15.0 12.0 16.77 4.74 16.77 16.77 15.44 15.0 19.21 15.95 7.5 0.0 7.5 16.77 13.42 21.63 7.65 7.65 12.82 16.77 8.49 5.41 22.3
13.58 9.0 15.44 0.0 13.5 13.58 8.75 1.5 24.42 24.05 17.1 22.9 16.77 5.41 12.82 0.0 21.48 10.5 8.75 13.58 21.05 9.0 22.15 15.0 5.41 13.58 10.5 5.41 22.9 18.06 16.77 3.0 4.5 15.44 0.0 18.06 5.41 15.44 16.77 8.75 13.58 17.1 5.41 19.21 13.5 9.0 16.77 24.05 19.21 3.0 22.9 13.58 16.22 22.15 21.48 5.41 20.01 4.5 21.05 4.5 22.15 3.0 3.0 8.75 3.0 19.21 12.82 9.0 6.0 13.5 8.75 22.9 8.75 13.58 16.77 9.0 15.66 1.5 5.41 4.5 19.21 16.77 15.0 15.0 21.48 24.42 10.5 6.0 20.01 12.82 20.01 19.21 24.05 13.5 5.41 13.83 0.0 22.15 18.06 15.0 17.1
12.09 19.5 6.18 21.48 20.01 9.6 18.06 22.15 6.36 8.75 16.77 3.0 12.37 26.24 15.44 21.48 0.0 19.56 18.06 12.09 7.65 19.5 1.5 10.06 19.21 9.6 19.56 26.24 3.0 7.65 12.37 20.4 23.72 6.18 21.48 7.65 26.24 6.18 12.37 18.06 9.6 16.77 26.24 5.41 20.01 19.5 12.37 8.75 5.41 20.4 3.0 9.6 11.42 1.5 0.0 19.21 13.5 23.72 7.65 23.72 1.5 20.4 20.4 18.06 20.4 5.41 15.44 19.5 19.73 20.01 18.06 3.0 18.06 9.6 12.37 19.5 14.23 22.15 26.24 23.72 5.41 12.37 10.92 10.92 0.0 6.36 19.56 19.73 13.5 15.44 13.5 5.41 8.75 20.01 19.21 8.49 21.48 1.5 7.65 10.06 16.77
18.06 1.5 13.83 10.5 3.0 16.22 16.77 12.0 24.74 25.63 7.5 19.56 21.32 15.3 19.21 10.5 19.56 0.0 16.77 18.06 22.85 1.5 19.5 18.31 14.23 16.22 0.0 15.3 19.56 20.12 21.32 7.5 15.0 13.83 10.5 20.12 15.3 13.83 21.32 16.77 16.22 7.5 15.3 15.07 3.0 1.5 21.32 25.63 15.07 7.5 19.56 16.22 9.49 19.5 19.56 14.23 24.6 15.0 22.85 15.0 19.5 7.5 7.5 16.77 7.5 15.07 19.21 1.5 4.5 3.0 16.77 19.56 16.77 16.22 21.32 1.5 21.21 12.0 15.3 15.0 15.07 21.32 9.12 9.12 19.56 24.74 0.0 4.5 24.6 19.21 24.6 15.07 25.63 3.0 14.23 15.44 10.5 19.5 20.12 18.31 7.5
6.71 15.44 13.42 8.75 19.5 8.49 0.0 8.08 18.79 17.56 21.21 20.4 9.12 10.5 4.5 8.75 18.06 16.77 0.0 6.71 14.77 15.44 19.21 8.75 3.35 8.49 16.77 10.5 20.4 12.09 9.12 10.61 7.5 13.42 8.75 12.09 10.5 13.42 9.12 0.0 8.49 21.21 10.5 18.12 19.5 15.44 9.12 17.56 18.12 10.61 20.4 8.49 18.06 19.21 18.06 3.35 12.0 7.5 14.77 7.5 19.21 10.61 10.61 0.0 10.61 18.12 4.5 15.44 12.9 19.5 0.0 20.4 0.0 8.49 9.12 15.44 7.5 8.08 10.5 7.5 18.12 9.12 16.57 16.57 18.06 18.79 16.77 12.9 12.0 4.5 12.0 18.12 17.56 19.5 3.35 9.6 8.75 19.21 12.09 8.75 21.21
0.0 17.1 9.0 13.58 20.18 3.0 6.71 13.5 12.09 10.92 20.12 14.77 3.35 16.77 3.35 13.58 12.09 18.06 6.71 0.0 8.08 17.1 13.42 2.12 9.12 3.0 18.06 16.77 14.77 5.41 3.35 14.23 13.83 9.0 13.58 5.41 16.77 9.0 3.35 6.71 3.0 20.12 16.77 13.58 20.18 17.1 3.35 10.92 13.58 14.23 14.77 3.0 15.66 13.42 12.09 9.12 6.71 13.83 8.08 13.83 13.42 14.23 14.23 6.71 14.23 13.58 3.35 17.1 15.44 20.18 6.71 14.77 6.71 3.0 3.35 17.1 3.35 13.5 16.77 13.83 13.58 3.35 14.23 14.23 12.09 12.09 18.06 15.44 6.71 3.35 6.71 13.58 10.92 20.18 9.12 4.5 13.58 13.42 5.41 2.12 20.12
8.08 22.3 9.6 21.05 24.19 7.5 14.77 21.21 4.24 3.0 22.3 10.61 6.36 24.74 10.82 21.05 7.65 22.85 14.77 8.08 0.0 22.3 9.12 6.18 17.1 7.5 22.85 24.74 10.61 3.0 6.36 21.05 21.84 9.6 21.05 3.0 24.74 9.6 6.36 14.77 7.5 22.3 24.74 12.09 24.19 22.3 6.36 3.0 12.09 21.05 10.61 7.5 16.97 9.12 7.65 17.1 6.18 21.84 0.0 21.84 9.12 21.05 21.05 14.77 21.05 12.09 10.82 22.3 21.48 24.19 14.77 10.61 14.77 7.5 6.36 22.3 8.49 21.21 24.74 21.84 12.09 6.36 15.95 15.95 7.65 4.24 22.85 21.48 6.18 10.82 6.18 12.09 3.0 24.19 17.1 7.65 21.05 9.12 3.0 6.18 22.3
17.1 0.0 13.58 9.0 4.5 15.44 15.44 10.5 24.42 25.14 8.75 19.73 20.4 13.83 18.06 9.0 19.5 1.5 15.44 17.1 22.3 0.0 19.56 17.49 12.82 15.44 1.5 13.83 19.73 19.5 20.4 6.0 13.5 13.58 9.0 19.5 13.83 13.58 20.4 15.44 15.44 8.75 13.83 15.3 4.5 0.0 20.4 25.14 15.3 6.0 19.73 15.44 10.06 19.56 19.5 12.82 23.72 13.5 22.3 13.5 19.56 6.0 6.0 15.44 6.0 15.3 18.06 0.0 3.0 4.5 15.44 19.73 15.44 15.44 20.4 0.0 20.18 10.5 13.83 13.5 15.3 20.4 9.49 9.49 19.5 24.42 1.5 3.0 23.72 18.06 23.72 15.3 25.14 4.5 12.82 14.77 9.0 19.56 19.5 17.49 8.75
13.42 19.56 6.71 22.15 19.73 10.82 19.21 22.9 7.5 10.06 16.16 1.5 13.83 27.04 16.77 22.15 1.5 19.5 19.21 13.42 9.12 19.56 0.0 11.42 20.18 10.82 19.5 27.04 1.5 9.12 13.83 20.89 24.6 6.71 22.15 9.12 27.04 6.71 13.83 19.21 10.82 16.16 27.04 4.74 19.73 19.56 13.83 10.06 4.74 20.89 1.5 10.82 10.92 0.0 1.5 20.18 15.0 24.6 9.12 24.6 0.0 20.89 20.89 19.21 20.89 4.74 16.77 19.56 20.01 19.73 19.21 1.5 19.21 10.82 13.83 19.56 15.66 22.9 27.04 24.6 4.74 13.83 10.61 10.61 1.5 7.5 19.5 20.01 15.0 16.77 15.0 4.74 10.06 19.73 20.18 9.6 22.15 0.0 9.12 11.42 16.16
2.12 17.49 7.65 15.0 20.18 2.12 8.75 15.07 10.06 9.12 19.56 12.82 3.35 18.55 5.41 15.0 10.06 18.31 8.75 2.12 6.18 17.49 11.42 0.0 10.92 2.12 18.31 18.55 12.82 3.35 3.35 15.3 15.66 7.65 15.0 3.35 18.55 7.65 3.35 8.75 2.12 19.56 18.55 12.0 20.18 17.49 3.35 9.12 12.0 15.3 12.82 2.12 14.77 11.42 10.06 10.92 6.36 15.66 6.18 15.66 11.42 15.3 15.3 8.75 15.3 12.0 5.41 17.49 16.16 20.18 8.75 12.82 8.75 2.12 3.35 17.49 4.5 15.07 18.55 15.66 12.0 3.35 13.42 13.42 10.06 10.06 18.31 16.16 6.36 5.41 6.36 12.0 9.12 20.18 10.92 3.35 15.0 11.42 3.35 0.0 19.56
9.12 12.82 13.83 5.41 17.1 10.06 3.35 4.74 20.89 20.01 19.5 21.21 12.0 7.65 7.65 5.41 19.21 14.23 3.35 9.12 17.1 12.82 20.18 10.92 0.0 10.06 14.23 7.65 21.21 14.23 12.0 7.5 4.74 13.83 5.41 14.23 7.65 13.83 12.0 3.35 10.06 19.5 7.65 18.31 17.1 12.82 12.0 20.01 18.31 7.5 21.21 10.06 17.1 20.18 19.21 0.0 15.07 4.74 17.1 4.74 20.18 7.5 7.5 3.35 7.5 18.31 7.65 12.82 10.06 17.1 3.35 21.21 3.35 10.06 12.0 12.82 10.61 4.74 7.65 4.74 18.31 12.0 15.66 15.66 19.21 20.89 14.23 10.06 15.07 7.65 15.07 18.31 20.01 17.1 0.0 10.82 5.41 20.18 14.23 10.92 19.5
3.0 15.44 6.0 13.58 18.06 0.0 8.49 13.83 10.92 10.5 17.49 12.09 5.41 17.56 6.18 13.58 9.6 16.22 8.49 3.0 7.5 15.44 10.82 2.12 10.06 0.0 16.22 17.56 12.09 4.5 5.41 13.58 14.77 6.0 13.58 4.5 17.56 6.0 5.41 8.49 0.0 17.49 17.56 10.61 18.06 15.44 5.41 10.5 10.61 13.58 12.09 0.0 12.82 10.82 9.6 10.06 8.49 14.77 7.5 14.77 10.82 13.58 13.58 8.49 13.58 10.61 6.18 15.44 14.23 18.06 8.49 12.09 8.49 0.0 5.41 15.44 6.18 13.83 17.56 14.77 10.61 5.41 11.42 11.42 9.6 10.92 16.22 14.23 8.49 6.18 8.49 10.61 10.5 18.06 10.06 1.5 13.58 10.82 4.5 2.12 17.49
18.06 1.5 13.83 10.5 3.0 16.22 16.77 12.0 24.74 25.63 7.5 19.56 21.32 15.3 19.21 10.5 19.56 0.0 16.77 18.06 22.85 1.5 19.5 18.31 14.23 16.22 0.0 15.3 19.56 20.12 21.32 7.5 15.0 13.83 10.5 20.12 15.3 13.83 21.32 16.77 16.22 7.5 15.3 15.07 3.0 1.5 21.32 25.63 15.07 7.5 19.56 16.22 9.49 19.5 19.56 14.23 24.6 15.0 22.85 15.0 19.5 7.5 7.5 16.77 7.5 15.07 19.21 1.5 4.5 3.0 16.77 19.56 16.77 16.22 21.32 1.5 21.21 12.0 15.3 15.0 15.07 21.32 9.12 9.12 19.56 24.74 0.0 4.5 24.6 19.21 24.6 15.07 25.63 3.0 14.23 15.44 10.5 19.5 20.12 18.31 7.5
16.77 13.83 20.4 5.41 18.25 17.56 10.5 4.24 28.46 27.66 22.3 27.9 19.56 0.0 15.0 5.41 26.24 15.3 10.5 16.77 24.74 13.83 27.04 18.55 7.65 17.56 15.3 0.0 27.9 21.84 19.56 8.08 3.0 20.4 5.41 21.84 0.0 20.4 19.56 10.5 17.56 22.3 0.0 24.42 18.25 13.83 19.56 27.66 24.42 8.08 27.9 17.56 21.63 27.04 26.24 7.65 22.5 3.0 24.74 3.0 27.04 8.08 8.08 10.5 8.08 24.42 15.0 13.83 10.92 18.25 10.5 27.9 10.5 17.56 19.56 13.83 18.0 4.24 0.0 3.0 24.42 19.56 20.4 20.4 26.24 28.46 15.3 10.92 22.5 15.0 22.5 24.42 27.66 18.25 7.65 18.12 5.41 27.04 21.84 18.55 22.3
14.77 19.73 7.5 22.9 19.56 12.09 20.4 23.72 8.75 11.42 15.66 0.0 15.3 27.9 18.12 22.9 3.0 19.56 20.4 14.77 10.61 19.73 1.5 12.82 21.21 12.09 19.56 27.9 0.0 10.61 15.3 21.48 25.54 7.5 22.9 10.61 27.9 7.5 15.3 20.4 12.09 15.66 27.9 4.5 19.56 19.73 15.3 11.42 4.5 21.48 0.0 12.09 10.61 1.5 3.0 21.21 16.5 25.54 10.61 25.54 1.5 21.48 21.48 20.4 21.48 4.5 18.12 19.73 20.4 19.56 20.4 0.0 20.4 12.09 15.3 19.73 17.1 23.72 27.9 25.54 4.5 15.3 10.5 10.5 3.0 8.75 19.56 20.4 16.5 18.12 16.5 4.5 11.42 19.56 21.21 10.82 22.9 1.5 10.61 12.82 15.66
5.41 19.5 7.5 18.06 21.63 4.5 12.09 18.25 6.71 6.0 20.18 10.61 4.74 21.84 8.49 18.06 7.65 20.12 12.09 5.41 3.0 19.5 9.12 3.35 14.23 4.5 20.12 21.84 10.61 0.0 4.74 18.06 18.97 7.5 18.06 0.0 21.84 7.5 4.74 12.09 4.5 20.18 21.84 10.92 21.63 19.5 4.74 6.0 10.92 18.06 10.61 4.5 15.0 9.12 7.65 14.23 6.18 18.97 3.0 18.97 9.12 18.06 18.06 12.09 18.06 10.92 8.49 19.5 18.55 21.63 12.09 10.61 12.09 4.5 4.74 19.5 6.71 18.25 21.84 18.97 10.92 4.74 13.83 13.83 7.65 6.71 20.12 18.55 6.18 8.49 6.18 10.92 6.0 21.63 14.23 4.74 18.06 9.12 0.0 3.35 20.18
3.35 20.4 10.92 16.77 23.33 5.41 9.12 16.57 10.61 8.75 22.9 15.3 0.0 19.56 4.74 16.77 12.37 21.32 9.12 3.35 6.36 20.4 13.83 3.35 12.0 5.41 21.32 19.56 15.3 4.74 0.0 17.56 16.57 10.92 16.77 4.74 19.56 10.92 0.0 9.12 5.41 22.9 19.56 15.07 23.33 20.4 0.0 8.75 15.07 17.56 15.3 5.41 18.12 13.83 12.37 12.0 3.35 16.57 6.36 16.57 13.83 17.56 17.56 9.12 17.56 15.07 4.74 20.4 18.79 23.33 9.12 15.3 9.12 5.41 0.0 20.4 2.12 16.57 19.56 16.57 15.07 0.0 16.77 16.77 12.37 10.61 21.32 18.79 3.35 4.74 3.35 15.07 8.75 23.33 12.0 6.71 16.77 13.83 4.74 3.35 22.9
14.23 6.0 14.23 3.0 10.5 13.58 10.61 4.5 24.05 24.05 14.23 21.48 17.56 8.08 14.15 3.0 20.4 7.5 10.61 14.23 21.05 6.0 20.89 15.3 7.5 13.58 7.5 8.08 21.48 18.06 17.56 0.0 7.5 14.23 3.0 18.06 8.08 14.23 17.56 10.61 13.58 14.23 8.08 17.49 10.5 6.0 17.56 24.05 17.49 0.0 21.48 13.58 13.83 20.89 20.4 7.5 20.89 7.5 21.05 7.5 20.89 0.0 0.0 10.61 0.0 17.49 14.15 6.0 3.0 10.5 10.61 21.48 10.61 13.58 17.56 6.0 16.77 4.5 8.08 7.5 17.49 17.56 12.73 12.73 20.4 24.05 7.5 3.0 20.89 14.15 20.89 17.49 24.05 10.5 7.5 13.5 3.0 20.89 18.06 15.3 14.23
13.83 13.5 18.06 4.5 18.0 14.77 7.5 3.0 25.63 24.74 21.48 25.54 16.57 3.0 12.0 4.5 23.72 15.0 7.5 13.83 21.84 13.5 24.6 15.66 4.74 14.77 15.0 3.0 25.54 18.97 16.57 7.5 0.0 18.06 4.5 18.97 3.0 18.06 16.57 7.5 14.77 21.48 3.0 22.3 18.0 13.5 16.57 24.74 22.3 7.5 25.54 14.77 20.12 24.6 23.72 4.74 19.5 0.0 21.84 0.0 24.6 7.5 7.5 7.5 7.5 22.3 12.0 13.5 10.5 18.0 7.5 25.54 7.5 14.77 16.57 13.5 15.0 3.0 3.0 0.0 22.3 16.57 18.79 18.79 23.72 25.63 15.0 10.5 19.5 12.0 19.5 22.3 24.74 18.0 4.74 15.44 4.5 24.6 18.97 15.66 21.48
9.0 13.58 0.0 15.44 14.77 6.0 13.42 16.22 10.92 12.09 12.73 7.5 10.92 20.4 12.09 15.44 6.18 13.83 13.42 9.0 9.6 13.58 6.71 7.65 13.83 6.0 13.83 20.4 7.5 7.5 10.92 14.23 18.06 0.0 15.44 7.5 20.4 0.0 10.92 13.42 6.0 12.73 20.4 4.74 14.77 13.58 10.92 12.09 4.74 14.23 7.5 6.0 7.5 6.71 6.18 13.83 13.42 18.06 9.6 18.06 6.71 14.23 14.23 13.42 14.23 4.74 12.09 13.58 13.58 14.77 13.42 7.5 13.42 6.0 10.92 13.58 12.09 16.22 20.4 18.06 4.74 10.92 6.36 6.36 6.18 10.92 13.83 13.58 13.42 12.09 13.42 4.74 12.09 14.77 13.83 4.5 15.44 6.71 7.5 7.65 12.73
13.58 9.0 15.44 0.0 13.5 13.58 8.75 1.5 24.42 24.05 17.1 22.9 16.77 5.41 12.82 0.0 21.48 10.5 8.75 13.58 21.05 9.0 22.15 15.0 5.41 13.58 10.5 5.41 22.9 18.06 16.77 3.0 4.5 15.44 0.0 18.06 5.41 15.44 16.77 8.75 13.58 17.1 5.41 19.21 13.5 9.0 16.77 24.05 19.21 3.0 22.9 13.58 16.22 22.15 21.48 5.41 20.01 4.5 21.05 4.5 22.15 3.0 3.0 8.75 3.0 19.21 12.82 9.0 6.0 13.5 8.75 22.9 8.75 13.58 16.77 9.0 15.66 1.5 5.41 4.5 19.21 16.77 15.0 15.0 21.48 24.42 10.5 6.0 20.01 12.82 20.01 19.21 24.05 13.5 5.41 13.83 0.0 22.15 18.06 15.0 17.1
5.41 19.5 7.5 18.06 21.63 4.5 12.09 18.25 6.71 6.0 20.18 10.61 4.74 21.84 8.49 18.06 7.65 20.12 12.09 5.41 3.0 19.5 9.12 3.35 14.23 4.5 20.12 21.84 10.61 0.0 4.74 18.06 18.97 7.5 18.06 0.0 21.84 7.5 4.74 12.09 4.5 20.18 21.84 10.92 21.63 19.5 4.74 6.0 10.92 18.06 10.61 4.5 15.0 9.12 7.65 14.23 6.18 18.97 3.0 18.97 9.12 18.06 18.06 12.09 18.06 10.92 8.49 19.5 18.55 21.63 12.09 10.61 12.09 4.5 4.74 19.5 6.71 18.25 21.84 18.97 10.92 4.74 13.83 13.83 7.65 6.71 20.12 18.55 6.18 8.49 6.18 10.92 6.0 21.63 14.23 4.74 18.06 9.12 0.0 3.35 20.18
16.77 13.83 20.4 5.41 18.25 17.56 10.5 4.24 28.46 27.66 22.3 27.9 19.56 0.0 15.0 5.41 26.24 15.3 10.5 16.77 24.74 13.83 27.04 18.55 7.65 17.56 15.3 0.0 27.9 21.84 19.56 8.08 3.0 20.4 5.41 21.84 0.0 20.4 19.56 10.5 17.56 22.3 0.0 24.42 18.25 13.83 19.56 27.66 24.42 8.08 27.9 17.56 21.63 27.04 26.24 7.65 22.5 3.0 24.74 3.0 27.04 8.08 8.08 10.5 8.08 24.42 15.0 13.83 10.92 18.25 10.5 27.9 10.5 17.56 19.56 13.83 18.0 4.24 0.0 3.0 24.42 19.56 20.4 20.4 26.24 28.46 15.3 10.92 22.5 15.0 22.5 24.42 27.66 18.25 7.65 18.12 5.41 27.04 21.84 18.55 22.3
9.0 13.58 0.0 15.44 14.77 6.0 13.42 16.22 10.92 12.09 12.73 7.5 10.92 20.4 12.09 15.44 6.18 13.83 13.42 9.0 9.6 13.58 6.71 7.65 13.83 6.0 13.83 20.4 7.5 7.5 10.92 14.23 18.06 0.0 15.44 7.5 20.4 0.0 10.92 13.42 6.0 12.73 20.4 4.74 14.77 13.58 10.92 12.09 4.74 14.23 7.5 6.0 7.5 6.71 6.18 13.83 13.42 18.06 9.6 18.06 6.71 14.23 14.23 13.42 14.23 4.74 12.09 13.58 13.58 14.77 13.42 7.5 13.42 6.0 10.92 13.58 12.09 16.22 20.4 18.06 4.74 10.92 6.36 6.36 6.18 10.92 13.83 13.58 13.42 12.09 13.42 4.74 12.09 14.77 13.83 4.5 15.44 6.71 7.5 7.65 12.73
3.35 20.4 10.92 16.77 23.33 5.41 9.12 16.57 10.61 8.75 22.9 15.3 0.0 19.56 4.74 16.77 12.37 21.32 9.12 3.35 6.36 20.4 13.83 3.35 12.0 5.41 21.32 19.56 15.3 4.74 0.0 17.56 16.57 10.92 16.77 4.74 19.56 10.92 0.0 9.12 5.41 22.9 19.56 15.07 23.33 20.4 0.0 8.75 15.07 17.56 15.3 5.41 18.12 13.83 12.37 12.0 3.35 16.57 6.36 16.57 13.83 17.56 17.56 9.12 17.56 15.07 4.74 20.4 18.79 23.33 9.12 15.3 9.12 5.41 0.0 20.4 2.12 16.57 19.56 16.57 15.07 0.0 16.77 16.77 12.37 10.61 21.32 18.79 3.35 4.74 3.35 15.07 8.75 23.33 12.0 6.71 16.77 13.83 4.74 3.35 22.9
6.71 15.44 13.42 8.75 19.5 8.49 0.0 8.08 18.79 17.56 21.21 20.4 9.12 10.5 4.5 8.75 18.06 16.77 0.0 6.71 14.77 15.44 19.21 8.75 3.35 8.49 16.77 10.5 20.4 12.09 9.12 10.61 7.5 13.42 8.75 12.09 10.5 13.42 9.12 0.0 8.49 21.21 10.5 18.12 19.5 15.44 9.12 17.56 18.12 10.61 20.4 8.49 18.06 19.21 18.06 3.35 12.0 7.5 14.77 7.5 19.21 10.61 10.61 0.0 10.61 18.12 4.5 15.44 12.9 19.5 0.0 20.4 0.0 8.49 9.12 15.44 7.5 8.08 10.5 7.5 18.12 9.12 16.57 16.57 18.06 18.79 16.77 12.9 12.0 4.5 12.0 18.12 17.56 19.5 3.35 9.6 8.75 19.21 12.09 8.75 21.21
3.0 15.44 6.0 13.58 18.06 0.0 8.49 13.83 10.92 10.5 17.49 12.09 5.41 17.56 6.18 13.58 9.6 16.22 8.49 3.0 7.5 15.44 10.82 2.12 10.06 0.0 16.22 17.56 12.09 4.5 5.41 13.58 14.77 6.0 13.58 4.5 17.56 6.0 5.41 8.49 0.0 17.49 17.56 10.61 18.06 15.44 5.41 10.5 10.61 13.58 12.09 0.0 12.82 10.82 9.6 10.06 8.49 14.77 7.5 14.77 10.82 13.58 13.58 8.49 13.58 10.61 6.18 15.44 14.23 18.06 8.49 12.09 8.49 0.0 5.41 15.44 6.18 13.83 17.56 14.77 10.61 5.41 11.42 11.42 9.6 10.92 16.22 14.23 8.49 6.18 8.49 10.61 10.5 18.06 10.06 1.5 13.58 10.82 4.5 2.12 17.49
20.12 8.75 12.73 17.1 5.41 17.49 21.21 18.55 22.9 24.6 0.0 15.66 22.9 22.3 22.3 17.1 16.77 7.5 21.21 20.12 22.3 8.75 16.16 19.56 19.5 17.49 7.5 22.3 15.66 20.18 22.9 14.23 21.48 12.73 17.1 20.18 22.3 12.73 22.9 21.21 17.49 0.0 22.3 11.42 5.41 8.75 22.9 24.6 11.42 14.23 15.66 17.49 5.41 16.16 16.77 19.5 25.81 21.48 22.3 21.48 16.16 14.23 14.23 21.21 14.23 11.42 22.3 8.75 11.42 5.41 21.21 15.66 21.21 17.49 22.9 8.75 23.48 18.55 22.3 21.48 11.42 22.9 6.36 6.36 16.77 22.9 7.5 11.42 25.81 22.3 25.81 11.42 24.6 5.41 19.5 16.22 17.1 16.16 20.18 19.56 0.0
16.77 13.83 20.4 5.41 18.25 17.56 10.5 4.24 28.46 27.66 22.3 27.9 19.56 0.0 15.0 5.41 26.24 15.3 10.5 16.77 24.74 13.83 27.04 18.55 7.65 17.56 15.3 0.0 27.9 21.84 19.56 8.08 3.0 20.4 5.41 21.84 0.0 20.4 19.56 10.5 17.56 22.3 0.0 24.42 18.25 13.83 19.56 27.66 24.42 8.08 27.9 17.56 21.63 27.04 26.24 7.65 22.5 3.0 24.74 3.0 27.04 8.08 8.08 10.5 8.08 24.42 15.0 13.83 10.92 18.25 10.5 27.9 10.5 17.56 19.56 13.83 18.0 4.24 0.0 3.0 24.42 19.56 20.4 20.4 26.24 28.46 15.3 10.92 22.5 15.0 22.5 24.42 27.66 18.25 7.65 18.12 5.41 27.04 21.84 18.55 22.3
13.58 15.3 4.74 19.21 15.07 10.61 18.12 20.18 11.72 13.83 11.42 4.5 15.07 24.42 16.77 19.21 5.41 15.07 18.12 13.58 12.09 15.3 4.74 12.0 18.31 10.61 15.07 24.42 4.5 10.92 15.07 17.49 22.3 4.74 19.21 10.92 24.42 4.74 15.07 18.12 10.61 11.42 24.42 0.0 15.07 15.3 15.07 13.83 0.0 17.49 4.5 10.61 6.18 4.74 5.41 18.31 17.1 22.3 12.09 22.3 4.74 17.49 17.49 18.12 17.49 0.0 16.77 15.3 16.16 15.07 18.12 4.5 18.12 10.61 15.07 15.3 16.5 20.18 24.42 22.3 0.0 15.07 6.0 6.0 5.41 11.72 15.07 16.16 17.1 16.77 17.1 0.0 13.83 15.07 18.31 9.12 19.21 4.74 10.92 12.0 11.42
20.18 4.5 14.77 13.5 0.0 18.06 19.5 15.0 25.63 26.83 5.41 19.56 23.33 18.25 21.63 13.5 20.01 3.0 19.5 20.18 24.19 4.5 19.73 20.18 17.1 18.06 3.0 18.25 19.56 21.63 23.33 10.5 18.0 14.77 13.5 21.63 18.25 14.77 23.33 19.5 18.06 5.41 18.25 15.07 0.0 4.5 23.33 26.83 15.07 10.5 19.56 18.06 9.0 19.73 20.01 17.1 26.54 18.0 24.19 18.0 19.73 10.5 10.5 19.5 10.5 15.07 21.63 4.5 7.5 0.0 19.5 19.56 19.5 18.06 23.33 4.5 23.43 15.0 18.25 18.0 15.07 23.33 9.12 9.12 20.01 25.63 3.0 7.5 26.54 21.63 26.54 15.07 26.83 0.0 17.1 17.1 13.5 19.73 21.63 20.18 5.41
17.1 0.0 13.58 9.0 4.5 15.44 15.44 10.5 24.42 25.14 8.75 19.73 20.4 13.83 18.06 9.0 19.5 1.5 15.44 17.1 22.3 0.0 19.56 17.49 12.82 15.44 1.5 13.83 19.73 19.5 20.4 6.0 13.5 13.58 9.0 19.5 13.83 13.58 20.4 15.44 15.44 8.75 13.83 15.3 4.5 0.0 20.4 25.14 15.3 6.0 19.73 15.44 10.06 19.56 19.5 12.82 23.72 13.5 22.3 13.5 19.56 6.0 6.0 15.44 6.0 15.3 18.06 0.0 3.0 4.5 15.44 19.73 15.44 15.44 20.4 0.0 20.18 10.5 13.83 13.5 15.3 20.4 9.49 9.49 19.5 24.42 1.5 3.0 23.72 18.06 23.72 15.3 25.14 4.5 12.82 14.77 9.0 19.56 19.5 17.49 8.75
3.35 20.4 10.92 16.77 23.33 5.41 9.12 16.57 10.61 8.75 22.9 15.3 0.0 19.56 4.74 16.77 12.37 21.32 9.12 3.35 6.36 20.4 13.83 3.35 12.0 5.41 21.32 19.56 15.3 4.74 0.0 17.56 16.57 10.92 16.77 4.74 19.56 10.92 0.0 9.12 5.41 22.9 19.56 15.07 23.33 20.4 0.0 8.75 15.07 17.56 15.3 5.41 18.12 13.83 12.37 12.0 3.35 16.57 6.36 16.57 13.83 17.56 17.56 9.12 17.56 15.07 4.74 20.4 18.79 23.33 9.12 15.3 9.12 5.41 0.0 20.4 2.12 16.57 19.56 16.57 15.07 0.0 16.77 16.77 12.37 10.61 21.32 18.79 3.35 4.74 3.35 15.07 8.75 23.33 12.0 6.71 16.77 13.83 4.74 3.35 22.9
10.92 25.14 12.09 24.05 26.83 10.5 17.56 24.19 3.0 0.0 24.6 11.42 8.75 27.66 13.42 24.05 8.75 25.63 17.56 10.92 3.0 25.14 10.06 9.12 20.01 10.5 25.63 27.66 11.42 6.0 8.75 24.05 24.74 12.09 24.05 6.0 27.66 12.09 8.75 17.56 10.5 24.6 27.66 13.83 26.83 25.14 8.75 0.0 13.83 24.05 11.42 10.5 19.21 10.06 8.75 20.01 7.5 24.74 3.0 24.74 10.06 24.05 24.05 17.56 24.05 13.83 13.42 25.14 24.42 26.83 17.56 11.42 17.56 10.5 8.75 25.14 10.82 24.19 27.66 24.74 13.83 8.75 18.31 18.31 8.75 3.0 25.63 24.42 7.5 13.42 7.5 13.83 0.0 26.83 20.01 10.61 24.05 10.06 6.0 9.12 24.6
13.58 15.3 4.74 19.21 15.07 10.61 18.12 20.18 11.72 13.83 11.42 4.5 15.07 24.42 16.77 19.21 5.41 15.07 18.12 13.58 12.09 15.3 4.74 12.0 18.31 10.61 15.07 24.42 4.5 10.92 15.07 17.49 22.3 4.74 19.21 10.92 24.42 4.74 15.07 18.12 10.61 11.42 24.42 0.0 15.07 15.3 15.07 13.83 0.0 17.49 4.5 10.61 6.18 4.74 5.41 18.31 17.1 22.3 12.09 22.3 4.74 17.49 17.49 18.12 17.49 0.0 16.77 15.3 16.16 15.07 18.12 4.5 18.12 10.61 15.07 15.3 16.5 20.18 24.42 22.3 0.0 15.07 6.0 6.0 5.41 11.72 15.07 16.16 17.1 16.77 17.1 0.0 13.83 15.07 18.31 9.12 19.21 4.74 10.92 12.0 11.42
14.23 6.0 14.23 3.0 10.5 13.58 10.61 4.5 24.05 24.05 14.23 21.48 17.56 8.08 14.15 3.0 20.4 7.5 10.61 14.23 21.05 6.0 20.89 15.3 7.5 13.58 7.5 8.08 21.48 18.06 17.56 0.0 7.5 14.23 3.0 18.06 8.08 14.23 17.56 10.61 13.58 14.23 8.08 17.49 10.5 6.0 17.56 24.05 17.49 0.0 21.48 13.58 13.83 20.89 20.4 7.5 20.89 7.5 21.05 7.5 20.89 0.0 0.0 10.61 0.0 17.49 14.15 6.0 3.0 10.5 10.61 21.48 10.61 13.58 17.56 6.0 16.77 4.5 8.08 7.5 17.49 17.56 12.73 12.73 20.4 24.05 7.5 3.0 20.89 14.15 20.89 17.49 24.05 10.5 7.5 13.5 3.0 20.89 18.06 15.3 14.23
14.77 19.73 7.5 22.9 19.56 12.09 20.4 23.72 8.75 11.42 15.66 0.0 15.3 27.9 18.12 22.9 3.0 19.56 20.4 14.77 10.61 19.73 1.5 12.82 21.21 12.09 19.56 27.9 0.0 10.61 15.3 21.48 25.54 7.5 22.9 10.61 27.9 7.5 15.3 20.4 12.09 15.66 27.9 4.5 19.56 19.73 15.3 11.42 4.5 21.48 0.0 12.09 10.61 1.5 3.0 21.21 16.5 25.54 10.61 25.54 1.5 21.48 21.48 20.4 21.48 4.5 18.12 19.73 20.4 19.56 20.4 0.0 20.4 12.09 15.3 19.73 17.1 23.72 27.9 25.54 4.5 15.3 10.5 10.5 3.0 8.75 19.56 20.4 16.5 18.12 16.5 4.5 11.42 19.56 21.21 10.82 22.9 1.5 10.61 12.82 15.66
3.0 15.44 6.0 13.58 18.06 0.0 8.49 13.83 10.92 10.5 17.49 12.09 5.41 17.56 6.18 13.58 9.6 16.22 8.49 3.0 7.5 15.44 10.82 2.12 10.06 0.0 16.22 17.56 12.09 4.5 5.41 13.58 14.77 6.0 13.58 4.5 17.56 6.0 5.41 8.49 0.0 17.49 17.56 10.61 18.06 15.44 5.41 10.5 10.61 13.58 12.09 0.0 12.82 10.82 9.6 10.06 8.49 14.77 7.5 14.77 10.82 13.58 13.58 8.49 13.58 10.61 6.18 15.44 14.23 18.06 8.49 12.09 8.49 0.0 5.41 15.44 6.18 13.83 17.56 14.77 10.61 5.41 11.42 11.42 9.6 10.92 16.22 14.23 8.49 6.18 8.49 10.61 10.5 18.06 10.06 1.5 13.58 10.82 4.5 2.12 17.49
15.66 10.06 7.5 16.22 9.0 12.82 18.06 17.49 17.49 19.21 5.41 10.61 18.12 21.63 18.25 16.22 11.42 9.49 18.06 15.66 16.97 10.06 10.92 14.77 17.1 12.82 9.49 21.63 10.61 15.0 18.12 13.83 20.12 7.5 16.22 15.0 21.63 7.5 18.12 18.06 12.82 5.41 21.63 6.18 9.0 10.06 18.12 19.21 6.18 13.83 10.61 12.82 0.0 10.92 11.42 17.1 20.84 20.12 16.97 20.12 10.92 13.83 13.83 18.06 13.83 6.18 18.25 10.06 11.72 9.0 18.06 10.61 18.06 12.82 18.12 10.06 18.97 17.49 21.63 20.12 6.18 18.12 1.5 1.5 11.42 17.49 9.49 11.72 20.84 18.25 20.84 6.18 19.21 9.0 17.1 11.42 16.22 10.92 15.0 14.77 5.41
13.42 19.56 6.71 22.15 19.73 10.82 19.21 22.9 7.5 10.06 16.16 1.5 13.83 27.04 16.77 22.15 1.5 19.5 19.21 13.42 9.12 19.56 0.0 11.42 20.18 10.82 19.5 27.04 1.5 9.12 13.83 20.89 24.6 6.71 22.15 9.12 27.04 6.71 13.83 19.21 10.82 16.16 27.04 4.74 19.73 19.56 13.83 10.06 4.74 20.89 1.5 10.82 10.92 0.0 1.5 20.18 15.0 24.6 9.12 24.6 0.0 20.89 20.89 19.21 20.89 4.74 16.77 19.56 20.01 19.73 19.21 1.5 19.21 10.82 13.83 19.56 15.66 22.9 27.04 24.6 4.74 13.83 10.61 10.61 1.5 7.5 19.5 20.01 15.0 16.77 15.0 4.74 10.06 19.73 20.18 9.6 22.15 0.0 9.12 11.42 16.16
12.09 19.5 6.18 21.48 20.01 9.6 18.06 22.15 6.36 8.75 16.77 3.0 12.37 26.24 15.44 21.48 0.0 19.56 18.06 12.09 7.65 19.5 1.5 10.06 19.21 9.6 19.56 26.24 3.0 7.65 12.37 20.4 23.72 6.18 21.48 7.65 26.24 6.18 12.37 18.06 9.6 16.77 26.24 5.41 20.01 19.5 12.37 8.75 5.41 20.4 3.0 9.6 11.42 1.5 0.0 19.21 13.5 23.72 7.65 23.72 1.5 20.4 20.4 18.06 20.4 5.41 15.44 19.5 19.73 20.01 18.06 3.0 18.06 9.6 12.37 19.5 14.23 22.15 26.24 23.72 5.41 12.37 10.92 10.92 0.0 6.36 19.56 19.73 13.5 15.44 13.5 5.41 8.75 20.01 19.21 8.49 21.48 1.5 7.65 10.06 16.77
9.12 12.82 13.83 5.41 17.1 10.06 3.35 4.74 20.89 20.01 19.5 21.21 12.0 7.65 7.65 5.41 19.21 14.23 3.35 9.12 17.1 12.82 20.18 10.92 0.0 10.06 14.23 7.65 21.21 14.23 12.0 7.5 4.74 13.83 5.41 14.23 7.65 13.83 12.0 3.35 10.06 19.5 7.65 18.31 17.1 12.82 12.0 20.01 18.31 7.5 21.21 10.06 17.1 20.18 19.21 0.0 15.07 4.74 17.1 4.74 20.18 7.5 7.5 3.35 7.5 18.31 7.65 12.82 10.06 17.1 3.35 21.21 3.35 10.06 12.0 12.82 10.61 4.74 7.65 4.74 18.31 12.0 15.66 15.66 19.21 20.89 14.23 10.06 15.07 7.65 15.07 18.31 20.01 17.1 0.0 10.82 5.41 20.18 14.23 10.92 19.5
6.71 23.72 13.42 20.01 26.54 8.49 12.0 19.73 10.06 7.5 25.81 16.5 3.35 22.5 7.5 20.01 13.5 24.6 12.0 6.71 6.18 23.72 15.0 6.36 15.07 8.49 24.6 22.5 16.5 6.18 3.35 20.89 19.5 13.42 20.01 6.18 22.5 13.42 3.35 12.0 8.49 25.81 22.5 17.1 26.54 23.72 3.35 7.5 17.1 20.89 16.5 8.49 20.84 15.0 13.5 15.07 0.0 19.5 6.18 19.5 15.0 20.89 20.89 12.0 20.89 17.1 7.5 23.72 22.15 26.54 12.0 16.5 12.0 8.49 3.35 23.72 4.5 19.73 22.5 19.5 17.1 3.35 19.56 19.56 13.5 10.06 24.6 22.15 0.0 7.5 0.0 17.1 7.5 26.54 15.07 9.6 20.01 15.0 6.18 6.36 25.81
13.83 13.5 18.06 4.5 18.0 14.77 7.5 3.0 25.63 24.74 21.48 25.54 16.57 3.0 12.0 4.5 23.72 15.0 7.5 13.83 21.84 13.5 24.6 15.66 4.74 14.77 15.0 3.0 25.54 18.97 16.57 7.5 0.0 18.06 4.5 18.97 3.0 18.06 16.57 7.5 14.77 21.48 3.0 22.3 18.0 13.5 16.57 24.74 22.3 7.5 25.54 14.77 20.12 24.6 23.72 4.74 19.5 0.0 21.84 0.0 24.6 7.5 7.5 7.5 7.5 22.3 12.0 13.5 10.5 18.0 7.5 25.54 7.5 14.77 16.57 13.5 15.0 3.0 3.0 0.0 22.3 16.57 18.79 18.79 23.72 25.63 15.0 10.5 19.5 12.0 19.5 22.3 24.74 18.0 4.74 15.44 4.5 24.6 18.97 15.66 21.48
8.08 22.3 9.6 21.05 24.19 7.5 14.77 21.21 4.24 3.0 22.3 10.61 6.36 24.74 10.82 21.05 7.65 22.85 14.77 8.08 0.0 22.3 9.12 6.18 17.1 7.5 22.85 24.74 10.61 3.0 6.36 21.05 21.84 9.6 21.05 3.0 24.74 9.6 6.36 14.77 7.5 22.3 24.74 12.09 24.19 22.3 6.36 3.0 12.09 21.05 10.61 7.5 16.97 9.12 7.65 17.1 6.18 21.84 0.0 21.84 9.12 21.05 21.05 14.77 21.05 12.09 10.82 22.3 21.48 24.19 14.77 10.61 14.77 7.5 6.36 22.3 8.49 21.21 24.74 21.84 12.09 6.36 15.95 15.95 7.65 4.24 22.85 21.48 6.18 10.82 6.18 12.09 3.0 24.19 17.1 7.65 21.05 9.12 3.0 6.18 22.3
13.83 13.5 18.06 4.5 18.0 14.77 7.5 3.0 25.63 24.74 21.48 25.54 16.57 3.0 12.0 4.5 23.72 15.0 7.5 13.83 21.84 13.5 24.6 15.66 4.74 14.77 15.0 3.0 25.54 18.97 16.57 7.5 0.0 18.06 4.5 18.97 3.0 18.06 16.57 7.5 14.77 21.48 3.0 22.3 18.0 13.5 16.57 24.74 22.3 7.5 25.54 14.77 20.12 24.6 23.72 4.74 19.5 0.0 21.84 0.0 24.6 7.5 7.5 7.5 7.5 22.3 12.0 13.5 10.5 18.0 7.5 25.54 7.5 14.77 16.57 13.5 15.0 3.0 3.0 0.0 22.3 16.57 18.79 18.79 23.72 25.63 15.0 10.5 19.5 12.0 19.5 22.3 24.74 18.0 4.74 15.44 4.5 24.6 18.97 15.66 21.48
13.42 19.56 6.71 22.15 19.73 10.82 19.21 22.9 7.5 10.06 16.16 1.5 13.83 27.04 16.77 22.15 1.5 19.5 19.21 13.42 9.12 19.56 0.0 11.42 20.18 10.82 19.5 27.04 1.5 9.12 13.83 20.89 24.6 6.71 22.15 9.12 27.04 6.71 13.83 19.21 10.82 16.16 27.04 4.74 19.73 19.56 13.83 10.06 4.74 20.89 1.5 10.82 10.92 0.0 1.5 20.18 15.0 24.6 9.12 24.6 0.0 20.89 20.89 19.21 20.89 4.74 16.77 19.56 20.01 19.73 19.21 1.5 19.21 10.82 13.83 19.56 15.66 22.9 27.04 24.6 4.74 13.83 10.61 10.61 1.5 7.5 19.5 20.01 15.0 16.77 15.0 4.74 10.06 19.73 20.18 9.6 22.15 0.0 9.12 11.42 16.16
14.23 6.0 14.23 3.0 10.5 13.58 10.61 4.5 24.05 24.05 14.23 21.48 17.56 8.08 14.15 3.0 20.4 7.5 10.61 14.23 21.05 6.0 20.89 15.3 7.5 13.58 7.5 8.08 21.48 18.06 17.56 0.0 7.5 14.23 3.0 18.06 8.08 14.23 17.56 10.61 13.58 14.23 8.08 17.49 10.5 6.0 17.56 24.05 17.49 0.0 21.48 13.58 13.83 20.89 20.4 7.5 20.89 7.5 21.05 7.5 20.89 0.0 0.0 10.61 0.0 17.49 14.15 6.0 3.0 10.5 10.61 21.48 10.61 13.58 17.56 6.0 16.77 4.5 8.08 7.5 17.49 17.56 12.73 12.73 20.4 24.05 7.5 3.0 20.89 14.15 20.89 17.49 24.05 10.5 7.5 13.5 3.0 20.89 18.06 15.3 14.23
14.23 6.0 14.23 3.0 10.5 13.58 10.61 4.5 24.05 24.05 14.23 21.48 17.56 8.08 14.15 3.0 20.4 7.5 10.61 14.23 21.05 6.0 20.89 15.3 7.5 13.58 7.5 8.08 21.48 18.06 17.56 0.0 7.5 14.23 3.0 18.06 8.08 14.23 17.56 10.61 13.58 14.23 8.08 17.49 10.5 6.0 17.56 24.05 17.49 0.0 21.48 13.58 13.83 20.89 20.4 7.5 20.89 7.5 21.05 7.5 20.89 0.0 0.0 10.61 0.0 17.49 14.15 6.0 3.0 10.5 10.61 21.48 10.61 13.58 17.56 6.0 16.77 4.5 8.08 7.5 17.49 17.56 12.73 12.73 20.4 24.05 7.5 3.0 20.89 14.15 20.89 17.49 24.05 10.5 7.5 13.5 3.0 20.89 18.06 15.3 14.23
6.71 15.44 13.42 8.75 19.5 8.49 0.0 8.08 18.79 17.56 21.21 20.4 9.12 10.5 4.5 8.75 18.06 16.77 0.0 6.71 14.77 15.44 19.21 8.75 3.35 8.49 16.77 10.5 20.4 12.09 9.12 10.61 7.5 13.42 8.75 12.09 10.5 13.42 9.12 0.0 8.49 21.21 10.5 18.12 19.5 15.44 9.12 17.56 18.12 10.61 20.4 8.49 18.06 19.21 18.06 3.35 12.0 7.5 14.77 7.5 19.21 10.61 10.61 0.0 10.61 18.12 4.5 15.44 12.9 19.5 0.0 20.4 0.0 8.49 9.12 15.44 7.5 8.08 10.5 7.5 18.12 9.12 16.57 16.57 18.06 18.79 16.77 12.9 12.0 4.5 12.0 18.12 17.56 19.5 3.35 9.6 8.75 19.21 12.09 8.75 21.21
14.23 6.0 14.23 3.0 10.5 13.58 10.61 4.5 24.05 24.05 14.23 21.48 17.56 8.08 14.15 3.0 20.4 7.5 10.61 14.23 21.05 6.0 20.89 15.3 7.5 13.58 7.5 8.08 21.48 18.06 17.56 0.0 7.5 14.23 3.0 18.06 8.08 14.23 17.56 10.61 13.58 14.23 8.08 17.49 10.5 6.0 17.56 24.05 17.49 0.0 21.48 13.58 13.83 20.89 20.4 7.5 20.89 7.5 21.05 7.5 20.89 0.0 0.0 10.61 0.0 17.49 14.15 6.0 3.0 10.5 10.61 21.48 10.61 13.58 17.56 6.0 16.77 4.5 8.08 7.5 17.49 17.56 12.73 12.73 20.4 24.05 7.5 3.0 20.89 14.15 20.89 17.49 24.05 10.5 7.5 13.5 3.0 20.89 18.06 15.3 14.23
13.58 15.3 4.74 19.21 15.07 10.61 18.12 20.18 11.72 13.83 11.42 4.5 15.07 24.42 16.77 19.21 5.41 15.07 18.12 13.58 12.09 15.3 4.74 12.0 18.31 10.61 15.07 24.42 4.5 10.92 15.07 17.49 22.3 4.74 19.21 10.92 24.42 4.74 15.07 18.12 10.61 11.42 24.42 0.0 15.07 15.3 15.07 13.83 0.0 17.49 4.5 10.61 6.18 4.74 5.41 18.31 17.1 22.3 12.09 22.3 4.74 17.49 17.49 18.12 17.49 0.0 16.77 15.3 16.16 15.07 18.12 4.5 18.12 10.61 15.07 15.3 16.5 20.18 24.42 22.3 0.0 15.07 6.0 6.0 5.41 11.72 15.07 16.16 17.1 16.77 17.1 0.0 13.83 15.07 18.31 9.12 19.21 4.74 10.92 12.0 11.42
3.35 18.06 12.09 12.82 21.63 6.18 4.5 12.37 15.0 13.42 22.3 18.12 4.74 15.0 0.0 12.82 15.44 19.21 4.5 3.35 10.82 18.06 16.77 5.41 7.65 6.18 19.21 15.0 18.12 8.49 4.74 14.15 12.0 12.09 12.82 8.49 15.0 12.09 4.74 4.5 6.18 22.3 15.0 16.77 21.63 18.06 4.74 13.42 16.77 14.15 18.12 6.18 18.25 16.77 15.44 7.65 7.5 12.0 10.82 12.0 16.77 14.15 14.15 4.5 14.15 16.77 0.0 18.06 15.95 21.63 4.5 18.12 4.5 6.18 4.74 18.06 3.0 12.37 15.0 12.0 16.77 4.74 16.77 16.77 15.44 15.0 19.21 15.95 7.5 0.0 7.5 16.77 13.42 21.63 7.65 7.65 12.82 16.77 8.49 5.41 22.3
17.1 0.0 13.58 9.0 4.5 15.44 15.44 10.5 24.42 25.14 8.75 19.73 20.4 13.83 18.06 9.0 19.5 1.5 15.44 17.1 22.3 0.0 19.56 17.49 12.82 15.44 1.5 13.83 19.73 19.5 20.4 6.0 13.5 13.58 9.0 19.5 13.83 13.58 20.4 15.44 15.44 8.75 13.83 15.3 4.5 0.0 20.4 25.14 15.3 6.0 19.73 15.44 10.06 19.56 19.5 12.82 23.72 13.5 22.3 13.5 19.56 6.0 6.0 15.44 6.0 15.3 18.06 0.0 3.0 4.5 15.44 19.73 15.44 15.44 20.4 0.0 20.18 10.5 13.83 13.5 15.3 20.4 9.49 9.49 19.5 24.42 1.5 3.0 23.72 18.06 23.72 15.3 25.14 4.5 12.82 14.77 9.0 19.56 19.5 17.49 8.75
15.44 3.0 13.58 6.0 7.5 14.23 12.9 7.5 24.05 24.42 11.42 20.4 18.79 10.92 15.95 6.0 19.73 4.5 12.9 15.44 21.48 3.0 20.01 16.16 10.06 14.23 4.5 10.92 20.4 18.55 18.79 3.0 10.5 13.58 6.0 18.55 10.92 13.58 18.79 12.9 14.23 11.42 10.92 16.16 7.5 3.0 18.79 24.42 16.16 3.0 20.4 14.23 11.72 20.01 19.73 10.06 22.15 10.5 21.48 10.5 20.01 3.0 3.0 12.9 3.0 16.16 15.95 3.0 0.0 7.5 12.9 20.4 12.9 14.23 18.79 3.0 18.31 7.5 10.92 10.5 16.16 18.79 10.82 10.82 19.73 24.05 4.5 0.0 22.15 15.95 22.15 16.16 24.42 7.5 10.06 13.83 6.0 20.01 18.55 16.16 11.42
20.18 4.5 14.77 13.5 0.0 18.06 19.5 15.0 25.63 26.83 5.41 19.56 23.33 18.25 21.63 13.5 20.01 3.0 19.5 20.18 24.19 4.5 19.73 20.18 17.1 18.06 3.0 18.25 19.56 21.63 23.33 10.5 18.0 14.77 13.5 21.63 18.25 14.77 23.33 19.5 18.06 5.41 18.25 15.07 0.0 4.5 23.33 26.83 15.07 10.5 19.56 18.06 9.0 19.73 20.01 17.1 26.54 18.0 24.19 18.0 19.73 10.5 10.5 19.5 10.5 15.07 21.63 4.5 7.5 0.0 19.5 19.56 19.5 18.06 23.33 4.5 23.43 15.0 18.25 18.0 15.07 23.33 9.12 9.12 20.01 25.63 3.0 7.5 26.54 21.63 26.54 15.07 26.83 0.0 17.1 17.1 13.5 19.73 21.63 20.18 5.41
6.71 15.44 13.42 8.75 19.5 8.49 0.0 8.08 18.79 17.56 21.21 20.4 9.12 10.5 4.5 8.75 18.06 16.77 0.0 6.71 14.77 15.44 19.21 8.75 3.35 8.49 16.77 10.5 20.4 12.09 9.12 10.61 7.5 13.42 8.75 12.09 10.5 13.42 9.12 0.0 8.49 21.21 10.5 18.12 19.5 15.44 9.12 17.56 18.12 10.61 20.4 8.49 18.06 19.21 18.06 3.35 12.0 7.5 14.77 7.5 19.21 10.61 10.61 0.0 10.61 18.12 4.5 15.44 12.9 19.5 0.0 20.4 0.0 8.49 9.12 15.44 7.5 8.08 10.5 7.5 18.12 9.12 16.57 16.57 18.06 18.79 16.77 12.9 12.0 4.5 12.0 18.12 17.56 19.5 3.35 9.6 8.75 19.21 12.09 8.75 21.21
14.77 19.73 7.5 22.9 19.56 12.09 20.4 23.72 8.75 11.42 15.66 0.0 15.3 27.9 18.12 22.9 3.0 19.56 20.4 14.77 10.61 19.73 1.5 12.82 21.21 12.09 19.56 27.9 0.0 10.61 15.3 21.48 25.54 7.5 22.9 10.61 27.9 7.5 15.3 20.4 12.09 15.66 27.9 4.5 19.56 19.73 15.3 11.42 4.5 21.48 0.0 12.09 10.61 1.5 3.0 21.21 16.5 25.54 10.61 25.54 1.5 21.48 21.48 20.4 21.48 4.5 18.12 19.73 20.4 19.56 20.4 0.0 20.4 12.09 15.3 19.73 17.1 23.72 27.9 25.54 4.5 15.3 10.5 10.5 3.0 8.75 19.56 20.4 16.5 18.12 16.5 4.5 11.42 19.56 21.21 10.82 22.9 1.5 10.61 12.82 15.66
6.71 15.44 13.42 8.75 19.5 8.49 0.0 8.08 18.79 17.56 21.21 20.4 9.12 10.5 4.5 8.75 18.06 16.77 0.0 6.71 14.77 15.44 19.21 8.75 3.35 8.49 16.77 10.5 20.4 12.09 9.12 10.61 7.5 13.42 8.75 12.09 10.5 13.42 9.12 0.0 8.49 21.21 10.5 18.12 19.5 15.44 9.12 17.56 18.12 10.61 20.4 8.49 18.06 19.21 18.06 3.35 12.0 7.5 14.77 7.5 19.21 10.61 10.61 0.0 10.61 18.12 4.5 15.44 12.9 19.5 0.0 20.4 0.0 8.49 9.12 15.44 7.5 8.08 10.5 7.5 18.12 9.12 16.57 16.57 18.06 18.79 16.77 12.9 12.0 4.5 12.0 18.12 17.56 19.5 3.35 9.6 8.75 19.21 12.09 8.75 21.21
3.0 15.44 6.0 13.58 18.06 0.0 8.49 13.83 10.92 10.5 17.49 12.09 5.41 17.56 6.18 13.58 9.6 16.22 8.49 3.0 7.5 15.44 10.82 2.12 10.06 0.0 16.22 17.56 12.09 4.5 5.41 13.58 14.77 6.0 13.58 4.5 17.56 6.0 5.41 8.49 0.0 17.49 17.56 10.61 18.06 15.44 5.41 10.5 10.61 13.58 12.09 0.0 12.82 10.82 9.6 10.06 8.49 14.77 7.5 14.77 10.82 13.58 13.58 8.49 13.58 10.61 6.18 15.44 14.23 18.06 8.49 12.09 8.49 0.0 5.41 15.44 6.18 13.83 17.56 14.77 10.61 5.41 11.42 11.42 9.6 10.92 16.22 14.23 8.49 6.18 8.49 10.61 10.5 18.06 10.06 1.5 13.58 10.82 4.5 2.12 17.49
3.35 20.4 10.92 16.77 23.33 5.41 9.12 16.57 10.61 8.75 22.9 15.3 0.0 19.56 4.74 16.77 12.37 21.32 9.12 3.35 6.36 20.4 13.83 3.35 12.0 5.41 21.32 19.56 15.3 4.74 0.0 17.56 16.57 10.92 16.77 4.74 19.56 10.92 0.0 9.12 5.41 22.9 19.56 15.07 23.33 20.4 0.0 8.75 15.07 17.56 15.3 5.41 18.12 13.83 12.37 12.0 3.35 16.57 6.36 16.57 13.83 17.56 17.56 9.12 17.56 15.07 4.74 20.4 18.79 23.33 9.12 15.3 9.12 5.41 0.0 20.4 2.12 16.57 19.56 16.57 15.07 0.0 16.77 16.77 12.37 10.61 21.32 18.79 3.35 4.74 3.35 15.07 8.75 23.33 12.0 6.71 16.77 13.83 4.74 3.35 22.9
17.1 0.0 13.58 9.0 4.5 15.44 15.44 10.5 24.42 25.14 8.75 19.73 20.4 13.83 18.06 9.0 19.5 1.5 15.44 17.1 22.3 0.0 19.56 17.49 12.82 15.44 1.5 13.83 19.73 19.5 20.4 6.0 13.5 13.58 9.0 19.5 13.83 13.58 20.4 15.44 15.44 8.75 13.83 15.3 4.5 0.0 20.4 25.14 15.3 6.0 19.73 15.44 10.06 19.56 19.5 12.82 23.72 13.5 22.3 13.5 19.56 6.0 6.0 15.44 6.0 15.3 18.06 0.0 3.0 4.5 15.44 19.73 15.44 15.44 20.4 0.0 20.18 10.5 13.83 13.5 15.3 20.4 9.49 9.49 19.5 24.42 1.5 3.0 23.72 18.06 23.72 15.3 25.14 4.5 12.82 14.77 9.0 19.56 19.5 17.49 8.75
3.35 20.18 12.09 15.66 23.43 6.18 7.5 15.3 12.73 10.82 23.48 17.1 2.12 18.0 3.0 15.66 14.23 21.21 7.5 3.35 8.49 20.18 15.66 4.5 10.61 6.18 21.21 18.0 17.1 6.71 2.12 16.77 15.0 12.09 15.66 6.71 18.0 12.09 2.12 7.5 6.18 23.48 18.0 16.5 23.43 20.18 2.12 10.82 16.5 16.77 17.1 6.18 18.97 15.66 14.23 10.61 4.5 15.0 8.49 15.0 15.66 16.77 16.77 7.5 16.77 16.5 3.0 20.18 18.31 23.43 7.5 17.1 7.5 6.18 2.12 20.18 0.0 15.3 18.0 15.0 16.5 2.12 17.56 17.56 14.23 12.73 21.21 18.31 4.5 3.0 4.5 16.5 10.82 23.43 10.61 7.65 15.66 15.66 6.71 4.5 23.48
13.5 10.5 16.22 1.5 15.0 13.83 8.08 0.0 24.74 24.19 18.55 23.72 16.57 4.24 12.37 1.5 22.15 12.0 8.08 13.5 21.21 10.5 22.9 15.07 4.74 13.83 12.0 4.24 23.72 18.25 16.57 4.5 3.0 16.22 1.5 18.25 4.24 16.22 16.57 8.08 13.83 18.55 4.24 20.18 15.0 10.5 16.57 24.19 20.18 4.5 23.72 13.83 17.49 22.9 22.15 4.74 19.73 3.0 21.21 3.0 22.9 4.5 4.5 8.08 4.5 20.18 12.37 10.5 7.5 15.0 8.08 23.72 8.08 13.83 16.57 10.5 15.3 0.0 4.24 3.0 20.18 16.57 16.22 16.22 22.15 24.74 12.0 7.5 19.73 12.37 19.73 20.18 24.19 15.0 4.74 14.23 1.5 22.9 18.25 15.07 18.55
16.77 13.83 20.4 5.41 18.25 17.56 10.5 4.24 28.46 27.66 22.3 27.9 19.56 0.0 15.0 5.41 26.24 15.3 10.5 16.77 24.74 13.83 27.04 18.55 7.65 17.56 15.3 0.0 27.9 21.84 19.56 8.08 3.0 20.4 5.41 21.84 0.0 20.4 19.56 10.5 17.56 22.3 0.0 24.42 18.25 13.83 19.56 27.66 24.42 8.08 27.9 17.56 21.63 27.04 26.24 7.65 22.5 3.0 24.74 3.0 27.04 8.08 8.08 10.5 8.08 24.42 15.0 13.83 10.92 18.25 10.5 27.9 10.5 17.56 19.56 13.83 18.0 4.24 0.0 3.0 24.42 19.56 20.4 20.4 26.24 28.46 15.3 10.92 22.5 15.0 22.5 24.42 27.66 18.25 7.65 18.12 5.41 27.04 21.84 18.55 22.3
13.83 13.5 18.06 4.5 18.0 14.77 7.5 3.0 25.63 24.74 21.48 25.54 16.57 3.0 12.0 4.5 23.72 15.0 7.5 13.83 21.84 13.5 24.6 15.66 4.74 14.77 15.0 3.0 25.54 18.97 16.57 7.5 0.0 18.06 4.5 18.97 3.0 18.06 16.57 7.5 14.77 21.48 3.0 22.3 18.0 13.5 16.57 24.74 22.3 7.5 25.54 14.77 20.12 24.6 23.72 4.74 19.5 0.0 21.84 0.0 24.6 7.5 7.5 7.5 7.5 22.3 12.0 13.5 10.5 18.0 7.5 25.54 7.5 14.77 16.57 13.5 15.0 3.0 3.0 0.0 22.3 16.57 18.79 18.79 23.72 25.63 15.0 10.5 19.5 12.0 19.5 22.3 24.74 18.0 4.74 15.44 4.5 24.6 18.97 15.66 21.48
13.58 15.3 4.74 19.21 15.07 10.61 18.12 20.18 11.72 13.83 11.42 4.5 15.07 24.42 16.77 19.21 5.41 15.07 18.12 13.58 12.09 15.3 4.74 12.0 18.31 10.61 15.07 24.42 4.5 10.92 15.07 17.49 22.3 4.74 19.21 10.92 24.42 4.74 15.07 18.12 10.61 11.42 24.42 0.0 15.07 15.3 15.07 13.83 0.0 17.49 4.5 10.61 6.18 4.74 5.41 18.31 17.1 22.3 12.09 22.3 4.74 17.49 17.49 18.12 17.49 0.0 16.77 15.3 16.16 15.07 18.12 4.5 18.12 10.61 15.07 15.3 16.5 20.18 24.42 22.3 0.0 15.07 6.0 6.0 5.41 11.72 15.07 16.16 17.1 16.77 17.1 0.0 13.83 15.07 18.31 9.12 19.21 4.74 10.92 12.0 11.42
3.35 20.4 10.92 16.77 23.33 5.41 9.12 16.57 10.61 8.75 22.9 15.3 0.0 19.56 4.74 16.77 12.37 21.32 9.12 3.35 6.36 20.4 13.83 3.35 12.0 5.41 21.32 19.56 15.3 4.74 0.0 17.56 16.57 10.92 16.77 4.74 19.56 10.92 0.0 9.12 5.41 22.9 19.56 15.07 23.33 20.4 0.0 8.75 15.07 17.56 15.3 5.41 18.12 13.83 12.37 12.0 3.35 16.57 6.36 16.57 13.83 17.56 17.56 9.12 17.56 15.07 4.74 20.4 18.79 23.33 9.12 15.3 9.12 5.41 0.0 20.4 2.12 16.57 19.56 16.57 15.07 0.0 16.77 16.77 12.37 10.61 21.32 18.79 3.35 4.74 3.35 15.07 8.75 23.33 12.0 6.71 16.77 13.83 4.74 3.35 22.9
14.23 9.49 6.36 15.0 9.12 11.42 16.57 16.22 16.77 18.31 6.36 10.5 16.77 20.4 16.77 15.0 10.92 9.12 16.57 14.23 15.95 9.49 10.61 13.42 15.66 11.42 9.12 20.4 10.5 13.83 16.77 12.73 18.79 6.36 15.0 13.83 20.4 6.36 16.77 16.57 11.42 6.36 20.4 6.0 9.12 9.49 16.77 18.31 6.0 12.73 10.5 11.42 1.5 10.61 10.92 15.66 19.56 18.79 15.95 18.79 10.61 12.73 12.73 16.57 12.73 6.0 16.77 9.49 10.82 9.12 16.57 10.5 16.57 11.42 16.77 9.49 17.56 16.22 20.4 18.79 6.0 16.77 0.0 0.0 10.92 16.77 9.12 10.82 19.56 16.77 19.56 6.0 18.31 9.12 15.66 10.06 15.0 10.61 13.83 13.42 6.36
14.23 9.49 6.36 15.0 9.12 11.42 16.57 16.22 16.77 18.31 6.36 10.5 16.77 20.4 16.77 15.0 10.92 9.12 16.57 14.23 15.95 9.49 10.61 13.42 15.66 11.42 9.12 20.4 10.5 13.83 16.77 12.73 18.79 6.36 15.0 13.83 20.4 6.36 16.77 16.57 11.42 6.36 20.4 6.0 9.12 9.49 16.77 18.31 6.0 12.73 10.5 11.42 1.5 10.61 10.92 15.66 19.56 18.79 15.95 18.79 10.61 12.73 12.73 16.57 12.73 6.0 16.77 9.49 10.82 9.12 16.57 10.5 16.57 11.42 16.77 9.49 17.56 16.22 20.4 18.79 6.0 16.77 0.0 0.0 10.92 16.77 9.12 10.82 19.56 16.77 19.56 6.0 18.31 9.12 15.66 10.06 15.0 10.61 13.83 13.42 6.36
12.09 19.5 6.18 21.48 20.01 9.6 18.06 22.15 6.36 8.75 16.77 3.0 12.37 26.24 15.44 21.48 0.0 19.56 18.06 12.09 7.65 19.5 1.5 10.06 19.21 9.6 19.56 26.24 3.0 7.65 12.37 20.4 23.72 6.18 21.48 7.65 26.24 6.18 12.37 18.06 9.6 16.77 26.24 5.41 20.01 19.5 12.37 8.75 5.41 20.4 3.0 9.6 11.42 1.5 0.0 19.21 13.5 23.72 7.65 23.72 1.5 20.4 20.4 18.06 20.4 5.41 15.44 19.5 19.73 20.01 18.06 3.0 18.06 9.6 12.37 19.5 14.23 22.15 26.24 23.72 5.41 12.37 10.92 10.92 0.0 6.36 19.56 19.73 13.5 15.44 13.5 5.41 8.75 20.01 19.21 8.49 21.48 1.5 7.65 10.06 16.77
12.09 24.42 10.92 24.42 25.63 10.92 18.79 24.74 0.0 3.0 22.9 8.75 10.61 28.46 15.0 24.42 6.36 24.74 18.79 12.09 4.24 24.42 7.5 10.06 20.89 10.92 24.74 28.46 8.75 6.71 10.61 24.05 25.63 10.92 24.42 6.71 28.46 10.92 10.61 18.79 10.92 22.9 28.46 11.72 25.63 24.42 10.61 3.0 11.72 24.05 8.75 10.92 17.49 7.5 6.36 20.89 10.06 25.63 4.24 25.63 7.5 24.05 24.05 18.79 24.05 11.72 15.0 24.42 24.05 25.63 18.79 8.75 18.79 10.92 10.61 24.42 12.73 24.74 28.46 25.63 11.72 10.61 16.77 16.77 6.36 0.0 24.74 24.05 10.06 15.0 10.06 11.72 3.0 25.63 20.89 10.61 24.42 7.5 6.71 10.06 22.9
18.06 1.5 13.83 10.5 3.0 16.22 16.77 12.0 24.74 25.63 7.5 19.56 21.32 15.3 19.21 10.5 19.56 0.0 16.77 18.06 22.85 1.5 19.5 18.31 14.23 16.22 0.0 15.3 19.56 20.12 21.32 7.5 15.0 13.83 10.5 20.12 15.3 13.83 21.32 16.77 16.22 7.5 15.3 15.07 3.0 1.5 21.32 25.63 15.07 7.5 19.56 16.22 9.49 19.5 19.56 14.23 24.6 15.0 22.85 15.0 19.5 7.5 7.5 16.77 7.5 15.07 19.21 1.5 4.5 3.0 16.77 19.56 16.77 16.22 21.32 1.5 21.21 12.0 15.3 15.0 15.07 21.32 9.12 9.12 19.56 24.74 0.0 4.5 24.6 19.21 24.6 15.07 25.63 3.0 14.23 15.44 10.5 19.5 20.12 18.31 7.5
15.44 3.0 13.58 6.0 7.5 14.23 12.9 7.5 24.05 24.42 11.42 20.4 18.79 10.92 15.95 6.0 19.73 4.5 12.9 15.44 21.48 3.0 20.01 16.16 10.06 14.23 4.5 10.92 20.4 18.55 18.79 3.0 10.5 13.58 6.0 18.55 10.92 13.58 18.79 12.9 14.23 11.42 10.92 16.16 7.5 3.0 18.79 24.42 16.16 3.0 20.4 14.23 11.72 20.01 19.73 10.06 22.15 10.5 21.48 10.5 20.01 3.0 3.0 12.9 3.0 16.16 15.95 3.0 0.0 7.5 12.9 20.4 12.9 14.23 18.79 3.0 18.31 7.5 10.92 10.5 16.16 18.79 10.82 10.82 19.73 24.05 4.5 0.0 22.15 15.95 22.15 16.16 24.42 7.5 10.06 13.83 6.0 20.01 18.55 16.16 11.42
6.71 23.72 13.42 20.01 26.54 8.49 12.0 19.73 10.06 7.5 25.81 16.5 3.35 22.5 7.5 20.01 13.5 24.6 12.0 6.71 6.18 23.72 15.0 6.36 15.07 8.49 24.6 22.5 16.5 6.18 3.35 20.89 19.5 13.42 20.01 6.18 22.5 13.42 3.35 12.0 8.49 25.81 22.5 17.1 26.54 23.72 3.35 7.5 17.1 20.89 16.5 8.49 20.84 15.0 13.5 15.07 0.0 19.5 6.18 19.5 15.0 20.89 20.89 12.0 20.89 17.1 7.5 23.72 22.15 26.54 12.0 16.5 12.0 8.49 3.35 23.72 4.5 19.73 22.5 19.5 17.1 3.35 19.56 19.56 13.5 10.06 24.6 22.15 0.0 7.5 0.0 17.1 7.5 26.54 15.07 9.6 20.01 15.0 6.18 6.36 25.81
3.35 18.06 12.09 12.82 21.63 6.18 4.5 12.37 15.0 13.42 22.3 18.12 4.74 15.0 0.0 12.82 15.44 19.21 4.5 3.35 10.82 18.06 16.77 5.41 7.65 6.18 19.21 15.0 18.12 8.49 4.74 14.15 12.0 12.09 12.82 8.49 15.0 12.09 4.74 4.5 6.18 22.3 15.0 16.77 21.63 18.06 4.74 13.42 16.77 14.15 18.12 6.18 18.25 16.77 15.44 7.65 7.5 12.0 10.82 12.0 16.77 14.15 14.15 4.5 14.15 16.77 0.0 18.06 15.95 21.63 4.5 18.12 4.5 6.18 4.74 18.06 3.0 12.37 15.0 12.0 16.77 4.74 16.77 16.77 15.44 15.0 19.21 15.95 7.5 0.0 7.5 16.77 13.42 21.63 7.65 7.65 12.82 16.77 8.49 5.41 22.3
6.71 23.72 13.42 20.01 26.54 8.49 12.0 19.73 10.06 7.5 25.81 16.5 3.35 22.5 7.5 20.01 13.5 24.6 12.0 6.71 6.18 23.72 15.0 6.36 15.07 8.49 24.6 22.5 16.5 6.18 3.35 20.89 19.5 13.42 20.01 6.18 22.5 13.42 3.35 12.0 8.49 25.81 22.5 17.1 26.54 23.72 3.35 7.5 17.1 20.89 16.5 8.49 20.84 15.0 13.5 15.07 0.0 19.5 6.18 19.5 15.0 20.89 20.89 12.0 20.89 17.1 7.5 23.72 22.15 26.54 12.0 16.5 12.0 8.49 3.35 23.72 4.5 19.73 22.5 19.5 17.1 3.35 19.56 19.56 13.5 10.06 24.6 22.15 0.0 7.5 0.0 17.1 7.5 26.54 15.07 9.6 20.01 15.0 6.18 6.36 25.81
13.58 15.3 4.74 19.21 15.07 10.61 18.12 20.18 11.72 13.83 11.42 4.5 15.07 24.42 16.77 19.21 5.41 15.07 18.12 13.58 12.09 15.3 4.74 12.0 18.31 10.61 15.07 24.42 4.5 10.92 15.07 17.49 22.3 4.74 19.21 10.92 24.42 4.74 15.07 18.12 10.61 11.42 24.42 0.0 15.07 15.3 15.07 13.83 0.0 17.49 4.5 10.61 6.18 4.74 5.41 18.31 17.1 22.3 12.09 22.3 4.74 17.49 17.49 18.12 17.49 0.0 16.77 15.3 16.16 15.07 18.12 4.5 18.12 10.61 15.07 15.3 16.5 20.18 24.42 22.3 0.0 15.07 6.0 6.0 5.41 11.72 15.07 16.16 17.1 16.77 17.1 0.0 13.83 15.07 18.31 9.12 19.21 4.74 10.92 12.0 11.42
10.92 25.14 12.09 24.05 26.83 10.5 17.56 24.19 3.0 0.0 24.6 11.42 8.75 27.66 13.42 24.05 8.75 25.63 17.56 10.92 3.0 25.14 10.06 9.12 20.01 10.5 25.63 27.66 11.42 6.0 8.75 24.05 24.74 12.09 24.05 6.0 27.66 12.09 8.75 17.56 10.5 24.6 27.66 13.83 26.83 25.14 8.75 0.0 13.83 24.05 11.42 10.5 19.21 10.06 8.75 20.01 7.5 24.74 3.0 24.74 10.06 24.05 24.05 17.56 24.05 13.83 13.42 25.14 24.42 26.83 17.56 11.42 17.56 10.5 8.75 25.14 10.82 24.19 27.66 24.74 13.83 8.75 18.31 18.31 8.75 3.0 25.63 24.42 7.5 13.42 7.5 13.83 0.0 26.83 20.01 10.61 24.05 10.06 6.0 9.12 24.6
20.18 4.5 14.77 13.5 0.0 18.06 19.5 15.0 25.63 26.83 5.41 19.56 23.33 18.25 21.63 13.5 20.01 3.0 19.5 20.18 24.19 4.5 19.73 20.18 17.1 18.06 3.0 18.25 19.56 21.63 23.33 10.5 18.0 14.77 13.5 21.63 18.25 14.77 23.33 19.5 18.06 5.41 18.25 15.07 0.0 4.5 23.33 26.83 15.07 10.5 19.56 18.06 9.0 19.73 20.01 17.1 26.54 18.0 24.19 18.0 19.73 10.5 10.5 19.5 10.5 15.07 21.63 4.5 7.5 0.0 19.5 19.56 19.5 18.06 23.33 4.5 23.43 15.0 18.25 18.0 15.07 23.33 9.12 9.12 20.01 25.63 3.0 7.5 26.54 21.63 26.54 15.07 26.83 0.0 17.1 17.1 13.5 19.73 21.63 20.18 5.41
9.12 12.82 13.83 5.41 17.1 10.06 3.35 4.74 20.89 20.01 19.5 21.21 12.0 7.65 7.65 5.41 19.21 14.23 3.35 9.12 17.1 12.82 20.18 10.92 0.0 10.06 14.23 7.65 21.21 14.23 12.0 7.5 4.74 13.83 5.41 14.23 7.65 13.83 12.0 3.35 10.06 19.5 7.65 18.31 17.1 12.82 12.0 20.01 18.31 7.5 21.21 10.06 17.1 20.18 19.21 0.0 15.07 4.74 17.1 4.74 20.18 7.5 7.5 3.35 7.5 18.31 7.65 12.82 10.06 17.1 3.35 21.21 3.35 10.06 12.0 12.82 10.61 4.74 7.65 4.74 18.31 12.0 15.66 15.66 19.21 20.89 14.23 10.06 15.07 7.65 15.07 18.31 20.01 17.1 0.0 10.82 5.41 20.18 14.23 10.92 19.5
4.5 14.77 4.5 13.83 17.1 1.5 9.6 14.23 10.61 10.61 16.22 10.82 6.71 18.12 7.65 13.83 8.49 15.44 9.6 4.5 7.65 14.77 9.6 3.35 10.82 1.5 15.44 18.12 10.82 4.74 6.71 13.5 15.44 4.5 13.83 4.74 18.12 4.5 6.71 9.6 1.5 16.22 18.12 9.12 17.1 14.77 6.71 10.61 9.12 13.5 10.82 1.5 11.42 9.6 8.49 10.82 9.6 15.44 7.65 15.44 9.6 13.5 13.5 9.6 13.5 9.12 7.65 14.77 13.83 17.1 9.6 10.82 9.6 1.5 6.71 14.77 7.65 14.23 18.12 15.44 9.12 6.71 10.06 10.06 8.49 10.61 15.44 13.83 9.6 7.65 9.6 9.12 10.61 17.1 10.82 0.0 13.83 9.6 4.74 3.35 16.22
13.58 9.0 15.44 0.0 13.5 13.58 8.75 1.5 24.42 24.05 17.1 22.9 16.77 5.41 12.82 0.0 21.48 10.5 8.75 13.58 21.05 9.0 22.15 15.0 5.41 13.58 10.5 5.41 22.9 18.06 16.77 3.0 4.5 15.44 0.0 18.06 5.41 15.44 16.77 8.75 13.58 17.1 5.41 19.21 13.5 9.0 16.77 24.05 19.21 3.0 22.9 13.58 16.22 22.15 21.48 5.41 20.01 4.5 21.05 4.5 22.15 3.0 3.0 8.75 3.0 19.21 12.82 9.0 6.0 13.5 8.75 22.9 8.75 13.58 16.77 9.0 15.66 1.5 5.41 4.5 19.21 16.77 15.0 15.0 21.48 24.42 10.5 6.0 20.01 12.82 20.01 19.21 24.05 13.5 5.41 13.83 0.0 22.15 18.06 15.0 17.1
13.42 19.56 6.71 22.15 19.73 10.82 19.21 22.9 7.5 10.06 16.16 1.5 13.83 27.04 16.77 22.15 1.5 19.5 19.21 13.42 9.12 19.56 0.0 11.42 20.18 10.82 19.5 27.04 1.5 9.12 13.83 20.89 24.6 6.71 22.15 9.12 27.04 6.71 13.83 19.21 10.82 16.16 27.04 4.74 19.73 19.56 13.83 10.06 4.74 20.89 1.5 10.82 10.92 0.0 1.5 20.18 15.0 24.6 9.12 24.6 0.0 20.89 20.89 19.21 20.89 4.74 16.77 19.56 20.01 19.73 19.21 1.5 19.21 10.82 13.83 19.56 15.66 22.9 27.04 24.6 4.74 13.83 10.61 10.61 1.5 7.5 19.5 20.01 15.0 16.77 15.0 4.74 10.06 19.73 20.18 9.6 22.15 0.0 9.12 11.42 16.16
5.41 19.5 7.5 18.06 21.63 4.5 12.09 18.25 6.71 6.0 20.18 10.61 4.74 21.84 8.49 18.06 7.65 20.12 12.09 5.41 3.0 19.5 9.12 3.35 14.23 4.5 20.12 21.84 10.61 0.0 4.74 18.06 18.97 7.5 18.06 0.0 21.84 7.5 4.74 12.09 4.5 20.18 21.84 10.92 21.63 19.5 4.74 6.0 10.92 18.06 10.61 4.5 15.0 9.12 7.65 14.23 6.18 18.97 3.0 18.97 9.12 18.06 18.06 12.09 18.06 10.92 8.49 19.5 18.55 21.63 12.09 10.61 12.09 4.5 4.74 19.5 6.71 18.25 21.84 18.97 10.92 4.74 13.83 13.83 7.65 6.71 20.12 18.55 6.18 8.49 6.18 10.92 6.0 21.63 14.23 4.74 18.06 9.12 0.0 3.35 20.18
2.12 17.49 7.65 15.0 20.18 2.12 8.75 15.07 10.06 9.12 19.56 12.82 3.35 18.55 5.41 15.0 10.06 18.31 8.75 2.12 6.18 17.49 11.42 0.0 10.92 2.12 18.31 18.55 12.82 3.35 3.35 15.3 15.66 7.65 15.0 3.35 18.55 7.65 3.35 8.75 2.12 19.56 18.55 12.0 20.18 17.49 3.35 9.12 12.0 15.3 12.82 2.12 14.77 11.42 10.06 10.92 6.36 15.66 6.18 15.66 11.42 15.3 15.3 8.75 15.3 12.0 5.41 17.49 16.16 20.18 8.75 12.82 8.75 2.12 3.35 17.49 4.5 15.07 18.55 15.66 12.0 3.35 13.42 13.42 10.06 10.06 18.31 16.16 6.36 5.41 6.36 12.0 9.12 20.18 10.92 3.35 15.0 11.42 3.35 0.0 19.56
20.12 8.75 12.73 17.1 5.41 17.49 21.21 18.55 22.9 24.6 0.0 15.66 22.9 22.3 22.3 17.1 16.77 7.5 21.21 20.12 22.3 8.75 16.16 19.56 19.5 17.49 7.5 22.3 15.66 20.18 22.9 14.23 21.48 12.73 17.1 20.18 22.3 12.73 22.9 21.21 17.49 0.0 22.3 11.42 5.41 8.75 22.9 24.6 11.42 14.23 15.66 17.49 5.41 16.16 16.77 19.5 25.81 21.48 22.3 21.48 16.16 14.23 14.23 21.21 14.23 11.42 22.3 8.75 11.42 5.41 21.21 15.66 21.21 17.49 22.9 8.75 23.48 18.55 22.3 21.48 11.42 22.9 6.36 6.36 16.77 22.9 7.5 11.42 25.81 22.3 25.81 11.42 24.6 5.41 19.5 16.22 17.1 16.16 20.18 19.56 0.0
