0.0 6.71 13.5 6.71 17.1 6.71 20.12 17.1 20.18 15.44 4.5 3.35 14.23 20.18 6.71 20.18 4.5 12.09 13.58 18.06 10.92 13.5 6.71 20.12 12.09 13.83 16.77 15.66 14.23 13.58 3.35 13.83 13.5 4.5 3.35 5.41 6.71 2.12 13.5 15.44 12.09 17.1 20.18 3.35 14.77 13.83 6.71 4.5 13.5 3.35 15.44 9.12 13.58 13.58 12.09 6.71 20.12 9.12 14.23 8.08 4.5 13.42 3.35 0.0 12.09 18.06 15.44 18.06 13.42 6.71 4.5 6.71 13.58 12.09 14.23 14.77 17.1 13.58 13.83 10.92 8.08
6.71 0.0 8.08 12.0 15.44 12.0 21.21 15.44 19.5 12.9 9.6 7.5 10.61 19.5 0.0 19.5 9.6 18.06 8.75 16.77 17.56 8.08 0.0 21.21 18.79 7.5 10.5 18.06 10.61 8.75 7.5 7.5 8.08 9.6 9.12 12.09 0.0 8.75 8.08 12.9 18.79 15.44 19.5 7.5 20.4 7.5 0.0 9.6 8.08 7.5 12.9 3.35 18.12 18.12 18.06 12.0 21.21 3.35 10.61 14.77 9.6 19.21 7.5 6.71 18.06 16.77 12.9 16.77 19.21 0.0 9.6 0.0 18.12 18.06 10.61 20.4 15.44 18.12 7.5 17.56 14.77
13.5 8.08 0.0 19.73 10.5 19.73 18.55 10.5 15.0 7.5 14.23 15.3 4.5 15.0 8.08 15.0 14.23 22.15 1.5 12.0 24.19 0.0 8.08 18.55 24.74 3.0 4.24 17.49 4.5 1.5 15.3 3.0 0.0 14.23 16.57 18.25 8.08 15.07 0.0 7.5 24.74 10.5 15.0 15.3 23.72 3.0 8.08 14.23 0.0 15.3 7.5 4.74 20.18 20.18 22.15 19.73 18.55 4.74 4.5 21.21 14.23 22.9 15.3 13.5 22.15 12.0 7.5 12.0 22.9 8.08 14.23 8.08 20.18 22.15 4.5 23.72 10.5 20.18 3.0 24.19 21.21
6.71 12.0 19.73 0.0 23.72 0.0 25.81 23.72 26.54 22.15 9.6 4.5 20.89 26.54 12.0 26.54 9.6 13.5 20.01 24.6 7.5 19.73 12.0 25.81 10.06 19.5 22.5 20.84 20.89 20.01 4.5 19.5 19.73 9.6 3.35 6.18 12.0 6.36 19.73 22.15 10.06 23.72 26.54 4.5 16.5 19.5 12.0 9.6 19.73 4.5 22.15 15.07 17.1 17.1 13.5 0.0 25.81 15.07 20.89 6.18 9.6 15.0 4.5 6.71 13.5 24.6 22.15 24.6 15.0 12.0 9.6 12.0 17.1 13.5 20.89 16.5 23.72 17.1 19.5 7.5 6.18
17.1 15.44 10.5 23.72 0.0 23.72 8.75 0.0 4.5 3.0 14.77 20.18 6.0 4.5 15.44 4.5 14.77 19.5 9.0 1.5 25.14 10.5 15.44 8.75 24.42 13.5 13.83 10.06 6.0 9.0 20.18 13.5 10.5 14.77 20.4 19.5 15.44 17.49 10.5 3.0 24.42 0.0 4.5 20.18 19.73 13.5 15.44 14.77 10.5 20.18 3.0 12.82 15.3 15.3 19.5 23.72 8.75 12.82 6.0 22.3 14.77 19.56 20.18 17.1 19.5 1.5 3.0 1.5 19.56 15.44 14.77 15.44 15.3 19.5 6.0 19.73 0.0 15.3 13.5 25.14 22.3
6.71 12.0 19.73 0.0 23.72 0.0 25.81 23.72 26.54 22.15 9.6 4.5 20.89 26.54 12.0 26.54 9.6 13.5 20.01 24.6 7.5 19.73 12.0 25.81 10.06 19.5 22.5 20.84 20.89 20.01 4.5 19.5 19.73 9.6 3.35 6.18 12.0 6.36 19.73 22.15 10.06 23.72 26.54 4.5 16.5 19.5 12.0 9.6 19.73 4.5 22.15 15.07 17.1 17.1 13.5 0.0 25.81 15.07 20.89 6.18 9.6 15.0 4.5 6.71 13.5 24.6 22.15 24.6 15.0 12.0 9.6 12.0 17.1 13.5 20.89 16.5 23.72 17.1 19.5 7.5 6.18
20.12 21.21 18.55 25.81 8.75 25.81 0.0 8.75 5.41 11.42 16.22 23.48 14.23 5.41 21.21 5.41 16.22 16.77 17.1 7.5 24.6 18.55 21.21 0.0 22.9 21.48 22.3 5.41 14.23 17.1 23.48 21.48 18.55 16.22 22.9 20.18 21.21 19.56 18.55 11.42 22.9 8.75 5.41 23.48 15.66 21.48 21.21 16.22 18.55 23.48 11.42 19.5 11.42 11.42 16.77 25.81 0.0 19.5 14.23 22.3 16.22 16.16 23.48 20.12 16.77 7.5 11.42 7.5 16.16 21.21 16.22 21.21 11.42 16.77 14.23 15.66 8.75 11.42 21.48 24.6 22.3
17.1 15.44 10.5 23.72 0.0 23.72 8.75 0.0 4.5 3.0 14.77 20.18 6.0 4.5 15.44 4.5 14.77 19.5 9.0 1.5 25.14 10.5 15.44 8.75 24.42 13.5 13.83 10.06 6.0 9.0 20.18 13.5 10.5 14.77 20.4 19.5 15.44 17.49 10.5 3.0 24.42 0.0 4.5 20.18 19.73 13.5 15.44 14.77 10.5 20.18 3.0 12.82 15.3 15.3 19.5 23.72 8.75 12.82 6.0 22.3 14.77 19.56 20.18 17.1 19.5 1.5 3.0 1.5 19.56 15.44 14.77 15.44 15.3 19.5 6.0 19.73 0.0 15.3 13.5 25.14 22.3
20.18 19.5 15.0 26.54 4.5 26.54 5.41 4.5 0.0 7.5 17.1 23.43 10.5 0.0 19.5 0.0 17.1 20.01 13.5 3.0 26.83 15.0 19.5 5.41 25.63 18.0 18.25 9.0 10.5 13.5 23.43 18.0 15.0 17.1 23.33 21.63 19.5 20.18 15.0 7.5 25.63 4.5 0.0 23.43 19.56 18.0 19.5 17.1 15.0 23.43 7.5 17.1 15.07 15.07 20.01 26.54 5.41 17.1 10.5 24.19 17.1 19.73 23.43 20.18 20.01 3.0 7.5 3.0 19.73 19.5 17.1 19.5 15.07 20.01 10.5 19.56 4.5 15.07 18.0 26.83 24.19
15.44 12.9 7.5 22.15 3.0 22.15 11.42 3.0 7.5 0.0 13.83 18.31 3.0 7.5 12.9 7.5 13.83 19.73 6.0 4.5 24.42 7.5 12.9 11.42 24.05 10.5 10.92 11.72 3.0 6.0 18.31 10.5 7.5 13.83 18.79 18.55 12.9 16.16 7.5 0.0 24.05 3.0 7.5 18.31 20.4 10.5 12.9 13.83 7.5 18.31 0.0 10.06 16.16 16.16 19.73 22.15 11.42 10.06 3.0 21.48 13.83 20.01 18.31 15.44 19.73 4.5 0.0 4.5 20.01 12.9 13.83 12.9 16.16 19.73 3.0 20.4 3.0 16.16 10.5 24.42 21.48
4.5 9.6 14.23 9.6 14.77 9.6 16.22 14.77 17.1 13.83 0.0 7.65 13.5 17.1 9.6 17.1 0.0 8.49 13.83 15.44 10.61 14.23 9.6 16.22 10.61 15.44 18.12 11.42 13.5 13.83 7.65 15.44 14.23 0.0 6.71 4.74 9.6 3.35 14.23 13.83 10.61 14.77 17.1 7.65 10.82 15.44 9.6 0.0 14.23 7.65 13.83 10.82 9.12 9.12 8.49 9.6 16.22 10.82 13.5 7.65 0.0 9.6 7.65 4.5 8.49 15.44 13.83 15.44 9.6 9.6 0.0 9.6 9.12 8.49 13.5 10.82 14.77 9.12 15.44 10.61 7.65
3.35 7.5 15.3 4.5 20.18 4.5 23.48 20.18 23.43 18.31 7.65 0.0 16.77 23.43 7.5 23.43 7.65 14.23 15.66 21.21 10.82 15.3 7.5 23.48 12.73 15.0 18.0 18.97 16.77 15.66 0.0 15.0 15.3 7.65 2.12 6.71 7.5 4.5 15.3 18.31 12.73 20.18 23.43 0.0 17.1 15.0 7.5 7.65 15.3 0.0 18.31 10.61 16.5 16.5 14.23 4.5 23.48 10.61 16.77 8.49 7.65 15.66 0.0 3.35 14.23 21.21 18.31 21.21 15.66 7.5 7.65 7.5 16.5 14.23 16.77 17.1 20.18 16.5 15.0 10.82 8.49
14.23 10.61 4.5 20.89 6.0 20.89 14.23 6.0 10.5 3.0 13.5 16.77 0.0 10.5 10.61 10.5 13.5 20.4 3.0 7.5 24.05 4.5 10.61 14.23 24.05 7.5 8.08 13.83 0.0 3.0 16.77 7.5 4.5 13.5 17.56 18.06 10.61 15.3 4.5 3.0 24.05 6.0 10.5 16.77 21.48 7.5 10.61 13.5 4.5 16.77 3.0 7.5 17.49 17.49 20.4 20.89 14.23 7.5 0.0 21.05 13.5 20.89 16.77 14.23 20.4 7.5 3.0 7.5 20.89 10.61 13.5 10.61 17.49 20.4 0.0 21.48 6.0 17.49 7.5 24.05 21.05
20.18 19.5 15.0 26.54 4.5 26.54 5.41 4.5 0.0 7.5 17.1 23.43 10.5 0.0 19.5 0.0 17.1 20.01 13.5 3.0 26.83 15.0 19.5 5.41 25.63 18.0 18.25 9.0 10.5 13.5 23.43 18.0 15.0 17.1 23.33 21.63 19.5 20.18 15.0 7.5 25.63 4.5 0.0 23.43 19.56 18.0 19.5 17.1 15.0 23.43 7.5 17.1 15.07 15.07 20.01 26.54 5.41 17.1 10.5 24.19 17.1 19.73 23.43 20.18 20.01 3.0 7.5 3.0 19.73 19.5 17.1 19.5 15.07 20.01 10.5 19.56 4.5 15.07 18.0 26.83 24.19
6.71 0.0 8.08 12.0 15.44 12.0 21.21 15.44 19.5 12.9 9.6 7.5 10.61 19.5 0.0 19.5 9.6 18.06 8.75 16.77 17.56 8.08 0.0 21.21 18.79 7.5 10.5 18.06 10.61 8.75 7.5 7.5 8.08 9.6 9.12 12.09 0.0 8.75 8.08 12.9 18.79 15.44 19.5 7.5 20.4 7.5 0.0 9.6 8.08 7.5 12.9 3.35 18.12 18.12 18.06 12.0 21.21 3.35 10.61 14.77 9.6 19.21 7.5 6.71 18.06 16.77 12.9 16.77 19.21 0.0 9.6 0.0 18.12 18.06 10.61 20.4 15.44 18.12 7.5 17.56 14.77
20.18 19.5 15.0 26.54 4.5 26.54 5.41 4.5 0.0 7.5 17.1 23.43 10.5 0.0 19.5 0.0 17.1 20.01 13.5 3.0 26.83 15.0 19.5 5.41 25.63 18.0 18.25 9.0 10.5 13.5 23.43 18.0 15.0 17.1 23.33 21.63 19.5 20.18 15.0 7.5 25.63 4.5 0.0 23.43 19.56 18.0 19.5 17.1 15.0 23.43 7.5 17.1 15.07 15.07 20.01 26.54 5.41 17.1 10.5 24.19 17.1 19.73 23.43 20.18 20.01 3.0 7.5 3.0 19.73 19.5 17.1 19.5 15.07 20.01 10.5 19.56 4.5 15.07 18.0 26.83 24.19
4.5 9.6 14.23 9.6 14.77 9.6 16.22 14.77 17.1 13.83 0.0 7.65 13.5 17.1 9.6 17.1 0.0 8.49 13.83 15.44 10.61 14.23 9.6 16.22 10.61 15.44 18.12 11.42 13.5 13.83 7.65 15.44 14.23 0.0 6.71 4.74 9.6 3.35 14.23 13.83 10.61 14.77 17.1 7.65 10.82 15.44 9.6 0.0 14.23 7.65 13.83 10.82 9.12 9.12 8.49 9.6 16.22 10.82 13.5 7.65 0.0 9.6 7.65 4.5 8.49 15.44 13.83 15.44 9.6 9.6 0.0 9.6 9.12 8.49 13.5 10.82 14.77 9.12 15.44 10.61 7.65
12.09 18.06 22.15 13.5 19.5 13.5 16.77 19.5 20.01 19.73 8.49 14.23 20.4 20.01 18.06 20.01 8.49 0.0 21.48 19.56 8.75 22.15 18.06 16.77 6.36 23.72 26.24 11.42 20.4 21.48 14.23 23.72 22.15 8.49 12.37 7.65 18.06 10.06 22.15 19.73 6.36 19.5 20.01 14.23 3.0 23.72 18.06 8.49 22.15 14.23 19.73 19.21 5.41 5.41 0.0 13.5 16.77 19.21 20.4 7.65 8.49 1.5 14.23 12.09 0.0 19.56 19.73 19.56 1.5 18.06 8.49 18.06 5.41 0.0 20.4 3.0 19.5 5.41 23.72 8.75 7.65
13.58 8.75 1.5 20.01 9.0 20.01 17.1 9.0 13.5 6.0 13.83 15.66 3.0 13.5 8.75 13.5 13.83 21.48 0.0 10.5 24.05 1.5 8.75 17.1 24.42 4.5 5.41 16.22 3.0 0.0 15.66 4.5 1.5 13.83 16.77 18.06 8.75 15.0 1.5 6.0 24.42 9.0 13.5 15.66 22.9 4.5 8.75 13.83 1.5 15.66 6.0 5.41 19.21 19.21 21.48 20.01 17.1 5.41 3.0 21.05 13.83 22.15 15.66 13.58 21.48 10.5 6.0 10.5 22.15 8.75 13.83 8.75 19.21 21.48 3.0 22.9 9.0 19.21 4.5 24.05 21.05
18.06 16.77 12.0 24.6 1.5 24.6 7.5 1.5 3.0 4.5 15.44 21.21 7.5 3.0 16.77 3.0 15.44 19.56 10.5 0.0 25.63 12.0 16.77 7.5 24.74 15.0 15.3 9.49 7.5 10.5 21.21 15.0 12.0 15.44 21.32 20.12 16.77 18.31 12.0 4.5 24.74 1.5 3.0 21.21 19.56 15.0 16.77 15.44 12.0 21.21 4.5 14.23 15.07 15.07 19.56 24.6 7.5 14.23 7.5 22.85 15.44 19.5 21.21 18.06 19.56 0.0 4.5 0.0 19.5 16.77 15.44 16.77 15.07 19.56 7.5 19.56 1.5 15.07 15.0 25.63 22.85
10.92 17.56 24.19 7.5 25.14 7.5 24.6 25.14 26.83 24.42 10.61 10.82 24.05 26.83 17.56 26.83 10.61 8.75 24.05 25.63 0.0 24.19 17.56 24.6 3.0 24.74 27.66 19.21 24.05 24.05 10.82 24.74 24.19 10.61 8.75 6.0 17.56 9.12 24.19 24.42 3.0 25.14 26.83 10.82 11.42 24.74 17.56 10.61 24.19 10.82 24.42 20.01 13.83 13.83 8.75 7.5 24.6 20.01 24.05 3.0 10.61 10.06 10.82 10.92 8.75 25.63 24.42 25.63 10.06 17.56 10.61 17.56 13.83 8.75 24.05 11.42 25.14 13.83 24.74 0.0 3.0
13.5 8.08 0.0 19.73 10.5 19.73 18.55 10.5 15.0 7.5 14.23 15.3 4.5 15.0 8.08 15.0 14.23 22.15 1.5 12.0 24.19 0.0 8.08 18.55 24.74 3.0 4.24 17.49 4.5 1.5 15.3 3.0 0.0 14.23 16.57 18.25 8.08 15.07 0.0 7.5 24.74 10.5 15.0 15.3 23.72 3.0 8.08 14.23 0.0 15.3 7.5 4.74 20.18 20.18 22.15 19.73 18.55 4.74 4.5 21.21 14.23 22.9 15.3 13.5 22.15 12.0 7.5 12.0 22.9 8.08 14.23 8.08 20.18 22.15 4.5 23.72 10.5 20.18 3.0 24.19 21.21
6.71 0.0 8.08 12.0 15.44 12.0 21.21 15.44 19.5 12.9 9.6 7.5 10.61 19.5 0.0 19.5 9.6 18.06 8.75 16.77 17.56 8.08 0.0 21.21 18.79 7.5 10.5 18.06 10.61 8.75 7.5 7.5 8.08 9.6 9.12 12.09 0.0 8.75 8.08 12.9 18.79 15.44 19.5 7.5 20.4 7.5 0.0 9.6 8.08 7.5 12.9 3.35 18.12 18.12 18.06 12.0 21.21 3.35 10.61 14.77 9.6 19.21 7.5 6.71 18.06 16.77 12.9 16.77 19.21 0.0 9.6 0.0 18.12 18.06 10.61 20.4 15.44 18.12 7.5 17.56 14.77
20.12 21.21 18.55 25.81 8.75 25.81 0.0 8.75 5.41 11.42 16.22 23.48 14.23 5.41 21.21 5.41 16.22 16.77 17.1 7.5 24.6 18.55 21.21 0.0 22.9 21.48 22.3 5.41 14.23 17.1 23.48 21.48 18.55 16.22 22.9 20.18 21.21 19.56 18.55 11.42 22.9 8.75 5.41 23.48 15.66 21.48 21.21 16.22 18.55 23.48 11.42 19.5 11.42 11.42 16.77 25.81 0.0 19.5 14.23 22.3 16.22 16.16 23.48 20.12 16.77 7.5 11.42 7.5 16.16 21.21 16.22 21.21 11.42 16.77 14.23 15.66 8.75 11.42 21.48 24.6 22.3
12.09 18.79 24.74 10.06 24.42 10.06 22.9 24.42 25.63 24.05 10.61 12.73 24.05 25.63 18.79 25.63 10.61 6.36 24.42 24.74 3.0 24.74 18.79 22.9 0.0 25.63 28.46 17.49 24.05 24.42 12.73 25.63 24.74 10.61 10.61 6.71 18.79 10.06 24.74 24.05 0.0 24.42 25.63 12.73 8.75 25.63 18.79 10.61 24.74 12.73 24.05 20.89 11.72 11.72 6.36 10.06 22.9 20.89 24.05 4.24 10.61 7.5 12.73 12.09 6.36 24.74 24.05 24.74 7.5 18.79 10.61 18.79 11.72 6.36 24.05 8.75 24.42 11.72 25.63 3.0 4.24
13.83 7.5 3.0 19.5 13.5 19.5 21.48 13.5 18.0 10.5 15.44 15.0 7.5 18.0 7.5 18.0 15.44 23.72 4.5 15.0 24.74 3.0 7.5 21.48 25.63 0.0 3.0 20.12 7.5 4.5 15.0 0.0 3.0 15.44 16.57 18.97 7.5 15.66 3.0 10.5 25.63 13.5 18.0 15.0 25.54 0.0 7.5 15.44 3.0 15.0 10.5 4.74 22.3 22.3 23.72 19.5 21.48 4.74 7.5 21.84 15.44 24.6 15.0 13.83 23.72 15.0 10.5 15.0 24.6 7.5 15.44 7.5 22.3 23.72 7.5 25.54 13.5 22.3 0.0 24.74 21.84
16.77 10.5 4.24 22.5 13.83 22.5 22.3 13.83 18.25 10.92 18.12 18.0 8.08 18.25 10.5 18.25 18.12 26.24 5.41 15.3 27.66 4.24 10.5 22.3 28.46 3.0 0.0 21.63 8.08 5.41 18.0 3.0 4.24 18.12 19.56 21.84 10.5 18.55 4.24 10.92 28.46 13.83 18.25 18.0 27.9 3.0 10.5 18.12 4.24 18.0 10.92 7.65 24.42 24.42 26.24 22.5 22.3 7.65 8.08 24.74 18.12 27.04 18.0 16.77 26.24 15.3 10.92 15.3 27.04 10.5 18.12 10.5 24.42 26.24 8.08 27.9 13.83 24.42 3.0 27.66 24.74
15.66 18.06 17.49 20.84 10.06 20.84 5.41 10.06 9.0 11.72 11.42 18.97 13.83 9.0 18.06 9.0 11.42 11.42 16.22 9.49 19.21 17.49 18.06 5.41 17.49 20.12 21.63 0.0 13.83 16.22 18.97 20.12 17.49 11.42 18.12 15.0 18.06 14.77 17.49 11.72 17.49 10.06 9.0 18.97 10.61 20.12 18.06 11.42 17.49 18.97 11.72 17.1 6.18 6.18 11.42 20.84 5.41 17.1 13.83 16.97 11.42 10.92 18.97 15.66 11.42 9.49 11.72 9.49 10.92 18.06 11.42 18.06 6.18 11.42 13.83 10.61 10.06 6.18 20.12 19.21 16.97
14.23 10.61 4.5 20.89 6.0 20.89 14.23 6.0 10.5 3.0 13.5 16.77 0.0 10.5 10.61 10.5 13.5 20.4 3.0 7.5 24.05 4.5 10.61 14.23 24.05 7.5 8.08 13.83 0.0 3.0 16.77 7.5 4.5 13.5 17.56 18.06 10.61 15.3 4.5 3.0 24.05 6.0 10.5 16.77 21.48 7.5 10.61 13.5 4.5 16.77 3.0 7.5 17.49 17.49 20.4 20.89 14.23 7.5 0.0 21.05 13.5 20.89 16.77 14.23 20.4 7.5 3.0 7.5 20.89 10.61 13.5 10.61 17.49 20.4 0.0 21.48 6.0 17.49 7.5 24.05 21.05
13.58 8.75 1.5 20.01 9.0 20.01 17.1 9.0 13.5 6.0 13.83 15.66 3.0 13.5 8.75 13.5 13.83 21.48 0.0 10.5 24.05 1.5 8.75 17.1 24.42 4.5 5.41 16.22 3.0 0.0 15.66 4.5 1.5 13.83 16.77 18.06 8.75 15.0 1.5 6.0 24.42 9.0 13.5 15.66 22.9 4.5 8.75 13.83 1.5 15.66 6.0 5.41 19.21 19.21 21.48 20.01 17.1 5.41 3.0 21.05 13.83 22.15 15.66 13.58 21.48 10.5 6.0 10.5 22.15 8.75 13.83 8.75 19.21 21.48 3.0 22.9 9.0 19.21 4.5 24.05 21.05
3.35 7.5 15.3 4.5 20.18 4.5 23.48 20.18 23.43 18.31 7.65 0.0 16.77 23.43 7.5 23.43 7.65 14.23 15.66 21.21 10.82 15.3 7.5 23.48 12.73 15.0 18.0 18.97 16.77 15.66 0.0 15.0 15.3 7.65 2.12 6.71 7.5 4.5 15.3 18.31 12.73 20.18 23.43 0.0 17.1 15.0 7.5 7.65 15.3 0.0 18.31 10.61 16.5 16.5 14.23 4.5 23.48 10.61 16.77 8.49 7.65 15.66 0.0 3.35 14.23 21.21 18.31 21.21 15.66 7.5 7.65 7.5 16.5 14.23 16.77 17.1 20.18 16.5 15.0 10.82 8.49
13.83 7.5 3.0 19.5 13.5 19.5 21.48 13.5 18.0 10.5 15.44 15.0 7.5 18.0 7.5 18.0 15.44 23.72 4.5 15.0 24.74 3.0 7.5 21.48 25.63 0.0 3.0 20.12 7.5 4.5 15.0 0.0 3.0 15.44 16.57 18.97 7.5 15.66 3.0 10.5 25.63 13.5 18.0 15.0 25.54 0.0 7.5 15.44 3.0 15.0 10.5 4.74 22.3 22.3 23.72 19.5 21.48 4.74 7.5 21.84 15.44 24.6 15.0 13.83 23.72 15.0 10.5 15.0 24.6 7.5 15.44 7.5 22.3 23.72 7.5 25.54 13.5 22.3 0.0 24.74 21.84
13.5 8.08 0.0 19.73 10.5 19.73 18.55 10.5 15.0 7.5 14.23 15.3 4.5 15.0 8.08 15.0 14.23 22.15 1.5 12.0 24.19 0.0 8.08 18.55 24.74 3.0 4.24 17.49 4.5 1.5 15.3 3.0 0.0 14.23 16.57 18.25 8.08 15.07 0.0 7.5 24.74 10.5 15.0 15.3 23.72 3.0 8.08 14.23 0.0 15.3 7.5 4.74 20.18 20.18 22.15 19.73 18.55 4.74 4.5 21.21 14.23 22.9 15.3 13.5 22.15 12.0 7.5 12.0 22.9 8.08 14.23 8.08 20.18 22.15 4.5 23.72 10.5 20.18 3.0 24.19 21.21
4.5 9.6 14.23 9.6 14.77 9.6 16.22 14.77 17.1 13.83 0.0 7.65 13.5 17.1 9.6 17.1 0.0 8.49 13.83 15.44 10.61 14.23 9.6 16.22 10.61 15.44 18.12 11.42 13.5 13.83 7.65 15.44 14.23 0.0 6.71 4.74 9.6 3.35 14.23 13.83 10.61 14.77 17.1 7.65 10.82 15.44 9.6 0.0 14.23 7.65 13.83 10.82 9.12 9.12 8.49 9.6 16.22 10.82 13.5 7.65 0.0 9.6 7.65 4.5 8.49 15.44 13.83 15.44 9.6 9.6 0.0 9.6 9.12 8.49 13.5 10.82 14.77 9.12 15.44 10.61 7.65
3.35 9.12 16.57 3.35 20.4 3.35 22.9 20.4 23.33 18.79 6.71 2.12 17.56 23.33 9.12 23.33 6.71 12.37 16.77 21.32 8.75 16.57 9.12 22.9 10.61 16.57 19.56 18.12 17.56 16.77 2.12 16.57 16.57 6.71 0.0 4.74 9.12 3.35 16.57 18.79 10.61 20.4 23.33 2.12 15.3 16.57 9.12 6.71 16.57 2.12 18.79 12.0 15.07 15.07 12.37 3.35 22.9 12.0 17.56 6.36 6.71 13.83 2.12 3.35 12.37 21.32 18.79 21.32 13.83 9.12 6.71 9.12 15.07 12.37 17.56 15.3 20.4 15.07 16.57 8.75 6.36
5.41 12.09 18.25 6.18 19.5 6.18 20.18 19.5 21.63 18.55 4.74 6.71 18.06 21.63 12.09 21.63 4.74 7.65 18.06 20.12 6.0 18.25 12.09 20.18 6.71 18.97 21.84 15.0 18.06 18.06 6.71 18.97 18.25 4.74 4.74 0.0 12.09 3.35 18.25 18.55 6.71 19.5 21.63 6.71 10.61 18.97 12.09 4.74 18.25 6.71 18.55 14.23 10.92 10.92 7.65 6.18 20.18 14.23 18.06 3.0 4.74 9.12 6.71 5.41 7.65 20.12 18.55 20.12 9.12 12.09 4.74 12.09 10.92 7.65 18.06 10.61 19.5 10.92 18.97 6.0 3.0
6.71 0.0 8.08 12.0 15.44 12.0 21.21 15.44 19.5 12.9 9.6 7.5 10.61 19.5 0.0 19.5 9.6 18.06 8.75 16.77 17.56 8.08 0.0 21.21 18.79 7.5 10.5 18.06 10.61 8.75 7.5 7.5 8.08 9.6 9.12 12.09 0.0 8.75 8.08 12.9 18.79 15.44 19.5 7.5 20.4 7.5 0.0 9.6 8.08 7.5 12.9 3.35 18.12 18.12 18.06 12.0 21.21 3.35 10.61 14.77 9.6 19.21 7.5 6.71 18.06 16.77 12.9 16.77 19.21 0.0 9.6 0.0 18.12 18.06 10.61 20.4 15.44 18.12 7.5 17.56 14.77
2.12 8.75 15.07 6.36 17.49 6.36 19.56 17.49 20.18 16.16 3.35 4.5 15.3 20.18 8.75 20.18 3.35 10.06 15.0 18.31 9.12 15.07 8.75 19.56 10.06 15.66 18.55 14.77 15.3 15.0 4.5 15.66 15.07 3.35 3.35 3.35 8.75 0.0 15.07 16.16 10.06 17.49 20.18 4.5 12.82 15.66 8.75 3.35 15.07 4.5 16.16 10.92 12.0 12.0 10.06 6.36 19.56 10.92 15.3 6.18 3.35 11.42 4.5 2.12 10.06 18.31 16.16 18.31 11.42 8.75 3.35 8.75 12.0 10.06 15.3 12.82 17.49 12.0 15.66 9.12 6.18
13.5 8.08 0.0 19.73 10.5 19.73 18.55 10.5 15.0 7.5 14.23 15.3 4.5 15.0 8.08 15.0 14.23 22.15 1.5 12.0 24.19 0.0 8.08 18.55 24.74 3.0 4.24 17.49 4.5 1.5 15.3 3.0 0.0 14.23 16.57 18.25 8.08 15.07 0.0 7.5 24.74 10.5 15.0 15.3 23.72 3.0 8.08 14.23 0.0 15.3 7.5 4.74 20.18 20.18 22.15 19.73 18.55 4.74 4.5 21.21 14.23 22.9 15.3 13.5 22.15 12.0 7.5 12.0 22.9 8.08 14.23 8.08 20.18 22.15 4.5 23.72 10.5 20.18 3.0 24.19 21.21
15.44 12.9 7.5 22.15 3.0 22.15 11.42 3.0 7.5 0.0 13.83 18.31 3.0 7.5 12.9 7.5 13.83 19.73 6.0 4.5 24.42 7.5 12.9 11.42 24.05 10.5 10.92 11.72 3.0 6.0 18.31 10.5 7.5 13.83 18.79 18.55 12.9 16.16 7.5 0.0 24.05 3.0 7.5 18.31 20.4 10.5 12.9 13.83 7.5 18.31 0.0 10.06 16.16 16.16 19.73 22.15 11.42 10.06 3.0 21.48 13.83 20.01 18.31 15.44 19.73 4.5 0.0 4.5 20.01 12.9 13.83 12.9 16.16 19.73 3.0 20.4 3.0 16.16 10.5 24.42 21.48
12.09 18.79 24.74 10.06 24.42 10.06 22.9 24.42 25.63 24.05 10.61 12.73 24.05 25.63 18.79 25.63 10.61 6.36 24.42 24.74 3.0 24.74 18.79 22.9 0.0 25.63 28.46 17.49 24.05 24.42 12.73 25.63 24.74 10.61 10.61 6.71 18.79 10.06 24.74 24.05 0.0 24.42 25.63 12.73 8.75 25.63 18.79 10.61 24.74 12.73 24.05 20.89 11.72 11.72 6.36 10.06 22.9 20.89 24.05 4.24 10.61 7.5 12.73 12.09 6.36 24.74 24.05 24.74 7.5 18.79 10.61 18.79 11.72 6.36 24.05 8.75 24.42 11.72 25.63 3.0 4.24
17.1 15.44 10.5 23.72 0.0 23.72 8.75 0.0 4.5 3.0 14.77 20.18 6.0 4.5 15.44 4.5 14.77 19.5 9.0 1.5 25.14 10.5 15.44 8.75 24.42 13.5 13.83 10.06 6.0 9.0 20.18 13.5 10.5 14.77 20.4 19.5 15.44 17.49 10.5 3.0 24.42 0.0 4.5 20.18 19.73 13.5 15.44 14.77 10.5 20.18 3.0 12.82 15.3 15.3 19.5 23.72 8.75 12.82 6.0 22.3 14.77 19.56 20.18 17.1 19.5 1.5 3.0 1.5 19.56 15.44 14.77 15.44 15.3 19.5 6.0 19.73 0.0 15.3 13.5 25.14 22.3
20.18 19.5 15.0 26.54 4.5 26.54 5.41 4.5 0.0 7.5 17.1 23.43 10.5 0.0 19.5 0.0 17.1 20.01 13.5 3.0 26.83 15.0 19.5 5.41 25.63 18.0 18.25 9.0 10.5 13.5 23.43 18.0 15.0 17.1 23.33 21.63 19.5 20.18 15.0 7.5 25.63 4.5 0.0 23.43 19.56 18.0 19.5 17.1 15.0 23.43 7.5 17.1 15.07 15.07 20.01 26.54 5.41 17.1 10.5 24.19 17.1 19.73 23.43 20.18 20.01 3.0 7.5 3.0 19.73 19.5 17.1 19.5 15.07 20.01 10.5 19.56 4.5 15.07 18.0 26.83 24.19
3.35 7.5 15.3 4.5 20.18 4.5 23.48 20.18 23.43 18.31 7.65 0.0 16.77 23.43 7.5 23.43 7.65 14.23 15.66 21.21 10.82 15.3 7.5 23.48 12.73 15.0 18.0 18.97 16.77 15.66 0.0 15.0 15.3 7.65 2.12 6.71 7.5 4.5 15.3 18.31 12.73 20.18 23.43 0.0 17.1 15.0 7.5 7.65 15.3 0.0 18.31 10.61 16.5 16.5 14.23 4.5 23.48 10.61 16.77 8.49 7.65 15.66 0.0 3.35 14.23 21.21 18.31 21.21 15.66 7.5 7.65 7.5 16.5 14.23 16.77 17.1 20.18 16.5 15.0 10.82 8.49
14.77 20.4 23.72 16.5 19.73 16.5 15.66 19.73 19.56 20.4 10.82 17.1 21.48 19.56 20.4 19.56 10.82 3.0 22.9 19.56 11.42 23.72 20.4 15.66 8.75 25.54 27.9 10.61 21.48 22.9 17.1 25.54 23.72 10.82 15.3 10.61 20.4 12.82 23.72 20.4 8.75 19.73 19.56 17.1 0.0 25.54 20.4 10.82 23.72 17.1 20.4 21.21 4.5 4.5 3.0 16.5 15.66 21.21 21.48 10.61 10.82 1.5 17.1 14.77 3.0 19.56 20.4 19.56 1.5 20.4 10.82 20.4 4.5 3.0 21.48 0.0 19.73 4.5 25.54 11.42 10.61
13.83 7.5 3.0 19.5 13.5 19.5 21.48 13.5 18.0 10.5 15.44 15.0 7.5 18.0 7.5 18.0 15.44 23.72 4.5 15.0 24.74 3.0 7.5 21.48 25.63 0.0 3.0 20.12 7.5 4.5 15.0 0.0 3.0 15.44 16.57 18.97 7.5 15.66 3.0 10.5 25.63 13.5 18.0 15.0 25.54 0.0 7.5 15.44 3.0 15.0 10.5 4.74 22.3 22.3 23.72 19.5 21.48 4.74 7.5 21.84 15.44 24.6 15.0 13.83 23.72 15.0 10.5 15.0 24.6 7.5 15.44 7.5 22.3 23.72 7.5 25.54 13.5 22.3 0.0 24.74 21.84
6.71 0.0 8.08 12.0 15.44 12.0 21.21 15.44 19.5 12.9 9.6 7.5 10.61 19.5 0.0 19.5 9.6 18.06 8.75 16.77 17.56 8.08 0.0 21.21 18.79 7.5 10.5 18.06 10.61 8.75 7.5 7.5 8.08 9.6 9.12 12.09 0.0 8.75 8.08 12.9 18.79 15.44 19.5 7.5 20.4 7.5 0.0 9.6 8.08 7.5 12.9 3.35 18.12 18.12 18.06 12.0 21.21 3.35 10.61 14.77 9.6 19.21 7.5 6.71 18.06 16.77 12.9 16.77 19.21 0.0 9.6 0.0 18.12 18.06 10.61 20.4 15.44 18.12 7.5 17.56 14.77
4.5 9.6 14.23 9.6 14.77 9.6 16.22 14.77 17.1 13.83 0.0 7.65 13.5 17.1 9.6 17.1 0.0 8.49 13.83 15.44 10.61 14.23 9.6 16.22 10.61 15.44 18.12 11.42 13.5 13.83 7.65 15.44 14.23 0.0 6.71 4.74 9.6 3.35 14.23 13.83 10.61 14.77 17.1 7.65 10.82 15.44 9.6 0.0 14.23 7.65 13.83 10.82 9.12 9.12 8.49 9.6 16.22 10.82 13.5 7.65 0.0 9.6 7.65 4.5 8.49 15.44 13.83 15.44 9.6 9.6 0.0 9.6 9.12 8.49 13.5 10.82 14.77 9.12 15.44 10.61 7.65
13.5 8.08 0.0 19.73 10.5 19.73 18.55 10.5 15.0 7.5 14.23 15.3 4.5 15.0 8.08 15.0 14.23 22.15 1.5 12.0 24.19 0.0 8.08 18.55 24.74 3.0 4.24 17.49 4.5 1.5 15.3 3.0 0.0 14.23 16.57 18.25 8.08 15.07 0.0 7.5 24.74 10.5 15.0 15.3 23.72 3.0 8.08 14.23 0.0 15.3 7.5 4.74 20.18 20.18 22.15 19.73 18.55 4.74 4.5 21.21 14.23 22.9 15.3 13.5 22.15 12.0 7.5 12.0 22.9 8.08 14.23 8.08 20.18 22.15 4.5 23.72 10.5 20.18 3.0 24.19 21.21
3.35 7.5 15.3 4.5 20.18 4.5 23.48 20.18 23.43 18.31 7.65 0.0 16.77 23.43 7.5 23.43 7.65 14.23 15.66 21.21 10.82 15.3 7.5 23.48 12.73 15.0 18.0 18.97 16.77 15.66 0.0 15.0 15.3 7.65 2.12 6.71 7.5 4.5 15.3 18.31 12.73 20.18 23.43 0.0 17.1 15.0 7.5 7.65 15.3 0.0 18.31 10.61 16.5 16.5 14.23 4.5 23.48 10.61 16.77 8.49 7.65 15.66 0.0 3.35 14.23 21.21 18.31 21.21 15.66 7.5 7.65 7.5 16.5 14.23 16.77 17.1 20.18 16.5 15.0 10.82 8.49
15.44 12.9 7.5 22.15 3.0 22.15 11.42 3.0 7.5 0.0 13.83 18.31 3.0 7.5 12.9 7.5 13.83 19.73 6.0 4.5 24.42 7.5 12.9 11.42 24.05 10.5 10.92 11.72 3.0 6.0 18.31 10.5 7.5 13.83 18.79 18.55 12.9 16.16 7.5 0.0 24.05 3.0 7.5 18.31 20.4 10.5 12.9 13.83 7.5 18.31 0.0 10.06 16.16 16.16 19.73 22.15 11.42 10.06 3.0 21.48 13.83 20.01 18.31 15.44 19.73 4.5 0.0 4.5 20.01 12.9 13.83 12.9 16.16 19.73 3.0 20.4 3.0 16.16 10.5 24.42 21.48
9.12 3.35 4.74 15.07 12.82 15.07 19.5 12.82 17.1 10.06 10.82 10.61 7.5 17.1 3.35 17.1 10.82 19.21 5.41 14.23 20.01 4.74 3.35 19.5 20.89 4.74 7.65 17.1 7.5 5.41 10.61 4.74 4.74 10.82 12.0 14.23 3.35 10.92 4.74 10.06 20.89 12.82 17.1 10.61 21.21 4.74 3.35 10.82 4.74 10.61 10.06 0.0 18.31 18.31 19.21 15.07 19.5 0.0 7.5 17.1 10.82 20.18 10.61 9.12 19.21 14.23 10.06 14.23 20.18 3.35 10.82 3.35 18.31 19.21 7.5 21.21 12.82 18.31 4.74 20.01 17.1
13.58 18.12 20.18 17.1 15.3 17.1 11.42 15.3 15.07 16.16 9.12 16.5 17.49 15.07 18.12 15.07 9.12 5.41 19.21 15.07 13.83 20.18 18.12 11.42 11.72 22.3 24.42 6.18 17.49 19.21 16.5 22.3 20.18 9.12 15.07 10.92 18.12 12.0 20.18 16.16 11.72 15.3 15.07 16.5 4.5 22.3 18.12 9.12 20.18 16.5 16.16 18.31 0.0 0.0 5.41 17.1 11.42 18.31 17.49 12.09 9.12 4.74 16.5 13.58 5.41 15.07 16.16 15.07 4.74 18.12 9.12 18.12 0.0 5.41 17.49 4.5 15.3 0.0 22.3 13.83 12.09
13.58 18.12 20.18 17.1 15.3 17.1 11.42 15.3 15.07 16.16 9.12 16.5 17.49 15.07 18.12 15.07 9.12 5.41 19.21 15.07 13.83 20.18 18.12 11.42 11.72 22.3 24.42 6.18 17.49 19.21 16.5 22.3 20.18 9.12 15.07 10.92 18.12 12.0 20.18 16.16 11.72 15.3 15.07 16.5 4.5 22.3 18.12 9.12 20.18 16.5 16.16 18.31 0.0 0.0 5.41 17.1 11.42 18.31 17.49 12.09 9.12 4.74 16.5 13.58 5.41 15.07 16.16 15.07 4.74 18.12 9.12 18.12 0.0 5.41 17.49 4.5 15.3 0.0 22.3 13.83 12.09
12.09 18.06 22.15 13.5 19.5 13.5 16.77 19.5 20.01 19.73 8.49 14.23 20.4 20.01 18.06 20.01 8.49 0.0 21.48 19.56 8.75 22.15 18.06 16.77 6.36 23.72 26.24 11.42 20.4 21.48 14.23 23.72 22.15 8.49 12.37 7.65 18.06 10.06 22.15 19.73 6.36 19.5 20.01 14.23 3.0 23.72 18.06 8.49 22.15 14.23 19.73 19.21 5.41 5.41 0.0 13.5 16.77 19.21 20.4 7.65 8.49 1.5 14.23 12.09 0.0 19.56 19.73 19.56 1.5 18.06 8.49 18.06 5.41 0.0 20.4 3.0 19.5 5.41 23.72 8.75 7.65
6.71 12.0 19.73 0.0 23.72 0.0 25.81 23.72 26.54 22.15 9.6 4.5 20.89 26.54 12.0 26.54 9.6 13.5 20.01 24.6 7.5 19.73 12.0 25.81 10.06 19.5 22.5 20.84 20.89 20.01 4.5 19.5 19.73 9.6 3.35 6.18 12.0 6.36 19.73 22.15 10.06 23.72 26.54 4.5 16.5 19.5 12.0 9.6 19.73 4.5 22.15 15.07 17.1 17.1 13.5 0.0 25.81 15.07 20.89 6.18 9.6 15.0 4.5 6.71 13.5 24.6 22.15 24.6 15.0 12.0 9.6 12.0 17.1 13.5 20.89 16.5 23.72 17.1 19.5 7.5 6.18
20.12 21.21 18.55 25.81 8.75 25.81 0.0 8.75 5.41 11.42 16.22 23.48 14.23 5.41 21.21 5.41 16.22 16.77 17.1 7.5 24.6 18.55 21.21 0.0 22.9 21.48 22.3 5.41 14.23 17.1 23.48 21.48 18.55 16.22 22.9 20.18 21.21 19.56 18.55 11.42 22.9 8.75 5.41 23.48 15.66 21.48 21.21 16.22 18.55 23.48 11.42 19.5 11.42 11.42 16.77 25.81 0.0 19.5 14.23 22.3 16.22 16.16 23.48 20.12 16.77 7.5 11.42 7.5 16.16 21.21 16.22 21.21 11.42 16.77 14.23 15.66 8.75 11.42 21.48 24.6 22.3
9.12 3.35 4.74 15.07 12.82 15.07 19.5 12.82 17.1 10.06 10.82 10.61 7.5 17.1 3.35 17.1 10.82 19.21 5.41 14.23 20.01 4.74 3.35 19.5 20.89 4.74 7.65 17.1 7.5 5.41 10.61 4.74 4.74 10.82 12.0 14.23 3.35 10.92 4.74 10.06 20.89 12.82 17.1 10.61 21.21 4.74 3.35 10.82 4.74 10.61 10.06 0.0 18.31 18.31 19.21 15.07 19.5 0.0 7.5 17.1 10.82 20.18 10.61 9.12 19.21 14.23 10.06 14.23 20.18 3.35 10.82 3.35 18.31 19.21 7.5 21.21 12.82 18.31 4.74 20.01 17.1
14.23 10.61 4.5 20.89 6.0 20.89 14.23 6.0 10.5 3.0 13.5 16.77 0.0 10.5 10.61 10.5 13.5 20.4 3.0 7.5 24.05 4.5 10.61 14.23 24.05 7.5 8.08 13.83 0.0 3.0 16.77 7.5 4.5 13.5 17.56 18.06 10.61 15.3 4.5 3.0 24.05 6.0 10.5 16.77 21.48 7.5 10.61 13.5 4.5 16.77 3.0 7.5 17.49 17.49 20.4 20.89 14.23 7.5 0.0 21.05 13.5 20.89 16.77 14.23 20.4 7.5 3.0 7.5 20.89 10.61 13.5 10.61 17.49 20.4 0.0 21.48 6.0 17.49 7.5 24.05 21.05
8.08 14.77 21.21 6.18 22.3 6.18 22.3 22.3 24.19 21.48 7.65 8.49 21.05 24.19 14.77 24.19 7.65 7.65 21.05 22.85 3.0 21.21 14.77 22.3 4.24 21.84 24.74 16.97 21.05 21.05 8.49 21.84 21.21 7.65 6.36 3.0 14.77 6.18 21.21 21.48 4.24 22.3 24.19 8.49 10.61 21.84 14.77 7.65 21.21 8.49 21.48 17.1 12.09 12.09 7.65 6.18 22.3 17.1 21.05 0.0 7.65 9.12 8.49 8.08 7.65 22.85 21.48 22.85 9.12 14.77 7.65 14.77 12.09 7.65 21.05 10.61 22.3 12.09 21.84 3.0 0.0
4.5 9.6 14.23 9.6 14.77 9.6 16.22 14.77 17.1 13.83 0.0 7.65 13.5 17.1 9.6 17.1 0.0 8.49 13.83 15.44 10.61 14.23 9.6 16.22 10.61 15.44 18.12 11.42 13.5 13.83 7.65 15.44 14.23 0.0 6.71 4.74 9.6 3.35 14.23 13.83 10.61 14.77 17.1 7.65 10.82 15.44 9.6 0.0 14.23 7.65 13.83 10.82 9.12 9.12 8.49 9.6 16.22 10.82 13.5 7.65 0.0 9.6 7.65 4.5 8.49 15.44 13.83 15.44 9.6 9.6 0.0 9.6 9.12 8.49 13.5 10.82 14.77 9.12 15.44 10.61 7.65
13.42 19.21 22.9 15.0 19.56 15.0 16.16 19.56 19.73 20.01 9.6 15.66 20.89 19.73 19.21 19.73 9.6 1.5 22.15 19.5 10.06 22.9 19.21 16.16 7.5 24.6 27.04 10.92 20.89 22.15 15.66 24.6 22.9 9.6 13.83 9.12 19.21 11.42 22.9 20.01 7.5 19.56 19.73 15.66 1.5 24.6 19.21 9.6 22.9 15.66 20.01 20.18 4.74 4.74 1.5 15.0 16.16 20.18 20.89 9.12 9.6 0.0 15.66 13.42 1.5 19.5 20.01 19.5 0.0 19.21 9.6 19.21 4.74 1.5 20.89 1.5 19.56 4.74 24.6 10.06 9.12
3.35 7.5 15.3 4.5 20.18 4.5 23.48 20.18 23.43 18.31 7.65 0.0 16.77 23.43 7.5 23.43 7.65 14.23 15.66 21.21 10.82 15.3 7.5 23.48 12.73 15.0 18.0 18.97 16.77 15.66 0.0 15.0 15.3 7.65 2.12 6.71 7.5 4.5 15.3 18.31 12.73 20.18 23.43 0.0 17.1 15.0 7.5 7.65 15.3 0.0 18.31 10.61 16.5 16.5 14.23 4.5 23.48 10.61 16.77 8.49 7.65 15.66 0.0 3.35 14.23 21.21 18.31 21.21 15.66 7.5 7.65 7.5 16.5 14.23 16.77 17.1 20.18 16.5 15.0 10.82 8.49
0.0 6.71 13.5 6.71 17.1 6.71 20.12 17.1 20.18 15.44 4.5 3.35 14.23 20.18 6.71 20.18 4.5 12.09 13.58 18.06 10.92 13.5 6.71 20.12 12.09 13.83 16.77 15.66 14.23 13.58 3.35 13.83 13.5 4.5 3.35 5.41 6.71 2.12 13.5 15.44 12.09 17.1 20.18 3.35 14.77 13.83 6.71 4.5 13.5 3.35 15.44 9.12 13.58 13.58 12.09 6.71 20.12 9.12 14.23 8.08 4.5 13.42 3.35 0.0 12.09 18.06 15.44 18.06 13.42 6.71 4.5 6.71 13.58 12.09 14.23 14.77 17.1 13.58 13.83 10.92 8.08
12.09 18.06 22.15 13.5 19.5 13.5 16.77 19.5 20.01 19.73 8.49 14.23 20.4 20.01 18.06 20.01 8.49 0.0 21.48 19.56 8.75 22.15 18.06 16.77 6.36 23.72 26.24 11.42 20.4 21.48 14.23 23.72 22.15 8.49 12.37 7.65 18.06 10.06 22.15 19.73 6.36 19.5 20.01 14.23 3.0 23.72 18.06 8.49 22.15 14.23 19.73 19.21 5.41 5.41 0.0 13.5 16.77 19.21 20.4 7.65 8.49 1.5 14.23 12.09 0.0 19.56 19.73 19.56 1.5 18.06 8.49 18.06 5.41 0.0 20.4 3.0 19.5 5.41 23.72 8.75 7.65
18.06 16.77 12.0 24.6 1.5 24.6 7.5 1.5 3.0 4.5 15.44 21.21 7.5 3.0 16.77 3.0 15.44 19.56 10.5 0.0 25.63 12.0 16.77 7.5 24.74 15.0 15.3 9.49 7.5 10.5 21.21 15.0 12.0 15.44 21.32 20.12 16.77 18.31 12.0 4.5 24.74 1.5 3.0 21.21 19.56 15.0 16.77 15.44 12.0 21.21 4.5 14.23 15.07 15.07 19.56 24.6 7.5 14.23 7.5 22.85 15.44 19.5 21.21 18.06 19.56 0.0 4.5 0.0 19.5 16.77 15.44 16.77 15.07 19.56 7.5 19.56 1.5 15.07 15.0 25.63 22.85
15.44 12.9 7.5 22.15 3.0 22.15 11.42 3.0 7.5 0.0 13.83 18.31 3.0 7.5 12.9 7.5 13.83 19.73 6.0 4.5 24.42 7.5 12.9 11.42 24.05 10.5 10.92 11.72 3.0 6.0 18.31 10.5 7.5 13.83 18.79 18.55 12.9 16.16 7.5 0.0 24.05 3.0 7.5 18.31 20.4 10.5 12.9 13.83 7.5 18.31 0.0 10.06 16.16 16.16 19.73 22.15 11.42 10.06 3.0 21.48 13.83 20.01 18.31 15.44 19.73 4.5 0.0 4.5 20.01 12.9 13.83 12.9 16.16 19.73 3.0 20.4 3.0 16.16 10.5 24.42 21.48
18.06 16.77 12.0 24.6 1.5 24.6 7.5 1.5 3.0 4.5 15.44 21.21 7.5 3.0 16.77 3.0 15.44 19.56 10.5 0.0 25.63 12.0 16.77 7.5 24.74 15.0 15.3 9.49 7.5 10.5 21.21 15.0 12.0 15.44 21.32 20.12 16.77 18.31 12.0 4.5 24.74 1.5 3.0 21.21 19.56 15.0 16.77 15.44 12.0 21.21 4.5 14.23 15.07 15.07 19.56 24.6 7.5 14.23 7.5 22.85 15.44 19.5 21.21 18.06 19.56 0.0 4.5 0.0 19.5 16.77 15.44 16.77 15.07 19.56 7.5 19.56 1.5 15.07 15.0 25.63 22.85
13.42 19.21 22.9 15.0 19.56 15.0 16.16 19.56 19.73 20.01 9.6 15.66 20.89 19.73 19.21 19.73 9.6 1.5 22.15 19.5 10.06 22.9 19.21 16.16 7.5 24.6 27.04 10.92 20.89 22.15 15.66 24.6 22.9 9.6 13.83 9.12 19.21 11.42 22.9 20.01 7.5 19.56 19.73 15.66 1.5 24.6 19.21 9.6 22.9 15.66 20.01 20.18 4.74 4.74 1.5 15.0 16.16 20.18 20.89 9.12 9.6 0.0 15.66 13.42 1.5 19.5 20.01 19.5 0.0 19.21 9.6 19.21 4.74 1.5 20.89 1.5 19.56 4.74 24.6 10.06 9.12
6.71 0.0 8.08 12.0 15.44 12.0 21.21 15.44 19.5 12.9 9.6 7.5 10.61 19.5 0.0 19.5 9.6 18.06 8.75 16.77 17.56 8.08 0.0 21.21 18.79 7.5 10.5 18.06 10.61 8.75 7.5 7.5 8.08 9.6 9.12 12.09 0.0 8.75 8.08 12.9 18.79 15.44 19.5 7.5 20.4 7.5 0.0 9.6 8.08 7.5 12.9 3.35 18.12 18.12 18.06 12.0 21.21 3.35 10.61 14.77 9.6 19.21 7.5 6.71 18.06 16.77 12.9 16.77 19.21 0.0 9.6 0.0 18.12 18.06 10.61 20.4 15.44 18.12 7.5 17.56 14.77
4.5 9.6 14.23 9.6 14.77 9.6 16.22 14.77 17.1 13.83 0.0 7.65 13.5 17.1 9.6 17.1 0.0 8.49 13.83 15.44 10.61 14.23 9.6 16.22 10.61 15.44 18.12 11.42 13.5 13.83 7.65 15.44 14.23 0.0 6.71 4.74 9.6 3.35 14.23 13.83 10.61 14.77 17.1 7.65 10.82 15.44 9.6 0.0 14.23 7.65 13.83 10.82 9.12 9.12 8.49 9.6 16.22 10.82 13.5 7.65 0.0 9.6 7.65 4.5 8.49 15.44 13.83 15.44 9.6 9.6 0.0 9.6 9.12 8.49 13.5 10.82 14.77 9.12 15.44 10.61 7.65
6.71 0.0 8.08 12.0 15.44 12.0 21.21 15.44 19.5 12.9 9.6 7.5 10.61 19.5 0.0 19.5 9.6 18.06 8.75 16.77 17.56 8.08 0.0 21.21 18.79 7.5 10.5 18.06 10.61 8.75 7.5 7.5 8.08 9.6 9.12 12.09 0.0 8.75 8.08 12.9 18.79 15.44 19.5 7.5 20.4 7.5 0.0 9.6 8.08 7.5 12.9 3.35 18.12 18.12 18.06 12.0 21.21 3.35 10.61 14.77 9.6 19.21 7.5 6.71 18.06 16.77 12.9 16.77 19.21 0.0 9.6 0.0 18.12 18.06 10.61 20.4 15.44 18.12 7.5 17.56 14.77
13.58 18.12 20.18 17.1 15.3 17.1 11.42 15.3 15.07 16.16 9.12 16.5 17.49 15.07 18.12 15.07 9.12 5.41 19.21 15.07 13.83 20.18 18.12 11.42 11.72 22.3 24.42 6.18 17.49 19.21 16.5 22.3 20.18 9.12 15.07 10.92 18.12 12.0 20.18 16.16 11.72 15.3 15.07 16.5 4.5 22.3 18.12 9.12 20.18 16.5 16.16 18.31 0.0 0.0 5.41 17.1 11.42 18.31 17.49 12.09 9.12 4.74 16.5 13.58 5.41 15.07 16.16 15.07 4.74 18.12 9.12 18.12 0.0 5.41 17.49 4.5 15.3 0.0 22.3 13.83 12.09
12.09 18.06 22.15 13.5 19.5 13.5 16.77 19.5 20.01 19.73 8.49 14.23 20.4 20.01 18.06 20.01 8.49 0.0 21.48 19.56 8.75 22.15 18.06 16.77 6.36 23.72 26.24 11.42 20.4 21.48 14.23 23.72 22.15 8.49 12.37 7.65 18.06 10.06 22.15 19.73 6.36 19.5 20.01 14.23 3.0 23.72 18.06 8.49 22.15 14.23 19.73 19.21 5.41 5.41 0.0 13.5 16.77 19.21 20.4 7.65 8.49 1.5 14.23 12.09 0.0 19.56 19.73 19.56 1.5 18.06 8.49 18.06 5.41 0.0 20.4 3.0 19.5 5.41 23.72 8.75 7.65
14.23 10.61 4.5 20.89 6.0 20.89 14.23 6.0 10.5 3.0 13.5 16.77 0.0 10.5 10.61 10.5 13.5 20.4 3.0 7.5 24.05 4.5 10.61 14.23 24.05 7.5 8.08 13.83 0.0 3.0 16.77 7.5 4.5 13.5 17.56 18.06 10.61 15.3 4.5 3.0 24.05 6.0 10.5 16.77 21.48 7.5 10.61 13.5 4.5 16.77 3.0 7.5 17.49 17.49 20.4 20.89 14.23 7.5 0.0 21.05 13.5 20.89 16.77 14.23 20.4 7.5 3.0 7.5 20.89 10.61 13.5 10.61 17.49 20.4 0.0 21.48 6.0 17.49 7.5 24.05 21.05
14.77 20.4 23.72 16.5 19.73 16.5 15.66 19.73 19.56 20.4 10.82 17.1 21.48 19.56 20.4 19.56 10.82 3.0 22.9 19.56 11.42 23.72 20.4 15.66 8.75 25.54 27.9 10.61 21.48 22.9 17.1 25.54 23.72 10.82 15.3 10.61 20.4 12.82 23.72 20.4 8.75 19.73 19.56 17.1 0.0 25.54 20.4 10.82 23.72 17.1 20.4 21.21 4.5 4.5 3.0 16.5 15.66 21.21 21.48 10.61 10.82 1.5 17.1 14.77 3.0 19.56 20.4 19.56 1.5 20.4 10.82 20.4 4.5 3.0 21.48 0.0 19.73 4.5 25.54 11.42 10.61
17.1 15.44 10.5 23.72 0.0 23.72 8.75 0.0 4.5 3.0 14.77 20.18 6.0 4.5 15.44 4.5 14.77 19.5 9.0 1.5 25.14 10.5 15.44 8.75 24.42 13.5 13.83 10.06 6.0 9.0 20.18 13.5 10.5 14.77 20.4 19.5 15.44 17.49 10.5 3.0 24.42 0.0 4.5 20.18 19.73 13.5 15.44 14.77 10.5 20.18 3.0 12.82 15.3 15.3 19.5 23.72 8.75 12.82 6.0 22.3 14.77 19.56 20.18 17.1 19.5 1.5 3.0 1.5 19.56 15.44 14.77 15.44 15.3 19.5 6.0 19.73 0.0 15.3 13.5 25.14 22.3
13.58 18.12 20.18 17.1 15.3 17.1 11.42 15.3 15.07 16.16 9.12 16.5 17.49 15.07 18.12 15.07 9.12 5.41 19.21 15.07 13.83 20.18 18.12 11.42 11.72 22.3 24.42 6.18 17.49 19.21 16.5 22.3 20.18 9.12 15.07 10.92 18.12 12.0 20.18 16.16 11.72 15.3 15.07 16.5 4.5 22.3 18.12 9.12 20.18 16.5 16.16 18.31 0.0 0.0 5.41 17.1 11.42 18.31 17.49 12.09 9.12 4.74 16.5 13.58 5.41 15.07 16.16 15.07 4.74 18.12 9.12 18.12 0.0 5.41 17.49 4.5 15.3 0.0 22.3 13.83 12.09
13.83 7.5 3.0 19.5 13.5 19.5 21.48 13.5 18.0 10.5 15.44 15.0 7.5 18.0 7.5 18.0 15.44 23.72 4.5 15.0 24.74 3.0 7.5 21.48 25.63 0.0 3.0 20.12 7.5 4.5 15.0 0.0 3.0 15.44 16.57 18.97 7.5 15.66 3.0 10.5 25.63 13.5 18.0 15.0 25.54 0.0 7.5 15.44 3.0 15.0 10.5 4.74 22.3 22.3 23.72 19.5 21.48 4.74 7.5 21.84 15.44 24.6 15.0 13.83 23.72 15.0 10.5 15.0 24.6 7.5 15.44 7.5 22.3 23.72 7.5 25.54 13.5 22.3 0.0 24.74 21.84
10.92 17.56 24.19 7.5 25.14 7.5 24.6 25.14 26.83 24.42 10.61 10.82 24.05 26.83 17.56 26.83 10.61 8.75 24.05 25.63 0.0 24.19 17.56 24.6 3.0 24.74 27.66 19.21 24.05 24.05 10.82 24.74 24.19 10.61 8.75 6.0 17.56 9.12 24.19 24.42 3.0 25.14 26.83 10.82 11.42 24.74 17.56 10.61 24.19 10.82 24.42 20.01 13.83 13.83 8.75 7.5 24.6 20.01 24.05 3.0 10.61 10.06 10.82 10.92 8.75 25.63 24.42 25.63 10.06 17.56 10.61 17.56 13.83 8.75 24.05 11.42 25.14 13.83 24.74 0.0 3.0
8.08 14.77 21.21 6.18 22.3 6.18 22.3 22.3 24.19 21.48 7.65 8.49 21.05 24.19 14.77 24.19 7.65 7.65 21.05 22.85 3.0 21.21 14.77 22.3 4.24 21.84 24.74 16.97 21.05 21.05 8.49 21.84 21.21 7.65 6.36 3.0 14.77 6.18 21.21 21.48 4.24 22.3 24.19 8.49 10.61 21.84 14.77 7.65 21.21 8.49 21.48 17.1 12.09 12.09 7.65 6.18 22.3 17.1 21.05 0.0 7.65 9.12 8.49 8.08 7.65 22.85 21.48 22.85 9.12 14.77 7.65 14.77 12.09 7.65 21.05 10.61 22.3 12.09 21.84 3.0 0.0
