8 200 660 6 0
0 0.0 0 0.0 660 660
1 2.0 2 95.0 110.0 40.18
2 2.0 1 220.0 235.0 11.28
3 2.0 1 135.0 150.0 31.08
4 2.0 1 90.0 105.0 14.87
5 2.0 2 250.0 265.0 40.48
6 2.0 1 365.0 380.0 45.33
7 2.0 1 180.0 195.0 30.85
8 2.0 1 335.0 350.0 27.8
9 2.0 1 130.0 145.0 32.67
10 2.0 1 110.0 125.0 46.93
11 2.0 1 325.0 340.0 39.6
12 2.0 1 410.0 425.0 51.27
13 2.0 1 70.0 85.0 50.33
14 2.0 1 145.0 160.0 30.85
15 2.0 1 120.0 135.0 39.6
16 2.0 1 75.0 90.0 42.05
17 2.0 1 300.0 315.0 25.23
18 2.0 1 285.0 300.0 49.78
19 2.0 2 160.0 175.0 47.05
20 2.0 1 415.0 430.0 41.63
21 2.0 1 280.0 295.0 35.93
22 2.0 1 165.0 180.0 46.35
23 2.0 2 380.0 395.0 40.12
24 2.0 1 385.0 400.0 24.82
25 2.0 1 330.0 345.0 22.68
26 2.0 2 230.0 245.0 56.03
27 2.0 1 245.0 260.0 49.12
28 2.0 2 70.0 85.0 17.85
29 2.0 1 305.0 320.0 42.05
30 2.0 2 155.0 170.0 45.92
31 2.0 1 410.0 425.0 40.93
32 2.0 1 380.0 395.0 48.53
33 2.0 1 340.0 355.0 37.22
34 2.0 2 275.0 290.0 42.05
35 2.0 1 185.0 200.0 44.32
36 2.0 2 415.0 430.0 17.85
37 2.0 1 300.0 315.0 42.42
38 2.0 1 375.0 390.0 38.3
39 2.0 1 140.0 155.0 34.45
40 2.0 2 390.0 405.0 48.57
41 2.0 1 250.0 265.0 36.23
42 2.0 2 105.0 120.0 17.85
43 2.0 1 185.0 200.0 50.92
44 2.0 1 390.0 405.0 51.07
45 2.0 1 195.0 210.0 42.05
46 2.0 1 415.0 430.0 39.7
47 2.0 1 360.0 375.0 53.75
48 2.0 2 275.0 290.0 22.43
49 2.0 1 265.0 280.0 44.85
50 2.0 2 385.0 400.0 30.78
51 2.0 1 215.0 230.0 35.85
52 2.0 1 115.0 130.0 34.37
53 2.0 1 215.0 230.0 40.18
54 2.0 1 395.0 410.0 20.45
55 2.0 1 415.0 430.0 32.77
56 2.0 1 150.0 165.0 60.65
57 2.0 1 410.0 425.0 49.5
58 2.0 1 160.0 175.0 24.5
59 2.0 2 310.0 325.0 33.88
60 2.0 1 155.0 170.0 22.92
61 2.0 1 155.0 170.0 39.5
62 2.0 2 195.0 210.0 22.43
63 2.0 1 65.0 80.0 37.43
64 2.0 2 275.0 290.0 39.87
65 2.0 2 295.0 310.0 39.68
66 2.0 2 205.0 220.0 34.13
67 2.0 1 260.0 275.0 60.73
68 2.0 1 375.0 390.0 48.57
69 2.0 1 320.0 335.0 17.85
70 2.0 2 255.0 270.0 50.7
71 2.0 1 165.0 180.0 49.78
72 2.0 1 205.0 220.0 44.3
73 2.0 1 400.0 415.0 51.07
74 2.0 1 235.0 250.0 35.93
75 2.0 1 380.0 395.0 29.28
76 2.0 1 110.0 125.0 50.92
77 2.0 1 115.0 130.0 32.38
78 2.0 1 260.0 275.0 40.23
79 2.0 1 330.0 345.0 44.08
80 2.0 1 140.0 155.0 51.1
81 2.0 1 75.0 90.0 56.75
82 2.0 1 315.0 330.0 31.08
83 2.0 1 160.0 175.0 37.22
84 2.0 1 285.0 300.0 33.93
85 2.0 3 415.0 430.0 57.1
86 2.0 1 400.0 415.0 22.92
87 2.0 2 375.0 390.0 14.57
88 2.0 1 345.0 360.0 57.27
89 2.0 1 275.0 290.0 50.7
90 2.0 1 375.0 390.0 41.25
91 2.0 1 315.0 330.0 51.58
92 2.0 1 415.0 430.0 45.8
93 2.0 1 290.0 305.0 49.12
94 2.0 1 90.0 105.0 18.63
95 2.0 1 150.0 165.0 48.78
96 2.0 1 140.0 155.0 49.5
97 2.0 1 235.0 250.0 20.45
98 2.0 1 105.0 120.0 51.72
99 2.0 1 265.0 280.0 36.23
100 2.0 1 180.0 195.0 48.53
101 2.0 -2 115.18 150.18 40.18
102 2.0 -1 223.28 246.28 11.28
103 2.0 -1 149.08 181.08 31.08
104 2.0 -1 94.87 119.87 14.87
105 2.0 -2 270.48 305.48 40.48
106 2.0 -1 389.33 425.33 45.33
107 2.0 -1 193.85 225.85 30.85
108 2.0 -1 346.8 377.8 27.8
109 2.0 -1 144.67 177.67 32.67
110 2.0 -1 135.93 171.93 46.93
111 2.0 -1 344.6 379.6 39.6
112 2.0 -1 439.27 476.27 51.27
113 2.0 -1 98.33 135.33 50.33
114 2.0 -1 158.85 190.85 30.85
115 2.0 -1 139.6 174.6 39.6
116 2.0 -1 97.05 132.05 42.05
117 2.0 -1 310.23 340.23 25.23
118 2.0 -1 312.78 349.78 49.78
119 2.0 -2 186.05 222.05 47.05
120 2.0 -1 436.63 471.63 41.63
121 2.0 -1 296.93 330.93 35.93
122 2.0 -1 190.35 226.35 46.35
123 2.0 -2 400.12 435.12 40.12
124 2.0 -1 394.82 424.82 24.82
125 2.0 -1 338.68 367.68 22.68
126 2.0 -2 263.03 301.03 56.03
127 2.0 -1 272.12 309.12 49.12
128 2.0 -2 75.85 102.85 17.85
129 2.0 -1 327.05 362.05 42.05
130 2.0 -2 179.92 215.92 45.92
131 2.0 -1 430.93 465.93 40.93
132 2.0 -1 406.53 443.53 48.53
133 2.0 -1 358.22 392.22 37.22
134 2.0 -2 297.05 332.05 42.05
135 2.0 -1 208.32 244.32 44.32
136 2.0 -2 420.85 447.85 17.85
137 2.0 -1 322.42 357.42 42.42
138 2.0 -1 394.3 428.3 38.3
139 2.0 -1 156.45 189.45 34.45
140 2.0 -2 416.57 453.57 48.57
141 2.0 -1 267.23 301.23 36.23
142 2.0 -2 110.85 137.85 17.85
143 2.0 -1 213.92 250.92 50.92
144 2.0 -1 419.07 456.07 51.07
145 2.0 -1 217.05 252.05 42.05
146 2.0 -1 434.7 469.7 39.7
147 2.0 -1 390.75 428.75 53.75
148 2.0 -2 283.43 312.43 22.43
149 2.0 -1 288.85 324.85 44.85
150 2.0 -2 398.78 430.78 30.78
151 2.0 -1 231.85 265.85 35.85
152 2.0 -1 131.37 164.37 34.37
153 2.0 -1 235.18 270.18 40.18
154 2.0 -1 402.45 430.45 20.45
155 2.0 -1 429.77 462.77 32.77
156 2.0 -1 186.65 225.65 60.65
157 2.0 -1 437.5 474.5 49.5
158 2.0 -1 169.5 199.5 24.5
159 2.0 -2 325.88 358.88 33.88
160 2.0 -1 163.92 192.92 22.92
161 2.0 -1 174.5 209.5 39.5
162 2.0 -2 203.43 232.43 22.43
163 2.0 -1 83.43 117.43 37.43
164 2.0 -2 294.87 329.87 39.87
165 2.0 -2 314.68 349.68 39.68
166 2.0 -2 221.13 254.13 34.13
167 2.0 -1 296.73 335.73 60.73
168 2.0 -1 401.57 438.57 48.57
169 2.0 -1 325.85 352.85 17.85
170 2.0 -2 283.7 320.7 50.7
171 2.0 -1 192.78 229.78 49.78
172 2.0 -1 228.3 264.3 44.3
173 2.0 -1 429.07 466.07 51.07
174 2.0 -1 251.93 285.93 35.93
175 2.0 -1 392.28 424.28 29.28
176 2.0 -1 138.92 175.92 50.92
177 2.0 -1 129.38 162.38 32.38
178 2.0 -1 280.23 315.23 40.23
179 2.0 -1 353.08 389.08 44.08
180 2.0 -1 169.1 206.1 51.1
181 2.0 -1 108.75 146.75 56.75
182 2.0 -1 329.08 361.08 31.08
183 2.0 -1 178.22 212.22 37.22
184 2.0 -1 300.93 333.93 33.93
185 2.0 -3 449.1 487.1 57.1
186 2.0 -1 408.92 437.92 22.92
187 2.0 -2 379.57 404.57 14.57
188 2.0 -1 379.27 417.27 57.27
189 2.0 -1 303.7 340.7 50.7
190 2.0 -1 396.25 431.25 41.25
191 2.0 -1 344.58 381.58 51.58
192 2.0 -1 439.8 475.8 45.8
193 2.0 -1 317.12 354.12 49.12
194 2.0 -1 96.63 123.63 18.63
195 2.0 -1 176.78 213.78 48.78
196 2.0 -1 167.5 204.5 49.5
197 2.0 -1 242.45 270.45 20.45
198 2.0 -1 134.72 171.72 51.72
199 2.0 -1 282.23 316.23 36.23
200 2.0 -1 206.53 243.53 48.53
201 0.0 0 0.0 660 660
