0.0 20.18 14.85 15.66 12.09 4.5 14.85 10.92 13.58 13.58 8.08 20.18 17.1 15.44 20.12 10.92 20.12 14.77 16.77 5.41 16.77 16.77 13.58 2.12 15.66 3.35 13.42 14.85 6.71 0.0 12.09 3.35 3.35 6.71 20.12 12.09 2.12 3.35 14.85 14.23 13.58 16.77 9.0 14.85 13.42 13.58 3.0 14.85 13.5 13.5 13.42 14.23 14.23 20.12 6.71 9.12 14.85 9.0 13.83 14.77 5.41
20.18 0.0 24.42 9.0 25.63 17.1 24.42 26.83 13.5 13.5 24.19 0.0 4.5 7.5 5.41 26.83 5.41 19.56 18.25 21.63 18.25 18.25 15.07 20.18 9.0 23.43 19.73 24.42 19.5 20.18 20.01 23.43 23.33 26.54 5.41 25.63 20.18 23.43 24.42 9.12 13.5 18.25 14.77 24.42 19.73 13.5 18.06 24.42 15.0 15.0 19.73 10.5 10.5 5.41 19.5 17.1 24.42 14.77 18.0 19.56 21.63
14.85 24.42 0.0 15.66 4.5 12.09 0.0 7.5 25.63 25.63 8.08 24.42 24.0 24.19 20.89 7.5 20.89 5.41 30.19 9.6 30.19 30.19 9.49 12.73 15.66 16.22 4.74 0.0 21.32 14.85 4.5 16.22 14.15 14.23 20.89 4.5 12.73 16.22 0.0 15.3 25.63 30.19 10.61 0.0 4.74 25.63 12.9 0.0 26.2 26.2 4.74 24.74 24.74 20.89 21.32 22.9 0.0 10.61 27.54 5.41 9.6
15.66 9.0 15.66 0.0 17.49 11.42 15.66 19.21 16.22 16.22 16.97 9.0 10.06 11.72 5.41 19.21 5.41 10.61 21.63 15.0 21.63 21.63 6.18 14.77 0.0 18.97 10.92 15.66 18.06 15.66 11.42 18.97 18.12 20.84 5.41 17.49 14.77 18.97 15.66 1.5 16.22 21.63 7.5 15.66 10.92 16.22 12.82 15.66 17.49 17.49 10.92 13.83 13.83 5.41 18.06 17.1 15.66 7.5 20.12 10.61 15.0
12.09 25.63 4.5 17.49 0.0 10.61 4.5 3.0 24.42 24.42 4.24 25.63 24.42 24.05 22.9 3.0 22.9 8.75 28.46 6.71 28.46 28.46 11.72 10.06 17.49 12.73 7.5 4.5 18.79 12.09 6.36 12.73 10.61 10.06 22.9 0.0 10.06 12.73 4.5 16.77 24.42 28.46 10.92 4.5 7.5 24.42 10.92 4.5 24.74 24.74 7.5 24.05 24.05 22.9 18.79 20.89 4.5 10.92 25.63 8.75 6.71
4.5 17.1 12.09 11.42 10.61 0.0 12.09 10.61 13.83 13.83 7.65 17.1 14.77 13.83 16.22 10.61 16.22 10.82 18.12 4.74 18.12 18.12 9.12 3.35 11.42 7.65 9.6 12.09 9.6 4.5 8.49 7.65 6.71 9.6 16.22 10.61 3.35 7.65 12.09 10.06 13.83 18.12 4.5 12.09 9.6 13.83 1.5 12.09 14.23 14.23 9.6 13.5 13.5 16.22 9.6 10.82 12.09 4.5 15.44 10.82 4.74
14.85 24.42 0.0 15.66 4.5 12.09 0.0 7.5 25.63 25.63 8.08 24.42 24.0 24.19 20.89 7.5 20.89 5.41 30.19 9.6 30.19 30.19 9.49 12.73 15.66 16.22 4.74 0.0 21.32 14.85 4.5 16.22 14.15 14.23 20.89 4.5 12.73 16.22 0.0 15.3 25.63 30.19 10.61 0.0 4.74 25.63 12.9 0.0 26.2 26.2 4.74 24.74 24.74 20.89 21.32 22.9 0.0 10.61 27.54 5.41 9.6
10.92 26.83 7.5 19.21 3.0 10.61 7.5 0.0 24.05 24.05 3.0 26.83 25.14 24.42 24.6 0.0 24.6 11.42 27.66 6.0 27.66 27.66 13.83 9.12 19.21 10.82 10.06 7.5 17.56 10.92 8.75 10.82 8.75 7.5 24.6 3.0 9.12 10.82 7.5 18.31 24.05 27.66 12.09 7.5 10.06 24.05 10.5 7.5 24.19 24.19 10.06 24.05 24.05 24.6 17.56 20.01 7.5 12.09 24.74 11.42 6.0
13.58 13.5 25.63 16.22 24.42 13.83 25.63 24.05 0.0 0.0 21.05 13.5 9.0 6.0 17.1 24.05 17.1 22.9 5.41 18.06 5.41 5.41 19.21 15.0 16.22 15.66 22.15 25.63 8.75 13.58 21.48 15.66 16.77 20.01 17.1 24.42 15.0 15.66 25.63 15.0 0.0 5.41 15.44 25.63 22.15 0.0 13.58 25.63 1.5 1.5 22.15 3.0 3.0 17.1 8.75 5.41 25.63 15.44 4.5 22.9 18.06
13.58 13.5 25.63 16.22 24.42 13.83 25.63 24.05 0.0 0.0 21.05 13.5 9.0 6.0 17.1 24.05 17.1 22.9 5.41 18.06 5.41 5.41 19.21 15.0 16.22 15.66 22.15 25.63 8.75 13.58 21.48 15.66 16.77 20.01 17.1 24.42 15.0 15.66 25.63 15.0 0.0 5.41 15.44 25.63 22.15 0.0 13.58 25.63 1.5 1.5 22.15 3.0 3.0 17.1 8.75 5.41 25.63 15.44 4.5 22.9 18.06
8.08 24.19 8.08 16.97 4.24 7.65 8.08 3.0 21.05 21.05 0.0 24.19 22.3 21.48 22.3 3.0 22.3 10.61 24.74 3.0 24.74 24.74 12.09 6.18 16.97 8.49 9.12 8.08 14.77 8.08 7.65 8.49 6.36 6.18 22.3 4.24 6.18 8.49 8.08 15.95 21.05 24.74 9.6 8.08 9.12 21.05 7.5 8.08 21.21 21.21 9.12 21.05 21.05 22.3 14.77 17.1 8.08 9.6 21.84 10.61 3.0
20.18 0.0 24.42 9.0 25.63 17.1 24.42 26.83 13.5 13.5 24.19 0.0 4.5 7.5 5.41 26.83 5.41 19.56 18.25 21.63 18.25 18.25 15.07 20.18 9.0 23.43 19.73 24.42 19.5 20.18 20.01 23.43 23.33 26.54 5.41 25.63 20.18 23.43 24.42 9.12 13.5 18.25 14.77 24.42 19.73 13.5 18.06 24.42 15.0 15.0 19.73 10.5 10.5 5.41 19.5 17.1 24.42 14.77 18.0 19.56 21.63
17.1 4.5 24.0 10.06 24.42 14.77 24.0 25.14 9.0 9.0 22.3 4.5 0.0 3.0 8.75 25.14 8.75 19.73 13.83 19.5 13.83 13.83 15.3 17.49 10.06 20.18 19.56 24.0 15.44 17.1 19.5 20.18 20.4 23.72 8.75 24.42 17.49 20.18 24.0 9.49 9.0 13.83 13.58 24.0 19.56 9.0 15.44 24.0 10.5 10.5 19.56 6.0 6.0 8.75 15.44 12.82 24.0 13.58 13.5 19.73 19.5
15.44 7.5 24.19 11.72 24.05 13.83 24.19 24.42 6.0 6.0 21.48 7.5 3.0 0.0 11.42 24.42 11.42 20.4 10.92 18.55 10.92 10.92 16.16 16.16 11.72 18.31 20.01 24.19 12.9 15.44 19.73 18.31 18.79 22.15 11.42 24.05 16.16 18.31 24.19 10.82 6.0 10.92 13.58 24.19 20.01 6.0 14.23 24.19 7.5 7.5 20.01 3.0 3.0 11.42 12.9 10.06 24.19 13.58 10.5 20.4 18.55
20.12 5.41 20.89 5.41 22.9 16.22 20.89 24.6 17.1 17.1 22.3 5.41 8.75 11.42 0.0 24.6 0.0 15.66 22.3 20.18 22.3 22.3 11.42 19.56 5.41 23.48 16.16 20.89 21.21 20.12 16.77 23.48 22.9 25.81 0.0 22.9 19.56 23.48 20.89 6.36 17.1 22.3 12.73 20.89 16.16 17.1 17.49 20.89 18.55 18.55 16.16 14.23 14.23 0.0 21.21 19.5 20.89 12.73 21.48 15.66 20.18
10.92 26.83 7.5 19.21 3.0 10.61 7.5 0.0 24.05 24.05 3.0 26.83 25.14 24.42 24.6 0.0 24.6 11.42 27.66 6.0 27.66 27.66 13.83 9.12 19.21 10.82 10.06 7.5 17.56 10.92 8.75 10.82 8.75 7.5 24.6 3.0 9.12 10.82 7.5 18.31 24.05 27.66 12.09 7.5 10.06 24.05 10.5 7.5 24.19 24.19 10.06 24.05 24.05 24.6 17.56 20.01 7.5 12.09 24.74 11.42 6.0
20.12 5.41 20.89 5.41 22.9 16.22 20.89 24.6 17.1 17.1 22.3 5.41 8.75 11.42 0.0 24.6 0.0 15.66 22.3 20.18 22.3 22.3 11.42 19.56 5.41 23.48 16.16 20.89 21.21 20.12 16.77 23.48 22.9 25.81 0.0 22.9 19.56 23.48 20.89 6.36 17.1 22.3 12.73 20.89 16.16 17.1 17.49 20.89 18.55 18.55 16.16 14.23 14.23 0.0 21.21 19.5 20.89 12.73 21.48 15.66 20.18
14.77 19.56 5.41 10.61 8.75 10.82 5.41 11.42 22.9 22.9 10.61 19.56 19.73 20.4 15.66 11.42 15.66 0.0 27.9 10.61 27.9 27.9 4.5 12.82 10.61 17.1 1.5 5.41 20.4 14.77 3.0 17.1 15.3 16.5 15.66 8.75 12.82 17.1 5.41 10.5 22.9 27.9 7.5 5.41 1.5 22.9 12.09 5.41 23.72 23.72 1.5 21.48 21.48 15.66 20.4 21.21 5.41 7.5 25.54 0.0 10.61
16.77 18.25 30.19 21.63 28.46 18.12 30.19 27.66 5.41 5.41 24.74 18.25 13.83 10.92 22.3 27.66 22.3 27.9 0.0 21.84 0.0 0.0 24.42 18.55 21.63 18.0 27.04 30.19 10.5 16.77 26.24 18.0 19.56 22.5 22.3 28.46 18.55 18.0 30.19 20.4 5.41 0.0 20.4 30.19 27.04 5.41 17.56 30.19 4.24 4.24 27.04 8.08 8.08 22.3 10.5 7.65 30.19 20.4 3.0 27.9 21.84
5.41 21.63 9.6 15.0 6.71 4.74 9.6 6.0 18.06 18.06 3.0 21.63 19.5 18.55 20.18 6.0 20.18 10.61 21.84 0.0 21.84 21.84 10.92 3.35 15.0 6.71 9.12 9.6 12.09 5.41 7.65 6.71 4.74 6.18 20.18 6.71 3.35 6.71 9.6 13.83 18.06 21.84 7.5 9.6 9.12 18.06 4.5 9.6 18.25 18.25 9.12 18.06 18.06 20.18 12.09 14.23 9.6 7.5 18.97 10.61 0.0
16.77 18.25 30.19 21.63 28.46 18.12 30.19 27.66 5.41 5.41 24.74 18.25 13.83 10.92 22.3 27.66 22.3 27.9 0.0 21.84 0.0 0.0 24.42 18.55 21.63 18.0 27.04 30.19 10.5 16.77 26.24 18.0 19.56 22.5 22.3 28.46 18.55 18.0 30.19 20.4 5.41 0.0 20.4 30.19 27.04 5.41 17.56 30.19 4.24 4.24 27.04 8.08 8.08 22.3 10.5 7.65 30.19 20.4 3.0 27.9 21.84
16.77 18.25 30.19 21.63 28.46 18.12 30.19 27.66 5.41 5.41 24.74 18.25 13.83 10.92 22.3 27.66 22.3 27.9 0.0 21.84 0.0 0.0 24.42 18.55 21.63 18.0 27.04 30.19 10.5 16.77 26.24 18.0 19.56 22.5 22.3 28.46 18.55 18.0 30.19 20.4 5.41 0.0 20.4 30.19 27.04 5.41 17.56 30.19 4.24 4.24 27.04 8.08 8.08 22.3 10.5 7.65 30.19 20.4 3.0 27.9 21.84
13.58 15.07 9.49 6.18 11.72 9.12 9.49 13.83 19.21 19.21 12.09 15.07 15.3 16.16 11.42 13.83 11.42 4.5 24.42 10.92 24.42 24.42 0.0 12.0 6.18 16.5 4.74 9.49 18.12 13.58 5.41 16.5 15.07 17.1 11.42 11.72 12.0 16.5 9.49 6.0 19.21 24.42 4.74 9.49 4.74 19.21 10.61 9.49 20.18 20.18 4.74 17.49 17.49 11.42 18.12 18.31 9.49 4.74 22.3 4.5 10.92
2.12 20.18 12.73 14.77 10.06 3.35 12.73 9.12 15.0 15.0 6.18 20.18 17.49 16.16 19.56 9.12 19.56 12.82 18.55 3.35 18.55 18.55 12.0 0.0 14.77 4.5 11.42 12.73 8.75 2.12 10.06 4.5 3.35 6.36 19.56 10.06 0.0 4.5 12.73 13.42 15.0 18.55 7.65 12.73 11.42 15.0 2.12 12.73 15.07 15.07 11.42 15.3 15.3 19.56 8.75 10.92 12.73 7.65 15.66 12.82 3.35
15.66 9.0 15.66 0.0 17.49 11.42 15.66 19.21 16.22 16.22 16.97 9.0 10.06 11.72 5.41 19.21 5.41 10.61 21.63 15.0 21.63 21.63 6.18 14.77 0.0 18.97 10.92 15.66 18.06 15.66 11.42 18.97 18.12 20.84 5.41 17.49 14.77 18.97 15.66 1.5 16.22 21.63 7.5 15.66 10.92 16.22 12.82 15.66 17.49 17.49 10.92 13.83 13.83 5.41 18.06 17.1 15.66 7.5 20.12 10.61 15.0
3.35 23.43 16.22 18.97 12.73 7.65 16.22 10.82 15.66 15.66 8.49 23.43 20.18 18.31 23.48 10.82 23.48 17.1 18.0 6.71 18.0 18.0 16.5 4.5 18.97 0.0 15.66 16.22 7.5 3.35 14.23 0.0 2.12 4.5 23.48 12.73 4.5 0.0 16.22 17.56 15.66 18.0 12.09 16.22 15.66 15.66 6.18 16.22 15.3 15.3 15.66 16.77 16.77 23.48 7.5 10.61 16.22 12.09 15.0 17.1 6.71
13.42 19.73 4.74 10.92 7.5 9.6 4.74 10.06 22.15 22.15 9.12 19.73 19.56 20.01 16.16 10.06 16.16 1.5 27.04 9.12 27.04 27.04 4.74 11.42 10.92 15.66 0.0 4.74 19.21 13.42 1.5 15.66 13.83 15.0 16.16 7.5 11.42 15.66 4.74 10.61 22.15 27.04 6.71 4.74 0.0 22.15 10.82 4.74 22.9 22.9 0.0 20.89 20.89 16.16 19.21 20.18 4.74 6.71 24.6 1.5 9.12
14.85 24.42 0.0 15.66 4.5 12.09 0.0 7.5 25.63 25.63 8.08 24.42 24.0 24.19 20.89 7.5 20.89 5.41 30.19 9.6 30.19 30.19 9.49 12.73 15.66 16.22 4.74 0.0 21.32 14.85 4.5 16.22 14.15 14.23 20.89 4.5 12.73 16.22 0.0 15.3 25.63 30.19 10.61 0.0 4.74 25.63 12.9 0.0 26.2 26.2 4.74 24.74 24.74 20.89 21.32 22.9 0.0 10.61 27.54 5.41 9.6
6.71 19.5 21.32 18.06 18.79 9.6 21.32 17.56 8.75 8.75 14.77 19.5 15.44 12.9 21.21 17.56 21.21 20.4 10.5 12.09 10.5 10.5 18.12 8.75 18.06 7.5 19.21 21.32 0.0 6.71 18.06 7.5 9.12 12.0 21.21 18.79 8.75 7.5 21.32 16.57 8.75 10.5 13.42 21.32 19.21 8.75 8.49 21.32 8.08 8.08 19.21 10.61 10.61 21.21 0.0 3.35 21.32 13.42 7.5 20.4 12.09
0.0 20.18 14.85 15.66 12.09 4.5 14.85 10.92 13.58 13.58 8.08 20.18 17.1 15.44 20.12 10.92 20.12 14.77 16.77 5.41 16.77 16.77 13.58 2.12 15.66 3.35 13.42 14.85 6.71 0.0 12.09 3.35 3.35 6.71 20.12 12.09 2.12 3.35 14.85 14.23 13.58 16.77 9.0 14.85 13.42 13.58 3.0 14.85 13.5 13.5 13.42 14.23 14.23 20.12 6.71 9.12 14.85 9.0 13.83 14.77 5.41
12.09 20.01 4.5 11.42 6.36 8.49 4.5 8.75 21.48 21.48 7.65 20.01 19.5 19.73 16.77 8.75 16.77 3.0 26.24 7.65 26.24 26.24 5.41 10.06 11.42 14.23 1.5 4.5 18.06 12.09 0.0 14.23 12.37 13.5 16.77 6.36 10.06 14.23 4.5 10.92 21.48 26.24 6.18 4.5 1.5 21.48 9.6 4.5 22.15 22.15 1.5 20.4 20.4 16.77 18.06 19.21 4.5 6.18 23.72 3.0 7.65
3.35 23.43 16.22 18.97 12.73 7.65 16.22 10.82 15.66 15.66 8.49 23.43 20.18 18.31 23.48 10.82 23.48 17.1 18.0 6.71 18.0 18.0 16.5 4.5 18.97 0.0 15.66 16.22 7.5 3.35 14.23 0.0 2.12 4.5 23.48 12.73 4.5 0.0 16.22 17.56 15.66 18.0 12.09 16.22 15.66 15.66 6.18 16.22 15.3 15.3 15.66 16.77 16.77 23.48 7.5 10.61 16.22 12.09 15.0 17.1 6.71
3.35 23.33 14.15 18.12 10.61 6.71 14.15 8.75 16.77 16.77 6.36 23.33 20.4 18.79 22.9 8.75 22.9 15.3 19.56 4.74 19.56 19.56 15.07 3.35 18.12 2.12 13.83 14.15 9.12 3.35 12.37 2.12 0.0 3.35 22.9 10.61 3.35 2.12 14.15 16.77 16.77 19.56 10.92 14.15 13.83 16.77 5.41 14.15 16.57 16.57 13.83 17.56 17.56 22.9 9.12 12.0 14.15 10.92 16.57 15.3 4.74
6.71 26.54 14.23 20.84 10.06 9.6 14.23 7.5 20.01 20.01 6.18 26.54 23.72 22.15 25.81 7.5 25.81 16.5 22.5 6.18 22.5 22.5 17.1 6.36 20.84 4.5 15.0 14.23 12.0 6.71 13.5 4.5 3.35 0.0 25.81 10.06 6.36 4.5 14.23 19.56 20.01 22.5 13.42 14.23 15.0 20.01 8.49 14.23 19.73 19.73 15.0 20.89 20.89 25.81 12.0 15.07 14.23 13.42 19.5 16.5 6.18
20.12 5.41 20.89 5.41 22.9 16.22 20.89 24.6 17.1 17.1 22.3 5.41 8.75 11.42 0.0 24.6 0.0 15.66 22.3 20.18 22.3 22.3 11.42 19.56 5.41 23.48 16.16 20.89 21.21 20.12 16.77 23.48 22.9 25.81 0.0 22.9 19.56 23.48 20.89 6.36 17.1 22.3 12.73 20.89 16.16 17.1 17.49 20.89 18.55 18.55 16.16 14.23 14.23 0.0 21.21 19.5 20.89 12.73 21.48 15.66 20.18
12.09 25.63 4.5 17.49 0.0 10.61 4.5 3.0 24.42 24.42 4.24 25.63 24.42 24.05 22.9 3.0 22.9 8.75 28.46 6.71 28.46 28.46 11.72 10.06 17.49 12.73 7.5 4.5 18.79 12.09 6.36 12.73 10.61 10.06 22.9 0.0 10.06 12.73 4.5 16.77 24.42 28.46 10.92 4.5 7.5 24.42 10.92 4.5 24.74 24.74 7.5 24.05 24.05 22.9 18.79 20.89 4.5 10.92 25.63 8.75 6.71
2.12 20.18 12.73 14.77 10.06 3.35 12.73 9.12 15.0 15.0 6.18 20.18 17.49 16.16 19.56 9.12 19.56 12.82 18.55 3.35 18.55 18.55 12.0 0.0 14.77 4.5 11.42 12.73 8.75 2.12 10.06 4.5 3.35 6.36 19.56 10.06 0.0 4.5 12.73 13.42 15.0 18.55 7.65 12.73 11.42 15.0 2.12 12.73 15.07 15.07 11.42 15.3 15.3 19.56 8.75 10.92 12.73 7.65 15.66 12.82 3.35
3.35 23.43 16.22 18.97 12.73 7.65 16.22 10.82 15.66 15.66 8.49 23.43 20.18 18.31 23.48 10.82 23.48 17.1 18.0 6.71 18.0 18.0 16.5 4.5 18.97 0.0 15.66 16.22 7.5 3.35 14.23 0.0 2.12 4.5 23.48 12.73 4.5 0.0 16.22 17.56 15.66 18.0 12.09 16.22 15.66 15.66 6.18 16.22 15.3 15.3 15.66 16.77 16.77 23.48 7.5 10.61 16.22 12.09 15.0 17.1 6.71
14.85 24.42 0.0 15.66 4.5 12.09 0.0 7.5 25.63 25.63 8.08 24.42 24.0 24.19 20.89 7.5 20.89 5.41 30.19 9.6 30.19 30.19 9.49 12.73 15.66 16.22 4.74 0.0 21.32 14.85 4.5 16.22 14.15 14.23 20.89 4.5 12.73 16.22 0.0 15.3 25.63 30.19 10.61 0.0 4.74 25.63 12.9 0.0 26.2 26.2 4.74 24.74 24.74 20.89 21.32 22.9 0.0 10.61 27.54 5.41 9.6
14.23 9.12 15.3 1.5 16.77 10.06 15.3 18.31 15.0 15.0 15.95 9.12 9.49 10.82 6.36 18.31 6.36 10.5 20.4 13.83 20.4 20.4 6.0 13.42 1.5 17.56 10.61 15.3 16.57 14.23 10.92 17.56 16.77 19.56 6.36 16.77 13.42 17.56 15.3 0.0 15.0 20.4 6.36 15.3 10.61 15.0 11.42 15.3 16.22 16.22 10.61 12.73 12.73 6.36 16.57 15.66 15.3 6.36 18.79 10.5 13.83
13.58 13.5 25.63 16.22 24.42 13.83 25.63 24.05 0.0 0.0 21.05 13.5 9.0 6.0 17.1 24.05 17.1 22.9 5.41 18.06 5.41 5.41 19.21 15.0 16.22 15.66 22.15 25.63 8.75 13.58 21.48 15.66 16.77 20.01 17.1 24.42 15.0 15.66 25.63 15.0 0.0 5.41 15.44 25.63 22.15 0.0 13.58 25.63 1.5 1.5 22.15 3.0 3.0 17.1 8.75 5.41 25.63 15.44 4.5 22.9 18.06
16.77 18.25 30.19 21.63 28.46 18.12 30.19 27.66 5.41 5.41 24.74 18.25 13.83 10.92 22.3 27.66 22.3 27.9 0.0 21.84 0.0 0.0 24.42 18.55 21.63 18.0 27.04 30.19 10.5 16.77 26.24 18.0 19.56 22.5 22.3 28.46 18.55 18.0 30.19 20.4 5.41 0.0 20.4 30.19 27.04 5.41 17.56 30.19 4.24 4.24 27.04 8.08 8.08 22.3 10.5 7.65 30.19 20.4 3.0 27.9 21.84
9.0 14.77 10.61 7.5 10.92 4.5 10.61 12.09 15.44 15.44 9.6 14.77 13.58 13.58 12.73 12.09 12.73 7.5 20.4 7.5 20.4 20.4 4.74 7.65 7.5 12.09 6.71 10.61 13.42 9.0 6.18 12.09 10.92 13.42 12.73 10.92 7.65 12.09 10.61 6.36 15.44 20.4 0.0 10.61 6.71 15.44 6.0 10.61 16.22 16.22 6.71 14.23 14.23 12.73 13.42 13.83 10.61 0.0 18.06 7.5 7.5
14.85 24.42 0.0 15.66 4.5 12.09 0.0 7.5 25.63 25.63 8.08 24.42 24.0 24.19 20.89 7.5 20.89 5.41 30.19 9.6 30.19 30.19 9.49 12.73 15.66 16.22 4.74 0.0 21.32 14.85 4.5 16.22 14.15 14.23 20.89 4.5 12.73 16.22 0.0 15.3 25.63 30.19 10.61 0.0 4.74 25.63 12.9 0.0 26.2 26.2 4.74 24.74 24.74 20.89 21.32 22.9 0.0 10.61 27.54 5.41 9.6
13.42 19.73 4.74 10.92 7.5 9.6 4.74 10.06 22.15 22.15 9.12 19.73 19.56 20.01 16.16 10.06 16.16 1.5 27.04 9.12 27.04 27.04 4.74 11.42 10.92 15.66 0.0 4.74 19.21 13.42 1.5 15.66 13.83 15.0 16.16 7.5 11.42 15.66 4.74 10.61 22.15 27.04 6.71 4.74 0.0 22.15 10.82 4.74 22.9 22.9 0.0 20.89 20.89 16.16 19.21 20.18 4.74 6.71 24.6 1.5 9.12
13.58 13.5 25.63 16.22 24.42 13.83 25.63 24.05 0.0 0.0 21.05 13.5 9.0 6.0 17.1 24.05 17.1 22.9 5.41 18.06 5.41 5.41 19.21 15.0 16.22 15.66 22.15 25.63 8.75 13.58 21.48 15.66 16.77 20.01 17.1 24.42 15.0 15.66 25.63 15.0 0.0 5.41 15.44 25.63 22.15 0.0 13.58 25.63 1.5 1.5 22.15 3.0 3.0 17.1 8.75 5.41 25.63 15.44 4.5 22.9 18.06
3.0 18.06 12.9 12.82 10.92 1.5 12.9 10.5 13.58 13.58 7.5 18.06 15.44 14.23 17.49 10.5 17.49 12.09 17.56 4.5 17.56 17.56 10.61 2.12 12.82 6.18 10.82 12.9 8.49 3.0 9.6 6.18 5.41 8.49 17.49 10.92 2.12 6.18 12.9 11.42 13.58 17.56 6.0 12.9 10.82 13.58 0.0 12.9 13.83 13.83 10.82 13.58 13.58 17.49 8.49 10.06 12.9 6.0 14.77 12.09 4.5
14.85 24.42 0.0 15.66 4.5 12.09 0.0 7.5 25.63 25.63 8.08 24.42 24.0 24.19 20.89 7.5 20.89 5.41 30.19 9.6 30.19 30.19 9.49 12.73 15.66 16.22 4.74 0.0 21.32 14.85 4.5 16.22 14.15 14.23 20.89 4.5 12.73 16.22 0.0 15.3 25.63 30.19 10.61 0.0 4.74 25.63 12.9 0.0 26.2 26.2 4.74 24.74 24.74 20.89 21.32 22.9 0.0 10.61 27.54 5.41 9.6
13.5 15.0 26.2 17.49 24.74 14.23 26.2 24.19 1.5 1.5 21.21 15.0 10.5 7.5 18.55 24.19 18.55 23.72 4.24 18.25 4.24 4.24 20.18 15.07 17.49 15.3 22.9 26.2 8.08 13.5 22.15 15.3 16.57 19.73 18.55 24.74 15.07 15.3 26.2 16.22 1.5 4.24 16.22 26.2 22.9 1.5 13.83 26.2 0.0 0.0 22.9 4.5 4.5 18.55 8.08 4.74 26.2 16.22 3.0 23.72 18.25
13.5 15.0 26.2 17.49 24.74 14.23 26.2 24.19 1.5 1.5 21.21 15.0 10.5 7.5 18.55 24.19 18.55 23.72 4.24 18.25 4.24 4.24 20.18 15.07 17.49 15.3 22.9 26.2 8.08 13.5 22.15 15.3 16.57 19.73 18.55 24.74 15.07 15.3 26.2 16.22 1.5 4.24 16.22 26.2 22.9 1.5 13.83 26.2 0.0 0.0 22.9 4.5 4.5 18.55 8.08 4.74 26.2 16.22 3.0 23.72 18.25
13.42 19.73 4.74 10.92 7.5 9.6 4.74 10.06 22.15 22.15 9.12 19.73 19.56 20.01 16.16 10.06 16.16 1.5 27.04 9.12 27.04 27.04 4.74 11.42 10.92 15.66 0.0 4.74 19.21 13.42 1.5 15.66 13.83 15.0 16.16 7.5 11.42 15.66 4.74 10.61 22.15 27.04 6.71 4.74 0.0 22.15 10.82 4.74 22.9 22.9 0.0 20.89 20.89 16.16 19.21 20.18 4.74 6.71 24.6 1.5 9.12
14.23 10.5 24.74 13.83 24.05 13.5 24.74 24.05 3.0 3.0 21.05 10.5 6.0 3.0 14.23 24.05 14.23 21.48 8.08 18.06 8.08 8.08 17.49 15.3 13.83 16.77 20.89 24.74 10.61 14.23 20.4 16.77 17.56 20.89 14.23 24.05 15.3 16.77 24.74 12.73 3.0 8.08 14.23 24.74 20.89 3.0 13.58 24.74 4.5 4.5 20.89 0.0 0.0 14.23 10.61 7.5 24.74 14.23 7.5 21.48 18.06
14.23 10.5 24.74 13.83 24.05 13.5 24.74 24.05 3.0 3.0 21.05 10.5 6.0 3.0 14.23 24.05 14.23 21.48 8.08 18.06 8.08 8.08 17.49 15.3 13.83 16.77 20.89 24.74 10.61 14.23 20.4 16.77 17.56 20.89 14.23 24.05 15.3 16.77 24.74 12.73 3.0 8.08 14.23 24.74 20.89 3.0 13.58 24.74 4.5 4.5 20.89 0.0 0.0 14.23 10.61 7.5 24.74 14.23 7.5 21.48 18.06
20.12 5.41 20.89 5.41 22.9 16.22 20.89 24.6 17.1 17.1 22.3 5.41 8.75 11.42 0.0 24.6 0.0 15.66 22.3 20.18 22.3 22.3 11.42 19.56 5.41 23.48 16.16 20.89 21.21 20.12 16.77 23.48 22.9 25.81 0.0 22.9 19.56 23.48 20.89 6.36 17.1 22.3 12.73 20.89 16.16 17.1 17.49 20.89 18.55 18.55 16.16 14.23 14.23 0.0 21.21 19.5 20.89 12.73 21.48 15.66 20.18
6.71 19.5 21.32 18.06 18.79 9.6 21.32 17.56 8.75 8.75 14.77 19.5 15.44 12.9 21.21 17.56 21.21 20.4 10.5 12.09 10.5 10.5 18.12 8.75 18.06 7.5 19.21 21.32 0.0 6.71 18.06 7.5 9.12 12.0 21.21 18.79 8.75 7.5 21.32 16.57 8.75 10.5 13.42 21.32 19.21 8.75 8.49 21.32 8.08 8.08 19.21 10.61 10.61 21.21 0.0 3.35 21.32 13.42 7.5 20.4 12.09
9.12 17.1 22.9 17.1 20.89 10.82 22.9 20.01 5.41 5.41 17.1 17.1 12.82 10.06 19.5 20.01 19.5 21.21 7.65 14.23 7.65 7.65 18.31 10.92 17.1 10.61 20.18 22.9 3.35 9.12 19.21 10.61 12.0 15.07 19.5 20.89 10.92 10.61 22.9 15.66 5.41 7.65 13.83 22.9 20.18 5.41 10.06 22.9 4.74 4.74 20.18 7.5 7.5 19.5 3.35 0.0 22.9 13.83 4.74 21.21 14.23
14.85 24.42 0.0 15.66 4.5 12.09 0.0 7.5 25.63 25.63 8.08 24.42 24.0 24.19 20.89 7.5 20.89 5.41 30.19 9.6 30.19 30.19 9.49 12.73 15.66 16.22 4.74 0.0 21.32 14.85 4.5 16.22 14.15 14.23 20.89 4.5 12.73 16.22 0.0 15.3 25.63 30.19 10.61 0.0 4.74 25.63 12.9 0.0 26.2 26.2 4.74 24.74 24.74 20.89 21.32 22.9 0.0 10.61 27.54 5.41 9.6
9.0 14.77 10.61 7.5 10.92 4.5 10.61 12.09 15.44 15.44 9.6 14.77 13.58 13.58 12.73 12.09 12.73 7.5 20.4 7.5 20.4 20.4 4.74 7.65 7.5 12.09 6.71 10.61 13.42 9.0 6.18 12.09 10.92 13.42 12.73 10.92 7.65 12.09 10.61 6.36 15.44 20.4 0.0 10.61 6.71 15.44 6.0 10.61 16.22 16.22 6.71 14.23 14.23 12.73 13.42 13.83 10.61 0.0 18.06 7.5 7.5
13.83 18.0 27.54 20.12 25.63 15.44 27.54 24.74 4.5 4.5 21.84 18.0 13.5 10.5 21.48 24.74 21.48 25.54 3.0 18.97 3.0 3.0 22.3 15.66 20.12 15.0 24.6 27.54 7.5 13.83 23.72 15.0 16.57 19.5 21.48 25.63 15.66 15.0 27.54 18.79 4.5 3.0 18.06 27.54 24.6 4.5 14.77 27.54 3.0 3.0 24.6 7.5 7.5 21.48 7.5 4.74 27.54 18.06 0.0 25.54 18.97
14.77 19.56 5.41 10.61 8.75 10.82 5.41 11.42 22.9 22.9 10.61 19.56 19.73 20.4 15.66 11.42 15.66 0.0 27.9 10.61 27.9 27.9 4.5 12.82 10.61 17.1 1.5 5.41 20.4 14.77 3.0 17.1 15.3 16.5 15.66 8.75 12.82 17.1 5.41 10.5 22.9 27.9 7.5 5.41 1.5 22.9 12.09 5.41 23.72 23.72 1.5 21.48 21.48 15.66 20.4 21.21 5.41 7.5 25.54 0.0 10.61
5.41 21.63 9.6 15.0 6.71 4.74 9.6 6.0 18.06 18.06 3.0 21.63 19.5 18.55 20.18 6.0 20.18 10.61 21.84 0.0 21.84 21.84 10.92 3.35 15.0 6.71 9.12 9.6 12.09 5.41 7.65 6.71 4.74 6.18 20.18 6.71 3.35 6.71 9.6 13.83 18.06 21.84 7.5 9.6 9.12 18.06 4.5 9.6 18.25 18.25 9.12 18.06 18.06 20.18 12.09 14.23 9.6 7.5 18.97 10.61 0.0
