0.0 3.35 2.12 8.08 13.42 15.44 5.41 2.12 14.85 13.42 14.85 0.0 12.09 13.58 14.23 13.42 12.09 13.58 14.85 14.77 14.85 13.83 9.0 3.35 10.92 20.12 16.77 13.58 2.12 18.06 3.35 8.08 3.0 9.0 4.5 17.1 3.35 8.08 8.08 14.23 13.58
3.35 0.0 5.41 10.82 16.77 15.95 8.49 5.41 18.06 16.77 18.06 3.35 15.0 12.82 16.77 16.77 15.0 12.82 18.06 18.12 18.06 12.0 12.09 3.0 13.42 22.3 15.0 12.82 5.41 19.21 3.0 10.82 6.18 12.09 7.65 18.06 3.0 10.82 10.82 16.77 16.77
2.12 5.41 0.0 6.18 11.42 16.16 3.35 0.0 12.73 11.42 12.73 2.12 10.06 15.0 13.42 11.42 10.06 15.0 12.73 12.82 12.73 15.66 7.65 4.5 9.12 19.56 18.55 15.0 0.0 18.31 4.5 6.18 2.12 7.65 3.35 17.49 4.5 6.18 6.18 13.42 12.0
8.08 10.82 6.18 0.0 9.12 21.48 3.0 6.18 8.08 9.12 8.08 8.08 4.24 21.05 15.95 9.12 4.24 21.05 8.08 10.61 8.08 21.84 9.6 8.49 3.0 22.3 24.74 21.05 6.18 22.85 8.49 0.0 7.5 9.6 7.65 22.3 8.49 0.0 0.0 15.95 12.09
13.42 16.77 11.42 9.12 0.0 20.01 9.12 11.42 4.74 0.0 4.74 13.42 7.5 22.15 10.61 0.0 7.5 22.15 4.74 1.5 4.74 24.6 6.71 15.66 10.06 16.16 27.04 22.15 11.42 19.5 15.66 9.12 10.82 6.71 9.6 19.56 15.66 9.12 9.12 10.61 4.74
15.44 15.95 16.16 21.48 20.01 0.0 18.55 16.16 24.19 20.01 24.19 15.44 24.05 6.0 10.82 20.01 24.05 6.0 24.19 20.4 24.19 10.5 13.58 18.31 24.42 11.42 10.92 6.0 16.16 4.5 18.31 21.48 14.23 13.58 13.83 3.0 18.31 21.48 21.48 10.82 16.16
5.41 8.49 3.35 3.0 9.12 18.55 0.0 3.35 9.6 9.12 9.6 5.41 6.71 18.06 13.83 9.12 6.71 18.06 9.6 10.61 9.6 18.97 7.5 6.71 6.0 20.18 21.84 18.06 3.35 20.12 6.71 3.0 4.5 7.5 4.74 19.5 6.71 3.0 3.0 13.83 10.92
2.12 5.41 0.0 6.18 11.42 16.16 3.35 0.0 12.73 11.42 12.73 2.12 10.06 15.0 13.42 11.42 10.06 15.0 12.73 12.82 12.73 15.66 7.65 4.5 9.12 19.56 18.55 15.0 0.0 18.31 4.5 6.18 2.12 7.65 3.35 17.49 4.5 6.18 6.18 13.42 12.0
14.85 18.06 12.73 8.08 4.74 24.19 9.6 12.73 0.0 4.74 0.0 14.85 4.5 25.63 15.3 4.74 4.5 25.63 0.0 5.41 0.0 27.54 10.61 16.22 7.5 20.89 30.19 25.63 12.73 24.05 16.22 8.08 12.9 10.61 12.09 24.0 16.22 8.08 8.08 15.3 9.49
13.42 16.77 11.42 9.12 0.0 20.01 9.12 11.42 4.74 0.0 4.74 13.42 7.5 22.15 10.61 0.0 7.5 22.15 4.74 1.5 4.74 24.6 6.71 15.66 10.06 16.16 27.04 22.15 11.42 19.5 15.66 9.12 10.82 6.71 9.6 19.56 15.66 9.12 9.12 10.61 4.74
14.85 18.06 12.73 8.08 4.74 24.19 9.6 12.73 0.0 4.74 0.0 14.85 4.5 25.63 15.3 4.74 4.5 25.63 0.0 5.41 0.0 27.54 10.61 16.22 7.5 20.89 30.19 25.63 12.73 24.05 16.22 8.08 12.9 10.61 12.09 24.0 16.22 8.08 8.08 15.3 9.49
0.0 3.35 2.12 8.08 13.42 15.44 5.41 2.12 14.85 13.42 14.85 0.0 12.09 13.58 14.23 13.42 12.09 13.58 14.85 14.77 14.85 13.83 9.0 3.35 10.92 20.12 16.77 13.58 2.12 18.06 3.35 8.08 3.0 9.0 4.5 17.1 3.35 8.08 8.08 14.23 13.58
12.09 15.0 10.06 4.24 7.5 24.05 6.71 10.06 4.5 7.5 4.5 12.09 0.0 24.42 16.77 7.5 0.0 24.42 4.5 8.75 4.5 25.63 10.92 12.73 3.0 22.9 28.46 24.42 10.06 24.74 12.73 4.24 10.92 10.92 10.61 24.42 12.73 4.24 4.24 16.77 11.72
13.58 12.82 15.0 21.05 22.15 6.0 18.06 15.0 25.63 22.15 25.63 13.58 24.42 0.0 15.0 22.15 24.42 0.0 25.63 22.9 25.63 4.5 15.44 15.66 24.05 17.1 5.41 0.0 15.0 10.5 15.66 21.05 13.58 15.44 13.83 9.0 15.66 21.05 21.05 15.0 19.21
14.23 16.77 13.42 15.95 10.61 10.82 13.83 13.42 15.3 10.61 15.3 14.23 16.77 15.0 0.0 10.61 16.77 15.0 15.3 10.5 15.3 18.79 6.36 17.56 18.31 6.36 20.4 15.0 13.42 9.12 17.56 15.95 11.42 6.36 10.06 9.49 17.56 15.95 15.95 0.0 6.0
13.42 16.77 11.42 9.12 0.0 20.01 9.12 11.42 4.74 0.0 4.74 13.42 7.5 22.15 10.61 0.0 7.5 22.15 4.74 1.5 4.74 24.6 6.71 15.66 10.06 16.16 27.04 22.15 11.42 19.5 15.66 9.12 10.82 6.71 9.6 19.56 15.66 9.12 9.12 10.61 4.74
12.09 15.0 10.06 4.24 7.5 24.05 6.71 10.06 4.5 7.5 4.5 12.09 0.0 24.42 16.77 7.5 0.0 24.42 4.5 8.75 4.5 25.63 10.92 12.73 3.0 22.9 28.46 24.42 10.06 24.74 12.73 4.24 10.92 10.92 10.61 24.42 12.73 4.24 4.24 16.77 11.72
13.58 12.82 15.0 21.05 22.15 6.0 18.06 15.0 25.63 22.15 25.63 13.58 24.42 0.0 15.0 22.15 24.42 0.0 25.63 22.9 25.63 4.5 15.44 15.66 24.05 17.1 5.41 0.0 15.0 10.5 15.66 21.05 13.58 15.44 13.83 9.0 15.66 21.05 21.05 15.0 19.21
14.85 18.06 12.73 8.08 4.74 24.19 9.6 12.73 0.0 4.74 0.0 14.85 4.5 25.63 15.3 4.74 4.5 25.63 0.0 5.41 0.0 27.54 10.61 16.22 7.5 20.89 30.19 25.63 12.73 24.05 16.22 8.08 12.9 10.61 12.09 24.0 16.22 8.08 8.08 15.3 9.49
14.77 18.12 12.82 10.61 1.5 20.4 10.61 12.82 5.41 1.5 5.41 14.77 8.75 22.9 10.5 1.5 8.75 22.9 5.41 0.0 5.41 25.54 7.5 17.1 11.42 15.66 27.9 22.9 12.82 19.56 17.1 10.61 12.09 7.5 10.82 19.73 17.1 10.61 10.61 10.5 4.5
14.85 18.06 12.73 8.08 4.74 24.19 9.6 12.73 0.0 4.74 0.0 14.85 4.5 25.63 15.3 4.74 4.5 25.63 0.0 5.41 0.0 27.54 10.61 16.22 7.5 20.89 30.19 25.63 12.73 24.05 16.22 8.08 12.9 10.61 12.09 24.0 16.22 8.08 8.08 15.3 9.49
13.83 12.0 15.66 21.84 24.6 10.5 18.97 15.66 27.54 24.6 27.54 13.83 25.63 4.5 18.79 24.6 25.63 4.5 27.54 25.54 27.54 0.0 18.06 15.0 24.74 21.48 3.0 4.5 15.66 15.0 15.0 21.84 14.77 18.06 15.44 13.5 15.0 21.84 21.84 18.79 22.3
9.0 12.09 7.65 9.6 6.71 13.58 7.5 7.65 10.61 6.71 10.61 9.0 10.92 15.44 6.36 6.71 10.92 15.44 10.61 7.5 10.61 18.06 0.0 12.09 12.09 12.73 20.4 15.44 7.65 13.83 12.09 9.6 6.0 0.0 4.5 13.58 12.09 9.6 9.6 6.36 4.74
3.35 3.0 4.5 8.49 15.66 18.31 6.71 4.5 16.22 15.66 16.22 3.35 12.73 15.66 17.56 15.66 12.73 15.66 16.22 17.1 16.22 15.0 12.09 0.0 10.82 23.48 18.0 15.66 4.5 21.21 0.0 8.49 6.18 12.09 7.65 20.18 0.0 8.49 8.49 17.56 16.5
10.92 13.42 9.12 3.0 10.06 24.42 6.0 9.12 7.5 10.06 7.5 10.92 3.0 24.05 18.31 10.06 3.0 24.05 7.5 11.42 7.5 24.74 12.09 10.82 0.0 24.6 27.66 24.05 9.12 25.63 10.82 3.0 10.5 12.09 10.61 25.14 10.82 3.0 3.0 18.31 13.83
20.12 22.3 19.56 22.3 16.16 11.42 20.18 19.56 20.89 16.16 20.89 20.12 22.9 17.1 6.36 16.16 22.9 17.1 20.89 15.66 20.89 21.48 12.73 23.48 24.6 0.0 22.3 17.1 19.56 7.5 23.48 22.3 17.49 12.73 16.22 8.75 23.48 22.3 22.3 6.36 11.42
16.77 15.0 18.55 24.74 27.04 10.92 21.84 18.55 30.19 27.04 30.19 16.77 28.46 5.41 20.4 27.04 28.46 5.41 30.19 27.9 30.19 3.0 20.4 18.0 27.66 22.3 0.0 5.41 18.55 15.3 18.0 24.74 17.56 20.4 18.12 13.83 18.0 24.74 24.74 20.4 24.42
13.58 12.82 15.0 21.05 22.15 6.0 18.06 15.0 25.63 22.15 25.63 13.58 24.42 0.0 15.0 22.15 24.42 0.0 25.63 22.9 25.63 4.5 15.44 15.66 24.05 17.1 5.41 0.0 15.0 10.5 15.66 21.05 13.58 15.44 13.83 9.0 15.66 21.05 21.05 15.0 19.21
2.12 5.41 0.0 6.18 11.42 16.16 3.35 0.0 12.73 11.42 12.73 2.12 10.06 15.0 13.42 11.42 10.06 15.0 12.73 12.82 12.73 15.66 7.65 4.5 9.12 19.56 18.55 15.0 0.0 18.31 4.5 6.18 2.12 7.65 3.35 17.49 4.5 6.18 6.18 13.42 12.0
18.06 19.21 18.31 22.85 19.5 4.5 20.12 18.31 24.05 19.5 24.05 18.06 24.74 10.5 9.12 19.5 24.74 10.5 24.05 19.56 24.05 15.0 13.83 21.21 25.63 7.5 15.3 10.5 18.31 0.0 21.21 22.85 16.22 13.83 15.44 1.5 21.21 22.85 22.85 9.12 15.07
3.35 3.0 4.5 8.49 15.66 18.31 6.71 4.5 16.22 15.66 16.22 3.35 12.73 15.66 17.56 15.66 12.73 15.66 16.22 17.1 16.22 15.0 12.09 0.0 10.82 23.48 18.0 15.66 4.5 21.21 0.0 8.49 6.18 12.09 7.65 20.18 0.0 8.49 8.49 17.56 16.5
8.08 10.82 6.18 0.0 9.12 21.48 3.0 6.18 8.08 9.12 8.08 8.08 4.24 21.05 15.95 9.12 4.24 21.05 8.08 10.61 8.08 21.84 9.6 8.49 3.0 22.3 24.74 21.05 6.18 22.85 8.49 0.0 7.5 9.6 7.65 22.3 8.49 0.0 0.0 15.95 12.09
3.0 6.18 2.12 7.5 10.82 14.23 4.5 2.12 12.9 10.82 12.9 3.0 10.92 13.58 11.42 10.82 10.92 13.58 12.9 12.09 12.9 14.77 6.0 6.18 10.5 17.49 17.56 13.58 2.12 16.22 6.18 7.5 0.0 6.0 1.5 15.44 6.18 7.5 7.5 11.42 10.61
9.0 12.09 7.65 9.6 6.71 13.58 7.5 7.65 10.61 6.71 10.61 9.0 10.92 15.44 6.36 6.71 10.92 15.44 10.61 7.5 10.61 18.06 0.0 12.09 12.09 12.73 20.4 15.44 7.65 13.83 12.09 9.6 6.0 0.0 4.5 13.58 12.09 9.6 9.6 6.36 4.74
4.5 7.65 3.35 7.65 9.6 13.83 4.74 3.35 12.09 9.6 12.09 4.5 10.61 13.83 10.06 9.6 10.61 13.83 12.09 10.82 12.09 15.44 4.5 7.65 10.61 16.22 18.12 13.83 3.35 15.44 7.65 7.65 1.5 4.5 0.0 14.77 7.65 7.65 7.65 10.06 9.12
17.1 18.06 17.49 22.3 19.56 3.0 19.5 17.49 24.0 19.56 24.0 17.1 24.42 9.0 9.49 19.56 24.42 9.0 24.0 19.73 24.0 13.5 13.58 20.18 25.14 8.75 13.83 9.0 17.49 1.5 20.18 22.3 15.44 13.58 14.77 0.0 20.18 22.3 22.3 9.49 15.3
3.35 3.0 4.5 8.49 15.66 18.31 6.71 4.5 16.22 15.66 16.22 3.35 12.73 15.66 17.56 15.66 12.73 15.66 16.22 17.1 16.22 15.0 12.09 0.0 10.82 23.48 18.0 15.66 4.5 21.21 0.0 8.49 6.18 12.09 7.65 20.18 0.0 8.49 8.49 17.56 16.5
8.08 10.82 6.18 0.0 9.12 21.48 3.0 6.18 8.08 9.12 8.08 8.08 4.24 21.05 15.95 9.12 4.24 21.05 8.08 10.61 8.08 21.84 9.6 8.49 3.0 22.3 24.74 21.05 6.18 22.85 8.49 0.0 7.5 9.6 7.65 22.3 8.49 0.0 0.0 15.95 12.09
8.08 10.82 6.18 0.0 9.12 21.48 3.0 6.18 8.08 9.12 8.08 8.08 4.24 21.05 15.95 9.12 4.24 21.05 8.08 10.61 8.08 21.84 9.6 8.49 3.0 22.3 24.74 21.05 6.18 22.85 8.49 0.0 7.5 9.6 7.65 22.3 8.49 0.0 0.0 15.95 12.09
14.23 16.77 13.42 15.95 10.61 10.82 13.83 13.42 15.3 10.61 15.3 14.23 16.77 15.0 0.0 10.61 16.77 15.0 15.3 10.5 15.3 18.79 6.36 17.56 18.31 6.36 20.4 15.0 13.42 9.12 17.56 15.95 11.42 6.36 10.06 9.49 17.56 15.95 15.95 0.0 6.0
13.58 16.77 12.0 12.09 4.74 16.16 10.92 12.0 9.49 4.74 9.49 13.58 11.72 19.21 6.0 4.74 11.72 19.21 9.49 4.5 9.49 22.3 4.74 16.5 13.83 11.42 24.42 19.21 12.0 15.07 16.5 12.09 10.61 4.74 9.12 15.3 16.5 12.09 12.09 6.0 0.0
