0.0 16.1 20.31 16.1 7.83 9.78 16.1 28.02 4.37 13.1 17.89 9.78 10.45 13.83 22.16 20.92 12.48 4.5 13.83 20.92 25.14 20.37 16.6 16.6 7.12 9.15 4.37 18.0 22.16 28.02 20.31 20.31 27.04 27.04 4.37 16.6 14.27 13.83 20.92 10.5 14.27
16.1 0.0 8.49 0.0 8.55 6.41 0.0 12.75 12.57 3.18 2.37 6.41 5.86 4.04 6.18 6.41 3.82 12.3 4.04 6.41 9.75 11.45 2.7 2.7 12.02 9.0 11.74 8.39 6.18 12.75 8.49 8.49 14.09 14.09 12.57 2.7 8.25 4.04 6.41 8.39 8.25
20.31 8.49 0.0 8.49 12.77 12.57 8.49 9.03 18.14 9.06 9.78 12.57 10.74 12.3 7.5 3.75 11.07 15.82 12.3 3.75 7.08 3.75 5.86 5.86 18.75 16.16 16.52 2.7 7.5 9.03 0.0 0.0 6.75 6.75 18.14 5.86 6.41 12.3 3.75 9.86 6.41
16.1 0.0 8.49 0.0 8.55 6.41 0.0 12.75 12.57 3.18 2.37 6.41 5.86 4.04 6.18 6.41 3.82 12.3 4.04 6.41 9.75 11.45 2.7 2.7 12.02 9.0 11.74 8.39 6.18 12.75 8.49 8.49 14.09 14.09 12.57 2.7 8.25 4.04 6.41 8.39 8.25
7.83 8.55 12.77 8.55 0.0 3.09 8.55 20.19 5.46 5.41 10.61 3.09 2.7 7.39 14.43 13.1 5.41 3.75 7.39 13.1 17.32 13.52 8.78 8.78 6.91 5.71 3.75 10.74 14.43 20.19 12.77 12.77 19.51 19.51 5.46 8.78 7.39 7.39 13.1 3.75 7.39
9.78 6.41 12.57 6.41 3.09 0.0 6.41 18.88 6.18 3.75 8.11 0.0 2.12 4.37 12.57 12.0 2.7 6.45 4.37 12.0 15.91 14.15 7.5 7.5 6.18 3.75 5.41 11.07 12.57 18.88 12.57 12.57 19.12 19.12 6.18 7.5 8.49 4.37 12.0 5.71 8.49
16.1 0.0 8.49 0.0 8.55 6.41 0.0 12.75 12.57 3.18 2.37 6.41 5.86 4.04 6.18 6.41 3.82 12.3 4.04 6.41 9.75 11.45 2.7 2.7 12.02 9.0 11.74 8.39 6.18 12.75 8.49 8.49 14.09 14.09 12.57 2.7 8.25 4.04 6.41 8.39 8.25
28.02 12.75 9.03 12.75 20.19 18.88 12.75 0.0 25.03 15.17 12.21 18.88 17.65 16.57 6.91 7.12 16.52 23.72 16.57 7.12 3.0 11.86 11.47 11.47 24.76 21.75 23.84 11.72 6.91 0.0 9.03 9.03 6.0 6.0 25.03 11.47 15.19 16.57 7.12 18.12 15.19
4.37 12.57 18.14 12.57 5.46 6.18 12.57 25.03 0.0 9.86 14.09 6.18 7.5 9.78 18.75 18.06 8.78 4.37 9.78 18.06 22.07 18.97 13.58 13.58 3.0 4.8 2.12 16.19 18.75 25.03 18.14 18.14 24.85 24.85 0.0 13.58 12.82 9.78 18.06 9.06 12.82
13.1 3.18 9.06 3.18 5.41 3.75 3.18 15.17 9.86 0.0 5.41 3.75 2.7 4.04 9.06 8.25 2.12 9.15 4.04 8.25 12.21 11.15 3.75 3.75 9.86 7.12 8.78 7.97 9.06 15.17 9.06 9.06 15.46 15.46 9.86 3.75 6.41 4.04 8.25 5.46 6.41
17.89 2.37 9.78 2.37 10.61 8.11 2.37 12.21 14.09 5.41 0.0 8.11 7.97 4.56 5.3 6.91 5.41 14.33 4.56 6.91 9.28 13.1 4.56 4.56 13.1 10.01 13.52 10.2 5.3 12.21 9.78 9.78 14.56 14.56 14.09 4.56 10.53 4.56 6.91 10.74 10.53
9.78 6.41 12.57 6.41 3.09 0.0 6.41 18.88 6.18 3.75 8.11 0.0 2.12 4.37 12.57 12.0 2.7 6.45 4.37 12.0 15.91 14.15 7.5 7.5 6.18 3.75 5.41 11.07 12.57 18.88 12.57 12.57 19.12 19.12 6.18 7.5 8.49 4.37 12.0 5.71 8.49
10.45 5.86 10.74 5.86 2.7 2.12 5.86 17.65 7.5 2.7 7.97 2.12 0.0 5.3 11.74 10.61 3.09 6.45 5.3 10.61 14.74 12.09 6.18 6.18 8.08 5.86 6.18 9.06 11.74 17.65 10.74 10.74 17.4 17.4 7.5 6.18 6.36 5.3 10.61 3.82 6.36
13.83 4.04 12.3 4.04 7.39 4.37 4.04 16.57 9.78 4.04 4.56 4.37 5.3 0.0 9.75 10.45 2.25 10.82 0.0 10.45 13.58 14.89 6.45 6.45 8.55 5.46 9.55 11.72 9.75 16.57 12.3 12.3 18.12 18.12 9.78 6.45 10.45 0.0 10.45 9.0 10.45
22.16 6.18 7.5 6.18 14.43 12.57 6.18 6.91 18.75 9.06 5.3 12.57 11.74 9.75 0.0 3.75 10.01 18.14 9.75 3.75 4.04 11.25 5.86 5.86 18.14 15.07 17.83 9.28 0.0 6.91 7.5 7.5 10.09 10.09 18.75 5.86 11.45 9.75 3.75 13.27 11.45
20.92 6.41 3.75 6.41 13.1 12.0 6.41 7.12 18.06 8.25 6.91 12.0 10.61 10.45 3.75 0.0 9.86 16.6 10.45 0.0 4.37 7.5 4.5 4.5 18.06 15.17 16.77 5.71 3.75 7.12 3.75 3.75 7.72 7.72 18.06 4.5 8.49 10.45 0.0 11.07 8.49
12.48 3.82 11.07 3.82 5.41 2.7 3.82 16.52 8.78 2.12 5.41 2.7 3.09 2.25 10.01 9.86 0.0 9.03 2.25 9.86 13.52 13.27 5.46 5.46 8.25 5.3 8.11 10.09 10.01 16.52 11.07 11.07 17.32 17.32 8.78 5.46 8.39 2.25 9.86 6.75 8.39
4.5 12.3 15.82 12.3 3.75 6.45 12.3 23.72 4.37 9.15 14.33 6.45 6.45 10.82 18.14 16.6 9.03 0.0 10.82 16.6 20.89 15.91 12.41 12.41 7.12 7.54 2.37 13.5 18.14 23.72 15.82 15.82 22.55 22.55 4.37 12.41 9.78 10.82 16.6 6.0 9.78
13.83 4.04 12.3 4.04 7.39 4.37 4.04 16.57 9.78 4.04 4.56 4.37 5.3 0.0 9.75 10.45 2.25 10.82 0.0 10.45 13.58 14.89 6.45 6.45 8.55 5.46 9.55 11.72 9.75 16.57 12.3 12.3 18.12 18.12 9.78 6.45 10.45 0.0 10.45 9.0 10.45
20.92 6.41 3.75 6.41 13.1 12.0 6.41 7.12 18.06 8.25 6.91 12.0 10.61 10.45 3.75 0.0 9.86 16.6 10.45 0.0 4.37 7.5 4.5 4.5 18.06 15.17 16.77 5.71 3.75 7.12 3.75 3.75 7.72 7.72 18.06 4.5 8.49 10.45 0.0 11.07 8.49
25.14 9.75 7.08 9.75 17.32 15.91 9.75 3.0 22.07 12.21 9.28 15.91 14.74 13.58 4.04 4.37 13.52 20.89 13.58 4.37 0.0 10.45 8.55 8.55 21.76 18.75 20.92 9.6 4.04 3.0 7.08 7.08 6.71 6.71 22.07 8.55 12.77 13.58 4.37 15.44 12.77
20.37 11.45 3.75 11.45 13.52 14.15 11.45 11.86 18.97 11.15 13.1 14.15 12.09 14.89 11.25 7.5 13.27 15.91 14.89 7.5 10.45 0.0 8.75 8.75 20.12 17.89 17.1 3.18 11.25 11.86 3.75 3.75 7.72 7.72 18.97 8.75 6.18 14.89 7.5 10.01 6.18
16.6 2.7 5.86 2.7 8.78 7.5 2.7 11.47 13.58 3.75 4.56 7.5 6.18 6.45 5.86 4.5 5.46 12.41 6.45 4.5 8.55 8.75 0.0 0.0 13.58 10.74 12.37 5.71 5.86 11.47 5.86 5.86 11.86 11.86 13.58 0.0 6.18 6.45 4.5 7.42 6.18
16.6 2.7 5.86 2.7 8.78 7.5 2.7 11.47 13.58 3.75 4.56 7.5 6.18 6.45 5.86 4.5 5.46 12.41 6.45 4.5 8.55 8.75 0.0 0.0 13.58 10.74 12.37 5.71 5.86 11.47 5.86 5.86 11.86 11.86 13.58 0.0 6.18 6.45 4.5 7.42 6.18
7.12 12.02 18.75 12.02 6.91 6.18 12.02 24.76 3.0 9.86 13.1 6.18 8.08 8.55 18.14 18.06 8.25 7.12 8.55 18.06 21.76 20.12 13.58 13.58 0.0 3.09 4.74 17.14 18.14 24.76 18.75 18.75 25.3 25.3 3.0 13.58 14.15 8.55 18.06 10.66 14.15
9.15 9.0 16.16 9.0 5.71 3.75 9.0 21.75 4.8 7.12 10.01 3.75 5.86 5.46 15.07 15.17 5.3 7.54 5.46 15.17 18.75 17.89 10.74 10.74 3.09 0.0 5.46 14.79 15.07 21.75 16.16 16.16 22.56 22.56 4.8 10.74 12.21 5.46 15.17 9.15 12.21
4.37 11.74 16.52 11.74 3.75 5.41 11.74 23.84 2.12 8.78 13.52 5.41 6.18 9.55 17.83 16.77 8.11 2.37 9.55 16.77 20.92 17.1 12.37 12.37 4.74 5.46 0.0 14.43 17.83 23.84 16.52 16.52 23.26 23.26 2.12 12.37 10.92 9.55 16.77 7.12 10.92
18.0 8.39 2.7 8.39 10.74 11.07 8.39 11.72 16.19 7.97 10.2 11.07 9.06 11.72 9.28 5.71 10.09 13.5 11.72 5.71 9.6 3.18 5.71 5.71 17.14 14.79 14.43 0.0 9.28 11.72 2.7 2.7 9.12 9.12 16.19 5.71 3.82 11.72 5.71 7.5 3.82
22.16 6.18 7.5 6.18 14.43 12.57 6.18 6.91 18.75 9.06 5.3 12.57 11.74 9.75 0.0 3.75 10.01 18.14 9.75 3.75 4.04 11.25 5.86 5.86 18.14 15.07 17.83 9.28 0.0 6.91 7.5 7.5 10.09 10.09 18.75 5.86 11.45 9.75 3.75 13.27 11.45
28.02 12.75 9.03 12.75 20.19 18.88 12.75 0.0 25.03 15.17 12.21 18.88 17.65 16.57 6.91 7.12 16.52 23.72 16.57 7.12 3.0 11.86 11.47 11.47 24.76 21.75 23.84 11.72 6.91 0.0 9.03 9.03 6.0 6.0 25.03 11.47 15.19 16.57 7.12 18.12 15.19
20.31 8.49 0.0 8.49 12.77 12.57 8.49 9.03 18.14 9.06 9.78 12.57 10.74 12.3 7.5 3.75 11.07 15.82 12.3 3.75 7.08 3.75 5.86 5.86 18.75 16.16 16.52 2.7 7.5 9.03 0.0 0.0 6.75 6.75 18.14 5.86 6.41 12.3 3.75 9.86 6.41
20.31 8.49 0.0 8.49 12.77 12.57 8.49 9.03 18.14 9.06 9.78 12.57 10.74 12.3 7.5 3.75 11.07 15.82 12.3 3.75 7.08 3.75 5.86 5.86 18.75 16.16 16.52 2.7 7.5 9.03 0.0 0.0 6.75 6.75 18.14 5.86 6.41 12.3 3.75 9.86 6.41
27.04 14.09 6.75 14.09 19.51 19.12 14.09 6.0 24.85 15.46 14.56 19.12 17.4 18.12 10.09 7.72 17.32 22.55 18.12 7.72 6.71 7.72 11.86 11.86 25.3 22.56 23.26 9.12 10.09 6.0 6.75 6.75 0.0 0.0 24.85 11.86 12.95 18.12 7.72 16.57 12.95
27.04 14.09 6.75 14.09 19.51 19.12 14.09 6.0 24.85 15.46 14.56 19.12 17.4 18.12 10.09 7.72 17.32 22.55 18.12 7.72 6.71 7.72 11.86 11.86 25.3 22.56 23.26 9.12 10.09 6.0 6.75 6.75 0.0 0.0 24.85 11.86 12.95 18.12 7.72 16.57 12.95
4.37 12.57 18.14 12.57 5.46 6.18 12.57 25.03 0.0 9.86 14.09 6.18 7.5 9.78 18.75 18.06 8.78 4.37 9.78 18.06 22.07 18.97 13.58 13.58 3.0 4.8 2.12 16.19 18.75 25.03 18.14 18.14 24.85 24.85 0.0 13.58 12.82 9.78 18.06 9.06 12.82
16.6 2.7 5.86 2.7 8.78 7.5 2.7 11.47 13.58 3.75 4.56 7.5 6.18 6.45 5.86 4.5 5.46 12.41 6.45 4.5 8.55 8.75 0.0 0.0 13.58 10.74 12.37 5.71 5.86 11.47 5.86 5.86 11.86 11.86 13.58 0.0 6.18 6.45 4.5 7.42 6.18
14.27 8.25 6.41 8.25 7.39 8.49 8.25 15.19 12.82 6.41 10.53 8.49 6.36 10.45 11.45 8.49 8.39 9.78 10.45 8.49 12.77 6.18 6.18 6.18 14.15 12.21 10.92 3.82 11.45 15.19 6.41 6.41 12.95 12.95 12.82 6.18 0.0 10.45 8.49 3.82 0.0
13.83 4.04 12.3 4.04 7.39 4.37 4.04 16.57 9.78 4.04 4.56 4.37 5.3 0.0 9.75 10.45 2.25 10.82 0.0 10.45 13.58 14.89 6.45 6.45 8.55 5.46 9.55 11.72 9.75 16.57 12.3 12.3 18.12 18.12 9.78 6.45 10.45 0.0 10.45 9.0 10.45
20.92 6.41 3.75 6.41 13.1 12.0 6.41 7.12 18.06 8.25 6.91 12.0 10.61 10.45 3.75 0.0 9.86 16.6 10.45 0.0 4.37 7.5 4.5 4.5 18.06 15.17 16.77 5.71 3.75 7.12 3.75 3.75 7.72 7.72 18.06 4.5 8.49 10.45 0.0 11.07 8.49
10.5 8.39 9.86 8.39 3.75 5.71 8.39 18.12 9.06 5.46 10.74 5.71 3.82 9.0 13.27 11.07 6.75 6.0 9.0 11.07 15.44 10.01 7.42 7.42 10.66 9.15 7.12 7.5 13.27 18.12 9.86 9.86 16.57 16.57 9.06 7.42 3.82 9.0 11.07 0.0 3.82
14.27 8.25 6.41 8.25 7.39 8.49 8.25 15.19 12.82 6.41 10.53 8.49 6.36 10.45 11.45 8.49 8.39 9.78 10.45 8.49 12.77 6.18 6.18 6.18 14.15 12.21 10.92 3.82 11.45 15.19 6.41 6.41 12.95 12.95 12.82 6.18 0.0 10.45 8.49 3.82 0.0
