0.0 17.89 4.5 17.89 27.09 17.89 20.37 7.83 7.83 9.78 17.89 7.83 16.1 27.26 13.83 4.37 18.0 12.48 20.92 20.31 17.89 16.6 14.27 10.5 9.78 18.0 27.26 27.26 20.31 27.26 7.12 15.77 10.5 10.5 25.14 14.27 4.37 13.83 17.89 16.6 16.1 18.0 0.0 20.92 10.45 20.37 15.77 7.83 10.45 28.02 27.09 13.1 0.0 13.1 4.37 13.1 15.77 9.15 9.15 10.45 25.14
17.89 0.0 14.33 0.0 16.97 0.0 13.1 10.61 10.61 8.11 0.0 10.61 2.37 13.42 4.56 14.09 10.2 5.41 6.91 9.78 0.0 4.56 10.53 10.74 8.11 10.2 13.42 13.42 9.78 13.42 13.1 3.09 10.74 10.74 9.28 10.53 13.52 4.56 0.0 4.56 2.37 10.2 17.89 6.91 7.97 13.1 3.09 10.61 7.97 12.21 16.97 5.41 17.89 5.41 13.52 5.41 3.09 10.01 10.01 7.97 9.28
4.5 14.33 0.0 14.33 22.61 14.33 15.91 3.75 3.75 6.45 14.33 3.75 12.3 22.81 10.82 4.37 13.5 9.03 16.6 15.82 14.33 12.41 9.78 6.0 6.45 13.5 22.81 22.81 15.82 22.81 7.12 11.86 6.0 6.0 20.89 9.78 2.37 10.82 14.33 12.41 12.3 13.5 4.5 16.6 6.45 15.91 11.86 3.75 6.45 23.72 22.61 9.15 4.5 9.15 2.37 9.15 11.86 7.54 7.54 6.45 20.89
17.89 0.0 14.33 0.0 16.97 0.0 13.1 10.61 10.61 8.11 0.0 10.61 2.37 13.42 4.56 14.09 10.2 5.41 6.91 9.78 0.0 4.56 10.53 10.74 8.11 10.2 13.42 13.42 9.78 13.42 13.1 3.09 10.74 10.74 9.28 10.53 13.52 4.56 0.0 4.56 2.37 10.2 17.89 6.91 7.97 13.1 3.09 10.61 7.97 12.21 16.97 5.41 17.89 5.41 13.52 5.41 3.09 10.01 10.01 7.97 9.28
27.09 16.97 22.61 16.97 0.0 16.97 6.75 20.01 20.01 20.19 16.97 20.01 16.05 6.0 19.97 25.47 9.28 18.79 10.09 7.72 16.97 13.52 12.84 16.65 20.19 9.28 6.0 6.0 7.72 6.0 26.34 15.61 16.65 16.65 10.2 12.84 23.68 19.97 16.97 13.52 16.05 9.28 27.09 10.09 18.26 6.75 15.61 20.01 18.26 9.75 0.0 16.77 27.09 16.77 23.68 16.77 15.61 23.84 23.84 18.26 10.2
17.89 0.0 14.33 0.0 16.97 0.0 13.1 10.61 10.61 8.11 0.0 10.61 2.37 13.42 4.56 14.09 10.2 5.41 6.91 9.78 0.0 4.56 10.53 10.74 8.11 10.2 13.42 13.42 9.78 13.42 13.1 3.09 10.74 10.74 9.28 10.53 13.52 4.56 0.0 4.56 2.37 10.2 17.89 6.91 7.97 13.1 3.09 10.61 7.97 12.21 16.97 5.41 17.89 5.41 13.52 5.41 3.09 10.01 10.01 7.97 9.28
20.37 13.1 15.91 13.1 6.75 13.1 0.0 13.52 13.52 14.15 13.1 13.52 11.45 9.03 14.89 18.97 3.18 13.27 7.5 3.75 13.1 8.75 6.18 10.01 14.15 3.18 9.03 9.03 3.75 9.03 20.12 10.82 10.01 10.01 10.45 6.18 17.1 14.89 13.1 8.75 11.45 3.18 20.37 7.5 12.09 0.0 10.82 13.52 12.09 11.86 6.75 11.15 20.37 11.15 17.1 11.15 10.82 17.89 17.89 12.09 10.45
7.83 10.61 3.75 10.61 20.01 10.61 13.52 0.0 0.0 3.09 10.61 0.0 8.55 19.56 7.39 5.46 10.74 5.41 13.1 12.77 10.61 8.78 7.39 3.75 3.09 10.74 19.56 19.56 12.77 19.56 6.91 8.11 3.75 3.75 17.32 7.39 3.75 7.39 10.61 8.78 8.55 10.74 7.83 13.1 2.7 13.52 8.11 0.0 2.7 20.19 20.01 5.41 7.83 5.41 3.75 5.41 8.11 5.71 5.71 2.7 17.32
7.83 10.61 3.75 10.61 20.01 10.61 13.52 0.0 0.0 3.09 10.61 0.0 8.55 19.56 7.39 5.46 10.74 5.41 13.1 12.77 10.61 8.78 7.39 3.75 3.09 10.74 19.56 19.56 12.77 19.56 6.91 8.11 3.75 3.75 17.32 7.39 3.75 7.39 10.61 8.78 8.55 10.74 7.83 13.1 2.7 13.52 8.11 0.0 2.7 20.19 20.01 5.41 7.83 5.41 3.75 5.41 8.11 5.71 5.71 2.7 17.32
9.78 8.11 6.45 8.11 20.19 8.11 14.15 3.09 3.09 0.0 8.11 3.09 6.41 18.81 4.37 6.18 11.07 2.7 12.0 12.57 8.11 7.5 8.49 5.71 0.0 11.07 18.81 18.81 12.57 18.81 6.18 6.18 5.71 5.71 15.91 8.49 5.41 4.37 8.11 7.5 6.41 11.07 9.78 12.0 2.12 14.15 6.18 3.09 2.12 18.88 20.19 3.75 9.78 3.75 5.41 3.75 6.18 3.75 3.75 2.12 15.91
17.89 0.0 14.33 0.0 16.97 0.0 13.1 10.61 10.61 8.11 0.0 10.61 2.37 13.42 4.56 14.09 10.2 5.41 6.91 9.78 0.0 4.56 10.53 10.74 8.11 10.2 13.42 13.42 9.78 13.42 13.1 3.09 10.74 10.74 9.28 10.53 13.52 4.56 0.0 4.56 2.37 10.2 17.89 6.91 7.97 13.1 3.09 10.61 7.97 12.21 16.97 5.41 17.89 5.41 13.52 5.41 3.09 10.01 10.01 7.97 9.28
7.83 10.61 3.75 10.61 20.01 10.61 13.52 0.0 0.0 3.09 10.61 0.0 8.55 19.56 7.39 5.46 10.74 5.41 13.1 12.77 10.61 8.78 7.39 3.75 3.09 10.74 19.56 19.56 12.77 19.56 6.91 8.11 3.75 3.75 17.32 7.39 3.75 7.39 10.61 8.78 8.55 10.74 7.83 13.1 2.7 13.52 8.11 0.0 2.7 20.19 20.01 5.41 7.83 5.41 3.75 5.41 8.11 5.71 5.71 2.7 17.32
16.1 2.37 12.3 2.37 16.05 2.37 11.45 8.55 8.55 6.41 2.37 8.55 0.0 13.29 4.04 12.57 8.39 3.82 6.41 8.49 2.37 2.7 8.25 8.39 6.41 8.39 13.29 13.29 8.49 13.29 12.02 0.75 8.39 8.39 9.75 8.25 11.74 4.04 2.37 2.7 0.0 8.39 16.1 6.41 5.86 11.45 0.75 8.55 5.86 12.75 16.05 3.18 16.1 3.18 11.74 3.18 0.75 9.0 9.0 5.86 9.75
27.26 13.42 22.81 13.42 6.0 13.42 9.03 19.56 19.56 18.81 13.42 19.56 13.29 0.0 17.32 24.75 9.75 16.77 6.91 7.12 13.42 11.35 13.52 16.92 18.81 9.75 0.0 0.0 7.12 0.0 24.93 13.1 16.92 16.92 4.8 13.52 23.3 17.32 13.42 11.35 13.29 9.75 27.26 6.91 17.25 9.03 13.1 19.56 17.25 3.75 6.0 15.07 27.26 15.07 23.3 15.07 13.1 22.07 22.07 17.25 4.8
13.83 4.56 10.82 4.56 19.97 4.56 14.89 7.39 7.39 4.37 4.56 7.39 4.04 17.32 0.0 9.78 11.72 2.25 10.45 12.3 4.56 6.45 10.45 9.0 4.37 11.72 17.32 17.32 12.3 17.32 8.55 4.37 9.0 9.0 13.58 10.45 9.55 0.0 4.56 6.45 4.04 11.72 13.83 10.45 5.3 14.89 4.37 7.39 5.3 16.57 19.97 4.04 13.83 4.04 9.55 4.04 4.37 5.46 5.46 5.3 13.58
4.37 14.09 4.37 14.09 25.47 14.09 18.97 5.46 5.46 6.18 14.09 5.46 12.57 24.75 9.78 0.0 16.19 8.78 18.06 18.14 14.09 13.58 12.82 9.06 6.18 16.19 24.75 24.75 18.14 24.75 3.0 12.37 9.06 9.06 22.07 12.82 2.12 9.78 14.09 13.58 12.57 16.19 4.37 18.06 7.5 18.97 12.37 5.46 7.5 25.03 25.47 9.86 4.37 9.86 2.12 9.86 12.37 4.8 4.8 7.5 22.07
18.0 10.2 13.5 10.2 9.28 10.2 3.18 10.74 10.74 11.07 10.2 10.74 8.39 9.75 11.72 16.19 0.0 10.09 5.71 2.7 10.2 5.71 3.82 7.5 11.07 0.0 9.75 9.75 2.7 9.75 17.14 7.72 7.5 7.5 9.6 3.82 14.43 11.72 10.2 5.71 8.39 0.0 18.0 5.71 9.06 3.18 7.72 10.74 9.06 11.72 9.28 7.97 18.0 7.97 14.43 7.97 7.72 14.79 14.79 9.06 9.6
12.48 5.41 9.03 5.41 18.79 5.41 13.27 5.41 5.41 2.7 5.41 5.41 3.82 16.77 2.25 8.78 10.09 0.0 9.86 11.07 5.41 5.46 8.39 6.75 2.7 10.09 16.77 16.77 11.07 16.77 8.25 3.75 6.75 6.75 13.52 8.39 8.11 2.25 5.41 5.46 3.82 10.09 12.48 9.86 3.09 13.27 3.75 5.41 3.09 16.52 18.79 2.12 12.48 2.12 8.11 2.12 3.75 5.3 5.3 3.09 13.52
20.92 6.91 16.6 6.91 10.09 6.91 7.5 13.1 13.1 12.0 6.91 13.1 6.41 6.91 10.45 18.06 5.71 9.86 0.0 3.75 6.91 4.5 8.49 11.07 12.0 5.71 6.91 6.91 3.75 6.91 18.06 6.18 11.07 11.07 4.37 8.49 16.77 10.45 6.91 4.5 6.41 5.71 20.92 0.0 10.61 7.5 6.18 13.1 10.61 7.12 10.09 8.25 20.92 8.25 16.77 8.25 6.18 15.17 15.17 10.61 4.37
20.31 9.78 15.82 9.78 7.72 9.78 3.75 12.77 12.77 12.57 9.78 12.77 8.49 7.12 12.3 18.14 2.7 11.07 3.75 0.0 9.78 5.86 6.41 9.86 12.57 2.7 7.12 7.12 0.0 7.12 18.75 7.97 9.86 9.86 7.08 6.41 16.52 12.3 9.78 5.86 8.49 2.7 20.31 3.75 10.74 3.75 7.97 12.77 10.74 9.03 7.72 9.06 20.31 9.06 16.52 9.06 7.97 16.16 16.16 10.74 7.08
17.89 0.0 14.33 0.0 16.97 0.0 13.1 10.61 10.61 8.11 0.0 10.61 2.37 13.42 4.56 14.09 10.2 5.41 6.91 9.78 0.0 4.56 10.53 10.74 8.11 10.2 13.42 13.42 9.78 13.42 13.1 3.09 10.74 10.74 9.28 10.53 13.52 4.56 0.0 4.56 2.37 10.2 17.89 6.91 7.97 13.1 3.09 10.61 7.97 12.21 16.97 5.41 17.89 5.41 13.52 5.41 3.09 10.01 10.01 7.97 9.28
16.6 4.56 12.41 4.56 13.52 4.56 8.75 8.78 8.78 7.5 4.56 8.78 2.7 11.35 6.45 13.58 5.71 5.46 4.5 5.86 4.56 0.0 6.18 7.42 7.5 5.71 11.35 11.35 5.86 11.35 13.58 2.12 7.42 7.42 8.55 6.18 12.37 6.45 4.56 0.0 2.7 5.71 16.6 4.5 6.18 8.75 2.12 8.78 6.18 11.47 13.52 3.75 16.6 3.75 12.37 3.75 2.12 10.74 10.74 6.18 8.55
14.27 10.53 9.78 10.53 12.84 10.53 6.18 7.39 7.39 8.49 10.53 7.39 8.25 13.52 10.45 12.82 3.82 8.39 8.49 6.41 10.53 6.18 0.0 3.82 8.49 3.82 13.52 13.52 6.41 13.52 14.15 7.5 3.82 3.82 12.77 0.0 10.92 10.45 10.53 6.18 8.25 3.82 14.27 8.49 6.36 6.18 7.5 7.39 6.36 15.19 12.84 6.41 14.27 6.41 10.92 6.41 7.5 12.21 12.21 6.36 12.77
10.5 10.74 6.0 10.74 16.65 10.74 10.01 3.75 3.75 5.71 10.74 3.75 8.39 16.92 9.0 9.06 7.5 6.75 11.07 9.86 10.74 7.42 3.82 0.0 5.71 7.5 16.92 16.92 9.86 16.92 10.66 7.72 0.0 0.0 15.44 3.82 7.12 9.0 10.74 7.42 8.39 7.5 10.5 11.07 3.82 10.01 7.72 3.75 3.82 18.12 16.65 5.46 10.5 5.46 7.12 5.46 7.72 9.15 9.15 3.82 15.44
9.78 8.11 6.45 8.11 20.19 8.11 14.15 3.09 3.09 0.0 8.11 3.09 6.41 18.81 4.37 6.18 11.07 2.7 12.0 12.57 8.11 7.5 8.49 5.71 0.0 11.07 18.81 18.81 12.57 18.81 6.18 6.18 5.71 5.71 15.91 8.49 5.41 4.37 8.11 7.5 6.41 11.07 9.78 12.0 2.12 14.15 6.18 3.09 2.12 18.88 20.19 3.75 9.78 3.75 5.41 3.75 6.18 3.75 3.75 2.12 15.91
18.0 10.2 13.5 10.2 9.28 10.2 3.18 10.74 10.74 11.07 10.2 10.74 8.39 9.75 11.72 16.19 0.0 10.09 5.71 2.7 10.2 5.71 3.82 7.5 11.07 0.0 9.75 9.75 2.7 9.75 17.14 7.72 7.5 7.5 9.6 3.82 14.43 11.72 10.2 5.71 8.39 0.0 18.0 5.71 9.06 3.18 7.72 10.74 9.06 11.72 9.28 7.97 18.0 7.97 14.43 7.97 7.72 14.79 14.79 9.06 9.6
27.26 13.42 22.81 13.42 6.0 13.42 9.03 19.56 19.56 18.81 13.42 19.56 13.29 0.0 17.32 24.75 9.75 16.77 6.91 7.12 13.42 11.35 13.52 16.92 18.81 9.75 0.0 0.0 7.12 0.0 24.93 13.1 16.92 16.92 4.8 13.52 23.3 17.32 13.42 11.35 13.29 9.75 27.26 6.91 17.25 9.03 13.1 19.56 17.25 3.75 6.0 15.07 27.26 15.07 23.3 15.07 13.1 22.07 22.07 17.25 4.8
27.26 13.42 22.81 13.42 6.0 13.42 9.03 19.56 19.56 18.81 13.42 19.56 13.29 0.0 17.32 24.75 9.75 16.77 6.91 7.12 13.42 11.35 13.52 16.92 18.81 9.75 0.0 0.0 7.12 0.0 24.93 13.1 16.92 16.92 4.8 13.52 23.3 17.32 13.42 11.35 13.29 9.75 27.26 6.91 17.25 9.03 13.1 19.56 17.25 3.75 6.0 15.07 27.26 15.07 23.3 15.07 13.1 22.07 22.07 17.25 4.8
20.31 9.78 15.82 9.78 7.72 9.78 3.75 12.77 12.77 12.57 9.78 12.77 8.49 7.12 12.3 18.14 2.7 11.07 3.75 0.0 9.78 5.86 6.41 9.86 12.57 2.7 7.12 7.12 0.0 7.12 18.75 7.97 9.86 9.86 7.08 6.41 16.52 12.3 9.78 5.86 8.49 2.7 20.31 3.75 10.74 3.75 7.97 12.77 10.74 9.03 7.72 9.06 20.31 9.06 16.52 9.06 7.97 16.16 16.16 10.74 7.08
27.26 13.42 22.81 13.42 6.0 13.42 9.03 19.56 19.56 18.81 13.42 19.56 13.29 0.0 17.32 24.75 9.75 16.77 6.91 7.12 13.42 11.35 13.52 16.92 18.81 9.75 0.0 0.0 7.12 0.0 24.93 13.1 16.92 16.92 4.8 13.52 23.3 17.32 13.42 11.35 13.29 9.75 27.26 6.91 17.25 9.03 13.1 19.56 17.25 3.75 6.0 15.07 27.26 15.07 23.3 15.07 13.1 22.07 22.07 17.25 4.8
7.12 13.1 7.12 13.1 26.34 13.1 20.12 6.91 6.91 6.18 13.1 6.91 12.02 24.93 8.55 3.0 17.14 8.25 18.06 18.75 13.1 13.58 14.15 10.66 6.18 17.14 24.93 24.93 18.75 24.93 0.0 12.0 10.66 10.66 21.76 14.15 4.74 8.55 13.1 13.58 12.02 17.14 7.12 18.06 8.08 20.12 12.0 6.91 8.08 24.76 26.34 9.86 7.12 9.86 4.74 9.86 12.0 3.09 3.09 8.08 21.76
15.77 3.09 11.86 3.09 15.61 3.09 10.82 8.11 8.11 6.18 3.09 8.11 0.75 13.1 4.37 12.37 7.72 3.75 6.18 7.97 3.09 2.12 7.5 7.72 6.18 7.72 13.1 13.1 7.97 13.1 12.0 0.0 7.72 7.72 9.78 7.5 11.42 4.37 3.09 2.12 0.75 7.72 15.77 6.18 5.41 10.82 0.0 8.11 5.41 12.77 15.61 2.7 15.77 2.7 11.42 2.7 0.0 9.03 9.03 5.41 9.78
10.5 10.74 6.0 10.74 16.65 10.74 10.01 3.75 3.75 5.71 10.74 3.75 8.39 16.92 9.0 9.06 7.5 6.75 11.07 9.86 10.74 7.42 3.82 0.0 5.71 7.5 16.92 16.92 9.86 16.92 10.66 7.72 0.0 0.0 15.44 3.82 7.12 9.0 10.74 7.42 8.39 7.5 10.5 11.07 3.82 10.01 7.72 3.75 3.82 18.12 16.65 5.46 10.5 5.46 7.12 5.46 7.72 9.15 9.15 3.82 15.44
10.5 10.74 6.0 10.74 16.65 10.74 10.01 3.75 3.75 5.71 10.74 3.75 8.39 16.92 9.0 9.06 7.5 6.75 11.07 9.86 10.74 7.42 3.82 0.0 5.71 7.5 16.92 16.92 9.86 16.92 10.66 7.72 0.0 0.0 15.44 3.82 7.12 9.0 10.74 7.42 8.39 7.5 10.5 11.07 3.82 10.01 7.72 3.75 3.82 18.12 16.65 5.46 10.5 5.46 7.12 5.46 7.72 9.15 9.15 3.82 15.44
25.14 9.28 20.89 9.28 10.2 9.28 10.45 17.32 17.32 15.91 9.28 17.32 9.75 4.8 13.58 22.07 9.6 13.52 4.37 7.08 9.28 8.55 12.77 15.44 15.91 9.6 4.8 4.8 7.08 4.8 21.76 9.78 15.44 15.44 0.0 12.77 20.92 13.58 9.28 8.55 9.75 9.6 25.14 4.37 14.74 10.45 9.78 17.32 14.74 3.0 10.2 12.21 25.14 12.21 20.92 12.21 9.78 18.75 18.75 14.74 0.0
14.27 10.53 9.78 10.53 12.84 10.53 6.18 7.39 7.39 8.49 10.53 7.39 8.25 13.52 10.45 12.82 3.82 8.39 8.49 6.41 10.53 6.18 0.0 3.82 8.49 3.82 13.52 13.52 6.41 13.52 14.15 7.5 3.82 3.82 12.77 0.0 10.92 10.45 10.53 6.18 8.25 3.82 14.27 8.49 6.36 6.18 7.5 7.39 6.36 15.19 12.84 6.41 14.27 6.41 10.92 6.41 7.5 12.21 12.21 6.36 12.77
4.37 13.52 2.37 13.52 23.68 13.52 17.1 3.75 3.75 5.41 13.52 3.75 11.74 23.3 9.55 2.12 14.43 8.11 16.77 16.52 13.52 12.37 10.92 7.12 5.41 14.43 23.3 23.3 16.52 23.3 4.74 11.42 7.12 7.12 20.92 10.92 0.0 9.55 13.52 12.37 11.74 14.43 4.37 16.77 6.18 17.1 11.42 3.75 6.18 23.84 23.68 8.78 4.37 8.78 0.0 8.78 11.42 5.46 5.46 6.18 20.92
13.83 4.56 10.82 4.56 19.97 4.56 14.89 7.39 7.39 4.37 4.56 7.39 4.04 17.32 0.0 9.78 11.72 2.25 10.45 12.3 4.56 6.45 10.45 9.0 4.37 11.72 17.32 17.32 12.3 17.32 8.55 4.37 9.0 9.0 13.58 10.45 9.55 0.0 4.56 6.45 4.04 11.72 13.83 10.45 5.3 14.89 4.37 7.39 5.3 16.57 19.97 4.04 13.83 4.04 9.55 4.04 4.37 5.46 5.46 5.3 13.58
17.89 0.0 14.33 0.0 16.97 0.0 13.1 10.61 10.61 8.11 0.0 10.61 2.37 13.42 4.56 14.09 10.2 5.41 6.91 9.78 0.0 4.56 10.53 10.74 8.11 10.2 13.42 13.42 9.78 13.42 13.1 3.09 10.74 10.74 9.28 10.53 13.52 4.56 0.0 4.56 2.37 10.2 17.89 6.91 7.97 13.1 3.09 10.61 7.97 12.21 16.97 5.41 17.89 5.41 13.52 5.41 3.09 10.01 10.01 7.97 9.28
16.6 4.56 12.41 4.56 13.52 4.56 8.75 8.78 8.78 7.5 4.56 8.78 2.7 11.35 6.45 13.58 5.71 5.46 4.5 5.86 4.56 0.0 6.18 7.42 7.5 5.71 11.35 11.35 5.86 11.35 13.58 2.12 7.42 7.42 8.55 6.18 12.37 6.45 4.56 0.0 2.7 5.71 16.6 4.5 6.18 8.75 2.12 8.78 6.18 11.47 13.52 3.75 16.6 3.75 12.37 3.75 2.12 10.74 10.74 6.18 8.55
16.1 2.37 12.3 2.37 16.05 2.37 11.45 8.55 8.55 6.41 2.37 8.55 0.0 13.29 4.04 12.57 8.39 3.82 6.41 8.49 2.37 2.7 8.25 8.39 6.41 8.39 13.29 13.29 8.49 13.29 12.02 0.75 8.39 8.39 9.75 8.25 11.74 4.04 2.37 2.7 0.0 8.39 16.1 6.41 5.86 11.45 0.75 8.55 5.86 12.75 16.05 3.18 16.1 3.18 11.74 3.18 0.75 9.0 9.0 5.86 9.75
18.0 10.2 13.5 10.2 9.28 10.2 3.18 10.74 10.74 11.07 10.2 10.74 8.39 9.75 11.72 16.19 0.0 10.09 5.71 2.7 10.2 5.71 3.82 7.5 11.07 0.0 9.75 9.75 2.7 9.75 17.14 7.72 7.5 7.5 9.6 3.82 14.43 11.72 10.2 5.71 8.39 0.0 18.0 5.71 9.06 3.18 7.72 10.74 9.06 11.72 9.28 7.97 18.0 7.97 14.43 7.97 7.72 14.79 14.79 9.06 9.6
0.0 17.89 4.5 17.89 27.09 17.89 20.37 7.83 7.83 9.78 17.89 7.83 16.1 27.26 13.83 4.37 18.0 12.48 20.92 20.31 17.89 16.6 14.27 10.5 9.78 18.0 27.26 27.26 20.31 27.26 7.12 15.77 10.5 10.5 25.14 14.27 4.37 13.83 17.89 16.6 16.1 18.0 0.0 20.92 10.45 20.37 15.77 7.83 10.45 28.02 27.09 13.1 0.0 13.1 4.37 13.1 15.77 9.15 9.15 10.45 25.14
20.92 6.91 16.6 6.91 10.09 6.91 7.5 13.1 13.1 12.0 6.91 13.1 6.41 6.91 10.45 18.06 5.71 9.86 0.0 3.75 6.91 4.5 8.49 11.07 12.0 5.71 6.91 6.91 3.75 6.91 18.06 6.18 11.07 11.07 4.37 8.49 16.77 10.45 6.91 4.5 6.41 5.71 20.92 0.0 10.61 7.5 6.18 13.1 10.61 7.12 10.09 8.25 20.92 8.25 16.77 8.25 6.18 15.17 15.17 10.61 4.37
10.45 7.97 6.45 7.97 18.26 7.97 12.09 2.7 2.7 2.12 7.97 2.7 5.86 17.25 5.3 7.5 9.06 3.09 10.61 10.74 7.97 6.18 6.36 3.82 2.12 9.06 17.25 17.25 10.74 17.25 8.08 5.41 3.82 3.82 14.74 6.36 6.18 5.3 7.97 6.18 5.86 9.06 10.45 10.61 0.0 12.09 5.41 2.7 0.0 17.65 18.26 2.7 10.45 2.7 6.18 2.7 5.41 5.86 5.86 0.0 14.74
20.37 13.1 15.91 13.1 6.75 13.1 0.0 13.52 13.52 14.15 13.1 13.52 11.45 9.03 14.89 18.97 3.18 13.27 7.5 3.75 13.1 8.75 6.18 10.01 14.15 3.18 9.03 9.03 3.75 9.03 20.12 10.82 10.01 10.01 10.45 6.18 17.1 14.89 13.1 8.75 11.45 3.18 20.37 7.5 12.09 0.0 10.82 13.52 12.09 11.86 6.75 11.15 20.37 11.15 17.1 11.15 10.82 17.89 17.89 12.09 10.45
15.77 3.09 11.86 3.09 15.61 3.09 10.82 8.11 8.11 6.18 3.09 8.11 0.75 13.1 4.37 12.37 7.72 3.75 6.18 7.97 3.09 2.12 7.5 7.72 6.18 7.72 13.1 13.1 7.97 13.1 12.0 0.0 7.72 7.72 9.78 7.5 11.42 4.37 3.09 2.12 0.75 7.72 15.77 6.18 5.41 10.82 0.0 8.11 5.41 12.77 15.61 2.7 15.77 2.7 11.42 2.7 0.0 9.03 9.03 5.41 9.78
7.83 10.61 3.75 10.61 20.01 10.61 13.52 0.0 0.0 3.09 10.61 0.0 8.55 19.56 7.39 5.46 10.74 5.41 13.1 12.77 10.61 8.78 7.39 3.75 3.09 10.74 19.56 19.56 12.77 19.56 6.91 8.11 3.75 3.75 17.32 7.39 3.75 7.39 10.61 8.78 8.55 10.74 7.83 13.1 2.7 13.52 8.11 0.0 2.7 20.19 20.01 5.41 7.83 5.41 3.75 5.41 8.11 5.71 5.71 2.7 17.32
10.45 7.97 6.45 7.97 18.26 7.97 12.09 2.7 2.7 2.12 7.97 2.7 5.86 17.25 5.3 7.5 9.06 3.09 10.61 10.74 7.97 6.18 6.36 3.82 2.12 9.06 17.25 17.25 10.74 17.25 8.08 5.41 3.82 3.82 14.74 6.36 6.18 5.3 7.97 6.18 5.86 9.06 10.45 10.61 0.0 12.09 5.41 2.7 0.0 17.65 18.26 2.7 10.45 2.7 6.18 2.7 5.41 5.86 5.86 0.0 14.74
28.02 12.21 23.72 12.21 9.75 12.21 11.86 20.19 20.19 18.88 12.21 20.19 12.75 3.75 16.57 25.03 11.72 16.52 7.12 9.03 12.21 11.47 15.19 18.12 18.88 11.72 3.75 3.75 9.03 3.75 24.76 12.77 18.12 18.12 3.0 15.19 23.84 16.57 12.21 11.47 12.75 11.72 28.02 7.12 17.65 11.86 12.77 20.19 17.65 0.0 9.75 15.17 28.02 15.17 23.84 15.17 12.77 21.75 21.75 17.65 3.0
27.09 16.97 22.61 16.97 0.0 16.97 6.75 20.01 20.01 20.19 16.97 20.01 16.05 6.0 19.97 25.47 9.28 18.79 10.09 7.72 16.97 13.52 12.84 16.65 20.19 9.28 6.0 6.0 7.72 6.0 26.34 15.61 16.65 16.65 10.2 12.84 23.68 19.97 16.97 13.52 16.05 9.28 27.09 10.09 18.26 6.75 15.61 20.01 18.26 9.75 0.0 16.77 27.09 16.77 23.68 16.77 15.61 23.84 23.84 18.26 10.2
13.1 5.41 9.15 5.41 16.77 5.41 11.15 5.41 5.41 3.75 5.41 5.41 3.18 15.07 4.04 9.86 7.97 2.12 8.25 9.06 5.41 3.75 6.41 5.46 3.75 7.97 15.07 15.07 9.06 15.07 9.86 2.7 5.46 5.46 12.21 6.41 8.78 4.04 5.41 3.75 3.18 7.97 13.1 8.25 2.7 11.15 2.7 5.41 2.7 15.17 16.77 0.0 13.1 0.0 8.78 0.0 2.7 7.12 7.12 2.7 12.21
0.0 17.89 4.5 17.89 27.09 17.89 20.37 7.83 7.83 9.78 17.89 7.83 16.1 27.26 13.83 4.37 18.0 12.48 20.92 20.31 17.89 16.6 14.27 10.5 9.78 18.0 27.26 27.26 20.31 27.26 7.12 15.77 10.5 10.5 25.14 14.27 4.37 13.83 17.89 16.6 16.1 18.0 0.0 20.92 10.45 20.37 15.77 7.83 10.45 28.02 27.09 13.1 0.0 13.1 4.37 13.1 15.77 9.15 9.15 10.45 25.14
13.1 5.41 9.15 5.41 16.77 5.41 11.15 5.41 5.41 3.75 5.41 5.41 3.18 15.07 4.04 9.86 7.97 2.12 8.25 9.06 5.41 3.75 6.41 5.46 3.75 7.97 15.07 15.07 9.06 15.07 9.86 2.7 5.46 5.46 12.21 6.41 8.78 4.04 5.41 3.75 3.18 7.97 13.1 8.25 2.7 11.15 2.7 5.41 2.7 15.17 16.77 0.0 13.1 0.0 8.78 0.0 2.7 7.12 7.12 2.7 12.21
4.37 13.52 2.37 13.52 23.68 13.52 17.1 3.75 3.75 5.41 13.52 3.75 11.74 23.3 9.55 2.12 14.43 8.11 16.77 16.52 13.52 12.37 10.92 7.12 5.41 14.43 23.3 23.3 16.52 23.3 4.74 11.42 7.12 7.12 20.92 10.92 0.0 9.55 13.52 12.37 11.74 14.43 4.37 16.77 6.18 17.1 11.42 3.75 6.18 23.84 23.68 8.78 4.37 8.78 0.0 8.78 11.42 5.46 5.46 6.18 20.92
13.1 5.41 9.15 5.41 16.77 5.41 11.15 5.41 5.41 3.75 5.41 5.41 3.18 15.07 4.04 9.86 7.97 2.12 8.25 9.06 5.41 3.75 6.41 5.46 3.75 7.97 15.07 15.07 9.06 15.07 9.86 2.7 5.46 5.46 12.21 6.41 8.78 4.04 5.41 3.75 3.18 7.97 13.1 8.25 2.7 11.15 2.7 5.41 2.7 15.17 16.77 0.0 13.1 0.0 8.78 0.0 2.7 7.12 7.12 2.7 12.21
15.77 3.09 11.86 3.09 15.61 3.09 10.82 8.11 8.11 6.18 3.09 8.11 0.75 13.1 4.37 12.37 7.72 3.75 6.18 7.97 3.09 2.12 7.5 7.72 6.18 7.72 13.1 13.1 7.97 13.1 12.0 0.0 7.72 7.72 9.78 7.5 11.42 4.37 3.09 2.12 0.75 7.72 15.77 6.18 5.41 10.82 0.0 8.11 5.41 12.77 15.61 2.7 15.77 2.7 11.42 2.7 0.0 9.03 9.03 5.41 9.78
9.15 10.01 7.54 10.01 23.84 10.01 17.89 5.71 5.71 3.75 10.01 5.71 9.0 22.07 5.46 4.8 14.79 5.3 15.17 16.16 10.01 10.74 12.21 9.15 3.75 14.79 22.07 22.07 16.16 22.07 3.09 9.03 9.15 9.15 18.75 12.21 5.46 5.46 10.01 10.74 9.0 14.79 9.15 15.17 5.86 17.89 9.03 5.71 5.86 21.75 23.84 7.12 9.15 7.12 5.46 7.12 9.03 0.0 0.0 5.86 18.75
9.15 10.01 7.54 10.01 23.84 10.01 17.89 5.71 5.71 3.75 10.01 5.71 9.0 22.07 5.46 4.8 14.79 5.3 15.17 16.16 10.01 10.74 12.21 9.15 3.75 14.79 22.07 22.07 16.16 22.07 3.09 9.03 9.15 9.15 18.75 12.21 5.46 5.46 10.01 10.74 9.0 14.79 9.15 15.17 5.86 17.89 9.03 5.71 5.86 21.75 23.84 7.12 9.15 7.12 5.46 7.12 9.03 0.0 0.0 5.86 18.75
10.45 7.97 6.45 7.97 18.26 7.97 12.09 2.7 2.7 2.12 7.97 2.7 5.86 17.25 5.3 7.5 9.06 3.09 10.61 10.74 7.97 6.18 6.36 3.82 2.12 9.06 17.25 17.25 10.74 17.25 8.08 5.41 3.82 3.82 14.74 6.36 6.18 5.3 7.97 6.18 5.86 9.06 10.45 10.61 0.0 12.09 5.41 2.7 0.0 17.65 18.26 2.7 10.45 2.7 6.18 2.7 5.41 5.86 5.86 0.0 14.74
25.14 9.28 20.89 9.28 10.2 9.28 10.45 17.32 17.32 15.91 9.28 17.32 9.75 4.8 13.58 22.07 9.6 13.52 4.37 7.08 9.28 8.55 12.77 15.44 15.91 9.6 4.8 4.8 7.08 4.8 21.76 9.78 15.44 15.44 0.0 12.77 20.92 13.58 9.28 8.55 9.75 9.6 25.14 4.37 14.74 10.45 9.78 17.32 14.74 3.0 10.2 12.21 25.14 12.21 20.92 12.21 9.78 18.75 18.75 14.74 0.0
