0.0 10.45 16.6 7.83 20.37 22.16 4.37 0.0 27.09 20.37 27.09 20.92 20.92 4.37 12.48 16.1 7.12 12.48 28.02 20.92 20.37 14.27 10.5 10.5 20.92 16.6 27.04 0.0 0.0 12.48 18.0 14.27 9.15 22.16 7.12 7.83 18.0 16.1 4.5 10.5 27.04 4.5 27.09 16.6 20.31 4.5 0.0 9.15 20.31 4.37 17.89 20.37 18.0 12.48 25.14 7.83 28.02 27.04 4.37 14.27 4.5 16.6 22.16 15.77 27.09 15.77 18.0 27.04 20.92 25.14 14.27 20.92 9.15 12.48 13.83 0.0 20.37 10.5 10.5 27.26 9.78 10.5 4.37 9.78 15.77 27.09 10.5 20.37 12.48 4.37 17.89 18.0 7.83 10.5 10.45 28.02 4.37 17.89 25.14 7.12 27.04
10.45 0.0 6.18 2.7 12.09 11.74 7.5 10.45 18.26 12.09 18.26 10.61 10.61 7.5 3.09 5.86 8.08 3.09 17.65 10.61 12.09 6.36 3.82 3.82 10.61 6.18 17.4 10.45 10.45 3.09 9.06 6.36 5.86 11.74 8.08 2.7 9.06 5.86 6.45 3.82 17.4 6.45 18.26 6.18 10.74 6.45 10.45 5.86 10.74 7.5 7.97 12.09 9.06 3.09 14.74 2.7 17.65 17.4 7.5 6.36 6.45 6.18 11.74 5.41 18.26 5.41 9.06 17.4 10.61 14.74 6.36 10.61 5.86 3.09 5.3 10.45 12.09 3.82 3.82 17.25 2.12 3.82 6.18 2.12 5.41 18.26 3.82 12.09 3.09 6.18 7.97 9.06 2.7 3.82 0.0 17.65 6.18 7.97 14.74 8.08 17.4
16.6 6.18 0.0 8.78 8.75 5.86 13.58 16.6 13.52 8.75 13.52 4.5 4.5 13.58 5.46 2.7 13.58 5.46 11.47 4.5 8.75 6.18 7.42 7.42 4.5 0.0 11.86 16.6 16.6 5.46 5.71 6.18 10.74 5.86 13.58 8.78 5.71 2.7 12.41 7.42 11.86 12.41 13.52 0.0 5.86 12.41 16.6 10.74 5.86 13.58 4.56 8.75 5.71 5.46 8.55 8.78 11.47 11.86 13.58 6.18 12.41 0.0 5.86 2.12 13.52 2.12 5.71 11.86 4.5 8.55 6.18 4.5 10.74 5.46 6.45 16.6 8.75 7.42 7.42 11.35 7.5 7.42 12.37 7.5 2.12 13.52 7.42 8.75 5.46 12.37 4.56 5.71 8.78 7.42 6.18 11.47 12.37 4.56 8.55 13.58 11.86
7.83 2.7 8.78 0.0 13.52 14.43 5.46 7.83 20.01 13.52 20.01 13.1 13.1 5.46 5.41 8.55 6.91 5.41 20.19 13.1 13.52 7.39 3.75 3.75 13.1 8.78 19.51 7.83 7.83 5.41 10.74 7.39 5.71 14.43 6.91 0.0 10.74 8.55 3.75 3.75 19.51 3.75 20.01 8.78 12.77 3.75 7.83 5.71 12.77 5.46 10.61 13.52 10.74 5.41 17.32 0.0 20.19 19.51 5.46 7.39 3.75 8.78 14.43 8.11 20.01 8.11 10.74 19.51 13.1 17.32 7.39 13.1 5.71 5.41 7.39 7.83 13.52 3.75 3.75 19.56 3.09 3.75 3.75 3.09 8.11 20.01 3.75 13.52 5.41 3.75 10.61 10.74 0.0 3.75 2.7 20.19 3.75 10.61 17.32 6.91 19.51
20.37 12.09 8.75 13.52 0.0 11.25 18.97 20.37 6.75 0.0 6.75 7.5 7.5 18.97 13.27 11.45 20.12 13.27 11.86 7.5 0.0 6.18 10.01 10.01 7.5 8.75 7.72 20.37 20.37 13.27 3.18 6.18 17.89 11.25 20.12 13.52 3.18 11.45 15.91 10.01 7.72 15.91 6.75 8.75 3.75 15.91 20.37 17.89 3.75 18.97 13.1 0.0 3.18 13.27 10.45 13.52 11.86 7.72 18.97 6.18 15.91 8.75 11.25 10.82 6.75 10.82 3.18 7.72 7.5 10.45 6.18 7.5 17.89 13.27 14.89 20.37 0.0 10.01 10.01 9.03 14.15 10.01 17.1 14.15 10.82 6.75 10.01 0.0 13.27 17.1 13.1 3.18 13.52 10.01 12.09 11.86 17.1 13.1 10.45 20.12 7.72
22.16 11.74 5.86 14.43 11.25 0.0 18.75 22.16 13.12 11.25 13.12 3.75 3.75 18.75 10.01 6.18 18.14 10.01 6.91 3.75 11.25 11.45 13.27 13.27 3.75 5.86 10.09 22.16 22.16 10.01 9.28 11.45 15.07 0.0 18.14 14.43 9.28 6.18 18.14 13.27 10.09 18.14 13.12 5.86 7.5 18.14 22.16 15.07 7.5 18.75 5.3 11.25 9.28 10.01 4.04 14.43 6.91 10.09 18.75 11.45 18.14 5.86 0.0 6.41 13.12 6.41 9.28 10.09 3.75 4.04 11.45 3.75 15.07 10.01 9.75 22.16 11.25 13.27 13.27 8.55 12.57 13.27 17.83 12.57 6.41 13.12 13.27 11.25 10.01 17.83 5.3 9.28 14.43 13.27 11.74 6.91 17.83 5.3 4.04 18.14 10.09
4.37 7.5 13.58 5.46 18.97 18.75 0.0 4.37 25.47 18.97 25.47 18.06 18.06 0.0 8.78 12.57 3.0 8.78 25.03 18.06 18.97 12.82 9.06 9.06 18.06 13.58 24.85 4.37 4.37 8.78 16.19 12.82 4.8 18.75 3.0 5.46 16.19 12.57 4.37 9.06 24.85 4.37 25.47 13.58 18.14 4.37 4.37 4.8 18.14 0.0 14.09 18.97 16.19 8.78 22.07 5.46 25.03 24.85 0.0 12.82 4.37 13.58 18.75 12.37 25.47 12.37 16.19 24.85 18.06 22.07 12.82 18.06 4.8 8.78 9.78 4.37 18.97 9.06 9.06 24.75 6.18 9.06 2.12 6.18 12.37 25.47 9.06 18.97 8.78 2.12 14.09 16.19 5.46 9.06 7.5 25.03 2.12 14.09 22.07 3.0 24.85
0.0 10.45 16.6 7.83 20.37 22.16 4.37 0.0 27.09 20.37 27.09 20.92 20.92 4.37 12.48 16.1 7.12 12.48 28.02 20.92 20.37 14.27 10.5 10.5 20.92 16.6 27.04 0.0 0.0 12.48 18.0 14.27 9.15 22.16 7.12 7.83 18.0 16.1 4.5 10.5 27.04 4.5 27.09 16.6 20.31 4.5 0.0 9.15 20.31 4.37 17.89 20.37 18.0 12.48 25.14 7.83 28.02 27.04 4.37 14.27 4.5 16.6 22.16 15.77 27.09 15.77 18.0 27.04 20.92 25.14 14.27 20.92 9.15 12.48 13.83 0.0 20.37 10.5 10.5 27.26 9.78 10.5 4.37 9.78 15.77 27.09 10.5 20.37 12.48 4.37 17.89 18.0 7.83 10.5 10.45 28.02 4.37 17.89 25.14 7.12 27.04
27.09 18.26 13.52 20.01 6.75 13.12 25.47 27.09 0.0 6.75 0.0 10.09 10.09 25.47 18.79 16.05 26.34 18.79 9.75 10.09 6.75 12.84 16.65 16.65 10.09 13.52 3.75 27.09 27.09 18.79 9.28 12.84 23.84 13.12 26.34 20.01 9.28 16.05 22.61 16.65 3.75 22.61 0.0 13.52 7.72 22.61 27.09 23.84 7.72 25.47 16.97 6.75 9.28 18.79 10.2 20.01 9.75 3.75 25.47 12.84 22.61 13.52 13.12 15.61 0.0 15.61 9.28 3.75 10.09 10.2 12.84 10.09 23.84 18.79 19.97 27.09 6.75 16.65 16.65 6.0 20.19 16.65 23.68 20.19 15.61 0.0 16.65 6.75 18.79 23.68 16.97 9.28 20.01 16.65 18.26 9.75 23.68 16.97 10.2 26.34 3.75
20.37 12.09 8.75 13.52 0.0 11.25 18.97 20.37 6.75 0.0 6.75 7.5 7.5 18.97 13.27 11.45 20.12 13.27 11.86 7.5 0.0 6.18 10.01 10.01 7.5 8.75 7.72 20.37 20.37 13.27 3.18 6.18 17.89 11.25 20.12 13.52 3.18 11.45 15.91 10.01 7.72 15.91 6.75 8.75 3.75 15.91 20.37 17.89 3.75 18.97 13.1 0.0 3.18 13.27 10.45 13.52 11.86 7.72 18.97 6.18 15.91 8.75 11.25 10.82 6.75 10.82 3.18 7.72 7.5 10.45 6.18 7.5 17.89 13.27 14.89 20.37 0.0 10.01 10.01 9.03 14.15 10.01 17.1 14.15 10.82 6.75 10.01 0.0 13.27 17.1 13.1 3.18 13.52 10.01 12.09 11.86 17.1 13.1 10.45 20.12 7.72
27.09 18.26 13.52 20.01 6.75 13.12 25.47 27.09 0.0 6.75 0.0 10.09 10.09 25.47 18.79 16.05 26.34 18.79 9.75 10.09 6.75 12.84 16.65 16.65 10.09 13.52 3.75 27.09 27.09 18.79 9.28 12.84 23.84 13.12 26.34 20.01 9.28 16.05 22.61 16.65 3.75 22.61 0.0 13.52 7.72 22.61 27.09 23.84 7.72 25.47 16.97 6.75 9.28 18.79 10.2 20.01 9.75 3.75 25.47 12.84 22.61 13.52 13.12 15.61 0.0 15.61 9.28 3.75 10.09 10.2 12.84 10.09 23.84 18.79 19.97 27.09 6.75 16.65 16.65 6.0 20.19 16.65 23.68 20.19 15.61 0.0 16.65 6.75 18.79 23.68 16.97 9.28 20.01 16.65 18.26 9.75 23.68 16.97 10.2 26.34 3.75
20.92 10.61 4.5 13.1 7.5 3.75 18.06 20.92 10.09 7.5 10.09 0.0 0.0 18.06 9.86 6.41 18.06 9.86 7.12 0.0 7.5 8.49 11.07 11.07 0.0 4.5 7.72 20.92 20.92 9.86 5.71 8.49 15.17 3.75 18.06 13.1 5.71 6.41 16.6 11.07 7.72 16.6 10.09 4.5 3.75 16.6 20.92 15.17 3.75 18.06 6.91 7.5 5.71 9.86 4.37 13.1 7.12 7.72 18.06 8.49 16.6 4.5 3.75 6.18 10.09 6.18 5.71 7.72 0.0 4.37 8.49 0.0 15.17 9.86 10.45 20.92 7.5 11.07 11.07 6.91 12.0 11.07 16.77 12.0 6.18 10.09 11.07 7.5 9.86 16.77 6.91 5.71 13.1 11.07 10.61 7.12 16.77 6.91 4.37 18.06 7.72
20.92 10.61 4.5 13.1 7.5 3.75 18.06 20.92 10.09 7.5 10.09 0.0 0.0 18.06 9.86 6.41 18.06 9.86 7.12 0.0 7.5 8.49 11.07 11.07 0.0 4.5 7.72 20.92 20.92 9.86 5.71 8.49 15.17 3.75 18.06 13.1 5.71 6.41 16.6 11.07 7.72 16.6 10.09 4.5 3.75 16.6 20.92 15.17 3.75 18.06 6.91 7.5 5.71 9.86 4.37 13.1 7.12 7.72 18.06 8.49 16.6 4.5 3.75 6.18 10.09 6.18 5.71 7.72 0.0 4.37 8.49 0.0 15.17 9.86 10.45 20.92 7.5 11.07 11.07 6.91 12.0 11.07 16.77 12.0 6.18 10.09 11.07 7.5 9.86 16.77 6.91 5.71 13.1 11.07 10.61 7.12 16.77 6.91 4.37 18.06 7.72
4.37 7.5 13.58 5.46 18.97 18.75 0.0 4.37 25.47 18.97 25.47 18.06 18.06 0.0 8.78 12.57 3.0 8.78 25.03 18.06 18.97 12.82 9.06 9.06 18.06 13.58 24.85 4.37 4.37 8.78 16.19 12.82 4.8 18.75 3.0 5.46 16.19 12.57 4.37 9.06 24.85 4.37 25.47 13.58 18.14 4.37 4.37 4.8 18.14 0.0 14.09 18.97 16.19 8.78 22.07 5.46 25.03 24.85 0.0 12.82 4.37 13.58 18.75 12.37 25.47 12.37 16.19 24.85 18.06 22.07 12.82 18.06 4.8 8.78 9.78 4.37 18.97 9.06 9.06 24.75 6.18 9.06 2.12 6.18 12.37 25.47 9.06 18.97 8.78 2.12 14.09 16.19 5.46 9.06 7.5 25.03 2.12 14.09 22.07 3.0 24.85
12.48 3.09 5.46 5.41 13.27 10.01 8.78 12.48 18.79 13.27 18.79 9.86 9.86 8.78 0.0 3.82 8.25 0.0 16.52 9.86 13.27 8.39 6.75 6.75 9.86 5.46 17.32 12.48 12.48 0.0 10.09 8.39 5.3 10.01 8.25 5.41 10.09 3.82 9.03 6.75 17.32 9.03 18.79 5.46 11.07 9.03 12.48 5.3 11.07 8.78 5.41 13.27 10.09 0.0 13.52 5.41 16.52 17.32 8.78 8.39 9.03 5.46 10.01 3.75 18.79 3.75 10.09 17.32 9.86 13.52 8.39 9.86 5.3 0.0 2.25 12.48 13.27 6.75 6.75 16.77 2.7 6.75 8.11 2.7 3.75 18.79 6.75 13.27 0.0 8.11 5.41 10.09 5.41 6.75 3.09 16.52 8.11 5.41 13.52 8.25 17.32
16.1 5.86 2.7 8.55 11.45 6.18 12.57 16.1 16.05 11.45 16.05 6.41 6.41 12.57 3.82 0.0 12.02 3.82 12.75 6.41 11.45 8.25 8.39 8.39 6.41 2.7 14.09 16.1 16.1 3.82 8.39 8.25 9.0 6.18 12.02 8.55 8.39 0.0 12.3 8.39 14.09 12.3 16.05 2.7 8.49 12.3 16.1 9.0 8.49 12.57 2.37 11.45 8.39 3.82 9.75 8.55 12.75 14.09 12.57 8.25 12.3 2.7 6.18 0.75 16.05 0.75 8.39 14.09 6.41 9.75 8.25 6.41 9.0 3.82 4.04 16.1 11.45 8.39 8.39 13.29 6.41 8.39 11.74 6.41 0.75 16.05 8.39 11.45 3.82 11.74 2.37 8.39 8.55 8.39 5.86 12.75 11.74 2.37 9.75 12.02 14.09
7.12 8.08 13.58 6.91 20.12 18.14 3.0 7.12 26.34 20.12 26.34 18.06 18.06 3.0 8.25 12.02 0.0 8.25 24.76 18.06 20.12 14.15 10.66 10.66 18.06 13.58 25.3 7.12 7.12 8.25 17.14 14.15 3.09 18.14 0.0 6.91 17.14 12.02 7.12 10.66 25.3 7.12 26.34 13.58 18.75 7.12 7.12 3.09 18.75 3.0 13.1 20.12 17.14 8.25 21.76 6.91 24.76 25.3 3.0 14.15 7.12 13.58 18.14 12.0 26.34 12.0 17.14 25.3 18.06 21.76 14.15 18.06 3.09 8.25 8.55 7.12 20.12 10.66 10.66 24.93 6.18 10.66 4.74 6.18 12.0 26.34 10.66 20.12 8.25 4.74 13.1 17.14 6.91 10.66 8.08 24.76 4.74 13.1 21.76 0.0 25.3
12.48 3.09 5.46 5.41 13.27 10.01 8.78 12.48 18.79 13.27 18.79 9.86 9.86 8.78 0.0 3.82 8.25 0.0 16.52 9.86 13.27 8.39 6.75 6.75 9.86 5.46 17.32 12.48 12.48 0.0 10.09 8.39 5.3 10.01 8.25 5.41 10.09 3.82 9.03 6.75 17.32 9.03 18.79 5.46 11.07 9.03 12.48 5.3 11.07 8.78 5.41 13.27 10.09 0.0 13.52 5.41 16.52 17.32 8.78 8.39 9.03 5.46 10.01 3.75 18.79 3.75 10.09 17.32 9.86 13.52 8.39 9.86 5.3 0.0 2.25 12.48 13.27 6.75 6.75 16.77 2.7 6.75 8.11 2.7 3.75 18.79 6.75 13.27 0.0 8.11 5.41 10.09 5.41 6.75 3.09 16.52 8.11 5.41 13.52 8.25 17.32
28.02 17.65 11.47 20.19 11.86 6.91 25.03 28.02 9.75 11.86 9.75 7.12 7.12 25.03 16.52 12.75 24.76 16.52 0.0 7.12 11.86 15.19 18.12 18.12 7.12 11.47 6.0 28.02 28.02 16.52 11.72 15.19 21.75 6.91 24.76 20.19 11.72 12.75 23.72 18.12 6.0 23.72 9.75 11.47 9.03 23.72 28.02 21.75 9.03 25.03 12.21 11.86 11.72 16.52 3.0 20.19 0.0 6.0 25.03 15.19 23.72 11.47 6.91 12.77 9.75 12.77 11.72 6.0 7.12 3.0 15.19 7.12 21.75 16.52 16.57 28.02 11.86 18.12 18.12 3.75 18.88 18.12 23.84 18.88 12.77 9.75 18.12 11.86 16.52 23.84 12.21 11.72 20.19 18.12 17.65 0.0 23.84 12.21 3.0 24.76 6.0
20.92 10.61 4.5 13.1 7.5 3.75 18.06 20.92 10.09 7.5 10.09 0.0 0.0 18.06 9.86 6.41 18.06 9.86 7.12 0.0 7.5 8.49 11.07 11.07 0.0 4.5 7.72 20.92 20.92 9.86 5.71 8.49 15.17 3.75 18.06 13.1 5.71 6.41 16.6 11.07 7.72 16.6 10.09 4.5 3.75 16.6 20.92 15.17 3.75 18.06 6.91 7.5 5.71 9.86 4.37 13.1 7.12 7.72 18.06 8.49 16.6 4.5 3.75 6.18 10.09 6.18 5.71 7.72 0.0 4.37 8.49 0.0 15.17 9.86 10.45 20.92 7.5 11.07 11.07 6.91 12.0 11.07 16.77 12.0 6.18 10.09 11.07 7.5 9.86 16.77 6.91 5.71 13.1 11.07 10.61 7.12 16.77 6.91 4.37 18.06 7.72
20.37 12.09 8.75 13.52 0.0 11.25 18.97 20.37 6.75 0.0 6.75 7.5 7.5 18.97 13.27 11.45 20.12 13.27 11.86 7.5 0.0 6.18 10.01 10.01 7.5 8.75 7.72 20.37 20.37 13.27 3.18 6.18 17.89 11.25 20.12 13.52 3.18 11.45 15.91 10.01 7.72 15.91 6.75 8.75 3.75 15.91 20.37 17.89 3.75 18.97 13.1 0.0 3.18 13.27 10.45 13.52 11.86 7.72 18.97 6.18 15.91 8.75 11.25 10.82 6.75 10.82 3.18 7.72 7.5 10.45 6.18 7.5 17.89 13.27 14.89 20.37 0.0 10.01 10.01 9.03 14.15 10.01 17.1 14.15 10.82 6.75 10.01 0.0 13.27 17.1 13.1 3.18 13.52 10.01 12.09 11.86 17.1 13.1 10.45 20.12 7.72
14.27 6.36 6.18 7.39 6.18 11.45 12.82 14.27 12.84 6.18 12.84 8.49 8.49 12.82 8.39 8.25 14.15 8.39 15.19 8.49 6.18 0.0 3.82 3.82 8.49 6.18 12.95 14.27 14.27 8.39 3.82 0.0 12.21 11.45 14.15 7.39 3.82 8.25 9.78 3.82 12.95 9.78 12.84 6.18 6.41 9.78 14.27 12.21 6.41 12.82 10.53 6.18 3.82 8.39 12.77 7.39 15.19 12.95 12.82 0.0 9.78 6.18 11.45 7.5 12.84 7.5 3.82 12.95 8.49 12.77 0.0 8.49 12.21 8.39 10.45 14.27 6.18 3.82 3.82 13.52 8.49 3.82 10.92 8.49 7.5 12.84 3.82 6.18 8.39 10.92 10.53 3.82 7.39 3.82 6.36 15.19 10.92 10.53 12.77 14.15 12.95
10.5 3.82 7.42 3.75 10.01 13.27 9.06 10.5 16.65 10.01 16.65 11.07 11.07 9.06 6.75 8.39 10.66 6.75 18.12 11.07 10.01 3.82 0.0 0.0 11.07 7.42 16.57 10.5 10.5 6.75 7.5 3.82 9.15 13.27 10.66 3.75 7.5 8.39 6.0 0.0 16.57 6.0 16.65 7.42 9.86 6.0 10.5 9.15 9.86 9.06 10.74 10.01 7.5 6.75 15.44 3.75 18.12 16.57 9.06 3.82 6.0 7.42 13.27 7.72 16.65 7.72 7.5 16.57 11.07 15.44 3.82 11.07 9.15 6.75 9.0 10.5 10.01 0.0 0.0 16.92 5.71 0.0 7.12 5.71 7.72 16.65 0.0 10.01 6.75 7.12 10.74 7.5 3.75 0.0 3.82 18.12 7.12 10.74 15.44 10.66 16.57
10.5 3.82 7.42 3.75 10.01 13.27 9.06 10.5 16.65 10.01 16.65 11.07 11.07 9.06 6.75 8.39 10.66 6.75 18.12 11.07 10.01 3.82 0.0 0.0 11.07 7.42 16.57 10.5 10.5 6.75 7.5 3.82 9.15 13.27 10.66 3.75 7.5 8.39 6.0 0.0 16.57 6.0 16.65 7.42 9.86 6.0 10.5 9.15 9.86 9.06 10.74 10.01 7.5 6.75 15.44 3.75 18.12 16.57 9.06 3.82 6.0 7.42 13.27 7.72 16.65 7.72 7.5 16.57 11.07 15.44 3.82 11.07 9.15 6.75 9.0 10.5 10.01 0.0 0.0 16.92 5.71 0.0 7.12 5.71 7.72 16.65 0.0 10.01 6.75 7.12 10.74 7.5 3.75 0.0 3.82 18.12 7.12 10.74 15.44 10.66 16.57
20.92 10.61 4.5 13.1 7.5 3.75 18.06 20.92 10.09 7.5 10.09 0.0 0.0 18.06 9.86 6.41 18.06 9.86 7.12 0.0 7.5 8.49 11.07 11.07 0.0 4.5 7.72 20.92 20.92 9.86 5.71 8.49 15.17 3.75 18.06 13.1 5.71 6.41 16.6 11.07 7.72 16.6 10.09 4.5 3.75 16.6 20.92 15.17 3.75 18.06 6.91 7.5 5.71 9.86 4.37 13.1 7.12 7.72 18.06 8.49 16.6 4.5 3.75 6.18 10.09 6.18 5.71 7.72 0.0 4.37 8.49 0.0 15.17 9.86 10.45 20.92 7.5 11.07 11.07 6.91 12.0 11.07 16.77 12.0 6.18 10.09 11.07 7.5 9.86 16.77 6.91 5.71 13.1 11.07 10.61 7.12 16.77 6.91 4.37 18.06 7.72
16.6 6.18 0.0 8.78 8.75 5.86 13.58 16.6 13.52 8.75 13.52 4.5 4.5 13.58 5.46 2.7 13.58 5.46 11.47 4.5 8.75 6.18 7.42 7.42 4.5 0.0 11.86 16.6 16.6 5.46 5.71 6.18 10.74 5.86 13.58 8.78 5.71 2.7 12.41 7.42 11.86 12.41 13.52 0.0 5.86 12.41 16.6 10.74 5.86 13.58 4.56 8.75 5.71 5.46 8.55 8.78 11.47 11.86 13.58 6.18 12.41 0.0 5.86 2.12 13.52 2.12 5.71 11.86 4.5 8.55 6.18 4.5 10.74 5.46 6.45 16.6 8.75 7.42 7.42 11.35 7.5 7.42 12.37 7.5 2.12 13.52 7.42 8.75 5.46 12.37 4.56 5.71 8.78 7.42 6.18 11.47 12.37 4.56 8.55 13.58 11.86
27.04 17.4 11.86 19.51 7.72 10.09 24.85 27.04 3.75 7.72 3.75 7.72 7.72 24.85 17.32 14.09 25.3 17.32 6.0 7.72 7.72 12.95 16.57 16.57 7.72 11.86 0.0 27.04 27.04 17.32 9.12 12.95 22.56 10.09 25.3 19.51 9.12 14.09 22.55 16.57 0.0 22.55 3.75 11.86 6.75 22.55 27.04 22.56 6.75 24.85 14.56 7.72 9.12 17.32 6.71 19.51 6.0 0.0 24.85 12.95 22.55 11.86 10.09 13.79 3.75 13.79 9.12 0.0 7.72 6.71 12.95 7.72 22.56 17.32 18.12 27.04 7.72 16.57 16.57 2.25 19.12 16.57 23.26 19.12 13.79 3.75 16.57 7.72 17.32 23.26 14.56 9.12 19.51 16.57 17.4 6.0 23.26 14.56 6.71 25.3 0.0
0.0 10.45 16.6 7.83 20.37 22.16 4.37 0.0 27.09 20.37 27.09 20.92 20.92 4.37 12.48 16.1 7.12 12.48 28.02 20.92 20.37 14.27 10.5 10.5 20.92 16.6 27.04 0.0 0.0 12.48 18.0 14.27 9.15 22.16 7.12 7.83 18.0 16.1 4.5 10.5 27.04 4.5 27.09 16.6 20.31 4.5 0.0 9.15 20.31 4.37 17.89 20.37 18.0 12.48 25.14 7.83 28.02 27.04 4.37 14.27 4.5 16.6 22.16 15.77 27.09 15.77 18.0 27.04 20.92 25.14 14.27 20.92 9.15 12.48 13.83 0.0 20.37 10.5 10.5 27.26 9.78 10.5 4.37 9.78 15.77 27.09 10.5 20.37 12.48 4.37 17.89 18.0 7.83 10.5 10.45 28.02 4.37 17.89 25.14 7.12 27.04
0.0 10.45 16.6 7.83 20.37 22.16 4.37 0.0 27.09 20.37 27.09 20.92 20.92 4.37 12.48 16.1 7.12 12.48 28.02 20.92 20.37 14.27 10.5 10.5 20.92 16.6 27.04 0.0 0.0 12.48 18.0 14.27 9.15 22.16 7.12 7.83 18.0 16.1 4.5 10.5 27.04 4.5 27.09 16.6 20.31 4.5 0.0 9.15 20.31 4.37 17.89 20.37 18.0 12.48 25.14 7.83 28.02 27.04 4.37 14.27 4.5 16.6 22.16 15.77 27.09 15.77 18.0 27.04 20.92 25.14 14.27 20.92 9.15 12.48 13.83 0.0 20.37 10.5 10.5 27.26 9.78 10.5 4.37 9.78 15.77 27.09 10.5 20.37 12.48 4.37 17.89 18.0 7.83 10.5 10.45 28.02 4.37 17.89 25.14 7.12 27.04
12.48 3.09 5.46 5.41 13.27 10.01 8.78 12.48 18.79 13.27 18.79 9.86 9.86 8.78 0.0 3.82 8.25 0.0 16.52 9.86 13.27 8.39 6.75 6.75 9.86 5.46 17.32 12.48 12.48 0.0 10.09 8.39 5.3 10.01 8.25 5.41 10.09 3.82 9.03 6.75 17.32 9.03 18.79 5.46 11.07 9.03 12.48 5.3 11.07 8.78 5.41 13.27 10.09 0.0 13.52 5.41 16.52 17.32 8.78 8.39 9.03 5.46 10.01 3.75 18.79 3.75 10.09 17.32 9.86 13.52 8.39 9.86 5.3 0.0 2.25 12.48 13.27 6.75 6.75 16.77 2.7 6.75 8.11 2.7 3.75 18.79 6.75 13.27 0.0 8.11 5.41 10.09 5.41 6.75 3.09 16.52 8.11 5.41 13.52 8.25 17.32
18.0 9.06 5.71 10.74 3.18 9.28 16.19 18.0 9.28 3.18 9.28 5.71 5.71 16.19 10.09 8.39 17.14 10.09 11.72 5.71 3.18 3.82 7.5 7.5 5.71 5.71 9.12 18.0 18.0 10.09 0.0 3.82 14.79 9.28 17.14 10.74 0.0 8.39 13.5 7.5 9.12 13.5 9.28 5.71 2.7 13.5 18.0 14.79 2.7 16.19 10.2 3.18 0.0 10.09 9.6 10.74 11.72 9.12 16.19 3.82 13.5 5.71 9.28 7.72 9.28 7.72 0.0 9.12 5.71 9.6 3.82 5.71 14.79 10.09 11.72 18.0 3.18 7.5 7.5 9.75 11.07 7.5 14.43 11.07 7.72 9.28 7.5 3.18 10.09 14.43 10.2 0.0 10.74 7.5 9.06 11.72 14.43 10.2 9.6 17.14 9.12
14.27 6.36 6.18 7.39 6.18 11.45 12.82 14.27 12.84 6.18 12.84 8.49 8.49 12.82 8.39 8.25 14.15 8.39 15.19 8.49 6.18 0.0 3.82 3.82 8.49 6.18 12.95 14.27 14.27 8.39 3.82 0.0 12.21 11.45 14.15 7.39 3.82 8.25 9.78 3.82 12.95 9.78 12.84 6.18 6.41 9.78 14.27 12.21 6.41 12.82 10.53 6.18 3.82 8.39 12.77 7.39 15.19 12.95 12.82 0.0 9.78 6.18 11.45 7.5 12.84 7.5 3.82 12.95 8.49 12.77 0.0 8.49 12.21 8.39 10.45 14.27 6.18 3.82 3.82 13.52 8.49 3.82 10.92 8.49 7.5 12.84 3.82 6.18 8.39 10.92 10.53 3.82 7.39 3.82 6.36 15.19 10.92 10.53 12.77 14.15 12.95
9.15 5.86 10.74 5.71 17.89 15.07 4.8 9.15 23.84 17.89 23.84 15.17 15.17 4.8 5.3 9.0 3.09 5.3 21.75 15.17 17.89 12.21 9.15 9.15 15.17 10.74 22.56 9.15 9.15 5.3 14.79 12.21 0.0 15.07 3.09 5.71 14.79 9.0 7.54 9.15 22.56 7.54 23.84 10.74 16.16 7.54 9.15 0.0 16.16 4.8 10.01 17.89 14.79 5.3 18.75 5.71 21.75 22.56 4.8 12.21 7.54 10.74 15.07 9.03 23.84 9.03 14.79 22.56 15.17 18.75 12.21 15.17 0.0 5.3 5.46 9.15 17.89 9.15 9.15 22.07 3.75 9.15 5.46 3.75 9.03 23.84 9.15 17.89 5.3 5.46 10.01 14.79 5.71 9.15 5.86 21.75 5.46 10.01 18.75 3.09 22.56
22.16 11.74 5.86 14.43 11.25 0.0 18.75 22.16 13.12 11.25 13.12 3.75 3.75 18.75 10.01 6.18 18.14 10.01 6.91 3.75 11.25 11.45 13.27 13.27 3.75 5.86 10.09 22.16 22.16 10.01 9.28 11.45 15.07 0.0 18.14 14.43 9.28 6.18 18.14 13.27 10.09 18.14 13.12 5.86 7.5 18.14 22.16 15.07 7.5 18.75 5.3 11.25 9.28 10.01 4.04 14.43 6.91 10.09 18.75 11.45 18.14 5.86 0.0 6.41 13.12 6.41 9.28 10.09 3.75 4.04 11.45 3.75 15.07 10.01 9.75 22.16 11.25 13.27 13.27 8.55 12.57 13.27 17.83 12.57 6.41 13.12 13.27 11.25 10.01 17.83 5.3 9.28 14.43 13.27 11.74 6.91 17.83 5.3 4.04 18.14 10.09
7.12 8.08 13.58 6.91 20.12 18.14 3.0 7.12 26.34 20.12 26.34 18.06 18.06 3.0 8.25 12.02 0.0 8.25 24.76 18.06 20.12 14.15 10.66 10.66 18.06 13.58 25.3 7.12 7.12 8.25 17.14 14.15 3.09 18.14 0.0 6.91 17.14 12.02 7.12 10.66 25.3 7.12 26.34 13.58 18.75 7.12 7.12 3.09 18.75 3.0 13.1 20.12 17.14 8.25 21.76 6.91 24.76 25.3 3.0 14.15 7.12 13.58 18.14 12.0 26.34 12.0 17.14 25.3 18.06 21.76 14.15 18.06 3.09 8.25 8.55 7.12 20.12 10.66 10.66 24.93 6.18 10.66 4.74 6.18 12.0 26.34 10.66 20.12 8.25 4.74 13.1 17.14 6.91 10.66 8.08 24.76 4.74 13.1 21.76 0.0 25.3
7.83 2.7 8.78 0.0 13.52 14.43 5.46 7.83 20.01 13.52 20.01 13.1 13.1 5.46 5.41 8.55 6.91 5.41 20.19 13.1 13.52 7.39 3.75 3.75 13.1 8.78 19.51 7.83 7.83 5.41 10.74 7.39 5.71 14.43 6.91 0.0 10.74 8.55 3.75 3.75 19.51 3.75 20.01 8.78 12.77 3.75 7.83 5.71 12.77 5.46 10.61 13.52 10.74 5.41 17.32 0.0 20.19 19.51 5.46 7.39 3.75 8.78 14.43 8.11 20.01 8.11 10.74 19.51 13.1 17.32 7.39 13.1 5.71 5.41 7.39 7.83 13.52 3.75 3.75 19.56 3.09 3.75 3.75 3.09 8.11 20.01 3.75 13.52 5.41 3.75 10.61 10.74 0.0 3.75 2.7 20.19 3.75 10.61 17.32 6.91 19.51
18.0 9.06 5.71 10.74 3.18 9.28 16.19 18.0 9.28 3.18 9.28 5.71 5.71 16.19 10.09 8.39 17.14 10.09 11.72 5.71 3.18 3.82 7.5 7.5 5.71 5.71 9.12 18.0 18.0 10.09 0.0 3.82 14.79 9.28 17.14 10.74 0.0 8.39 13.5 7.5 9.12 13.5 9.28 5.71 2.7 13.5 18.0 14.79 2.7 16.19 10.2 3.18 0.0 10.09 9.6 10.74 11.72 9.12 16.19 3.82 13.5 5.71 9.28 7.72 9.28 7.72 0.0 9.12 5.71 9.6 3.82 5.71 14.79 10.09 11.72 18.0 3.18 7.5 7.5 9.75 11.07 7.5 14.43 11.07 7.72 9.28 7.5 3.18 10.09 14.43 10.2 0.0 10.74 7.5 9.06 11.72 14.43 10.2 9.6 17.14 9.12
16.1 5.86 2.7 8.55 11.45 6.18 12.57 16.1 16.05 11.45 16.05 6.41 6.41 12.57 3.82 0.0 12.02 3.82 12.75 6.41 11.45 8.25 8.39 8.39 6.41 2.7 14.09 16.1 16.1 3.82 8.39 8.25 9.0 6.18 12.02 8.55 8.39 0.0 12.3 8.39 14.09 12.3 16.05 2.7 8.49 12.3 16.1 9.0 8.49 12.57 2.37 11.45 8.39 3.82 9.75 8.55 12.75 14.09 12.57 8.25 12.3 2.7 6.18 0.75 16.05 0.75 8.39 14.09 6.41 9.75 8.25 6.41 9.0 3.82 4.04 16.1 11.45 8.39 8.39 13.29 6.41 8.39 11.74 6.41 0.75 16.05 8.39 11.45 3.82 11.74 2.37 8.39 8.55 8.39 5.86 12.75 11.74 2.37 9.75 12.02 14.09
4.5 6.45 12.41 3.75 15.91 18.14 4.37 4.5 22.61 15.91 22.61 16.6 16.6 4.37 9.03 12.3 7.12 9.03 23.72 16.6 15.91 9.78 6.0 6.0 16.6 12.41 22.55 4.5 4.5 9.03 13.5 9.78 7.54 18.14 7.12 3.75 13.5 12.3 0.0 6.0 22.55 0.0 22.61 12.41 15.82 0.0 4.5 7.54 15.82 4.37 14.33 15.91 13.5 9.03 20.89 3.75 23.72 22.55 4.37 9.78 0.0 12.41 18.14 11.86 22.61 11.86 13.5 22.55 16.6 20.89 9.78 16.6 7.54 9.03 10.82 4.5 15.91 6.0 6.0 22.81 6.45 6.0 2.37 6.45 11.86 22.61 6.0 15.91 9.03 2.37 14.33 13.5 3.75 6.0 6.45 23.72 2.37 14.33 20.89 7.12 22.55
10.5 3.82 7.42 3.75 10.01 13.27 9.06 10.5 16.65 10.01 16.65 11.07 11.07 9.06 6.75 8.39 10.66 6.75 18.12 11.07 10.01 3.82 0.0 0.0 11.07 7.42 16.57 10.5 10.5 6.75 7.5 3.82 9.15 13.27 10.66 3.75 7.5 8.39 6.0 0.0 16.57 6.0 16.65 7.42 9.86 6.0 10.5 9.15 9.86 9.06 10.74 10.01 7.5 6.75 15.44 3.75 18.12 16.57 9.06 3.82 6.0 7.42 13.27 7.72 16.65 7.72 7.5 16.57 11.07 15.44 3.82 11.07 9.15 6.75 9.0 10.5 10.01 0.0 0.0 16.92 5.71 0.0 7.12 5.71 7.72 16.65 0.0 10.01 6.75 7.12 10.74 7.5 3.75 0.0 3.82 18.12 7.12 10.74 15.44 10.66 16.57
27.04 17.4 11.86 19.51 7.72 10.09 24.85 27.04 3.75 7.72 3.75 7.72 7.72 24.85 17.32 14.09 25.3 17.32 6.0 7.72 7.72 12.95 16.57 16.57 7.72 11.86 0.0 27.04 27.04 17.32 9.12 12.95 22.56 10.09 25.3 19.51 9.12 14.09 22.55 16.57 0.0 22.55 3.75 11.86 6.75 22.55 27.04 22.56 6.75 24.85 14.56 7.72 9.12 17.32 6.71 19.51 6.0 0.0 24.85 12.95 22.55 11.86 10.09 13.79 3.75 13.79 9.12 0.0 7.72 6.71 12.95 7.72 22.56 17.32 18.12 27.04 7.72 16.57 16.57 2.25 19.12 16.57 23.26 19.12 13.79 3.75 16.57 7.72 17.32 23.26 14.56 9.12 19.51 16.57 17.4 6.0 23.26 14.56 6.71 25.3 0.0
4.5 6.45 12.41 3.75 15.91 18.14 4.37 4.5 22.61 15.91 22.61 16.6 16.6 4.37 9.03 12.3 7.12 9.03 23.72 16.6 15.91 9.78 6.0 6.0 16.6 12.41 22.55 4.5 4.5 9.03 13.5 9.78 7.54 18.14 7.12 3.75 13.5 12.3 0.0 6.0 22.55 0.0 22.61 12.41 15.82 0.0 4.5 7.54 15.82 4.37 14.33 15.91 13.5 9.03 20.89 3.75 23.72 22.55 4.37 9.78 0.0 12.41 18.14 11.86 22.61 11.86 13.5 22.55 16.6 20.89 9.78 16.6 7.54 9.03 10.82 4.5 15.91 6.0 6.0 22.81 6.45 6.0 2.37 6.45 11.86 22.61 6.0 15.91 9.03 2.37 14.33 13.5 3.75 6.0 6.45 23.72 2.37 14.33 20.89 7.12 22.55
27.09 18.26 13.52 20.01 6.75 13.12 25.47 27.09 0.0 6.75 0.0 10.09 10.09 25.47 18.79 16.05 26.34 18.79 9.75 10.09 6.75 12.84 16.65 16.65 10.09 13.52 3.75 27.09 27.09 18.79 9.28 12.84 23.84 13.12 26.34 20.01 9.28 16.05 22.61 16.65 3.75 22.61 0.0 13.52 7.72 22.61 27.09 23.84 7.72 25.47 16.97 6.75 9.28 18.79 10.2 20.01 9.75 3.75 25.47 12.84 22.61 13.52 13.12 15.61 0.0 15.61 9.28 3.75 10.09 10.2 12.84 10.09 23.84 18.79 19.97 27.09 6.75 16.65 16.65 6.0 20.19 16.65 23.68 20.19 15.61 0.0 16.65 6.75 18.79 23.68 16.97 9.28 20.01 16.65 18.26 9.75 23.68 16.97 10.2 26.34 3.75
16.6 6.18 0.0 8.78 8.75 5.86 13.58 16.6 13.52 8.75 13.52 4.5 4.5 13.58 5.46 2.7 13.58 5.46 11.47 4.5 8.75 6.18 7.42 7.42 4.5 0.0 11.86 16.6 16.6 5.46 5.71 6.18 10.74 5.86 13.58 8.78 5.71 2.7 12.41 7.42 11.86 12.41 13.52 0.0 5.86 12.41 16.6 10.74 5.86 13.58 4.56 8.75 5.71 5.46 8.55 8.78 11.47 11.86 13.58 6.18 12.41 0.0 5.86 2.12 13.52 2.12 5.71 11.86 4.5 8.55 6.18 4.5 10.74 5.46 6.45 16.6 8.75 7.42 7.42 11.35 7.5 7.42 12.37 7.5 2.12 13.52 7.42 8.75 5.46 12.37 4.56 5.71 8.78 7.42 6.18 11.47 12.37 4.56 8.55 13.58 11.86
20.31 10.74 5.86 12.77 3.75 7.5 18.14 20.31 7.72 3.75 7.72 3.75 3.75 18.14 11.07 8.49 18.75 11.07 9.03 3.75 3.75 6.41 9.86 9.86 3.75 5.86 6.75 20.31 20.31 11.07 2.7 6.41 16.16 7.5 18.75 12.77 2.7 8.49 15.82 9.86 6.75 15.82 7.72 5.86 0.0 15.82 20.31 16.16 0.0 18.14 9.78 3.75 2.7 11.07 7.08 12.77 9.03 6.75 18.14 6.41 15.82 5.86 7.5 7.97 7.72 7.97 2.7 6.75 3.75 7.08 6.41 3.75 16.16 11.07 12.3 20.31 3.75 9.86 9.86 7.12 12.57 9.86 16.52 12.57 7.97 7.72 9.86 3.75 11.07 16.52 9.78 2.7 12.77 9.86 10.74 9.03 16.52 9.78 7.08 18.75 6.75
4.5 6.45 12.41 3.75 15.91 18.14 4.37 4.5 22.61 15.91 22.61 16.6 16.6 4.37 9.03 12.3 7.12 9.03 23.72 16.6 15.91 9.78 6.0 6.0 16.6 12.41 22.55 4.5 4.5 9.03 13.5 9.78 7.54 18.14 7.12 3.75 13.5 12.3 0.0 6.0 22.55 0.0 22.61 12.41 15.82 0.0 4.5 7.54 15.82 4.37 14.33 15.91 13.5 9.03 20.89 3.75 23.72 22.55 4.37 9.78 0.0 12.41 18.14 11.86 22.61 11.86 13.5 22.55 16.6 20.89 9.78 16.6 7.54 9.03 10.82 4.5 15.91 6.0 6.0 22.81 6.45 6.0 2.37 6.45 11.86 22.61 6.0 15.91 9.03 2.37 14.33 13.5 3.75 6.0 6.45 23.72 2.37 14.33 20.89 7.12 22.55
0.0 10.45 16.6 7.83 20.37 22.16 4.37 0.0 27.09 20.37 27.09 20.92 20.92 4.37 12.48 16.1 7.12 12.48 28.02 20.92 20.37 14.27 10.5 10.5 20.92 16.6 27.04 0.0 0.0 12.48 18.0 14.27 9.15 22.16 7.12 7.83 18.0 16.1 4.5 10.5 27.04 4.5 27.09 16.6 20.31 4.5 0.0 9.15 20.31 4.37 17.89 20.37 18.0 12.48 25.14 7.83 28.02 27.04 4.37 14.27 4.5 16.6 22.16 15.77 27.09 15.77 18.0 27.04 20.92 25.14 14.27 20.92 9.15 12.48 13.83 0.0 20.37 10.5 10.5 27.26 9.78 10.5 4.37 9.78 15.77 27.09 10.5 20.37 12.48 4.37 17.89 18.0 7.83 10.5 10.45 28.02 4.37 17.89 25.14 7.12 27.04
9.15 5.86 10.74 5.71 17.89 15.07 4.8 9.15 23.84 17.89 23.84 15.17 15.17 4.8 5.3 9.0 3.09 5.3 21.75 15.17 17.89 12.21 9.15 9.15 15.17 10.74 22.56 9.15 9.15 5.3 14.79 12.21 0.0 15.07 3.09 5.71 14.79 9.0 7.54 9.15 22.56 7.54 23.84 10.74 16.16 7.54 9.15 0.0 16.16 4.8 10.01 17.89 14.79 5.3 18.75 5.71 21.75 22.56 4.8 12.21 7.54 10.74 15.07 9.03 23.84 9.03 14.79 22.56 15.17 18.75 12.21 15.17 0.0 5.3 5.46 9.15 17.89 9.15 9.15 22.07 3.75 9.15 5.46 3.75 9.03 23.84 9.15 17.89 5.3 5.46 10.01 14.79 5.71 9.15 5.86 21.75 5.46 10.01 18.75 3.09 22.56
20.31 10.74 5.86 12.77 3.75 7.5 18.14 20.31 7.72 3.75 7.72 3.75 3.75 18.14 11.07 8.49 18.75 11.07 9.03 3.75 3.75 6.41 9.86 9.86 3.75 5.86 6.75 20.31 20.31 11.07 2.7 6.41 16.16 7.5 18.75 12.77 2.7 8.49 15.82 9.86 6.75 15.82 7.72 5.86 0.0 15.82 20.31 16.16 0.0 18.14 9.78 3.75 2.7 11.07 7.08 12.77 9.03 6.75 18.14 6.41 15.82 5.86 7.5 7.97 7.72 7.97 2.7 6.75 3.75 7.08 6.41 3.75 16.16 11.07 12.3 20.31 3.75 9.86 9.86 7.12 12.57 9.86 16.52 12.57 7.97 7.72 9.86 3.75 11.07 16.52 9.78 2.7 12.77 9.86 10.74 9.03 16.52 9.78 7.08 18.75 6.75
4.37 7.5 13.58 5.46 18.97 18.75 0.0 4.37 25.47 18.97 25.47 18.06 18.06 0.0 8.78 12.57 3.0 8.78 25.03 18.06 18.97 12.82 9.06 9.06 18.06 13.58 24.85 4.37 4.37 8.78 16.19 12.82 4.8 18.75 3.0 5.46 16.19 12.57 4.37 9.06 24.85 4.37 25.47 13.58 18.14 4.37 4.37 4.8 18.14 0.0 14.09 18.97 16.19 8.78 22.07 5.46 25.03 24.85 0.0 12.82 4.37 13.58 18.75 12.37 25.47 12.37 16.19 24.85 18.06 22.07 12.82 18.06 4.8 8.78 9.78 4.37 18.97 9.06 9.06 24.75 6.18 9.06 2.12 6.18 12.37 25.47 9.06 18.97 8.78 2.12 14.09 16.19 5.46 9.06 7.5 25.03 2.12 14.09 22.07 3.0 24.85
17.89 7.97 4.56 10.61 13.1 5.3 14.09 17.89 16.97 13.1 16.97 6.91 6.91 14.09 5.41 2.37 13.1 5.41 12.21 6.91 13.1 10.53 10.74 10.74 6.91 4.56 14.56 17.89 17.89 5.41 10.2 10.53 10.01 5.3 13.1 10.61 10.2 2.37 14.33 10.74 14.56 14.33 16.97 4.56 9.78 14.33 17.89 10.01 9.78 14.09 0.0 13.1 10.2 5.41 9.28 10.61 12.21 14.56 14.09 10.53 14.33 4.56 5.3 3.09 16.97 3.09 10.2 14.56 6.91 9.28 10.53 6.91 10.01 5.41 4.56 17.89 13.1 10.74 10.74 13.42 8.11 10.74 13.52 8.11 3.09 16.97 10.74 13.1 5.41 13.52 0.0 10.2 10.61 10.74 7.97 12.21 13.52 0.0 9.28 13.1 14.56
20.37 12.09 8.75 13.52 0.0 11.25 18.97 20.37 6.75 0.0 6.75 7.5 7.5 18.97 13.27 11.45 20.12 13.27 11.86 7.5 0.0 6.18 10.01 10.01 7.5 8.75 7.72 20.37 20.37 13.27 3.18 6.18 17.89 11.25 20.12 13.52 3.18 11.45 15.91 10.01 7.72 15.91 6.75 8.75 3.75 15.91 20.37 17.89 3.75 18.97 13.1 0.0 3.18 13.27 10.45 13.52 11.86 7.72 18.97 6.18 15.91 8.75 11.25 10.82 6.75 10.82 3.18 7.72 7.5 10.45 6.18 7.5 17.89 13.27 14.89 20.37 0.0 10.01 10.01 9.03 14.15 10.01 17.1 14.15 10.82 6.75 10.01 0.0 13.27 17.1 13.1 3.18 13.52 10.01 12.09 11.86 17.1 13.1 10.45 20.12 7.72
18.0 9.06 5.71 10.74 3.18 9.28 16.19 18.0 9.28 3.18 9.28 5.71 5.71 16.19 10.09 8.39 17.14 10.09 11.72 5.71 3.18 3.82 7.5 7.5 5.71 5.71 9.12 18.0 18.0 10.09 0.0 3.82 14.79 9.28 17.14 10.74 0.0 8.39 13.5 7.5 9.12 13.5 9.28 5.71 2.7 13.5 18.0 14.79 2.7 16.19 10.2 3.18 0.0 10.09 9.6 10.74 11.72 9.12 16.19 3.82 13.5 5.71 9.28 7.72 9.28 7.72 0.0 9.12 5.71 9.6 3.82 5.71 14.79 10.09 11.72 18.0 3.18 7.5 7.5 9.75 11.07 7.5 14.43 11.07 7.72 9.28 7.5 3.18 10.09 14.43 10.2 0.0 10.74 7.5 9.06 11.72 14.43 10.2 9.6 17.14 9.12
12.48 3.09 5.46 5.41 13.27 10.01 8.78 12.48 18.79 13.27 18.79 9.86 9.86 8.78 0.0 3.82 8.25 0.0 16.52 9.86 13.27 8.39 6.75 6.75 9.86 5.46 17.32 12.48 12.48 0.0 10.09 8.39 5.3 10.01 8.25 5.41 10.09 3.82 9.03 6.75 17.32 9.03 18.79 5.46 11.07 9.03 12.48 5.3 11.07 8.78 5.41 13.27 10.09 0.0 13.52 5.41 16.52 17.32 8.78 8.39 9.03 5.46 10.01 3.75 18.79 3.75 10.09 17.32 9.86 13.52 8.39 9.86 5.3 0.0 2.25 12.48 13.27 6.75 6.75 16.77 2.7 6.75 8.11 2.7 3.75 18.79 6.75 13.27 0.0 8.11 5.41 10.09 5.41 6.75 3.09 16.52 8.11 5.41 13.52 8.25 17.32
25.14 14.74 8.55 17.32 10.45 4.04 22.07 25.14 10.2 10.45 10.2 4.37 4.37 22.07 13.52 9.75 21.76 13.52 3.0 4.37 10.45 12.77 15.44 15.44 4.37 8.55 6.71 25.14 25.14 13.52 9.6 12.77 18.75 4.04 21.76 17.32 9.6 9.75 20.89 15.44 6.71 20.89 10.2 8.55 7.08 20.89 25.14 18.75 7.08 22.07 9.28 10.45 9.6 13.52 0.0 17.32 3.0 6.71 22.07 12.77 20.89 8.55 4.04 9.78 10.2 9.78 9.6 6.71 4.37 0.0 12.77 4.37 18.75 13.52 13.58 25.14 10.45 15.44 15.44 4.8 15.91 15.44 20.92 15.91 9.78 10.2 15.44 10.45 13.52 20.92 9.28 9.6 17.32 15.44 14.74 3.0 20.92 9.28 0.0 21.76 6.71
7.83 2.7 8.78 0.0 13.52 14.43 5.46 7.83 20.01 13.52 20.01 13.1 13.1 5.46 5.41 8.55 6.91 5.41 20.19 13.1 13.52 7.39 3.75 3.75 13.1 8.78 19.51 7.83 7.83 5.41 10.74 7.39 5.71 14.43 6.91 0.0 10.74 8.55 3.75 3.75 19.51 3.75 20.01 8.78 12.77 3.75 7.83 5.71 12.77 5.46 10.61 13.52 10.74 5.41 17.32 0.0 20.19 19.51 5.46 7.39 3.75 8.78 14.43 8.11 20.01 8.11 10.74 19.51 13.1 17.32 7.39 13.1 5.71 5.41 7.39 7.83 13.52 3.75 3.75 19.56 3.09 3.75 3.75 3.09 8.11 20.01 3.75 13.52 5.41 3.75 10.61 10.74 0.0 3.75 2.7 20.19 3.75 10.61 17.32 6.91 19.51
28.02 17.65 11.47 20.19 11.86 6.91 25.03 28.02 9.75 11.86 9.75 7.12 7.12 25.03 16.52 12.75 24.76 16.52 0.0 7.12 11.86 15.19 18.12 18.12 7.12 11.47 6.0 28.02 28.02 16.52 11.72 15.19 21.75 6.91 24.76 20.19 11.72 12.75 23.72 18.12 6.0 23.72 9.75 11.47 9.03 23.72 28.02 21.75 9.03 25.03 12.21 11.86 11.72 16.52 3.0 20.19 0.0 6.0 25.03 15.19 23.72 11.47 6.91 12.77 9.75 12.77 11.72 6.0 7.12 3.0 15.19 7.12 21.75 16.52 16.57 28.02 11.86 18.12 18.12 3.75 18.88 18.12 23.84 18.88 12.77 9.75 18.12 11.86 16.52 23.84 12.21 11.72 20.19 18.12 17.65 0.0 23.84 12.21 3.0 24.76 6.0
27.04 17.4 11.86 19.51 7.72 10.09 24.85 27.04 3.75 7.72 3.75 7.72 7.72 24.85 17.32 14.09 25.3 17.32 6.0 7.72 7.72 12.95 16.57 16.57 7.72 11.86 0.0 27.04 27.04 17.32 9.12 12.95 22.56 10.09 25.3 19.51 9.12 14.09 22.55 16.57 0.0 22.55 3.75 11.86 6.75 22.55 27.04 22.56 6.75 24.85 14.56 7.72 9.12 17.32 6.71 19.51 6.0 0.0 24.85 12.95 22.55 11.86 10.09 13.79 3.75 13.79 9.12 0.0 7.72 6.71 12.95 7.72 22.56 17.32 18.12 27.04 7.72 16.57 16.57 2.25 19.12 16.57 23.26 19.12 13.79 3.75 16.57 7.72 17.32 23.26 14.56 9.12 19.51 16.57 17.4 6.0 23.26 14.56 6.71 25.3 0.0
4.37 7.5 13.58 5.46 18.97 18.75 0.0 4.37 25.47 18.97 25.47 18.06 18.06 0.0 8.78 12.57 3.0 8.78 25.03 18.06 18.97 12.82 9.06 9.06 18.06 13.58 24.85 4.37 4.37 8.78 16.19 12.82 4.8 18.75 3.0 5.46 16.19 12.57 4.37 9.06 24.85 4.37 25.47 13.58 18.14 4.37 4.37 4.8 18.14 0.0 14.09 18.97 16.19 8.78 22.07 5.46 25.03 24.85 0.0 12.82 4.37 13.58 18.75 12.37 25.47 12.37 16.19 24.85 18.06 22.07 12.82 18.06 4.8 8.78 9.78 4.37 18.97 9.06 9.06 24.75 6.18 9.06 2.12 6.18 12.37 25.47 9.06 18.97 8.78 2.12 14.09 16.19 5.46 9.06 7.5 25.03 2.12 14.09 22.07 3.0 24.85
14.27 6.36 6.18 7.39 6.18 11.45 12.82 14.27 12.84 6.18 12.84 8.49 8.49 12.82 8.39 8.25 14.15 8.39 15.19 8.49 6.18 0.0 3.82 3.82 8.49 6.18 12.95 14.27 14.27 8.39 3.82 0.0 12.21 11.45 14.15 7.39 3.82 8.25 9.78 3.82 12.95 9.78 12.84 6.18 6.41 9.78 14.27 12.21 6.41 12.82 10.53 6.18 3.82 8.39 12.77 7.39 15.19 12.95 12.82 0.0 9.78 6.18 11.45 7.5 12.84 7.5 3.82 12.95 8.49 12.77 0.0 8.49 12.21 8.39 10.45 14.27 6.18 3.82 3.82 13.52 8.49 3.82 10.92 8.49 7.5 12.84 3.82 6.18 8.39 10.92 10.53 3.82 7.39 3.82 6.36 15.19 10.92 10.53 12.77 14.15 12.95
4.5 6.45 12.41 3.75 15.91 18.14 4.37 4.5 22.61 15.91 22.61 16.6 16.6 4.37 9.03 12.3 7.12 9.03 23.72 16.6 15.91 9.78 6.0 6.0 16.6 12.41 22.55 4.5 4.5 9.03 13.5 9.78 7.54 18.14 7.12 3.75 13.5 12.3 0.0 6.0 22.55 0.0 22.61 12.41 15.82 0.0 4.5 7.54 15.82 4.37 14.33 15.91 13.5 9.03 20.89 3.75 23.72 22.55 4.37 9.78 0.0 12.41 18.14 11.86 22.61 11.86 13.5 22.55 16.6 20.89 9.78 16.6 7.54 9.03 10.82 4.5 15.91 6.0 6.0 22.81 6.45 6.0 2.37 6.45 11.86 22.61 6.0 15.91 9.03 2.37 14.33 13.5 3.75 6.0 6.45 23.72 2.37 14.33 20.89 7.12 22.55
16.6 6.18 0.0 8.78 8.75 5.86 13.58 16.6 13.52 8.75 13.52 4.5 4.5 13.58 5.46 2.7 13.58 5.46 11.47 4.5 8.75 6.18 7.42 7.42 4.5 0.0 11.86 16.6 16.6 5.46 5.71 6.18 10.74 5.86 13.58 8.78 5.71 2.7 12.41 7.42 11.86 12.41 13.52 0.0 5.86 12.41 16.6 10.74 5.86 13.58 4.56 8.75 5.71 5.46 8.55 8.78 11.47 11.86 13.58 6.18 12.41 0.0 5.86 2.12 13.52 2.12 5.71 11.86 4.5 8.55 6.18 4.5 10.74 5.46 6.45 16.6 8.75 7.42 7.42 11.35 7.5 7.42 12.37 7.5 2.12 13.52 7.42 8.75 5.46 12.37 4.56 5.71 8.78 7.42 6.18 11.47 12.37 4.56 8.55 13.58 11.86
22.16 11.74 5.86 14.43 11.25 0.0 18.75 22.16 13.12 11.25 13.12 3.75 3.75 18.75 10.01 6.18 18.14 10.01 6.91 3.75 11.25 11.45 13.27 13.27 3.75 5.86 10.09 22.16 22.16 10.01 9.28 11.45 15.07 0.0 18.14 14.43 9.28 6.18 18.14 13.27 10.09 18.14 13.12 5.86 7.5 18.14 22.16 15.07 7.5 18.75 5.3 11.25 9.28 10.01 4.04 14.43 6.91 10.09 18.75 11.45 18.14 5.86 0.0 6.41 13.12 6.41 9.28 10.09 3.75 4.04 11.45 3.75 15.07 10.01 9.75 22.16 11.25 13.27 13.27 8.55 12.57 13.27 17.83 12.57 6.41 13.12 13.27 11.25 10.01 17.83 5.3 9.28 14.43 13.27 11.74 6.91 17.83 5.3 4.04 18.14 10.09
15.77 5.41 2.12 8.11 10.82 6.41 12.37 15.77 15.61 10.82 15.61 6.18 6.18 12.37 3.75 0.75 12.0 3.75 12.77 6.18 10.82 7.5 7.72 7.72 6.18 2.12 13.79 15.77 15.77 3.75 7.72 7.5 9.03 6.41 12.0 8.11 7.72 0.75 11.86 7.72 13.79 11.86 15.61 2.12 7.97 11.86 15.77 9.03 7.97 12.37 3.09 10.82 7.72 3.75 9.78 8.11 12.77 13.79 12.37 7.5 11.86 2.12 6.41 0.0 15.61 0.0 7.72 13.79 6.18 9.78 7.5 6.18 9.03 3.75 4.37 15.77 10.82 7.72 7.72 13.1 6.18 7.72 11.42 6.18 0.0 15.61 7.72 10.82 3.75 11.42 3.09 7.72 8.11 7.72 5.41 12.77 11.42 3.09 9.78 12.0 13.79
27.09 18.26 13.52 20.01 6.75 13.12 25.47 27.09 0.0 6.75 0.0 10.09 10.09 25.47 18.79 16.05 26.34 18.79 9.75 10.09 6.75 12.84 16.65 16.65 10.09 13.52 3.75 27.09 27.09 18.79 9.28 12.84 23.84 13.12 26.34 20.01 9.28 16.05 22.61 16.65 3.75 22.61 0.0 13.52 7.72 22.61 27.09 23.84 7.72 25.47 16.97 6.75 9.28 18.79 10.2 20.01 9.75 3.75 25.47 12.84 22.61 13.52 13.12 15.61 0.0 15.61 9.28 3.75 10.09 10.2 12.84 10.09 23.84 18.79 19.97 27.09 6.75 16.65 16.65 6.0 20.19 16.65 23.68 20.19 15.61 0.0 16.65 6.75 18.79 23.68 16.97 9.28 20.01 16.65 18.26 9.75 23.68 16.97 10.2 26.34 3.75
15.77 5.41 2.12 8.11 10.82 6.41 12.37 15.77 15.61 10.82 15.61 6.18 6.18 12.37 3.75 0.75 12.0 3.75 12.77 6.18 10.82 7.5 7.72 7.72 6.18 2.12 13.79 15.77 15.77 3.75 7.72 7.5 9.03 6.41 12.0 8.11 7.72 0.75 11.86 7.72 13.79 11.86 15.61 2.12 7.97 11.86 15.77 9.03 7.97 12.37 3.09 10.82 7.72 3.75 9.78 8.11 12.77 13.79 12.37 7.5 11.86 2.12 6.41 0.0 15.61 0.0 7.72 13.79 6.18 9.78 7.5 6.18 9.03 3.75 4.37 15.77 10.82 7.72 7.72 13.1 6.18 7.72 11.42 6.18 0.0 15.61 7.72 10.82 3.75 11.42 3.09 7.72 8.11 7.72 5.41 12.77 11.42 3.09 9.78 12.0 13.79
18.0 9.06 5.71 10.74 3.18 9.28 16.19 18.0 9.28 3.18 9.28 5.71 5.71 16.19 10.09 8.39 17.14 10.09 11.72 5.71 3.18 3.82 7.5 7.5 5.71 5.71 9.12 18.0 18.0 10.09 0.0 3.82 14.79 9.28 17.14 10.74 0.0 8.39 13.5 7.5 9.12 13.5 9.28 5.71 2.7 13.5 18.0 14.79 2.7 16.19 10.2 3.18 0.0 10.09 9.6 10.74 11.72 9.12 16.19 3.82 13.5 5.71 9.28 7.72 9.28 7.72 0.0 9.12 5.71 9.6 3.82 5.71 14.79 10.09 11.72 18.0 3.18 7.5 7.5 9.75 11.07 7.5 14.43 11.07 7.72 9.28 7.5 3.18 10.09 14.43 10.2 0.0 10.74 7.5 9.06 11.72 14.43 10.2 9.6 17.14 9.12
27.04 17.4 11.86 19.51 7.72 10.09 24.85 27.04 3.75 7.72 3.75 7.72 7.72 24.85 17.32 14.09 25.3 17.32 6.0 7.72 7.72 12.95 16.57 16.57 7.72 11.86 0.0 27.04 27.04 17.32 9.12 12.95 22.56 10.09 25.3 19.51 9.12 14.09 22.55 16.57 0.0 22.55 3.75 11.86 6.75 22.55 27.04 22.56 6.75 24.85 14.56 7.72 9.12 17.32 6.71 19.51 6.0 0.0 24.85 12.95 22.55 11.86 10.09 13.79 3.75 13.79 9.12 0.0 7.72 6.71 12.95 7.72 22.56 17.32 18.12 27.04 7.72 16.57 16.57 2.25 19.12 16.57 23.26 19.12 13.79 3.75 16.57 7.72 17.32 23.26 14.56 9.12 19.51 16.57 17.4 6.0 23.26 14.56 6.71 25.3 0.0
20.92 10.61 4.5 13.1 7.5 3.75 18.06 20.92 10.09 7.5 10.09 0.0 0.0 18.06 9.86 6.41 18.06 9.86 7.12 0.0 7.5 8.49 11.07 11.07 0.0 4.5 7.72 20.92 20.92 9.86 5.71 8.49 15.17 3.75 18.06 13.1 5.71 6.41 16.6 11.07 7.72 16.6 10.09 4.5 3.75 16.6 20.92 15.17 3.75 18.06 6.91 7.5 5.71 9.86 4.37 13.1 7.12 7.72 18.06 8.49 16.6 4.5 3.75 6.18 10.09 6.18 5.71 7.72 0.0 4.37 8.49 0.0 15.17 9.86 10.45 20.92 7.5 11.07 11.07 6.91 12.0 11.07 16.77 12.0 6.18 10.09 11.07 7.5 9.86 16.77 6.91 5.71 13.1 11.07 10.61 7.12 16.77 6.91 4.37 18.06 7.72
25.14 14.74 8.55 17.32 10.45 4.04 22.07 25.14 10.2 10.45 10.2 4.37 4.37 22.07 13.52 9.75 21.76 13.52 3.0 4.37 10.45 12.77 15.44 15.44 4.37 8.55 6.71 25.14 25.14 13.52 9.6 12.77 18.75 4.04 21.76 17.32 9.6 9.75 20.89 15.44 6.71 20.89 10.2 8.55 7.08 20.89 25.14 18.75 7.08 22.07 9.28 10.45 9.6 13.52 0.0 17.32 3.0 6.71 22.07 12.77 20.89 8.55 4.04 9.78 10.2 9.78 9.6 6.71 4.37 0.0 12.77 4.37 18.75 13.52 13.58 25.14 10.45 15.44 15.44 4.8 15.91 15.44 20.92 15.91 9.78 10.2 15.44 10.45 13.52 20.92 9.28 9.6 17.32 15.44 14.74 3.0 20.92 9.28 0.0 21.76 6.71
14.27 6.36 6.18 7.39 6.18 11.45 12.82 14.27 12.84 6.18 12.84 8.49 8.49 12.82 8.39 8.25 14.15 8.39 15.19 8.49 6.18 0.0 3.82 3.82 8.49 6.18 12.95 14.27 14.27 8.39 3.82 0.0 12.21 11.45 14.15 7.39 3.82 8.25 9.78 3.82 12.95 9.78 12.84 6.18 6.41 9.78 14.27 12.21 6.41 12.82 10.53 6.18 3.82 8.39 12.77 7.39 15.19 12.95 12.82 0.0 9.78 6.18 11.45 7.5 12.84 7.5 3.82 12.95 8.49 12.77 0.0 8.49 12.21 8.39 10.45 14.27 6.18 3.82 3.82 13.52 8.49 3.82 10.92 8.49 7.5 12.84 3.82 6.18 8.39 10.92 10.53 3.82 7.39 3.82 6.36 15.19 10.92 10.53 12.77 14.15 12.95
20.92 10.61 4.5 13.1 7.5 3.75 18.06 20.92 10.09 7.5 10.09 0.0 0.0 18.06 9.86 6.41 18.06 9.86 7.12 0.0 7.5 8.49 11.07 11.07 0.0 4.5 7.72 20.92 20.92 9.86 5.71 8.49 15.17 3.75 18.06 13.1 5.71 6.41 16.6 11.07 7.72 16.6 10.09 4.5 3.75 16.6 20.92 15.17 3.75 18.06 6.91 7.5 5.71 9.86 4.37 13.1 7.12 7.72 18.06 8.49 16.6 4.5 3.75 6.18 10.09 6.18 5.71 7.72 0.0 4.37 8.49 0.0 15.17 9.86 10.45 20.92 7.5 11.07 11.07 6.91 12.0 11.07 16.77 12.0 6.18 10.09 11.07 7.5 9.86 16.77 6.91 5.71 13.1 11.07 10.61 7.12 16.77 6.91 4.37 18.06 7.72
9.15 5.86 10.74 5.71 17.89 15.07 4.8 9.15 23.84 17.89 23.84 15.17 15.17 4.8 5.3 9.0 3.09 5.3 21.75 15.17 17.89 12.21 9.15 9.15 15.17 10.74 22.56 9.15 9.15 5.3 14.79 12.21 0.0 15.07 3.09 5.71 14.79 9.0 7.54 9.15 22.56 7.54 23.84 10.74 16.16 7.54 9.15 0.0 16.16 4.8 10.01 17.89 14.79 5.3 18.75 5.71 21.75 22.56 4.8 12.21 7.54 10.74 15.07 9.03 23.84 9.03 14.79 22.56 15.17 18.75 12.21 15.17 0.0 5.3 5.46 9.15 17.89 9.15 9.15 22.07 3.75 9.15 5.46 3.75 9.03 23.84 9.15 17.89 5.3 5.46 10.01 14.79 5.71 9.15 5.86 21.75 5.46 10.01 18.75 3.09 22.56
12.48 3.09 5.46 5.41 13.27 10.01 8.78 12.48 18.79 13.27 18.79 9.86 9.86 8.78 0.0 3.82 8.25 0.0 16.52 9.86 13.27 8.39 6.75 6.75 9.86 5.46 17.32 12.48 12.48 0.0 10.09 8.39 5.3 10.01 8.25 5.41 10.09 3.82 9.03 6.75 17.32 9.03 18.79 5.46 11.07 9.03 12.48 5.3 11.07 8.78 5.41 13.27 10.09 0.0 13.52 5.41 16.52 17.32 8.78 8.39 9.03 5.46 10.01 3.75 18.79 3.75 10.09 17.32 9.86 13.52 8.39 9.86 5.3 0.0 2.25 12.48 13.27 6.75 6.75 16.77 2.7 6.75 8.11 2.7 3.75 18.79 6.75 13.27 0.0 8.11 5.41 10.09 5.41 6.75 3.09 16.52 8.11 5.41 13.52 8.25 17.32
13.83 5.3 6.45 7.39 14.89 9.75 9.78 13.83 19.97 14.89 19.97 10.45 10.45 9.78 2.25 4.04 8.55 2.25 16.57 10.45 14.89 10.45 9.0 9.0 10.45 6.45 18.12 13.83 13.83 2.25 11.72 10.45 5.46 9.75 8.55 7.39 11.72 4.04 10.82 9.0 18.12 10.82 19.97 6.45 12.3 10.82 13.83 5.46 12.3 9.78 4.56 14.89 11.72 2.25 13.58 7.39 16.57 18.12 9.78 10.45 10.82 6.45 9.75 4.37 19.97 4.37 11.72 18.12 10.45 13.58 10.45 10.45 5.46 2.25 0.0 13.83 14.89 9.0 9.0 17.32 4.37 9.0 9.55 4.37 4.37 19.97 9.0 14.89 2.25 9.55 4.56 11.72 7.39 9.0 5.3 16.57 9.55 4.56 13.58 8.55 18.12
0.0 10.45 16.6 7.83 20.37 22.16 4.37 0.0 27.09 20.37 27.09 20.92 20.92 4.37 12.48 16.1 7.12 12.48 28.02 20.92 20.37 14.27 10.5 10.5 20.92 16.6 27.04 0.0 0.0 12.48 18.0 14.27 9.15 22.16 7.12 7.83 18.0 16.1 4.5 10.5 27.04 4.5 27.09 16.6 20.31 4.5 0.0 9.15 20.31 4.37 17.89 20.37 18.0 12.48 25.14 7.83 28.02 27.04 4.37 14.27 4.5 16.6 22.16 15.77 27.09 15.77 18.0 27.04 20.92 25.14 14.27 20.92 9.15 12.48 13.83 0.0 20.37 10.5 10.5 27.26 9.78 10.5 4.37 9.78 15.77 27.09 10.5 20.37 12.48 4.37 17.89 18.0 7.83 10.5 10.45 28.02 4.37 17.89 25.14 7.12 27.04
20.37 12.09 8.75 13.52 0.0 11.25 18.97 20.37 6.75 0.0 6.75 7.5 7.5 18.97 13.27 11.45 20.12 13.27 11.86 7.5 0.0 6.18 10.01 10.01 7.5 8.75 7.72 20.37 20.37 13.27 3.18 6.18 17.89 11.25 20.12 13.52 3.18 11.45 15.91 10.01 7.72 15.91 6.75 8.75 3.75 15.91 20.37 17.89 3.75 18.97 13.1 0.0 3.18 13.27 10.45 13.52 11.86 7.72 18.97 6.18 15.91 8.75 11.25 10.82 6.75 10.82 3.18 7.72 7.5 10.45 6.18 7.5 17.89 13.27 14.89 20.37 0.0 10.01 10.01 9.03 14.15 10.01 17.1 14.15 10.82 6.75 10.01 0.0 13.27 17.1 13.1 3.18 13.52 10.01 12.09 11.86 17.1 13.1 10.45 20.12 7.72
10.5 3.82 7.42 3.75 10.01 13.27 9.06 10.5 16.65 10.01 16.65 11.07 11.07 9.06 6.75 8.39 10.66 6.75 18.12 11.07 10.01 3.82 0.0 0.0 11.07 7.42 16.57 10.5 10.5 6.75 7.5 3.82 9.15 13.27 10.66 3.75 7.5 8.39 6.0 0.0 16.57 6.0 16.65 7.42 9.86 6.0 10.5 9.15 9.86 9.06 10.74 10.01 7.5 6.75 15.44 3.75 18.12 16.57 9.06 3.82 6.0 7.42 13.27 7.72 16.65 7.72 7.5 16.57 11.07 15.44 3.82 11.07 9.15 6.75 9.0 10.5 10.01 0.0 0.0 16.92 5.71 0.0 7.12 5.71 7.72 16.65 0.0 10.01 6.75 7.12 10.74 7.5 3.75 0.0 3.82 18.12 7.12 10.74 15.44 10.66 16.57
10.5 3.82 7.42 3.75 10.01 13.27 9.06 10.5 16.65 10.01 16.65 11.07 11.07 9.06 6.75 8.39 10.66 6.75 18.12 11.07 10.01 3.82 0.0 0.0 11.07 7.42 16.57 10.5 10.5 6.75 7.5 3.82 9.15 13.27 10.66 3.75 7.5 8.39 6.0 0.0 16.57 6.0 16.65 7.42 9.86 6.0 10.5 9.15 9.86 9.06 10.74 10.01 7.5 6.75 15.44 3.75 18.12 16.57 9.06 3.82 6.0 7.42 13.27 7.72 16.65 7.72 7.5 16.57 11.07 15.44 3.82 11.07 9.15 6.75 9.0 10.5 10.01 0.0 0.0 16.92 5.71 0.0 7.12 5.71 7.72 16.65 0.0 10.01 6.75 7.12 10.74 7.5 3.75 0.0 3.82 18.12 7.12 10.74 15.44 10.66 16.57
27.26 17.25 11.35 19.56 9.03 8.55 24.75 27.26 6.0 9.03 6.0 6.91 6.91 24.75 16.77 13.29 24.93 16.77 3.75 6.91 9.03 13.52 16.92 16.92 6.91 11.35 2.25 27.26 27.26 16.77 9.75 13.52 22.07 8.55 24.93 19.56 9.75 13.29 22.81 16.92 2.25 22.81 6.0 11.35 7.12 22.81 27.26 22.07 7.12 24.75 13.42 9.03 9.75 16.77 4.8 19.56 3.75 2.25 24.75 13.52 22.81 11.35 8.55 13.1 6.0 13.1 9.75 2.25 6.91 4.8 13.52 6.91 22.07 16.77 17.32 27.26 9.03 16.92 16.92 0.0 18.81 16.92 23.3 18.81 13.1 6.0 16.92 9.03 16.77 23.3 13.42 9.75 19.56 16.92 17.25 3.75 23.3 13.42 4.8 24.93 2.25
9.78 2.12 7.5 3.09 14.15 12.57 6.18 9.78 20.19 14.15 20.19 12.0 12.0 6.18 2.7 6.41 6.18 2.7 18.88 12.0 14.15 8.49 5.71 5.71 12.0 7.5 19.12 9.78 9.78 2.7 11.07 8.49 3.75 12.57 6.18 3.09 11.07 6.41 6.45 5.71 19.12 6.45 20.19 7.5 12.57 6.45 9.78 3.75 12.57 6.18 8.11 14.15 11.07 2.7 15.91 3.09 18.88 19.12 6.18 8.49 6.45 7.5 12.57 6.18 20.19 6.18 11.07 19.12 12.0 15.91 8.49 12.0 3.75 2.7 4.37 9.78 14.15 5.71 5.71 18.81 0.0 5.71 5.41 0.0 6.18 20.19 5.71 14.15 2.7 5.41 8.11 11.07 3.09 5.71 2.12 18.88 5.41 8.11 15.91 6.18 19.12
10.5 3.82 7.42 3.75 10.01 13.27 9.06 10.5 16.65 10.01 16.65 11.07 11.07 9.06 6.75 8.39 10.66 6.75 18.12 11.07 10.01 3.82 0.0 0.0 11.07 7.42 16.57 10.5 10.5 6.75 7.5 3.82 9.15 13.27 10.66 3.75 7.5 8.39 6.0 0.0 16.57 6.0 16.65 7.42 9.86 6.0 10.5 9.15 9.86 9.06 10.74 10.01 7.5 6.75 15.44 3.75 18.12 16.57 9.06 3.82 6.0 7.42 13.27 7.72 16.65 7.72 7.5 16.57 11.07 15.44 3.82 11.07 9.15 6.75 9.0 10.5 10.01 0.0 0.0 16.92 5.71 0.0 7.12 5.71 7.72 16.65 0.0 10.01 6.75 7.12 10.74 7.5 3.75 0.0 3.82 18.12 7.12 10.74 15.44 10.66 16.57
4.37 6.18 12.37 3.75 17.1 17.83 2.12 4.37 23.68 17.1 23.68 16.77 16.77 2.12 8.11 11.74 4.74 8.11 23.84 16.77 17.1 10.92 7.12 7.12 16.77 12.37 23.26 4.37 4.37 8.11 14.43 10.92 5.46 17.83 4.74 3.75 14.43 11.74 2.37 7.12 23.26 2.37 23.68 12.37 16.52 2.37 4.37 5.46 16.52 2.12 13.52 17.1 14.43 8.11 20.92 3.75 23.84 23.26 2.12 10.92 2.37 12.37 17.83 11.42 23.68 11.42 14.43 23.26 16.77 20.92 10.92 16.77 5.46 8.11 9.55 4.37 17.1 7.12 7.12 23.3 5.41 7.12 0.0 5.41 11.42 23.68 7.12 17.1 8.11 0.0 13.52 14.43 3.75 7.12 6.18 23.84 0.0 13.52 20.92 4.74 23.26
9.78 2.12 7.5 3.09 14.15 12.57 6.18 9.78 20.19 14.15 20.19 12.0 12.0 6.18 2.7 6.41 6.18 2.7 18.88 12.0 14.15 8.49 5.71 5.71 12.0 7.5 19.12 9.78 9.78 2.7 11.07 8.49 3.75 12.57 6.18 3.09 11.07 6.41 6.45 5.71 19.12 6.45 20.19 7.5 12.57 6.45 9.78 3.75 12.57 6.18 8.11 14.15 11.07 2.7 15.91 3.09 18.88 19.12 6.18 8.49 6.45 7.5 12.57 6.18 20.19 6.18 11.07 19.12 12.0 15.91 8.49 12.0 3.75 2.7 4.37 9.78 14.15 5.71 5.71 18.81 0.0 5.71 5.41 0.0 6.18 20.19 5.71 14.15 2.7 5.41 8.11 11.07 3.09 5.71 2.12 18.88 5.41 8.11 15.91 6.18 19.12
15.77 5.41 2.12 8.11 10.82 6.41 12.37 15.77 15.61 10.82 15.61 6.18 6.18 12.37 3.75 0.75 12.0 3.75 12.77 6.18 10.82 7.5 7.72 7.72 6.18 2.12 13.79 15.77 15.77 3.75 7.72 7.5 9.03 6.41 12.0 8.11 7.72 0.75 11.86 7.72 13.79 11.86 15.61 2.12 7.97 11.86 15.77 9.03 7.97 12.37 3.09 10.82 7.72 3.75 9.78 8.11 12.77 13.79 12.37 7.5 11.86 2.12 6.41 0.0 15.61 0.0 7.72 13.79 6.18 9.78 7.5 6.18 9.03 3.75 4.37 15.77 10.82 7.72 7.72 13.1 6.18 7.72 11.42 6.18 0.0 15.61 7.72 10.82 3.75 11.42 3.09 7.72 8.11 7.72 5.41 12.77 11.42 3.09 9.78 12.0 13.79
27.09 18.26 13.52 20.01 6.75 13.12 25.47 27.09 0.0 6.75 0.0 10.09 10.09 25.47 18.79 16.05 26.34 18.79 9.75 10.09 6.75 12.84 16.65 16.65 10.09 13.52 3.75 27.09 27.09 18.79 9.28 12.84 23.84 13.12 26.34 20.01 9.28 16.05 22.61 16.65 3.75 22.61 0.0 13.52 7.72 22.61 27.09 23.84 7.72 25.47 16.97 6.75 9.28 18.79 10.2 20.01 9.75 3.75 25.47 12.84 22.61 13.52 13.12 15.61 0.0 15.61 9.28 3.75 10.09 10.2 12.84 10.09 23.84 18.79 19.97 27.09 6.75 16.65 16.65 6.0 20.19 16.65 23.68 20.19 15.61 0.0 16.65 6.75 18.79 23.68 16.97 9.28 20.01 16.65 18.26 9.75 23.68 16.97 10.2 26.34 3.75
10.5 3.82 7.42 3.75 10.01 13.27 9.06 10.5 16.65 10.01 16.65 11.07 11.07 9.06 6.75 8.39 10.66 6.75 18.12 11.07 10.01 3.82 0.0 0.0 11.07 7.42 16.57 10.5 10.5 6.75 7.5 3.82 9.15 13.27 10.66 3.75 7.5 8.39 6.0 0.0 16.57 6.0 16.65 7.42 9.86 6.0 10.5 9.15 9.86 9.06 10.74 10.01 7.5 6.75 15.44 3.75 18.12 16.57 9.06 3.82 6.0 7.42 13.27 7.72 16.65 7.72 7.5 16.57 11.07 15.44 3.82 11.07 9.15 6.75 9.0 10.5 10.01 0.0 0.0 16.92 5.71 0.0 7.12 5.71 7.72 16.65 0.0 10.01 6.75 7.12 10.74 7.5 3.75 0.0 3.82 18.12 7.12 10.74 15.44 10.66 16.57
20.37 12.09 8.75 13.52 0.0 11.25 18.97 20.37 6.75 0.0 6.75 7.5 7.5 18.97 13.27 11.45 20.12 13.27 11.86 7.5 0.0 6.18 10.01 10.01 7.5 8.75 7.72 20.37 20.37 13.27 3.18 6.18 17.89 11.25 20.12 13.52 3.18 11.45 15.91 10.01 7.72 15.91 6.75 8.75 3.75 15.91 20.37 17.89 3.75 18.97 13.1 0.0 3.18 13.27 10.45 13.52 11.86 7.72 18.97 6.18 15.91 8.75 11.25 10.82 6.75 10.82 3.18 7.72 7.5 10.45 6.18 7.5 17.89 13.27 14.89 20.37 0.0 10.01 10.01 9.03 14.15 10.01 17.1 14.15 10.82 6.75 10.01 0.0 13.27 17.1 13.1 3.18 13.52 10.01 12.09 11.86 17.1 13.1 10.45 20.12 7.72
12.48 3.09 5.46 5.41 13.27 10.01 8.78 12.48 18.79 13.27 18.79 9.86 9.86 8.78 0.0 3.82 8.25 0.0 16.52 9.86 13.27 8.39 6.75 6.75 9.86 5.46 17.32 12.48 12.48 0.0 10.09 8.39 5.3 10.01 8.25 5.41 10.09 3.82 9.03 6.75 17.32 9.03 18.79 5.46 11.07 9.03 12.48 5.3 11.07 8.78 5.41 13.27 10.09 0.0 13.52 5.41 16.52 17.32 8.78 8.39 9.03 5.46 10.01 3.75 18.79 3.75 10.09 17.32 9.86 13.52 8.39 9.86 5.3 0.0 2.25 12.48 13.27 6.75 6.75 16.77 2.7 6.75 8.11 2.7 3.75 18.79 6.75 13.27 0.0 8.11 5.41 10.09 5.41 6.75 3.09 16.52 8.11 5.41 13.52 8.25 17.32
4.37 6.18 12.37 3.75 17.1 17.83 2.12 4.37 23.68 17.1 23.68 16.77 16.77 2.12 8.11 11.74 4.74 8.11 23.84 16.77 17.1 10.92 7.12 7.12 16.77 12.37 23.26 4.37 4.37 8.11 14.43 10.92 5.46 17.83 4.74 3.75 14.43 11.74 2.37 7.12 23.26 2.37 23.68 12.37 16.52 2.37 4.37 5.46 16.52 2.12 13.52 17.1 14.43 8.11 20.92 3.75 23.84 23.26 2.12 10.92 2.37 12.37 17.83 11.42 23.68 11.42 14.43 23.26 16.77 20.92 10.92 16.77 5.46 8.11 9.55 4.37 17.1 7.12 7.12 23.3 5.41 7.12 0.0 5.41 11.42 23.68 7.12 17.1 8.11 0.0 13.52 14.43 3.75 7.12 6.18 23.84 0.0 13.52 20.92 4.74 23.26
17.89 7.97 4.56 10.61 13.1 5.3 14.09 17.89 16.97 13.1 16.97 6.91 6.91 14.09 5.41 2.37 13.1 5.41 12.21 6.91 13.1 10.53 10.74 10.74 6.91 4.56 14.56 17.89 17.89 5.41 10.2 10.53 10.01 5.3 13.1 10.61 10.2 2.37 14.33 10.74 14.56 14.33 16.97 4.56 9.78 14.33 17.89 10.01 9.78 14.09 0.0 13.1 10.2 5.41 9.28 10.61 12.21 14.56 14.09 10.53 14.33 4.56 5.3 3.09 16.97 3.09 10.2 14.56 6.91 9.28 10.53 6.91 10.01 5.41 4.56 17.89 13.1 10.74 10.74 13.42 8.11 10.74 13.52 8.11 3.09 16.97 10.74 13.1 5.41 13.52 0.0 10.2 10.61 10.74 7.97 12.21 13.52 0.0 9.28 13.1 14.56
18.0 9.06 5.71 10.74 3.18 9.28 16.19 18.0 9.28 3.18 9.28 5.71 5.71 16.19 10.09 8.39 17.14 10.09 11.72 5.71 3.18 3.82 7.5 7.5 5.71 5.71 9.12 18.0 18.0 10.09 0.0 3.82 14.79 9.28 17.14 10.74 0.0 8.39 13.5 7.5 9.12 13.5 9.28 5.71 2.7 13.5 18.0 14.79 2.7 16.19 10.2 3.18 0.0 10.09 9.6 10.74 11.72 9.12 16.19 3.82 13.5 5.71 9.28 7.72 9.28 7.72 0.0 9.12 5.71 9.6 3.82 5.71 14.79 10.09 11.72 18.0 3.18 7.5 7.5 9.75 11.07 7.5 14.43 11.07 7.72 9.28 7.5 3.18 10.09 14.43 10.2 0.0 10.74 7.5 9.06 11.72 14.43 10.2 9.6 17.14 9.12
7.83 2.7 8.78 0.0 13.52 14.43 5.46 7.83 20.01 13.52 20.01 13.1 13.1 5.46 5.41 8.55 6.91 5.41 20.19 13.1 13.52 7.39 3.75 3.75 13.1 8.78 19.51 7.83 7.83 5.41 10.74 7.39 5.71 14.43 6.91 0.0 10.74 8.55 3.75 3.75 19.51 3.75 20.01 8.78 12.77 3.75 7.83 5.71 12.77 5.46 10.61 13.52 10.74 5.41 17.32 0.0 20.19 19.51 5.46 7.39 3.75 8.78 14.43 8.11 20.01 8.11 10.74 19.51 13.1 17.32 7.39 13.1 5.71 5.41 7.39 7.83 13.52 3.75 3.75 19.56 3.09 3.75 3.75 3.09 8.11 20.01 3.75 13.52 5.41 3.75 10.61 10.74 0.0 3.75 2.7 20.19 3.75 10.61 17.32 6.91 19.51
10.5 3.82 7.42 3.75 10.01 13.27 9.06 10.5 16.65 10.01 16.65 11.07 11.07 9.06 6.75 8.39 10.66 6.75 18.12 11.07 10.01 3.82 0.0 0.0 11.07 7.42 16.57 10.5 10.5 6.75 7.5 3.82 9.15 13.27 10.66 3.75 7.5 8.39 6.0 0.0 16.57 6.0 16.65 7.42 9.86 6.0 10.5 9.15 9.86 9.06 10.74 10.01 7.5 6.75 15.44 3.75 18.12 16.57 9.06 3.82 6.0 7.42 13.27 7.72 16.65 7.72 7.5 16.57 11.07 15.44 3.82 11.07 9.15 6.75 9.0 10.5 10.01 0.0 0.0 16.92 5.71 0.0 7.12 5.71 7.72 16.65 0.0 10.01 6.75 7.12 10.74 7.5 3.75 0.0 3.82 18.12 7.12 10.74 15.44 10.66 16.57
10.45 0.0 6.18 2.7 12.09 11.74 7.5 10.45 18.26 12.09 18.26 10.61 10.61 7.5 3.09 5.86 8.08 3.09 17.65 10.61 12.09 6.36 3.82 3.82 10.61 6.18 17.4 10.45 10.45 3.09 9.06 6.36 5.86 11.74 8.08 2.7 9.06 5.86 6.45 3.82 17.4 6.45 18.26 6.18 10.74 6.45 10.45 5.86 10.74 7.5 7.97 12.09 9.06 3.09 14.74 2.7 17.65 17.4 7.5 6.36 6.45 6.18 11.74 5.41 18.26 5.41 9.06 17.4 10.61 14.74 6.36 10.61 5.86 3.09 5.3 10.45 12.09 3.82 3.82 17.25 2.12 3.82 6.18 2.12 5.41 18.26 3.82 12.09 3.09 6.18 7.97 9.06 2.7 3.82 0.0 17.65 6.18 7.97 14.74 8.08 17.4
28.02 17.65 11.47 20.19 11.86 6.91 25.03 28.02 9.75 11.86 9.75 7.12 7.12 25.03 16.52 12.75 24.76 16.52 0.0 7.12 11.86 15.19 18.12 18.12 7.12 11.47 6.0 28.02 28.02 16.52 11.72 15.19 21.75 6.91 24.76 20.19 11.72 12.75 23.72 18.12 6.0 23.72 9.75 11.47 9.03 23.72 28.02 21.75 9.03 25.03 12.21 11.86 11.72 16.52 3.0 20.19 0.0 6.0 25.03 15.19 23.72 11.47 6.91 12.77 9.75 12.77 11.72 6.0 7.12 3.0 15.19 7.12 21.75 16.52 16.57 28.02 11.86 18.12 18.12 3.75 18.88 18.12 23.84 18.88 12.77 9.75 18.12 11.86 16.52 23.84 12.21 11.72 20.19 18.12 17.65 0.0 23.84 12.21 3.0 24.76 6.0
4.37 6.18 12.37 3.75 17.1 17.83 2.12 4.37 23.68 17.1 23.68 16.77 16.77 2.12 8.11 11.74 4.74 8.11 23.84 16.77 17.1 10.92 7.12 7.12 16.77 12.37 23.26 4.37 4.37 8.11 14.43 10.92 5.46 17.83 4.74 3.75 14.43 11.74 2.37 7.12 23.26 2.37 23.68 12.37 16.52 2.37 4.37 5.46 16.52 2.12 13.52 17.1 14.43 8.11 20.92 3.75 23.84 23.26 2.12 10.92 2.37 12.37 17.83 11.42 23.68 11.42 14.43 23.26 16.77 20.92 10.92 16.77 5.46 8.11 9.55 4.37 17.1 7.12 7.12 23.3 5.41 7.12 0.0 5.41 11.42 23.68 7.12 17.1 8.11 0.0 13.52 14.43 3.75 7.12 6.18 23.84 0.0 13.52 20.92 4.74 23.26
17.89 7.97 4.56 10.61 13.1 5.3 14.09 17.89 16.97 13.1 16.97 6.91 6.91 14.09 5.41 2.37 13.1 5.41 12.21 6.91 13.1 10.53 10.74 10.74 6.91 4.56 14.56 17.89 17.89 5.41 10.2 10.53 10.01 5.3 13.1 10.61 10.2 2.37 14.33 10.74 14.56 14.33 16.97 4.56 9.78 14.33 17.89 10.01 9.78 14.09 0.0 13.1 10.2 5.41 9.28 10.61 12.21 14.56 14.09 10.53 14.33 4.56 5.3 3.09 16.97 3.09 10.2 14.56 6.91 9.28 10.53 6.91 10.01 5.41 4.56 17.89 13.1 10.74 10.74 13.42 8.11 10.74 13.52 8.11 3.09 16.97 10.74 13.1 5.41 13.52 0.0 10.2 10.61 10.74 7.97 12.21 13.52 0.0 9.28 13.1 14.56
25.14 14.74 8.55 17.32 10.45 4.04 22.07 25.14 10.2 10.45 10.2 4.37 4.37 22.07 13.52 9.75 21.76 13.52 3.0 4.37 10.45 12.77 15.44 15.44 4.37 8.55 6.71 25.14 25.14 13.52 9.6 12.77 18.75 4.04 21.76 17.32 9.6 9.75 20.89 15.44 6.71 20.89 10.2 8.55 7.08 20.89 25.14 18.75 7.08 22.07 9.28 10.45 9.6 13.52 0.0 17.32 3.0 6.71 22.07 12.77 20.89 8.55 4.04 9.78 10.2 9.78 9.6 6.71 4.37 0.0 12.77 4.37 18.75 13.52 13.58 25.14 10.45 15.44 15.44 4.8 15.91 15.44 20.92 15.91 9.78 10.2 15.44 10.45 13.52 20.92 9.28 9.6 17.32 15.44 14.74 3.0 20.92 9.28 0.0 21.76 6.71
7.12 8.08 13.58 6.91 20.12 18.14 3.0 7.12 26.34 20.12 26.34 18.06 18.06 3.0 8.25 12.02 0.0 8.25 24.76 18.06 20.12 14.15 10.66 10.66 18.06 13.58 25.3 7.12 7.12 8.25 17.14 14.15 3.09 18.14 0.0 6.91 17.14 12.02 7.12 10.66 25.3 7.12 26.34 13.58 18.75 7.12 7.12 3.09 18.75 3.0 13.1 20.12 17.14 8.25 21.76 6.91 24.76 25.3 3.0 14.15 7.12 13.58 18.14 12.0 26.34 12.0 17.14 25.3 18.06 21.76 14.15 18.06 3.09 8.25 8.55 7.12 20.12 10.66 10.66 24.93 6.18 10.66 4.74 6.18 12.0 26.34 10.66 20.12 8.25 4.74 13.1 17.14 6.91 10.66 8.08 24.76 4.74 13.1 21.76 0.0 25.3
27.04 17.4 11.86 19.51 7.72 10.09 24.85 27.04 3.75 7.72 3.75 7.72 7.72 24.85 17.32 14.09 25.3 17.32 6.0 7.72 7.72 12.95 16.57 16.57 7.72 11.86 0.0 27.04 27.04 17.32 9.12 12.95 22.56 10.09 25.3 19.51 9.12 14.09 22.55 16.57 0.0 22.55 3.75 11.86 6.75 22.55 27.04 22.56 6.75 24.85 14.56 7.72 9.12 17.32 6.71 19.51 6.0 0.0 24.85 12.95 22.55 11.86 10.09 13.79 3.75 13.79 9.12 0.0 7.72 6.71 12.95 7.72 22.56 17.32 18.12 27.04 7.72 16.57 16.57 2.25 19.12 16.57 23.26 19.12 13.79 3.75 16.57 7.72 17.32 23.26 14.56 9.12 19.51 16.57 17.4 6.0 23.26 14.56 6.71 25.3 0.0
