0.0 18.0 27.26 22.16 25.14 16.1 27.26 17.89 13.1 0.0 10.5 16.1 20.37 17.89 4.37 9.15 20.37 0.0 27.04 7.83 0.0 10.5 7.83 25.14 17.89 14.27 18.0 20.92 4.5 15.77 27.09 20.31 7.83 28.02 16.1 0.0 7.12 14.27 9.78 14.27 10.5 20.92 20.92 25.14 4.37 4.37 17.89 9.15 28.02 28.02 4.5 9.78 17.89 20.92 9.15 17.89 4.5 13.83 20.37 13.1 20.92 25.14 17.89 22.16 16.1 15.77 10.45 27.09 12.48 14.27 4.37 27.04 13.1 27.09 4.37 7.83 16.6 20.37 7.83 9.15 20.37
18.0 0.0 9.75 9.28 9.6 8.39 9.75 10.2 7.97 18.0 7.5 8.39 3.18 10.2 16.19 14.79 3.18 18.0 9.12 10.74 18.0 7.5 10.74 9.6 10.2 3.82 0.0 5.71 13.5 7.72 9.28 2.7 10.74 11.72 8.39 18.0 17.14 3.82 11.07 3.82 7.5 5.71 5.71 9.6 14.43 14.43 10.2 14.79 11.72 11.72 13.5 11.07 10.2 5.71 14.79 10.2 13.5 11.72 3.18 7.97 5.71 9.6 10.2 9.28 8.39 7.72 9.06 9.28 10.09 3.82 16.19 9.12 7.97 9.28 16.19 10.74 5.71 3.18 10.74 14.79 3.18
27.26 9.75 0.0 8.55 4.8 13.29 0.0 13.42 15.07 27.26 16.92 13.29 9.03 13.42 24.75 22.07 9.03 27.26 2.25 19.56 27.26 16.92 19.56 4.8 13.42 13.52 9.75 6.91 22.81 13.1 6.0 7.12 19.56 3.75 13.29 27.26 24.93 13.52 18.81 13.52 16.92 6.91 6.91 4.8 23.3 23.3 13.42 22.07 3.75 3.75 22.81 18.81 13.42 6.91 22.07 13.42 22.81 17.32 9.03 15.07 6.91 4.8 13.42 8.55 13.29 13.1 17.25 6.0 16.77 13.52 24.75 2.25 15.07 6.0 24.75 19.56 11.35 9.03 19.56 22.07 9.03
22.16 9.28 8.55 0.0 4.04 6.18 8.55 5.3 9.06 22.16 13.27 6.18 11.25 5.3 18.75 15.07 11.25 22.16 10.09 14.43 22.16 13.27 14.43 4.04 5.3 11.45 9.28 3.75 18.14 6.41 13.12 7.5 14.43 6.91 6.18 22.16 18.14 11.45 12.57 11.45 13.27 3.75 3.75 4.04 17.83 17.83 5.3 15.07 6.91 6.91 18.14 12.57 5.3 3.75 15.07 5.3 18.14 9.75 11.25 9.06 3.75 4.04 5.3 0.0 6.18 6.41 11.74 13.12 10.01 11.45 18.75 10.09 9.06 13.12 18.75 14.43 5.86 11.25 14.43 15.07 11.25
25.14 9.6 4.8 4.04 0.0 9.75 4.8 9.28 12.21 25.14 15.44 9.75 10.45 9.28 22.07 18.75 10.45 25.14 6.71 17.32 25.14 15.44 17.32 0.0 9.28 12.77 9.6 4.37 20.89 9.78 10.2 7.08 17.32 3.0 9.75 25.14 21.76 12.77 15.91 12.77 15.44 4.37 4.37 0.0 20.92 20.92 9.28 18.75 3.0 3.0 20.89 15.91 9.28 4.37 18.75 9.28 20.89 13.58 10.45 12.21 4.37 0.0 9.28 4.04 9.75 9.78 14.74 10.2 13.52 12.77 22.07 6.71 12.21 10.2 22.07 17.32 8.55 10.45 17.32 18.75 10.45
16.1 8.39 13.29 6.18 9.75 0.0 13.29 2.37 3.18 16.1 8.39 0.0 11.45 2.37 12.57 9.0 11.45 16.1 14.09 8.55 16.1 8.39 8.55 9.75 2.37 8.25 8.39 6.41 12.3 0.75 16.05 8.49 8.55 12.75 0.0 16.1 12.02 8.25 6.41 8.25 8.39 6.41 6.41 9.75 11.74 11.74 2.37 9.0 12.75 12.75 12.3 6.41 2.37 6.41 9.0 2.37 12.3 4.04 11.45 3.18 6.41 9.75 2.37 6.18 0.0 0.75 5.86 16.05 3.82 8.25 12.57 14.09 3.18 16.05 12.57 8.55 2.7 11.45 8.55 9.0 11.45
27.26 9.75 0.0 8.55 4.8 13.29 0.0 13.42 15.07 27.26 16.92 13.29 9.03 13.42 24.75 22.07 9.03 27.26 2.25 19.56 27.26 16.92 19.56 4.8 13.42 13.52 9.75 6.91 22.81 13.1 6.0 7.12 19.56 3.75 13.29 27.26 24.93 13.52 18.81 13.52 16.92 6.91 6.91 4.8 23.3 23.3 13.42 22.07 3.75 3.75 22.81 18.81 13.42 6.91 22.07 13.42 22.81 17.32 9.03 15.07 6.91 4.8 13.42 8.55 13.29 13.1 17.25 6.0 16.77 13.52 24.75 2.25 15.07 6.0 24.75 19.56 11.35 9.03 19.56 22.07 9.03
17.89 10.2 13.42 5.3 9.28 2.37 13.42 0.0 5.41 17.89 10.74 2.37 13.1 0.0 14.09 10.01 13.1 17.89 14.56 10.61 17.89 10.74 10.61 9.28 0.0 10.53 10.2 6.91 14.33 3.09 16.97 9.78 10.61 12.21 2.37 17.89 13.1 10.53 8.11 10.53 10.74 6.91 6.91 9.28 13.52 13.52 0.0 10.01 12.21 12.21 14.33 8.11 0.0 6.91 10.01 0.0 14.33 4.56 13.1 5.41 6.91 9.28 0.0 5.3 2.37 3.09 7.97 16.97 5.41 10.53 14.09 14.56 5.41 16.97 14.09 10.61 4.56 13.1 10.61 10.01 13.1
13.1 7.97 15.07 9.06 12.21 3.18 15.07 5.41 0.0 13.1 5.46 3.18 11.15 5.41 9.86 7.12 11.15 13.1 15.46 5.41 13.1 5.46 5.41 12.21 5.41 6.41 7.97 8.25 9.15 2.7 16.77 9.06 5.41 15.17 3.18 13.1 9.86 6.41 3.75 6.41 5.46 8.25 8.25 12.21 8.78 8.78 5.41 7.12 15.17 15.17 9.15 3.75 5.41 8.25 7.12 5.41 9.15 4.04 11.15 0.0 8.25 12.21 5.41 9.06 3.18 2.7 2.7 16.77 2.12 6.41 9.86 15.46 0.0 16.77 9.86 5.41 3.75 11.15 5.41 7.12 11.15
0.0 18.0 27.26 22.16 25.14 16.1 27.26 17.89 13.1 0.0 10.5 16.1 20.37 17.89 4.37 9.15 20.37 0.0 27.04 7.83 0.0 10.5 7.83 25.14 17.89 14.27 18.0 20.92 4.5 15.77 27.09 20.31 7.83 28.02 16.1 0.0 7.12 14.27 9.78 14.27 10.5 20.92 20.92 25.14 4.37 4.37 17.89 9.15 28.02 28.02 4.5 9.78 17.89 20.92 9.15 17.89 4.5 13.83 20.37 13.1 20.92 25.14 17.89 22.16 16.1 15.77 10.45 27.09 12.48 14.27 4.37 27.04 13.1 27.09 4.37 7.83 16.6 20.37 7.83 9.15 20.37
10.5 7.5 16.92 13.27 15.44 8.39 16.92 10.74 5.46 10.5 0.0 8.39 10.01 10.74 9.06 9.15 10.01 10.5 16.57 3.75 10.5 0.0 3.75 15.44 10.74 3.82 7.5 11.07 6.0 7.72 16.65 9.86 3.75 18.12 8.39 10.5 10.66 3.82 5.71 3.82 0.0 11.07 11.07 15.44 7.12 7.12 10.74 9.15 18.12 18.12 6.0 5.71 10.74 11.07 9.15 10.74 6.0 9.0 10.01 5.46 11.07 15.44 10.74 13.27 8.39 7.72 3.82 16.65 6.75 3.82 9.06 16.57 5.46 16.65 9.06 3.75 7.42 10.01 3.75 9.15 10.01
16.1 8.39 13.29 6.18 9.75 0.0 13.29 2.37 3.18 16.1 8.39 0.0 11.45 2.37 12.57 9.0 11.45 16.1 14.09 8.55 16.1 8.39 8.55 9.75 2.37 8.25 8.39 6.41 12.3 0.75 16.05 8.49 8.55 12.75 0.0 16.1 12.02 8.25 6.41 8.25 8.39 6.41 6.41 9.75 11.74 11.74 2.37 9.0 12.75 12.75 12.3 6.41 2.37 6.41 9.0 2.37 12.3 4.04 11.45 3.18 6.41 9.75 2.37 6.18 0.0 0.75 5.86 16.05 3.82 8.25 12.57 14.09 3.18 16.05 12.57 8.55 2.7 11.45 8.55 9.0 11.45
20.37 3.18 9.03 11.25 10.45 11.45 9.03 13.1 11.15 20.37 10.01 11.45 0.0 13.1 18.97 17.89 0.0 20.37 7.72 13.52 20.37 10.01 13.52 10.45 13.1 6.18 3.18 7.5 15.91 10.82 6.75 3.75 13.52 11.86 11.45 20.37 20.12 6.18 14.15 6.18 10.01 7.5 7.5 10.45 17.1 17.1 13.1 17.89 11.86 11.86 15.91 14.15 13.1 7.5 17.89 13.1 15.91 14.89 0.0 11.15 7.5 10.45 13.1 11.25 11.45 10.82 12.09 6.75 13.27 6.18 18.97 7.72 11.15 6.75 18.97 13.52 8.75 0.0 13.52 17.89 0.0
17.89 10.2 13.42 5.3 9.28 2.37 13.42 0.0 5.41 17.89 10.74 2.37 13.1 0.0 14.09 10.01 13.1 17.89 14.56 10.61 17.89 10.74 10.61 9.28 0.0 10.53 10.2 6.91 14.33 3.09 16.97 9.78 10.61 12.21 2.37 17.89 13.1 10.53 8.11 10.53 10.74 6.91 6.91 9.28 13.52 13.52 0.0 10.01 12.21 12.21 14.33 8.11 0.0 6.91 10.01 0.0 14.33 4.56 13.1 5.41 6.91 9.28 0.0 5.3 2.37 3.09 7.97 16.97 5.41 10.53 14.09 14.56 5.41 16.97 14.09 10.61 4.56 13.1 10.61 10.01 13.1
4.37 16.19 24.75 18.75 22.07 12.57 24.75 14.09 9.86 4.37 9.06 12.57 18.97 14.09 0.0 4.8 18.97 4.37 24.85 5.46 4.37 9.06 5.46 22.07 14.09 12.82 16.19 18.06 4.37 12.37 25.47 18.14 5.46 25.03 12.57 4.37 3.0 12.82 6.18 12.82 9.06 18.06 18.06 22.07 2.12 2.12 14.09 4.8 25.03 25.03 4.37 6.18 14.09 18.06 4.8 14.09 4.37 9.78 18.97 9.86 18.06 22.07 14.09 18.75 12.57 12.37 7.5 25.47 8.78 12.82 0.0 24.85 9.86 25.47 0.0 5.46 13.58 18.97 5.46 4.8 18.97
9.15 14.79 22.07 15.07 18.75 9.0 22.07 10.01 7.12 9.15 9.15 9.0 17.89 10.01 4.8 0.0 17.89 9.15 22.56 5.71 9.15 9.15 5.71 18.75 10.01 12.21 14.79 15.17 7.54 9.03 23.84 16.16 5.71 21.75 9.0 9.15 3.09 12.21 3.75 12.21 9.15 15.17 15.17 18.75 5.46 5.46 10.01 0.0 21.75 21.75 7.54 3.75 10.01 15.17 0.0 10.01 7.54 5.46 17.89 7.12 15.17 18.75 10.01 15.07 9.0 9.03 5.86 23.84 5.3 12.21 4.8 22.56 7.12 23.84 4.8 5.71 10.74 17.89 5.71 0.0 17.89
20.37 3.18 9.03 11.25 10.45 11.45 9.03 13.1 11.15 20.37 10.01 11.45 0.0 13.1 18.97 17.89 0.0 20.37 7.72 13.52 20.37 10.01 13.52 10.45 13.1 6.18 3.18 7.5 15.91 10.82 6.75 3.75 13.52 11.86 11.45 20.37 20.12 6.18 14.15 6.18 10.01 7.5 7.5 10.45 17.1 17.1 13.1 17.89 11.86 11.86 15.91 14.15 13.1 7.5 17.89 13.1 15.91 14.89 0.0 11.15 7.5 10.45 13.1 11.25 11.45 10.82 12.09 6.75 13.27 6.18 18.97 7.72 11.15 6.75 18.97 13.52 8.75 0.0 13.52 17.89 0.0
0.0 18.0 27.26 22.16 25.14 16.1 27.26 17.89 13.1 0.0 10.5 16.1 20.37 17.89 4.37 9.15 20.37 0.0 27.04 7.83 0.0 10.5 7.83 25.14 17.89 14.27 18.0 20.92 4.5 15.77 27.09 20.31 7.83 28.02 16.1 0.0 7.12 14.27 9.78 14.27 10.5 20.92 20.92 25.14 4.37 4.37 17.89 9.15 28.02 28.02 4.5 9.78 17.89 20.92 9.15 17.89 4.5 13.83 20.37 13.1 20.92 25.14 17.89 22.16 16.1 15.77 10.45 27.09 12.48 14.27 4.37 27.04 13.1 27.09 4.37 7.83 16.6 20.37 7.83 9.15 20.37
27.04 9.12 2.25 10.09 6.71 14.09 2.25 14.56 15.46 27.04 16.57 14.09 7.72 14.56 24.85 22.56 7.72 27.04 0.0 19.51 27.04 16.57 19.51 6.71 14.56 12.95 9.12 7.72 22.55 13.79 3.75 6.75 19.51 6.0 14.09 27.04 25.3 12.95 19.12 12.95 16.57 7.72 7.72 6.71 23.26 23.26 14.56 22.56 6.0 6.0 22.55 19.12 14.56 7.72 22.56 14.56 22.55 18.12 7.72 15.46 7.72 6.71 14.56 10.09 14.09 13.79 17.4 3.75 17.32 12.95 24.85 0.0 15.46 3.75 24.85 19.51 11.86 7.72 19.51 22.56 7.72
7.83 10.74 19.56 14.43 17.32 8.55 19.56 10.61 5.41 7.83 3.75 8.55 13.52 10.61 5.46 5.71 13.52 7.83 19.51 0.0 7.83 3.75 0.0 17.32 10.61 7.39 10.74 13.1 3.75 8.11 20.01 12.77 0.0 20.19 8.55 7.83 6.91 7.39 3.09 7.39 3.75 13.1 13.1 17.32 3.75 3.75 10.61 5.71 20.19 20.19 3.75 3.09 10.61 13.1 5.71 10.61 3.75 7.39 13.52 5.41 13.1 17.32 10.61 14.43 8.55 8.11 2.7 20.01 5.41 7.39 5.46 19.51 5.41 20.01 5.46 0.0 8.78 13.52 0.0 5.71 13.52
0.0 18.0 27.26 22.16 25.14 16.1 27.26 17.89 13.1 0.0 10.5 16.1 20.37 17.89 4.37 9.15 20.37 0.0 27.04 7.83 0.0 10.5 7.83 25.14 17.89 14.27 18.0 20.92 4.5 15.77 27.09 20.31 7.83 28.02 16.1 0.0 7.12 14.27 9.78 14.27 10.5 20.92 20.92 25.14 4.37 4.37 17.89 9.15 28.02 28.02 4.5 9.78 17.89 20.92 9.15 17.89 4.5 13.83 20.37 13.1 20.92 25.14 17.89 22.16 16.1 15.77 10.45 27.09 12.48 14.27 4.37 27.04 13.1 27.09 4.37 7.83 16.6 20.37 7.83 9.15 20.37
10.5 7.5 16.92 13.27 15.44 8.39 16.92 10.74 5.46 10.5 0.0 8.39 10.01 10.74 9.06 9.15 10.01 10.5 16.57 3.75 10.5 0.0 3.75 15.44 10.74 3.82 7.5 11.07 6.0 7.72 16.65 9.86 3.75 18.12 8.39 10.5 10.66 3.82 5.71 3.82 0.0 11.07 11.07 15.44 7.12 7.12 10.74 9.15 18.12 18.12 6.0 5.71 10.74 11.07 9.15 10.74 6.0 9.0 10.01 5.46 11.07 15.44 10.74 13.27 8.39 7.72 3.82 16.65 6.75 3.82 9.06 16.57 5.46 16.65 9.06 3.75 7.42 10.01 3.75 9.15 10.01
7.83 10.74 19.56 14.43 17.32 8.55 19.56 10.61 5.41 7.83 3.75 8.55 13.52 10.61 5.46 5.71 13.52 7.83 19.51 0.0 7.83 3.75 0.0 17.32 10.61 7.39 10.74 13.1 3.75 8.11 20.01 12.77 0.0 20.19 8.55 7.83 6.91 7.39 3.09 7.39 3.75 13.1 13.1 17.32 3.75 3.75 10.61 5.71 20.19 20.19 3.75 3.09 10.61 13.1 5.71 10.61 3.75 7.39 13.52 5.41 13.1 17.32 10.61 14.43 8.55 8.11 2.7 20.01 5.41 7.39 5.46 19.51 5.41 20.01 5.46 0.0 8.78 13.52 0.0 5.71 13.52
25.14 9.6 4.8 4.04 0.0 9.75 4.8 9.28 12.21 25.14 15.44 9.75 10.45 9.28 22.07 18.75 10.45 25.14 6.71 17.32 25.14 15.44 17.32 0.0 9.28 12.77 9.6 4.37 20.89 9.78 10.2 7.08 17.32 3.0 9.75 25.14 21.76 12.77 15.91 12.77 15.44 4.37 4.37 0.0 20.92 20.92 9.28 18.75 3.0 3.0 20.89 15.91 9.28 4.37 18.75 9.28 20.89 13.58 10.45 12.21 4.37 0.0 9.28 4.04 9.75 9.78 14.74 10.2 13.52 12.77 22.07 6.71 12.21 10.2 22.07 17.32 8.55 10.45 17.32 18.75 10.45
17.89 10.2 13.42 5.3 9.28 2.37 13.42 0.0 5.41 17.89 10.74 2.37 13.1 0.0 14.09 10.01 13.1 17.89 14.56 10.61 17.89 10.74 10.61 9.28 0.0 10.53 10.2 6.91 14.33 3.09 16.97 9.78 10.61 12.21 2.37 17.89 13.1 10.53 8.11 10.53 10.74 6.91 6.91 9.28 13.52 13.52 0.0 10.01 12.21 12.21 14.33 8.11 0.0 6.91 10.01 0.0 14.33 4.56 13.1 5.41 6.91 9.28 0.0 5.3 2.37 3.09 7.97 16.97 5.41 10.53 14.09 14.56 5.41 16.97 14.09 10.61 4.56 13.1 10.61 10.01 13.1
14.27 3.82 13.52 11.45 12.77 8.25 13.52 10.53 6.41 14.27 3.82 8.25 6.18 10.53 12.82 12.21 6.18 14.27 12.95 7.39 14.27 3.82 7.39 12.77 10.53 0.0 3.82 8.49 9.78 7.5 12.84 6.41 7.39 15.19 8.25 14.27 14.15 0.0 8.49 0.0 3.82 8.49 8.49 12.77 10.92 10.92 10.53 12.21 15.19 15.19 9.78 8.49 10.53 8.49 12.21 10.53 9.78 10.45 6.18 6.41 8.49 12.77 10.53 11.45 8.25 7.5 6.36 12.84 8.39 0.0 12.82 12.95 6.41 12.84 12.82 7.39 6.18 6.18 7.39 12.21 6.18
18.0 0.0 9.75 9.28 9.6 8.39 9.75 10.2 7.97 18.0 7.5 8.39 3.18 10.2 16.19 14.79 3.18 18.0 9.12 10.74 18.0 7.5 10.74 9.6 10.2 3.82 0.0 5.71 13.5 7.72 9.28 2.7 10.74 11.72 8.39 18.0 17.14 3.82 11.07 3.82 7.5 5.71 5.71 9.6 14.43 14.43 10.2 14.79 11.72 11.72 13.5 11.07 10.2 5.71 14.79 10.2 13.5 11.72 3.18 7.97 5.71 9.6 10.2 9.28 8.39 7.72 9.06 9.28 10.09 3.82 16.19 9.12 7.97 9.28 16.19 10.74 5.71 3.18 10.74 14.79 3.18
20.92 5.71 6.91 3.75 4.37 6.41 6.91 6.91 8.25 20.92 11.07 6.41 7.5 6.91 18.06 15.17 7.5 20.92 7.72 13.1 20.92 11.07 13.1 4.37 6.91 8.49 5.71 0.0 16.6 6.18 10.09 3.75 13.1 7.12 6.41 20.92 18.06 8.49 12.0 8.49 11.07 0.0 0.0 4.37 16.77 16.77 6.91 15.17 7.12 7.12 16.6 12.0 6.91 0.0 15.17 6.91 16.6 10.45 7.5 8.25 0.0 4.37 6.91 3.75 6.41 6.18 10.61 10.09 9.86 8.49 18.06 7.72 8.25 10.09 18.06 13.1 4.5 7.5 13.1 15.17 7.5
4.5 13.5 22.81 18.14 20.89 12.3 22.81 14.33 9.15 4.5 6.0 12.3 15.91 14.33 4.37 7.54 15.91 4.5 22.55 3.75 4.5 6.0 3.75 20.89 14.33 9.78 13.5 16.6 0.0 11.86 22.61 15.82 3.75 23.72 12.3 4.5 7.12 9.78 6.45 9.78 6.0 16.6 16.6 20.89 2.37 2.37 14.33 7.54 23.72 23.72 0.0 6.45 14.33 16.6 7.54 14.33 0.0 10.82 15.91 9.15 16.6 20.89 14.33 18.14 12.3 11.86 6.45 22.61 9.03 9.78 4.37 22.55 9.15 22.61 4.37 3.75 12.41 15.91 3.75 7.54 15.91
15.77 7.72 13.1 6.41 9.78 0.75 13.1 3.09 2.7 15.77 7.72 0.75 10.82 3.09 12.37 9.03 10.82 15.77 13.79 8.11 15.77 7.72 8.11 9.78 3.09 7.5 7.72 6.18 11.86 0.0 15.61 7.97 8.11 12.77 0.75 15.77 12.0 7.5 6.18 7.5 7.72 6.18 6.18 9.78 11.42 11.42 3.09 9.03 12.77 12.77 11.86 6.18 3.09 6.18 9.03 3.09 11.86 4.37 10.82 2.7 6.18 9.78 3.09 6.41 0.75 0.0 5.41 15.61 3.75 7.5 12.37 13.79 2.7 15.61 12.37 8.11 2.12 10.82 8.11 9.03 10.82
27.09 9.28 6.0 13.12 10.2 16.05 6.0 16.97 16.77 27.09 16.65 16.05 6.75 16.97 25.47 23.84 6.75 27.09 3.75 20.01 27.09 16.65 20.01 10.2 16.97 12.84 9.28 10.09 22.61 15.61 0.0 7.72 20.01 9.75 16.05 27.09 26.34 12.84 20.19 12.84 16.65 10.09 10.09 10.2 23.68 23.68 16.97 23.84 9.75 9.75 22.61 20.19 16.97 10.09 23.84 16.97 22.61 19.97 6.75 16.77 10.09 10.2 16.97 13.12 16.05 15.61 18.26 0.0 18.79 12.84 25.47 3.75 16.77 0.0 25.47 20.01 13.52 6.75 20.01 23.84 6.75
20.31 2.7 7.12 7.5 7.08 8.49 7.12 9.78 9.06 20.31 9.86 8.49 3.75 9.78 18.14 16.16 3.75 20.31 6.75 12.77 20.31 9.86 12.77 7.08 9.78 6.41 2.7 3.75 15.82 7.97 7.72 0.0 12.77 9.03 8.49 20.31 18.75 6.41 12.57 6.41 9.86 3.75 3.75 7.08 16.52 16.52 9.78 16.16 9.03 9.03 15.82 12.57 9.78 3.75 16.16 9.78 15.82 12.3 3.75 9.06 3.75 7.08 9.78 7.5 8.49 7.97 10.74 7.72 11.07 6.41 18.14 6.75 9.06 7.72 18.14 12.77 5.86 3.75 12.77 16.16 3.75
7.83 10.74 19.56 14.43 17.32 8.55 19.56 10.61 5.41 7.83 3.75 8.55 13.52 10.61 5.46 5.71 13.52 7.83 19.51 0.0 7.83 3.75 0.0 17.32 10.61 7.39 10.74 13.1 3.75 8.11 20.01 12.77 0.0 20.19 8.55 7.83 6.91 7.39 3.09 7.39 3.75 13.1 13.1 17.32 3.75 3.75 10.61 5.71 20.19 20.19 3.75 3.09 10.61 13.1 5.71 10.61 3.75 7.39 13.52 5.41 13.1 17.32 10.61 14.43 8.55 8.11 2.7 20.01 5.41 7.39 5.46 19.51 5.41 20.01 5.46 0.0 8.78 13.52 0.0 5.71 13.52
28.02 11.72 3.75 6.91 3.0 12.75 3.75 12.21 15.17 28.02 18.12 12.75 11.86 12.21 25.03 21.75 11.86 28.02 6.0 20.19 28.02 18.12 20.19 3.0 12.21 15.19 11.72 7.12 23.72 12.77 9.75 9.03 20.19 0.0 12.75 28.02 24.76 15.19 18.88 15.19 18.12 7.12 7.12 3.0 23.84 23.84 12.21 21.75 0.0 0.0 23.72 18.88 12.21 7.12 21.75 12.21 23.72 16.57 11.86 15.17 7.12 3.0 12.21 6.91 12.75 12.77 17.65 9.75 16.52 15.19 25.03 6.0 15.17 9.75 25.03 20.19 11.47 11.86 20.19 21.75 11.86
16.1 8.39 13.29 6.18 9.75 0.0 13.29 2.37 3.18 16.1 8.39 0.0 11.45 2.37 12.57 9.0 11.45 16.1 14.09 8.55 16.1 8.39 8.55 9.75 2.37 8.25 8.39 6.41 12.3 0.75 16.05 8.49 8.55 12.75 0.0 16.1 12.02 8.25 6.41 8.25 8.39 6.41 6.41 9.75 11.74 11.74 2.37 9.0 12.75 12.75 12.3 6.41 2.37 6.41 9.0 2.37 12.3 4.04 11.45 3.18 6.41 9.75 2.37 6.18 0.0 0.75 5.86 16.05 3.82 8.25 12.57 14.09 3.18 16.05 12.57 8.55 2.7 11.45 8.55 9.0 11.45
0.0 18.0 27.26 22.16 25.14 16.1 27.26 17.89 13.1 0.0 10.5 16.1 20.37 17.89 4.37 9.15 20.37 0.0 27.04 7.83 0.0 10.5 7.83 25.14 17.89 14.27 18.0 20.92 4.5 15.77 27.09 20.31 7.83 28.02 16.1 0.0 7.12 14.27 9.78 14.27 10.5 20.92 20.92 25.14 4.37 4.37 17.89 9.15 28.02 28.02 4.5 9.78 17.89 20.92 9.15 17.89 4.5 13.83 20.37 13.1 20.92 25.14 17.89 22.16 16.1 15.77 10.45 27.09 12.48 14.27 4.37 27.04 13.1 27.09 4.37 7.83 16.6 20.37 7.83 9.15 20.37
7.12 17.14 24.93 18.14 21.76 12.02 24.93 13.1 9.86 7.12 10.66 12.02 20.12 13.1 3.0 3.09 20.12 7.12 25.3 6.91 7.12 10.66 6.91 21.76 13.1 14.15 17.14 18.06 7.12 12.0 26.34 18.75 6.91 24.76 12.02 7.12 0.0 14.15 6.18 14.15 10.66 18.06 18.06 21.76 4.74 4.74 13.1 3.09 24.76 24.76 7.12 6.18 13.1 18.06 3.09 13.1 7.12 8.55 20.12 9.86 18.06 21.76 13.1 18.14 12.02 12.0 8.08 26.34 8.25 14.15 3.0 25.3 9.86 26.34 3.0 6.91 13.58 20.12 6.91 3.09 20.12
14.27 3.82 13.52 11.45 12.77 8.25 13.52 10.53 6.41 14.27 3.82 8.25 6.18 10.53 12.82 12.21 6.18 14.27 12.95 7.39 14.27 3.82 7.39 12.77 10.53 0.0 3.82 8.49 9.78 7.5 12.84 6.41 7.39 15.19 8.25 14.27 14.15 0.0 8.49 0.0 3.82 8.49 8.49 12.77 10.92 10.92 10.53 12.21 15.19 15.19 9.78 8.49 10.53 8.49 12.21 10.53 9.78 10.45 6.18 6.41 8.49 12.77 10.53 11.45 8.25 7.5 6.36 12.84 8.39 0.0 12.82 12.95 6.41 12.84 12.82 7.39 6.18 6.18 7.39 12.21 6.18
9.78 11.07 18.81 12.57 15.91 6.41 18.81 8.11 3.75 9.78 5.71 6.41 14.15 8.11 6.18 3.75 14.15 9.78 19.12 3.09 9.78 5.71 3.09 15.91 8.11 8.49 11.07 12.0 6.45 6.18 20.19 12.57 3.09 18.88 6.41 9.78 6.18 8.49 0.0 8.49 5.71 12.0 12.0 15.91 5.41 5.41 8.11 3.75 18.88 18.88 6.45 0.0 8.11 12.0 3.75 8.11 6.45 4.37 14.15 3.75 12.0 15.91 8.11 12.57 6.41 6.18 2.12 20.19 2.7 8.49 6.18 19.12 3.75 20.19 6.18 3.09 7.5 14.15 3.09 3.75 14.15
14.27 3.82 13.52 11.45 12.77 8.25 13.52 10.53 6.41 14.27 3.82 8.25 6.18 10.53 12.82 12.21 6.18 14.27 12.95 7.39 14.27 3.82 7.39 12.77 10.53 0.0 3.82 8.49 9.78 7.5 12.84 6.41 7.39 15.19 8.25 14.27 14.15 0.0 8.49 0.0 3.82 8.49 8.49 12.77 10.92 10.92 10.53 12.21 15.19 15.19 9.78 8.49 10.53 8.49 12.21 10.53 9.78 10.45 6.18 6.41 8.49 12.77 10.53 11.45 8.25 7.5 6.36 12.84 8.39 0.0 12.82 12.95 6.41 12.84 12.82 7.39 6.18 6.18 7.39 12.21 6.18
10.5 7.5 16.92 13.27 15.44 8.39 16.92 10.74 5.46 10.5 0.0 8.39 10.01 10.74 9.06 9.15 10.01 10.5 16.57 3.75 10.5 0.0 3.75 15.44 10.74 3.82 7.5 11.07 6.0 7.72 16.65 9.86 3.75 18.12 8.39 10.5 10.66 3.82 5.71 3.82 0.0 11.07 11.07 15.44 7.12 7.12 10.74 9.15 18.12 18.12 6.0 5.71 10.74 11.07 9.15 10.74 6.0 9.0 10.01 5.46 11.07 15.44 10.74 13.27 8.39 7.72 3.82 16.65 6.75 3.82 9.06 16.57 5.46 16.65 9.06 3.75 7.42 10.01 3.75 9.15 10.01
20.92 5.71 6.91 3.75 4.37 6.41 6.91 6.91 8.25 20.92 11.07 6.41 7.5 6.91 18.06 15.17 7.5 20.92 7.72 13.1 20.92 11.07 13.1 4.37 6.91 8.49 5.71 0.0 16.6 6.18 10.09 3.75 13.1 7.12 6.41 20.92 18.06 8.49 12.0 8.49 11.07 0.0 0.0 4.37 16.77 16.77 6.91 15.17 7.12 7.12 16.6 12.0 6.91 0.0 15.17 6.91 16.6 10.45 7.5 8.25 0.0 4.37 6.91 3.75 6.41 6.18 10.61 10.09 9.86 8.49 18.06 7.72 8.25 10.09 18.06 13.1 4.5 7.5 13.1 15.17 7.5
20.92 5.71 6.91 3.75 4.37 6.41 6.91 6.91 8.25 20.92 11.07 6.41 7.5 6.91 18.06 15.17 7.5 20.92 7.72 13.1 20.92 11.07 13.1 4.37 6.91 8.49 5.71 0.0 16.6 6.18 10.09 3.75 13.1 7.12 6.41 20.92 18.06 8.49 12.0 8.49 11.07 0.0 0.0 4.37 16.77 16.77 6.91 15.17 7.12 7.12 16.6 12.0 6.91 0.0 15.17 6.91 16.6 10.45 7.5 8.25 0.0 4.37 6.91 3.75 6.41 6.18 10.61 10.09 9.86 8.49 18.06 7.72 8.25 10.09 18.06 13.1 4.5 7.5 13.1 15.17 7.5
25.14 9.6 4.8 4.04 0.0 9.75 4.8 9.28 12.21 25.14 15.44 9.75 10.45 9.28 22.07 18.75 10.45 25.14 6.71 17.32 25.14 15.44 17.32 0.0 9.28 12.77 9.6 4.37 20.89 9.78 10.2 7.08 17.32 3.0 9.75 25.14 21.76 12.77 15.91 12.77 15.44 4.37 4.37 0.0 20.92 20.92 9.28 18.75 3.0 3.0 20.89 15.91 9.28 4.37 18.75 9.28 20.89 13.58 10.45 12.21 4.37 0.0 9.28 4.04 9.75 9.78 14.74 10.2 13.52 12.77 22.07 6.71 12.21 10.2 22.07 17.32 8.55 10.45 17.32 18.75 10.45
4.37 14.43 23.3 17.83 20.92 11.74 23.3 13.52 8.78 4.37 7.12 11.74 17.1 13.52 2.12 5.46 17.1 4.37 23.26 3.75 4.37 7.12 3.75 20.92 13.52 10.92 14.43 16.77 2.37 11.42 23.68 16.52 3.75 23.84 11.74 4.37 4.74 10.92 5.41 10.92 7.12 16.77 16.77 20.92 0.0 0.0 13.52 5.46 23.84 23.84 2.37 5.41 13.52 16.77 5.46 13.52 2.37 9.55 17.1 8.78 16.77 20.92 13.52 17.83 11.74 11.42 6.18 23.68 8.11 10.92 2.12 23.26 8.78 23.68 2.12 3.75 12.37 17.1 3.75 5.46 17.1
4.37 14.43 23.3 17.83 20.92 11.74 23.3 13.52 8.78 4.37 7.12 11.74 17.1 13.52 2.12 5.46 17.1 4.37 23.26 3.75 4.37 7.12 3.75 20.92 13.52 10.92 14.43 16.77 2.37 11.42 23.68 16.52 3.75 23.84 11.74 4.37 4.74 10.92 5.41 10.92 7.12 16.77 16.77 20.92 0.0 0.0 13.52 5.46 23.84 23.84 2.37 5.41 13.52 16.77 5.46 13.52 2.37 9.55 17.1 8.78 16.77 20.92 13.52 17.83 11.74 11.42 6.18 23.68 8.11 10.92 2.12 23.26 8.78 23.68 2.12 3.75 12.37 17.1 3.75 5.46 17.1
17.89 10.2 13.42 5.3 9.28 2.37 13.42 0.0 5.41 17.89 10.74 2.37 13.1 0.0 14.09 10.01 13.1 17.89 14.56 10.61 17.89 10.74 10.61 9.28 0.0 10.53 10.2 6.91 14.33 3.09 16.97 9.78 10.61 12.21 2.37 17.89 13.1 10.53 8.11 10.53 10.74 6.91 6.91 9.28 13.52 13.52 0.0 10.01 12.21 12.21 14.33 8.11 0.0 6.91 10.01 0.0 14.33 4.56 13.1 5.41 6.91 9.28 0.0 5.3 2.37 3.09 7.97 16.97 5.41 10.53 14.09 14.56 5.41 16.97 14.09 10.61 4.56 13.1 10.61 10.01 13.1
9.15 14.79 22.07 15.07 18.75 9.0 22.07 10.01 7.12 9.15 9.15 9.0 17.89 10.01 4.8 0.0 17.89 9.15 22.56 5.71 9.15 9.15 5.71 18.75 10.01 12.21 14.79 15.17 7.54 9.03 23.84 16.16 5.71 21.75 9.0 9.15 3.09 12.21 3.75 12.21 9.15 15.17 15.17 18.75 5.46 5.46 10.01 0.0 21.75 21.75 7.54 3.75 10.01 15.17 0.0 10.01 7.54 5.46 17.89 7.12 15.17 18.75 10.01 15.07 9.0 9.03 5.86 23.84 5.3 12.21 4.8 22.56 7.12 23.84 4.8 5.71 10.74 17.89 5.71 0.0 17.89
28.02 11.72 3.75 6.91 3.0 12.75 3.75 12.21 15.17 28.02 18.12 12.75 11.86 12.21 25.03 21.75 11.86 28.02 6.0 20.19 28.02 18.12 20.19 3.0 12.21 15.19 11.72 7.12 23.72 12.77 9.75 9.03 20.19 0.0 12.75 28.02 24.76 15.19 18.88 15.19 18.12 7.12 7.12 3.0 23.84 23.84 12.21 21.75 0.0 0.0 23.72 18.88 12.21 7.12 21.75 12.21 23.72 16.57 11.86 15.17 7.12 3.0 12.21 6.91 12.75 12.77 17.65 9.75 16.52 15.19 25.03 6.0 15.17 9.75 25.03 20.19 11.47 11.86 20.19 21.75 11.86
28.02 11.72 3.75 6.91 3.0 12.75 3.75 12.21 15.17 28.02 18.12 12.75 11.86 12.21 25.03 21.75 11.86 28.02 6.0 20.19 28.02 18.12 20.19 3.0 12.21 15.19 11.72 7.12 23.72 12.77 9.75 9.03 20.19 0.0 12.75 28.02 24.76 15.19 18.88 15.19 18.12 7.12 7.12 3.0 23.84 23.84 12.21 21.75 0.0 0.0 23.72 18.88 12.21 7.12 21.75 12.21 23.72 16.57 11.86 15.17 7.12 3.0 12.21 6.91 12.75 12.77 17.65 9.75 16.52 15.19 25.03 6.0 15.17 9.75 25.03 20.19 11.47 11.86 20.19 21.75 11.86
4.5 13.5 22.81 18.14 20.89 12.3 22.81 14.33 9.15 4.5 6.0 12.3 15.91 14.33 4.37 7.54 15.91 4.5 22.55 3.75 4.5 6.0 3.75 20.89 14.33 9.78 13.5 16.6 0.0 11.86 22.61 15.82 3.75 23.72 12.3 4.5 7.12 9.78 6.45 9.78 6.0 16.6 16.6 20.89 2.37 2.37 14.33 7.54 23.72 23.72 0.0 6.45 14.33 16.6 7.54 14.33 0.0 10.82 15.91 9.15 16.6 20.89 14.33 18.14 12.3 11.86 6.45 22.61 9.03 9.78 4.37 22.55 9.15 22.61 4.37 3.75 12.41 15.91 3.75 7.54 15.91
9.78 11.07 18.81 12.57 15.91 6.41 18.81 8.11 3.75 9.78 5.71 6.41 14.15 8.11 6.18 3.75 14.15 9.78 19.12 3.09 9.78 5.71 3.09 15.91 8.11 8.49 11.07 12.0 6.45 6.18 20.19 12.57 3.09 18.88 6.41 9.78 6.18 8.49 0.0 8.49 5.71 12.0 12.0 15.91 5.41 5.41 8.11 3.75 18.88 18.88 6.45 0.0 8.11 12.0 3.75 8.11 6.45 4.37 14.15 3.75 12.0 15.91 8.11 12.57 6.41 6.18 2.12 20.19 2.7 8.49 6.18 19.12 3.75 20.19 6.18 3.09 7.5 14.15 3.09 3.75 14.15
17.89 10.2 13.42 5.3 9.28 2.37 13.42 0.0 5.41 17.89 10.74 2.37 13.1 0.0 14.09 10.01 13.1 17.89 14.56 10.61 17.89 10.74 10.61 9.28 0.0 10.53 10.2 6.91 14.33 3.09 16.97 9.78 10.61 12.21 2.37 17.89 13.1 10.53 8.11 10.53 10.74 6.91 6.91 9.28 13.52 13.52 0.0 10.01 12.21 12.21 14.33 8.11 0.0 6.91 10.01 0.0 14.33 4.56 13.1 5.41 6.91 9.28 0.0 5.3 2.37 3.09 7.97 16.97 5.41 10.53 14.09 14.56 5.41 16.97 14.09 10.61 4.56 13.1 10.61 10.01 13.1
20.92 5.71 6.91 3.75 4.37 6.41 6.91 6.91 8.25 20.92 11.07 6.41 7.5 6.91 18.06 15.17 7.5 20.92 7.72 13.1 20.92 11.07 13.1 4.37 6.91 8.49 5.71 0.0 16.6 6.18 10.09 3.75 13.1 7.12 6.41 20.92 18.06 8.49 12.0 8.49 11.07 0.0 0.0 4.37 16.77 16.77 6.91 15.17 7.12 7.12 16.6 12.0 6.91 0.0 15.17 6.91 16.6 10.45 7.5 8.25 0.0 4.37 6.91 3.75 6.41 6.18 10.61 10.09 9.86 8.49 18.06 7.72 8.25 10.09 18.06 13.1 4.5 7.5 13.1 15.17 7.5
9.15 14.79 22.07 15.07 18.75 9.0 22.07 10.01 7.12 9.15 9.15 9.0 17.89 10.01 4.8 0.0 17.89 9.15 22.56 5.71 9.15 9.15 5.71 18.75 10.01 12.21 14.79 15.17 7.54 9.03 23.84 16.16 5.71 21.75 9.0 9.15 3.09 12.21 3.75 12.21 9.15 15.17 15.17 18.75 5.46 5.46 10.01 0.0 21.75 21.75 7.54 3.75 10.01 15.17 0.0 10.01 7.54 5.46 17.89 7.12 15.17 18.75 10.01 15.07 9.0 9.03 5.86 23.84 5.3 12.21 4.8 22.56 7.12 23.84 4.8 5.71 10.74 17.89 5.71 0.0 17.89
17.89 10.2 13.42 5.3 9.28 2.37 13.42 0.0 5.41 17.89 10.74 2.37 13.1 0.0 14.09 10.01 13.1 17.89 14.56 10.61 17.89 10.74 10.61 9.28 0.0 10.53 10.2 6.91 14.33 3.09 16.97 9.78 10.61 12.21 2.37 17.89 13.1 10.53 8.11 10.53 10.74 6.91 6.91 9.28 13.52 13.52 0.0 10.01 12.21 12.21 14.33 8.11 0.0 6.91 10.01 0.0 14.33 4.56 13.1 5.41 6.91 9.28 0.0 5.3 2.37 3.09 7.97 16.97 5.41 10.53 14.09 14.56 5.41 16.97 14.09 10.61 4.56 13.1 10.61 10.01 13.1
4.5 13.5 22.81 18.14 20.89 12.3 22.81 14.33 9.15 4.5 6.0 12.3 15.91 14.33 4.37 7.54 15.91 4.5 22.55 3.75 4.5 6.0 3.75 20.89 14.33 9.78 13.5 16.6 0.0 11.86 22.61 15.82 3.75 23.72 12.3 4.5 7.12 9.78 6.45 9.78 6.0 16.6 16.6 20.89 2.37 2.37 14.33 7.54 23.72 23.72 0.0 6.45 14.33 16.6 7.54 14.33 0.0 10.82 15.91 9.15 16.6 20.89 14.33 18.14 12.3 11.86 6.45 22.61 9.03 9.78 4.37 22.55 9.15 22.61 4.37 3.75 12.41 15.91 3.75 7.54 15.91
13.83 11.72 17.32 9.75 13.58 4.04 17.32 4.56 4.04 13.83 9.0 4.04 14.89 4.56 9.78 5.46 14.89 13.83 18.12 7.39 13.83 9.0 7.39 13.58 4.56 10.45 11.72 10.45 10.82 4.37 19.97 12.3 7.39 16.57 4.04 13.83 8.55 10.45 4.37 10.45 9.0 10.45 10.45 13.58 9.55 9.55 4.56 5.46 16.57 16.57 10.82 4.37 4.56 10.45 5.46 4.56 10.82 0.0 14.89 4.04 10.45 13.58 4.56 9.75 4.04 4.37 5.3 19.97 2.25 10.45 9.78 18.12 4.04 19.97 9.78 7.39 6.45 14.89 7.39 5.46 14.89
20.37 3.18 9.03 11.25 10.45 11.45 9.03 13.1 11.15 20.37 10.01 11.45 0.0 13.1 18.97 17.89 0.0 20.37 7.72 13.52 20.37 10.01 13.52 10.45 13.1 6.18 3.18 7.5 15.91 10.82 6.75 3.75 13.52 11.86 11.45 20.37 20.12 6.18 14.15 6.18 10.01 7.5 7.5 10.45 17.1 17.1 13.1 17.89 11.86 11.86 15.91 14.15 13.1 7.5 17.89 13.1 15.91 14.89 0.0 11.15 7.5 10.45 13.1 11.25 11.45 10.82 12.09 6.75 13.27 6.18 18.97 7.72 11.15 6.75 18.97 13.52 8.75 0.0 13.52 17.89 0.0
13.1 7.97 15.07 9.06 12.21 3.18 15.07 5.41 0.0 13.1 5.46 3.18 11.15 5.41 9.86 7.12 11.15 13.1 15.46 5.41 13.1 5.46 5.41 12.21 5.41 6.41 7.97 8.25 9.15 2.7 16.77 9.06 5.41 15.17 3.18 13.1 9.86 6.41 3.75 6.41 5.46 8.25 8.25 12.21 8.78 8.78 5.41 7.12 15.17 15.17 9.15 3.75 5.41 8.25 7.12 5.41 9.15 4.04 11.15 0.0 8.25 12.21 5.41 9.06 3.18 2.7 2.7 16.77 2.12 6.41 9.86 15.46 0.0 16.77 9.86 5.41 3.75 11.15 5.41 7.12 11.15
20.92 5.71 6.91 3.75 4.37 6.41 6.91 6.91 8.25 20.92 11.07 6.41 7.5 6.91 18.06 15.17 7.5 20.92 7.72 13.1 20.92 11.07 13.1 4.37 6.91 8.49 5.71 0.0 16.6 6.18 10.09 3.75 13.1 7.12 6.41 20.92 18.06 8.49 12.0 8.49 11.07 0.0 0.0 4.37 16.77 16.77 6.91 15.17 7.12 7.12 16.6 12.0 6.91 0.0 15.17 6.91 16.6 10.45 7.5 8.25 0.0 4.37 6.91 3.75 6.41 6.18 10.61 10.09 9.86 8.49 18.06 7.72 8.25 10.09 18.06 13.1 4.5 7.5 13.1 15.17 7.5
25.14 9.6 4.8 4.04 0.0 9.75 4.8 9.28 12.21 25.14 15.44 9.75 10.45 9.28 22.07 18.75 10.45 25.14 6.71 17.32 25.14 15.44 17.32 0.0 9.28 12.77 9.6 4.37 20.89 9.78 10.2 7.08 17.32 3.0 9.75 25.14 21.76 12.77 15.91 12.77 15.44 4.37 4.37 0.0 20.92 20.92 9.28 18.75 3.0 3.0 20.89 15.91 9.28 4.37 18.75 9.28 20.89 13.58 10.45 12.21 4.37 0.0 9.28 4.04 9.75 9.78 14.74 10.2 13.52 12.77 22.07 6.71 12.21 10.2 22.07 17.32 8.55 10.45 17.32 18.75 10.45
17.89 10.2 13.42 5.3 9.28 2.37 13.42 0.0 5.41 17.89 10.74 2.37 13.1 0.0 14.09 10.01 13.1 17.89 14.56 10.61 17.89 10.74 10.61 9.28 0.0 10.53 10.2 6.91 14.33 3.09 16.97 9.78 10.61 12.21 2.37 17.89 13.1 10.53 8.11 10.53 10.74 6.91 6.91 9.28 13.52 13.52 0.0 10.01 12.21 12.21 14.33 8.11 0.0 6.91 10.01 0.0 14.33 4.56 13.1 5.41 6.91 9.28 0.0 5.3 2.37 3.09 7.97 16.97 5.41 10.53 14.09 14.56 5.41 16.97 14.09 10.61 4.56 13.1 10.61 10.01 13.1
22.16 9.28 8.55 0.0 4.04 6.18 8.55 5.3 9.06 22.16 13.27 6.18 11.25 5.3 18.75 15.07 11.25 22.16 10.09 14.43 22.16 13.27 14.43 4.04 5.3 11.45 9.28 3.75 18.14 6.41 13.12 7.5 14.43 6.91 6.18 22.16 18.14 11.45 12.57 11.45 13.27 3.75 3.75 4.04 17.83 17.83 5.3 15.07 6.91 6.91 18.14 12.57 5.3 3.75 15.07 5.3 18.14 9.75 11.25 9.06 3.75 4.04 5.3 0.0 6.18 6.41 11.74 13.12 10.01 11.45 18.75 10.09 9.06 13.12 18.75 14.43 5.86 11.25 14.43 15.07 11.25
16.1 8.39 13.29 6.18 9.75 0.0 13.29 2.37 3.18 16.1 8.39 0.0 11.45 2.37 12.57 9.0 11.45 16.1 14.09 8.55 16.1 8.39 8.55 9.75 2.37 8.25 8.39 6.41 12.3 0.75 16.05 8.49 8.55 12.75 0.0 16.1 12.02 8.25 6.41 8.25 8.39 6.41 6.41 9.75 11.74 11.74 2.37 9.0 12.75 12.75 12.3 6.41 2.37 6.41 9.0 2.37 12.3 4.04 11.45 3.18 6.41 9.75 2.37 6.18 0.0 0.75 5.86 16.05 3.82 8.25 12.57 14.09 3.18 16.05 12.57 8.55 2.7 11.45 8.55 9.0 11.45
15.77 7.72 13.1 6.41 9.78 0.75 13.1 3.09 2.7 15.77 7.72 0.75 10.82 3.09 12.37 9.03 10.82 15.77 13.79 8.11 15.77 7.72 8.11 9.78 3.09 7.5 7.72 6.18 11.86 0.0 15.61 7.97 8.11 12.77 0.75 15.77 12.0 7.5 6.18 7.5 7.72 6.18 6.18 9.78 11.42 11.42 3.09 9.03 12.77 12.77 11.86 6.18 3.09 6.18 9.03 3.09 11.86 4.37 10.82 2.7 6.18 9.78 3.09 6.41 0.75 0.0 5.41 15.61 3.75 7.5 12.37 13.79 2.7 15.61 12.37 8.11 2.12 10.82 8.11 9.03 10.82
10.45 9.06 17.25 11.74 14.74 5.86 17.25 7.97 2.7 10.45 3.82 5.86 12.09 7.97 7.5 5.86 12.09 10.45 17.4 2.7 10.45 3.82 2.7 14.74 7.97 6.36 9.06 10.61 6.45 5.41 18.26 10.74 2.7 17.65 5.86 10.45 8.08 6.36 2.12 6.36 3.82 10.61 10.61 14.74 6.18 6.18 7.97 5.86 17.65 17.65 6.45 2.12 7.97 10.61 5.86 7.97 6.45 5.3 12.09 2.7 10.61 14.74 7.97 11.74 5.86 5.41 0.0 18.26 3.09 6.36 7.5 17.4 2.7 18.26 7.5 2.7 6.18 12.09 2.7 5.86 12.09
27.09 9.28 6.0 13.12 10.2 16.05 6.0 16.97 16.77 27.09 16.65 16.05 6.75 16.97 25.47 23.84 6.75 27.09 3.75 20.01 27.09 16.65 20.01 10.2 16.97 12.84 9.28 10.09 22.61 15.61 0.0 7.72 20.01 9.75 16.05 27.09 26.34 12.84 20.19 12.84 16.65 10.09 10.09 10.2 23.68 23.68 16.97 23.84 9.75 9.75 22.61 20.19 16.97 10.09 23.84 16.97 22.61 19.97 6.75 16.77 10.09 10.2 16.97 13.12 16.05 15.61 18.26 0.0 18.79 12.84 25.47 3.75 16.77 0.0 25.47 20.01 13.52 6.75 20.01 23.84 6.75
12.48 10.09 16.77 10.01 13.52 3.82 16.77 5.41 2.12 12.48 6.75 3.82 13.27 5.41 8.78 5.3 13.27 12.48 17.32 5.41 12.48 6.75 5.41 13.52 5.41 8.39 10.09 9.86 9.03 3.75 18.79 11.07 5.41 16.52 3.82 12.48 8.25 8.39 2.7 8.39 6.75 9.86 9.86 13.52 8.11 8.11 5.41 5.3 16.52 16.52 9.03 2.7 5.41 9.86 5.3 5.41 9.03 2.25 13.27 2.12 9.86 13.52 5.41 10.01 3.82 3.75 3.09 18.79 0.0 8.39 8.78 17.32 2.12 18.79 8.78 5.41 5.46 13.27 5.41 5.3 13.27
14.27 3.82 13.52 11.45 12.77 8.25 13.52 10.53 6.41 14.27 3.82 8.25 6.18 10.53 12.82 12.21 6.18 14.27 12.95 7.39 14.27 3.82 7.39 12.77 10.53 0.0 3.82 8.49 9.78 7.5 12.84 6.41 7.39 15.19 8.25 14.27 14.15 0.0 8.49 0.0 3.82 8.49 8.49 12.77 10.92 10.92 10.53 12.21 15.19 15.19 9.78 8.49 10.53 8.49 12.21 10.53 9.78 10.45 6.18 6.41 8.49 12.77 10.53 11.45 8.25 7.5 6.36 12.84 8.39 0.0 12.82 12.95 6.41 12.84 12.82 7.39 6.18 6.18 7.39 12.21 6.18
4.37 16.19 24.75 18.75 22.07 12.57 24.75 14.09 9.86 4.37 9.06 12.57 18.97 14.09 0.0 4.8 18.97 4.37 24.85 5.46 4.37 9.06 5.46 22.07 14.09 12.82 16.19 18.06 4.37 12.37 25.47 18.14 5.46 25.03 12.57 4.37 3.0 12.82 6.18 12.82 9.06 18.06 18.06 22.07 2.12 2.12 14.09 4.8 25.03 25.03 4.37 6.18 14.09 18.06 4.8 14.09 4.37 9.78 18.97 9.86 18.06 22.07 14.09 18.75 12.57 12.37 7.5 25.47 8.78 12.82 0.0 24.85 9.86 25.47 0.0 5.46 13.58 18.97 5.46 4.8 18.97
27.04 9.12 2.25 10.09 6.71 14.09 2.25 14.56 15.46 27.04 16.57 14.09 7.72 14.56 24.85 22.56 7.72 27.04 0.0 19.51 27.04 16.57 19.51 6.71 14.56 12.95 9.12 7.72 22.55 13.79 3.75 6.75 19.51 6.0 14.09 27.04 25.3 12.95 19.12 12.95 16.57 7.72 7.72 6.71 23.26 23.26 14.56 22.56 6.0 6.0 22.55 19.12 14.56 7.72 22.56 14.56 22.55 18.12 7.72 15.46 7.72 6.71 14.56 10.09 14.09 13.79 17.4 3.75 17.32 12.95 24.85 0.0 15.46 3.75 24.85 19.51 11.86 7.72 19.51 22.56 7.72
13.1 7.97 15.07 9.06 12.21 3.18 15.07 5.41 0.0 13.1 5.46 3.18 11.15 5.41 9.86 7.12 11.15 13.1 15.46 5.41 13.1 5.46 5.41 12.21 5.41 6.41 7.97 8.25 9.15 2.7 16.77 9.06 5.41 15.17 3.18 13.1 9.86 6.41 3.75 6.41 5.46 8.25 8.25 12.21 8.78 8.78 5.41 7.12 15.17 15.17 9.15 3.75 5.41 8.25 7.12 5.41 9.15 4.04 11.15 0.0 8.25 12.21 5.41 9.06 3.18 2.7 2.7 16.77 2.12 6.41 9.86 15.46 0.0 16.77 9.86 5.41 3.75 11.15 5.41 7.12 11.15
27.09 9.28 6.0 13.12 10.2 16.05 6.0 16.97 16.77 27.09 16.65 16.05 6.75 16.97 25.47 23.84 6.75 27.09 3.75 20.01 27.09 16.65 20.01 10.2 16.97 12.84 9.28 10.09 22.61 15.61 0.0 7.72 20.01 9.75 16.05 27.09 26.34 12.84 20.19 12.84 16.65 10.09 10.09 10.2 23.68 23.68 16.97 23.84 9.75 9.75 22.61 20.19 16.97 10.09 23.84 16.97 22.61 19.97 6.75 16.77 10.09 10.2 16.97 13.12 16.05 15.61 18.26 0.0 18.79 12.84 25.47 3.75 16.77 0.0 25.47 20.01 13.52 6.75 20.01 23.84 6.75
4.37 16.19 24.75 18.75 22.07 12.57 24.75 14.09 9.86 4.37 9.06 12.57 18.97 14.09 0.0 4.8 18.97 4.37 24.85 5.46 4.37 9.06 5.46 22.07 14.09 12.82 16.19 18.06 4.37 12.37 25.47 18.14 5.46 25.03 12.57 4.37 3.0 12.82 6.18 12.82 9.06 18.06 18.06 22.07 2.12 2.12 14.09 4.8 25.03 25.03 4.37 6.18 14.09 18.06 4.8 14.09 4.37 9.78 18.97 9.86 18.06 22.07 14.09 18.75 12.57 12.37 7.5 25.47 8.78 12.82 0.0 24.85 9.86 25.47 0.0 5.46 13.58 18.97 5.46 4.8 18.97
7.83 10.74 19.56 14.43 17.32 8.55 19.56 10.61 5.41 7.83 3.75 8.55 13.52 10.61 5.46 5.71 13.52 7.83 19.51 0.0 7.83 3.75 0.0 17.32 10.61 7.39 10.74 13.1 3.75 8.11 20.01 12.77 0.0 20.19 8.55 7.83 6.91 7.39 3.09 7.39 3.75 13.1 13.1 17.32 3.75 3.75 10.61 5.71 20.19 20.19 3.75 3.09 10.61 13.1 5.71 10.61 3.75 7.39 13.52 5.41 13.1 17.32 10.61 14.43 8.55 8.11 2.7 20.01 5.41 7.39 5.46 19.51 5.41 20.01 5.46 0.0 8.78 13.52 0.0 5.71 13.52
16.6 5.71 11.35 5.86 8.55 2.7 11.35 4.56 3.75 16.6 7.42 2.7 8.75 4.56 13.58 10.74 8.75 16.6 11.86 8.78 16.6 7.42 8.78 8.55 4.56 6.18 5.71 4.5 12.41 2.12 13.52 5.86 8.78 11.47 2.7 16.6 13.58 6.18 7.5 6.18 7.42 4.5 4.5 8.55 12.37 12.37 4.56 10.74 11.47 11.47 12.41 7.5 4.56 4.5 10.74 4.56 12.41 6.45 8.75 3.75 4.5 8.55 4.56 5.86 2.7 2.12 6.18 13.52 5.46 6.18 13.58 11.86 3.75 13.52 13.58 8.78 0.0 8.75 8.78 10.74 8.75
20.37 3.18 9.03 11.25 10.45 11.45 9.03 13.1 11.15 20.37 10.01 11.45 0.0 13.1 18.97 17.89 0.0 20.37 7.72 13.52 20.37 10.01 13.52 10.45 13.1 6.18 3.18 7.5 15.91 10.82 6.75 3.75 13.52 11.86 11.45 20.37 20.12 6.18 14.15 6.18 10.01 7.5 7.5 10.45 17.1 17.1 13.1 17.89 11.86 11.86 15.91 14.15 13.1 7.5 17.89 13.1 15.91 14.89 0.0 11.15 7.5 10.45 13.1 11.25 11.45 10.82 12.09 6.75 13.27 6.18 18.97 7.72 11.15 6.75 18.97 13.52 8.75 0.0 13.52 17.89 0.0
7.83 10.74 19.56 14.43 17.32 8.55 19.56 10.61 5.41 7.83 3.75 8.55 13.52 10.61 5.46 5.71 13.52 7.83 19.51 0.0 7.83 3.75 0.0 17.32 10.61 7.39 10.74 13.1 3.75 8.11 20.01 12.77 0.0 20.19 8.55 7.83 6.91 7.39 3.09 7.39 3.75 13.1 13.1 17.32 3.75 3.75 10.61 5.71 20.19 20.19 3.75 3.09 10.61 13.1 5.71 10.61 3.75 7.39 13.52 5.41 13.1 17.32 10.61 14.43 8.55 8.11 2.7 20.01 5.41 7.39 5.46 19.51 5.41 20.01 5.46 0.0 8.78 13.52 0.0 5.71 13.52
9.15 14.79 22.07 15.07 18.75 9.0 22.07 10.01 7.12 9.15 9.15 9.0 17.89 10.01 4.8 0.0 17.89 9.15 22.56 5.71 9.15 9.15 5.71 18.75 10.01 12.21 14.79 15.17 7.54 9.03 23.84 16.16 5.71 21.75 9.0 9.15 3.09 12.21 3.75 12.21 9.15 15.17 15.17 18.75 5.46 5.46 10.01 0.0 21.75 21.75 7.54 3.75 10.01 15.17 0.0 10.01 7.54 5.46 17.89 7.12 15.17 18.75 10.01 15.07 9.0 9.03 5.86 23.84 5.3 12.21 4.8 22.56 7.12 23.84 4.8 5.71 10.74 17.89 5.71 0.0 17.89
20.37 3.18 9.03 11.25 10.45 11.45 9.03 13.1 11.15 20.37 10.01 11.45 0.0 13.1 18.97 17.89 0.0 20.37 7.72 13.52 20.37 10.01 13.52 10.45 13.1 6.18 3.18 7.5 15.91 10.82 6.75 3.75 13.52 11.86 11.45 20.37 20.12 6.18 14.15 6.18 10.01 7.5 7.5 10.45 17.1 17.1 13.1 17.89 11.86 11.86 15.91 14.15 13.1 7.5 17.89 13.1 15.91 14.89 0.0 11.15 7.5 10.45 13.1 11.25 11.45 10.82 12.09 6.75 13.27 6.18 18.97 7.72 11.15 6.75 18.97 13.52 8.75 0.0 13.52 17.89 0.0
