0.0 18.26 6.75 16.77 10.09 0.0 13.12 18.26 13.52 3.75 13.52 3.75 15.61 0.0 6.75 10.09 6.75 10.09 15.61 6.75 20.19
18.26 0.0 12.09 2.7 10.61 18.26 11.74 0.0 6.18 17.4 6.18 17.4 5.41 18.26 12.09 10.61 12.09 10.61 5.41 12.09 2.12
6.75 12.09 0.0 11.15 7.5 6.75 11.25 12.09 8.75 7.72 8.75 7.72 10.82 6.75 0.0 7.5 0.0 7.5 10.82 0.0 14.15
16.77 2.7 11.15 0.0 8.25 16.77 9.06 2.7 3.75 15.46 3.75 15.46 2.7 16.77 11.15 8.25 11.15 8.25 2.7 11.15 3.75
10.09 10.61 7.5 8.25 0.0 10.09 3.75 10.61 4.5 7.72 4.5 7.72 6.18 10.09 7.5 0.0 7.5 0.0 6.18 7.5 12.0
0.0 18.26 6.75 16.77 10.09 0.0 13.12 18.26 13.52 3.75 13.52 3.75 15.61 0.0 6.75 10.09 6.75 10.09 15.61 6.75 20.19
13.12 11.74 11.25 9.06 3.75 13.12 0.0 11.74 5.86 10.09 5.86 10.09 6.41 13.12 11.25 3.75 11.25 3.75 6.41 11.25 12.57
18.26 0.0 12.09 2.7 10.61 18.26 11.74 0.0 6.18 17.4 6.18 17.4 5.41 18.26 12.09 10.61 12.09 10.61 5.41 12.09 2.12
13.52 6.18 8.75 3.75 4.5 13.52 5.86 6.18 0.0 11.86 0.0 11.86 2.12 13.52 8.75 4.5 8.75 4.5 2.12 8.75 7.5
3.75 17.4 7.72 15.46 7.72 3.75 10.09 17.4 11.86 0.0 11.86 0.0 13.79 3.75 7.72 7.72 7.72 7.72 13.79 7.72 19.12
13.52 6.18 8.75 3.75 4.5 13.52 5.86 6.18 0.0 11.86 0.0 11.86 2.12 13.52 8.75 4.5 8.75 4.5 2.12 8.75 7.5
3.75 17.4 7.72 15.46 7.72 3.75 10.09 17.4 11.86 0.0 11.86 0.0 13.79 3.75 7.72 7.72 7.72 7.72 13.79 7.72 19.12
15.61 5.41 10.82 2.7 6.18 15.61 6.41 5.41 2.12 13.79 2.12 13.79 0.0 15.61 10.82 6.18 10.82 6.18 0.0 10.82 6.18
0.0 18.26 6.75 16.77 10.09 0.0 13.12 18.26 13.52 3.75 13.52 3.75 15.61 0.0 6.75 10.09 6.75 10.09 15.61 6.75 20.19
6.75 12.09 0.0 11.15 7.5 6.75 11.25 12.09 8.75 7.72 8.75 7.72 10.82 6.75 0.0 7.5 0.0 7.5 10.82 0.0 14.15
10.09 10.61 7.5 8.25 0.0 10.09 3.75 10.61 4.5 7.72 4.5 7.72 6.18 10.09 7.5 0.0 7.5 0.0 6.18 7.5 12.0
6.75 12.09 0.0 11.15 7.5 6.75 11.25 12.09 8.75 7.72 8.75 7.72 10.82 6.75 0.0 7.5 0.0 7.5 10.82 0.0 14.15
10.09 10.61 7.5 8.25 0.0 10.09 3.75 10.61 4.5 7.72 4.5 7.72 6.18 10.09 7.5 0.0 7.5 0.0 6.18 7.5 12.0
15.61 5.41 10.82 2.7 6.18 15.61 6.41 5.41 2.12 13.79 2.12 13.79 0.0 15.61 10.82 6.18 10.82 6.18 0.0 10.82 6.18
6.75 12.09 0.0 11.15 7.5 6.75 11.25 12.09 8.75 7.72 8.75 7.72 10.82 6.75 0.0 7.5 0.0 7.5 10.82 0.0 14.15
20.19 2.12 14.15 3.75 12.0 20.19 12.57 2.12 7.5 19.12 7.5 19.12 6.18 20.19 14.15 12.0 14.15 12.0 6.18 14.15 0.0
