0.0 26.34 15.61 10.09 13.12 16.05 18.26 7.72 25.47 10.09 18.26 20.19 6.75 25.47 13.52 7.72 3.75 16.77 26.34 7.72 6.75 15.61 13.12 16.05 16.05 7.72 18.26 13.12 16.77 6.75 16.05 13.12 6.75 6.75 26.34 13.52 26.34 25.47 26.34 16.05 25.47 13.12 16.77 3.75 15.61 18.26 6.75 18.26 16.05 10.09 16.05 13.52 6.75 16.77 3.75 0.0 13.12 10.09 6.75 0.0 13.52
26.34 0.0 12.0 18.06 18.14 12.02 8.08 18.75 3.0 18.06 8.08 6.18 20.12 3.0 13.58 18.75 25.3 9.86 0.0 18.75 20.12 12.0 18.14 12.02 12.02 18.75 8.08 18.14 9.86 20.12 12.02 18.14 20.12 20.12 0.0 13.58 0.0 3.0 0.0 12.02 3.0 18.14 9.86 25.3 12.0 8.08 20.12 8.08 12.02 18.06 12.02 13.58 20.12 9.86 25.3 26.34 18.14 18.06 20.12 26.34 13.58
15.61 12.0 0.0 6.18 6.41 0.75 5.41 7.97 12.37 6.18 5.41 6.18 10.82 12.37 2.12 7.97 13.79 2.7 12.0 7.97 10.82 0.0 6.41 0.75 0.75 7.97 5.41 6.41 2.7 10.82 0.75 6.41 10.82 10.82 12.0 2.12 12.0 12.37 12.0 0.75 12.37 6.41 2.7 13.79 0.0 5.41 10.82 5.41 0.75 6.18 0.75 2.12 10.82 2.7 13.79 15.61 6.41 6.18 10.82 15.61 2.12
10.09 18.06 6.18 0.0 3.75 6.41 10.61 3.75 18.06 0.0 10.61 12.0 7.5 18.06 4.5 3.75 7.72 8.25 18.06 3.75 7.5 6.18 3.75 6.41 6.41 3.75 10.61 3.75 8.25 7.5 6.41 3.75 7.5 7.5 18.06 4.5 18.06 18.06 18.06 6.41 18.06 3.75 8.25 7.72 6.18 10.61 7.5 10.61 6.41 0.0 6.41 4.5 7.5 8.25 7.72 10.09 3.75 0.0 7.5 10.09 4.5
13.12 18.14 6.41 3.75 0.0 6.18 11.74 7.5 18.75 3.75 11.74 12.57 11.25 18.75 5.86 7.5 10.09 9.06 18.14 7.5 11.25 6.41 0.0 6.18 6.18 7.5 11.74 0.0 9.06 11.25 6.18 0.0 11.25 11.25 18.14 5.86 18.14 18.75 18.14 6.18 18.75 0.0 9.06 10.09 6.41 11.74 11.25 11.74 6.18 3.75 6.18 5.86 11.25 9.06 10.09 13.12 0.0 3.75 11.25 13.12 5.86
16.05 12.02 0.75 6.41 6.18 0.0 5.86 8.49 12.57 6.41 5.86 6.41 11.45 12.57 2.7 8.49 14.09 3.18 12.02 8.49 11.45 0.75 6.18 0.0 0.0 8.49 5.86 6.18 3.18 11.45 0.0 6.18 11.45 11.45 12.02 2.7 12.02 12.57 12.02 0.0 12.57 6.18 3.18 14.09 0.75 5.86 11.45 5.86 0.0 6.41 0.0 2.7 11.45 3.18 14.09 16.05 6.18 6.41 11.45 16.05 2.7
18.26 8.08 5.41 10.61 11.74 5.86 0.0 10.74 7.5 10.61 0.0 2.12 12.09 7.5 6.18 10.74 17.4 2.7 8.08 10.74 12.09 5.41 11.74 5.86 5.86 10.74 0.0 11.74 2.7 12.09 5.86 11.74 12.09 12.09 8.08 6.18 8.08 7.5 8.08 5.86 7.5 11.74 2.7 17.4 5.41 0.0 12.09 0.0 5.86 10.61 5.86 6.18 12.09 2.7 17.4 18.26 11.74 10.61 12.09 18.26 6.18
7.72 18.75 7.97 3.75 7.5 8.49 10.74 0.0 18.14 3.75 10.74 12.57 3.75 18.14 5.86 0.0 6.75 9.06 18.75 0.0 3.75 7.97 7.5 8.49 8.49 0.0 10.74 7.5 9.06 3.75 8.49 7.5 3.75 3.75 18.75 5.86 18.75 18.14 18.75 8.49 18.14 7.5 9.06 6.75 7.97 10.74 3.75 10.74 8.49 3.75 8.49 5.86 3.75 9.06 6.75 7.72 7.5 3.75 3.75 7.72 5.86
25.47 3.0 12.37 18.06 18.75 12.57 7.5 18.14 0.0 18.06 7.5 6.18 18.97 0.0 13.58 18.14 24.85 9.86 3.0 18.14 18.97 12.37 18.75 12.57 12.57 18.14 7.5 18.75 9.86 18.97 12.57 18.75 18.97 18.97 3.0 13.58 3.0 0.0 3.0 12.57 0.0 18.75 9.86 24.85 12.37 7.5 18.97 7.5 12.57 18.06 12.57 13.58 18.97 9.86 24.85 25.47 18.75 18.06 18.97 25.47 13.58
10.09 18.06 6.18 0.0 3.75 6.41 10.61 3.75 18.06 0.0 10.61 12.0 7.5 18.06 4.5 3.75 7.72 8.25 18.06 3.75 7.5 6.18 3.75 6.41 6.41 3.75 10.61 3.75 8.25 7.5 6.41 3.75 7.5 7.5 18.06 4.5 18.06 18.06 18.06 6.41 18.06 3.75 8.25 7.72 6.18 10.61 7.5 10.61 6.41 0.0 6.41 4.5 7.5 8.25 7.72 10.09 3.75 0.0 7.5 10.09 4.5
18.26 8.08 5.41 10.61 11.74 5.86 0.0 10.74 7.5 10.61 0.0 2.12 12.09 7.5 6.18 10.74 17.4 2.7 8.08 10.74 12.09 5.41 11.74 5.86 5.86 10.74 0.0 11.74 2.7 12.09 5.86 11.74 12.09 12.09 8.08 6.18 8.08 7.5 8.08 5.86 7.5 11.74 2.7 17.4 5.41 0.0 12.09 0.0 5.86 10.61 5.86 6.18 12.09 2.7 17.4 18.26 11.74 10.61 12.09 18.26 6.18
20.19 6.18 6.18 12.0 12.57 6.41 2.12 12.57 6.18 12.0 2.12 0.0 14.15 6.18 7.5 12.57 19.12 3.75 6.18 12.57 14.15 6.18 12.57 6.41 6.41 12.57 2.12 12.57 3.75 14.15 6.41 12.57 14.15 14.15 6.18 7.5 6.18 6.18 6.18 6.41 6.18 12.57 3.75 19.12 6.18 2.12 14.15 2.12 6.41 12.0 6.41 7.5 14.15 3.75 19.12 20.19 12.57 12.0 14.15 20.19 7.5
6.75 20.12 10.82 7.5 11.25 11.45 12.09 3.75 18.97 7.5 12.09 14.15 0.0 18.97 8.75 3.75 7.72 11.15 20.12 3.75 0.0 10.82 11.25 11.45 11.45 3.75 12.09 11.25 11.15 0.0 11.45 11.25 0.0 0.0 20.12 8.75 20.12 18.97 20.12 11.45 18.97 11.25 11.15 7.72 10.82 12.09 0.0 12.09 11.45 7.5 11.45 8.75 0.0 11.15 7.72 6.75 11.25 7.5 0.0 6.75 8.75
25.47 3.0 12.37 18.06 18.75 12.57 7.5 18.14 0.0 18.06 7.5 6.18 18.97 0.0 13.58 18.14 24.85 9.86 3.0 18.14 18.97 12.37 18.75 12.57 12.57 18.14 7.5 18.75 9.86 18.97 12.57 18.75 18.97 18.97 3.0 13.58 3.0 0.0 3.0 12.57 0.0 18.75 9.86 24.85 12.37 7.5 18.97 7.5 12.57 18.06 12.57 13.58 18.97 9.86 24.85 25.47 18.75 18.06 18.97 25.47 13.58
13.52 13.58 2.12 4.5 5.86 2.7 6.18 5.86 13.58 4.5 6.18 7.5 8.75 13.58 0.0 5.86 11.86 3.75 13.58 5.86 8.75 2.12 5.86 2.7 2.7 5.86 6.18 5.86 3.75 8.75 2.7 5.86 8.75 8.75 13.58 0.0 13.58 13.58 13.58 2.7 13.58 5.86 3.75 11.86 2.12 6.18 8.75 6.18 2.7 4.5 2.7 0.0 8.75 3.75 11.86 13.52 5.86 4.5 8.75 13.52 0.0
7.72 18.75 7.97 3.75 7.5 8.49 10.74 0.0 18.14 3.75 10.74 12.57 3.75 18.14 5.86 0.0 6.75 9.06 18.75 0.0 3.75 7.97 7.5 8.49 8.49 0.0 10.74 7.5 9.06 3.75 8.49 7.5 3.75 3.75 18.75 5.86 18.75 18.14 18.75 8.49 18.14 7.5 9.06 6.75 7.97 10.74 3.75 10.74 8.49 3.75 8.49 5.86 3.75 9.06 6.75 7.72 7.5 3.75 3.75 7.72 5.86
3.75 25.3 13.79 7.72 10.09 14.09 17.4 6.75 24.85 7.72 17.4 19.12 7.72 24.85 11.86 6.75 0.0 15.46 25.3 6.75 7.72 13.79 10.09 14.09 14.09 6.75 17.4 10.09 15.46 7.72 14.09 10.09 7.72 7.72 25.3 11.86 25.3 24.85 25.3 14.09 24.85 10.09 15.46 0.0 13.79 17.4 7.72 17.4 14.09 7.72 14.09 11.86 7.72 15.46 0.0 3.75 10.09 7.72 7.72 3.75 11.86
16.77 9.86 2.7 8.25 9.06 3.18 2.7 9.06 9.86 8.25 2.7 3.75 11.15 9.86 3.75 9.06 15.46 0.0 9.86 9.06 11.15 2.7 9.06 3.18 3.18 9.06 2.7 9.06 0.0 11.15 3.18 9.06 11.15 11.15 9.86 3.75 9.86 9.86 9.86 3.18 9.86 9.06 0.0 15.46 2.7 2.7 11.15 2.7 3.18 8.25 3.18 3.75 11.15 0.0 15.46 16.77 9.06 8.25 11.15 16.77 3.75
26.34 0.0 12.0 18.06 18.14 12.02 8.08 18.75 3.0 18.06 8.08 6.18 20.12 3.0 13.58 18.75 25.3 9.86 0.0 18.75 20.12 12.0 18.14 12.02 12.02 18.75 8.08 18.14 9.86 20.12 12.02 18.14 20.12 20.12 0.0 13.58 0.0 3.0 0.0 12.02 3.0 18.14 9.86 25.3 12.0 8.08 20.12 8.08 12.02 18.06 12.02 13.58 20.12 9.86 25.3 26.34 18.14 18.06 20.12 26.34 13.58
7.72 18.75 7.97 3.75 7.5 8.49 10.74 0.0 18.14 3.75 10.74 12.57 3.75 18.14 5.86 0.0 6.75 9.06 18.75 0.0 3.75 7.97 7.5 8.49 8.49 0.0 10.74 7.5 9.06 3.75 8.49 7.5 3.75 3.75 18.75 5.86 18.75 18.14 18.75 8.49 18.14 7.5 9.06 6.75 7.97 10.74 3.75 10.74 8.49 3.75 8.49 5.86 3.75 9.06 6.75 7.72 7.5 3.75 3.75 7.72 5.86
6.75 20.12 10.82 7.5 11.25 11.45 12.09 3.75 18.97 7.5 12.09 14.15 0.0 18.97 8.75 3.75 7.72 11.15 20.12 3.75 0.0 10.82 11.25 11.45 11.45 3.75 12.09 11.25 11.15 0.0 11.45 11.25 0.0 0.0 20.12 8.75 20.12 18.97 20.12 11.45 18.97 11.25 11.15 7.72 10.82 12.09 0.0 12.09 11.45 7.5 11.45 8.75 0.0 11.15 7.72 6.75 11.25 7.5 0.0 6.75 8.75
15.61 12.0 0.0 6.18 6.41 0.75 5.41 7.97 12.37 6.18 5.41 6.18 10.82 12.37 2.12 7.97 13.79 2.7 12.0 7.97 10.82 0.0 6.41 0.75 0.75 7.97 5.41 6.41 2.7 10.82 0.75 6.41 10.82 10.82 12.0 2.12 12.0 12.37 12.0 0.75 12.37 6.41 2.7 13.79 0.0 5.41 10.82 5.41 0.75 6.18 0.75 2.12 10.82 2.7 13.79 15.61 6.41 6.18 10.82 15.61 2.12
13.12 18.14 6.41 3.75 0.0 6.18 11.74 7.5 18.75 3.75 11.74 12.57 11.25 18.75 5.86 7.5 10.09 9.06 18.14 7.5 11.25 6.41 0.0 6.18 6.18 7.5 11.74 0.0 9.06 11.25 6.18 0.0 11.25 11.25 18.14 5.86 18.14 18.75 18.14 6.18 18.75 0.0 9.06 10.09 6.41 11.74 11.25 11.74 6.18 3.75 6.18 5.86 11.25 9.06 10.09 13.12 0.0 3.75 11.25 13.12 5.86
16.05 12.02 0.75 6.41 6.18 0.0 5.86 8.49 12.57 6.41 5.86 6.41 11.45 12.57 2.7 8.49 14.09 3.18 12.02 8.49 11.45 0.75 6.18 0.0 0.0 8.49 5.86 6.18 3.18 11.45 0.0 6.18 11.45 11.45 12.02 2.7 12.02 12.57 12.02 0.0 12.57 6.18 3.18 14.09 0.75 5.86 11.45 5.86 0.0 6.41 0.0 2.7 11.45 3.18 14.09 16.05 6.18 6.41 11.45 16.05 2.7
16.05 12.02 0.75 6.41 6.18 0.0 5.86 8.49 12.57 6.41 5.86 6.41 11.45 12.57 2.7 8.49 14.09 3.18 12.02 8.49 11.45 0.75 6.18 0.0 0.0 8.49 5.86 6.18 3.18 11.45 0.0 6.18 11.45 11.45 12.02 2.7 12.02 12.57 12.02 0.0 12.57 6.18 3.18 14.09 0.75 5.86 11.45 5.86 0.0 6.41 0.0 2.7 11.45 3.18 14.09 16.05 6.18 6.41 11.45 16.05 2.7
7.72 18.75 7.97 3.75 7.5 8.49 10.74 0.0 18.14 3.75 10.74 12.57 3.75 18.14 5.86 0.0 6.75 9.06 18.75 0.0 3.75 7.97 7.5 8.49 8.49 0.0 10.74 7.5 9.06 3.75 8.49 7.5 3.75 3.75 18.75 5.86 18.75 18.14 18.75 8.49 18.14 7.5 9.06 6.75 7.97 10.74 3.75 10.74 8.49 3.75 8.49 5.86 3.75 9.06 6.75 7.72 7.5 3.75 3.75 7.72 5.86
18.26 8.08 5.41 10.61 11.74 5.86 0.0 10.74 7.5 10.61 0.0 2.12 12.09 7.5 6.18 10.74 17.4 2.7 8.08 10.74 12.09 5.41 11.74 5.86 5.86 10.74 0.0 11.74 2.7 12.09 5.86 11.74 12.09 12.09 8.08 6.18 8.08 7.5 8.08 5.86 7.5 11.74 2.7 17.4 5.41 0.0 12.09 0.0 5.86 10.61 5.86 6.18 12.09 2.7 17.4 18.26 11.74 10.61 12.09 18.26 6.18
13.12 18.14 6.41 3.75 0.0 6.18 11.74 7.5 18.75 3.75 11.74 12.57 11.25 18.75 5.86 7.5 10.09 9.06 18.14 7.5 11.25 6.41 0.0 6.18 6.18 7.5 11.74 0.0 9.06 11.25 6.18 0.0 11.25 11.25 18.14 5.86 18.14 18.75 18.14 6.18 18.75 0.0 9.06 10.09 6.41 11.74 11.25 11.74 6.18 3.75 6.18 5.86 11.25 9.06 10.09 13.12 0.0 3.75 11.25 13.12 5.86
16.77 9.86 2.7 8.25 9.06 3.18 2.7 9.06 9.86 8.25 2.7 3.75 11.15 9.86 3.75 9.06 15.46 0.0 9.86 9.06 11.15 2.7 9.06 3.18 3.18 9.06 2.7 9.06 0.0 11.15 3.18 9.06 11.15 11.15 9.86 3.75 9.86 9.86 9.86 3.18 9.86 9.06 0.0 15.46 2.7 2.7 11.15 2.7 3.18 8.25 3.18 3.75 11.15 0.0 15.46 16.77 9.06 8.25 11.15 16.77 3.75
6.75 20.12 10.82 7.5 11.25 11.45 12.09 3.75 18.97 7.5 12.09 14.15 0.0 18.97 8.75 3.75 7.72 11.15 20.12 3.75 0.0 10.82 11.25 11.45 11.45 3.75 12.09 11.25 11.15 0.0 11.45 11.25 0.0 0.0 20.12 8.75 20.12 18.97 20.12 11.45 18.97 11.25 11.15 7.72 10.82 12.09 0.0 12.09 11.45 7.5 11.45 8.75 0.0 11.15 7.72 6.75 11.25 7.5 0.0 6.75 8.75
16.05 12.02 0.75 6.41 6.18 0.0 5.86 8.49 12.57 6.41 5.86 6.41 11.45 12.57 2.7 8.49 14.09 3.18 12.02 8.49 11.45 0.75 6.18 0.0 0.0 8.49 5.86 6.18 3.18 11.45 0.0 6.18 11.45 11.45 12.02 2.7 12.02 12.57 12.02 0.0 12.57 6.18 3.18 14.09 0.75 5.86 11.45 5.86 0.0 6.41 0.0 2.7 11.45 3.18 14.09 16.05 6.18 6.41 11.45 16.05 2.7
13.12 18.14 6.41 3.75 0.0 6.18 11.74 7.5 18.75 3.75 11.74 12.57 11.25 18.75 5.86 7.5 10.09 9.06 18.14 7.5 11.25 6.41 0.0 6.18 6.18 7.5 11.74 0.0 9.06 11.25 6.18 0.0 11.25 11.25 18.14 5.86 18.14 18.75 18.14 6.18 18.75 0.0 9.06 10.09 6.41 11.74 11.25 11.74 6.18 3.75 6.18 5.86 11.25 9.06 10.09 13.12 0.0 3.75 11.25 13.12 5.86
6.75 20.12 10.82 7.5 11.25 11.45 12.09 3.75 18.97 7.5 12.09 14.15 0.0 18.97 8.75 3.75 7.72 11.15 20.12 3.75 0.0 10.82 11.25 11.45 11.45 3.75 12.09 11.25 11.15 0.0 11.45 11.25 0.0 0.0 20.12 8.75 20.12 18.97 20.12 11.45 18.97 11.25 11.15 7.72 10.82 12.09 0.0 12.09 11.45 7.5 11.45 8.75 0.0 11.15 7.72 6.75 11.25 7.5 0.0 6.75 8.75
6.75 20.12 10.82 7.5 11.25 11.45 12.09 3.75 18.97 7.5 12.09 14.15 0.0 18.97 8.75 3.75 7.72 11.15 20.12 3.75 0.0 10.82 11.25 11.45 11.45 3.75 12.09 11.25 11.15 0.0 11.45 11.25 0.0 0.0 20.12 8.75 20.12 18.97 20.12 11.45 18.97 11.25 11.15 7.72 10.82 12.09 0.0 12.09 11.45 7.5 11.45 8.75 0.0 11.15 7.72 6.75 11.25 7.5 0.0 6.75 8.75
26.34 0.0 12.0 18.06 18.14 12.02 8.08 18.75 3.0 18.06 8.08 6.18 20.12 3.0 13.58 18.75 25.3 9.86 0.0 18.75 20.12 12.0 18.14 12.02 12.02 18.75 8.08 18.14 9.86 20.12 12.02 18.14 20.12 20.12 0.0 13.58 0.0 3.0 0.0 12.02 3.0 18.14 9.86 25.3 12.0 8.08 20.12 8.08 12.02 18.06 12.02 13.58 20.12 9.86 25.3 26.34 18.14 18.06 20.12 26.34 13.58
13.52 13.58 2.12 4.5 5.86 2.7 6.18 5.86 13.58 4.5 6.18 7.5 8.75 13.58 0.0 5.86 11.86 3.75 13.58 5.86 8.75 2.12 5.86 2.7 2.7 5.86 6.18 5.86 3.75 8.75 2.7 5.86 8.75 8.75 13.58 0.0 13.58 13.58 13.58 2.7 13.58 5.86 3.75 11.86 2.12 6.18 8.75 6.18 2.7 4.5 2.7 0.0 8.75 3.75 11.86 13.52 5.86 4.5 8.75 13.52 0.0
26.34 0.0 12.0 18.06 18.14 12.02 8.08 18.75 3.0 18.06 8.08 6.18 20.12 3.0 13.58 18.75 25.3 9.86 0.0 18.75 20.12 12.0 18.14 12.02 12.02 18.75 8.08 18.14 9.86 20.12 12.02 18.14 20.12 20.12 0.0 13.58 0.0 3.0 0.0 12.02 3.0 18.14 9.86 25.3 12.0 8.08 20.12 8.08 12.02 18.06 12.02 13.58 20.12 9.86 25.3 26.34 18.14 18.06 20.12 26.34 13.58
25.47 3.0 12.37 18.06 18.75 12.57 7.5 18.14 0.0 18.06 7.5 6.18 18.97 0.0 13.58 18.14 24.85 9.86 3.0 18.14 18.97 12.37 18.75 12.57 12.57 18.14 7.5 18.75 9.86 18.97 12.57 18.75 18.97 18.97 3.0 13.58 3.0 0.0 3.0 12.57 0.0 18.75 9.86 24.85 12.37 7.5 18.97 7.5 12.57 18.06 12.57 13.58 18.97 9.86 24.85 25.47 18.75 18.06 18.97 25.47 13.58
26.34 0.0 12.0 18.06 18.14 12.02 8.08 18.75 3.0 18.06 8.08 6.18 20.12 3.0 13.58 18.75 25.3 9.86 0.0 18.75 20.12 12.0 18.14 12.02 12.02 18.75 8.08 18.14 9.86 20.12 12.02 18.14 20.12 20.12 0.0 13.58 0.0 3.0 0.0 12.02 3.0 18.14 9.86 25.3 12.0 8.08 20.12 8.08 12.02 18.06 12.02 13.58 20.12 9.86 25.3 26.34 18.14 18.06 20.12 26.34 13.58
16.05 12.02 0.75 6.41 6.18 0.0 5.86 8.49 12.57 6.41 5.86 6.41 11.45 12.57 2.7 8.49 14.09 3.18 12.02 8.49 11.45 0.75 6.18 0.0 0.0 8.49 5.86 6.18 3.18 11.45 0.0 6.18 11.45 11.45 12.02 2.7 12.02 12.57 12.02 0.0 12.57 6.18 3.18 14.09 0.75 5.86 11.45 5.86 0.0 6.41 0.0 2.7 11.45 3.18 14.09 16.05 6.18 6.41 11.45 16.05 2.7
25.47 3.0 12.37 18.06 18.75 12.57 7.5 18.14 0.0 18.06 7.5 6.18 18.97 0.0 13.58 18.14 24.85 9.86 3.0 18.14 18.97 12.37 18.75 12.57 12.57 18.14 7.5 18.75 9.86 18.97 12.57 18.75 18.97 18.97 3.0 13.58 3.0 0.0 3.0 12.57 0.0 18.75 9.86 24.85 12.37 7.5 18.97 7.5 12.57 18.06 12.57 13.58 18.97 9.86 24.85 25.47 18.75 18.06 18.97 25.47 13.58
13.12 18.14 6.41 3.75 0.0 6.18 11.74 7.5 18.75 3.75 11.74 12.57 11.25 18.75 5.86 7.5 10.09 9.06 18.14 7.5 11.25 6.41 0.0 6.18 6.18 7.5 11.74 0.0 9.06 11.25 6.18 0.0 11.25 11.25 18.14 5.86 18.14 18.75 18.14 6.18 18.75 0.0 9.06 10.09 6.41 11.74 11.25 11.74 6.18 3.75 6.18 5.86 11.25 9.06 10.09 13.12 0.0 3.75 11.25 13.12 5.86
16.77 9.86 2.7 8.25 9.06 3.18 2.7 9.06 9.86 8.25 2.7 3.75 11.15 9.86 3.75 9.06 15.46 0.0 9.86 9.06 11.15 2.7 9.06 3.18 3.18 9.06 2.7 9.06 0.0 11.15 3.18 9.06 11.15 11.15 9.86 3.75 9.86 9.86 9.86 3.18 9.86 9.06 0.0 15.46 2.7 2.7 11.15 2.7 3.18 8.25 3.18 3.75 11.15 0.0 15.46 16.77 9.06 8.25 11.15 16.77 3.75
3.75 25.3 13.79 7.72 10.09 14.09 17.4 6.75 24.85 7.72 17.4 19.12 7.72 24.85 11.86 6.75 0.0 15.46 25.3 6.75 7.72 13.79 10.09 14.09 14.09 6.75 17.4 10.09 15.46 7.72 14.09 10.09 7.72 7.72 25.3 11.86 25.3 24.85 25.3 14.09 24.85 10.09 15.46 0.0 13.79 17.4 7.72 17.4 14.09 7.72 14.09 11.86 7.72 15.46 0.0 3.75 10.09 7.72 7.72 3.75 11.86
15.61 12.0 0.0 6.18 6.41 0.75 5.41 7.97 12.37 6.18 5.41 6.18 10.82 12.37 2.12 7.97 13.79 2.7 12.0 7.97 10.82 0.0 6.41 0.75 0.75 7.97 5.41 6.41 2.7 10.82 0.75 6.41 10.82 10.82 12.0 2.12 12.0 12.37 12.0 0.75 12.37 6.41 2.7 13.79 0.0 5.41 10.82 5.41 0.75 6.18 0.75 2.12 10.82 2.7 13.79 15.61 6.41 6.18 10.82 15.61 2.12
18.26 8.08 5.41 10.61 11.74 5.86 0.0 10.74 7.5 10.61 0.0 2.12 12.09 7.5 6.18 10.74 17.4 2.7 8.08 10.74 12.09 5.41 11.74 5.86 5.86 10.74 0.0 11.74 2.7 12.09 5.86 11.74 12.09 12.09 8.08 6.18 8.08 7.5 8.08 5.86 7.5 11.74 2.7 17.4 5.41 0.0 12.09 0.0 5.86 10.61 5.86 6.18 12.09 2.7 17.4 18.26 11.74 10.61 12.09 18.26 6.18
6.75 20.12 10.82 7.5 11.25 11.45 12.09 3.75 18.97 7.5 12.09 14.15 0.0 18.97 8.75 3.75 7.72 11.15 20.12 3.75 0.0 10.82 11.25 11.45 11.45 3.75 12.09 11.25 11.15 0.0 11.45 11.25 0.0 0.0 20.12 8.75 20.12 18.97 20.12 11.45 18.97 11.25 11.15 7.72 10.82 12.09 0.0 12.09 11.45 7.5 11.45 8.75 0.0 11.15 7.72 6.75 11.25 7.5 0.0 6.75 8.75
18.26 8.08 5.41 10.61 11.74 5.86 0.0 10.74 7.5 10.61 0.0 2.12 12.09 7.5 6.18 10.74 17.4 2.7 8.08 10.74 12.09 5.41 11.74 5.86 5.86 10.74 0.0 11.74 2.7 12.09 5.86 11.74 12.09 12.09 8.08 6.18 8.08 7.5 8.08 5.86 7.5 11.74 2.7 17.4 5.41 0.0 12.09 0.0 5.86 10.61 5.86 6.18 12.09 2.7 17.4 18.26 11.74 10.61 12.09 18.26 6.18
16.05 12.02 0.75 6.41 6.18 0.0 5.86 8.49 12.57 6.41 5.86 6.41 11.45 12.57 2.7 8.49 14.09 3.18 12.02 8.49 11.45 0.75 6.18 0.0 0.0 8.49 5.86 6.18 3.18 11.45 0.0 6.18 11.45 11.45 12.02 2.7 12.02 12.57 12.02 0.0 12.57 6.18 3.18 14.09 0.75 5.86 11.45 5.86 0.0 6.41 0.0 2.7 11.45 3.18 14.09 16.05 6.18 6.41 11.45 16.05 2.7
10.09 18.06 6.18 0.0 3.75 6.41 10.61 3.75 18.06 0.0 10.61 12.0 7.5 18.06 4.5 3.75 7.72 8.25 18.06 3.75 7.5 6.18 3.75 6.41 6.41 3.75 10.61 3.75 8.25 7.5 6.41 3.75 7.5 7.5 18.06 4.5 18.06 18.06 18.06 6.41 18.06 3.75 8.25 7.72 6.18 10.61 7.5 10.61 6.41 0.0 6.41 4.5 7.5 8.25 7.72 10.09 3.75 0.0 7.5 10.09 4.5
16.05 12.02 0.75 6.41 6.18 0.0 5.86 8.49 12.57 6.41 5.86 6.41 11.45 12.57 2.7 8.49 14.09 3.18 12.02 8.49 11.45 0.75 6.18 0.0 0.0 8.49 5.86 6.18 3.18 11.45 0.0 6.18 11.45 11.45 12.02 2.7 12.02 12.57 12.02 0.0 12.57 6.18 3.18 14.09 0.75 5.86 11.45 5.86 0.0 6.41 0.0 2.7 11.45 3.18 14.09 16.05 6.18 6.41 11.45 16.05 2.7
13.52 13.58 2.12 4.5 5.86 2.7 6.18 5.86 13.58 4.5 6.18 7.5 8.75 13.58 0.0 5.86 11.86 3.75 13.58 5.86 8.75 2.12 5.86 2.7 2.7 5.86 6.18 5.86 3.75 8.75 2.7 5.86 8.75 8.75 13.58 0.0 13.58 13.58 13.58 2.7 13.58 5.86 3.75 11.86 2.12 6.18 8.75 6.18 2.7 4.5 2.7 0.0 8.75 3.75 11.86 13.52 5.86 4.5 8.75 13.52 0.0
6.75 20.12 10.82 7.5 11.25 11.45 12.09 3.75 18.97 7.5 12.09 14.15 0.0 18.97 8.75 3.75 7.72 11.15 20.12 3.75 0.0 10.82 11.25 11.45 11.45 3.75 12.09 11.25 11.15 0.0 11.45 11.25 0.0 0.0 20.12 8.75 20.12 18.97 20.12 11.45 18.97 11.25 11.15 7.72 10.82 12.09 0.0 12.09 11.45 7.5 11.45 8.75 0.0 11.15 7.72 6.75 11.25 7.5 0.0 6.75 8.75
16.77 9.86 2.7 8.25 9.06 3.18 2.7 9.06 9.86 8.25 2.7 3.75 11.15 9.86 3.75 9.06 15.46 0.0 9.86 9.06 11.15 2.7 9.06 3.18 3.18 9.06 2.7 9.06 0.0 11.15 3.18 9.06 11.15 11.15 9.86 3.75 9.86 9.86 9.86 3.18 9.86 9.06 0.0 15.46 2.7 2.7 11.15 2.7 3.18 8.25 3.18 3.75 11.15 0.0 15.46 16.77 9.06 8.25 11.15 16.77 3.75
3.75 25.3 13.79 7.72 10.09 14.09 17.4 6.75 24.85 7.72 17.4 19.12 7.72 24.85 11.86 6.75 0.0 15.46 25.3 6.75 7.72 13.79 10.09 14.09 14.09 6.75 17.4 10.09 15.46 7.72 14.09 10.09 7.72 7.72 25.3 11.86 25.3 24.85 25.3 14.09 24.85 10.09 15.46 0.0 13.79 17.4 7.72 17.4 14.09 7.72 14.09 11.86 7.72 15.46 0.0 3.75 10.09 7.72 7.72 3.75 11.86
0.0 26.34 15.61 10.09 13.12 16.05 18.26 7.72 25.47 10.09 18.26 20.19 6.75 25.47 13.52 7.72 3.75 16.77 26.34 7.72 6.75 15.61 13.12 16.05 16.05 7.72 18.26 13.12 16.77 6.75 16.05 13.12 6.75 6.75 26.34 13.52 26.34 25.47 26.34 16.05 25.47 13.12 16.77 3.75 15.61 18.26 6.75 18.26 16.05 10.09 16.05 13.52 6.75 16.77 3.75 0.0 13.12 10.09 6.75 0.0 13.52
13.12 18.14 6.41 3.75 0.0 6.18 11.74 7.5 18.75 3.75 11.74 12.57 11.25 18.75 5.86 7.5 10.09 9.06 18.14 7.5 11.25 6.41 0.0 6.18 6.18 7.5 11.74 0.0 9.06 11.25 6.18 0.0 11.25 11.25 18.14 5.86 18.14 18.75 18.14 6.18 18.75 0.0 9.06 10.09 6.41 11.74 11.25 11.74 6.18 3.75 6.18 5.86 11.25 9.06 10.09 13.12 0.0 3.75 11.25 13.12 5.86
10.09 18.06 6.18 0.0 3.75 6.41 10.61 3.75 18.06 0.0 10.61 12.0 7.5 18.06 4.5 3.75 7.72 8.25 18.06 3.75 7.5 6.18 3.75 6.41 6.41 3.75 10.61 3.75 8.25 7.5 6.41 3.75 7.5 7.5 18.06 4.5 18.06 18.06 18.06 6.41 18.06 3.75 8.25 7.72 6.18 10.61 7.5 10.61 6.41 0.0 6.41 4.5 7.5 8.25 7.72 10.09 3.75 0.0 7.5 10.09 4.5
6.75 20.12 10.82 7.5 11.25 11.45 12.09 3.75 18.97 7.5 12.09 14.15 0.0 18.97 8.75 3.75 7.72 11.15 20.12 3.75 0.0 10.82 11.25 11.45 11.45 3.75 12.09 11.25 11.15 0.0 11.45 11.25 0.0 0.0 20.12 8.75 20.12 18.97 20.12 11.45 18.97 11.25 11.15 7.72 10.82 12.09 0.0 12.09 11.45 7.5 11.45 8.75 0.0 11.15 7.72 6.75 11.25 7.5 0.0 6.75 8.75
0.0 26.34 15.61 10.09 13.12 16.05 18.26 7.72 25.47 10.09 18.26 20.19 6.75 25.47 13.52 7.72 3.75 16.77 26.34 7.72 6.75 15.61 13.12 16.05 16.05 7.72 18.26 13.12 16.77 6.75 16.05 13.12 6.75 6.75 26.34 13.52 26.34 25.47 26.34 16.05 25.47 13.12 16.77 3.75 15.61 18.26 6.75 18.26 16.05 10.09 16.05 13.52 6.75 16.77 3.75 0.0 13.12 10.09 6.75 0.0 13.52
13.52 13.58 2.12 4.5 5.86 2.7 6.18 5.86 13.58 4.5 6.18 7.5 8.75 13.58 0.0 5.86 11.86 3.75 13.58 5.86 8.75 2.12 5.86 2.7 2.7 5.86 6.18 5.86 3.75 8.75 2.7 5.86 8.75 8.75 13.58 0.0 13.58 13.58 13.58 2.7 13.58 5.86 3.75 11.86 2.12 6.18 8.75 6.18 2.7 4.5 2.7 0.0 8.75 3.75 11.86 13.52 5.86 4.5 8.75 13.52 0.0
