4 140 660 6 0
0 0.0 0 0.0 660 660
1 2.0 1 205.0 220.0 16.47
2 2.0 2 230.0 245.0 45.13
3 2.0 1 420.0 435.0 29.57
4 2.0 3 250.0 265.0 29.95
5 2.0 1 400.0 415.0 48.32
6 2.0 1 365.0 380.0 48.58
7 2.0 2 110.0 125.0 45.13
8 2.0 1 345.0 360.0 32.6
9 2.0 1 305.0 320.0 20.72
10 2.0 1 145.0 160.0 16.47
11 2.0 1 410.0 425.0 22.23
12 2.0 1 370.0 385.0 14.77
13 2.0 1 305.0 320.0 48.32
14 2.0 1 110.0 125.0 33.08
15 2.0 1 80.0 95.0 40.8
16 2.0 1 105.0 120.0 32.53
17 2.0 1 115.0 130.0 30.08
18 2.0 1 420.0 435.0 20.72
19 2.0 1 85.0 100.0 48.38
20 2.0 2 75.0 90.0 16.47
21 2.0 1 410.0 425.0 16.47
22 2.0 2 135.0 150.0 36.25
23 2.0 3 305.0 320.0 46.35
24 2.0 1 280.0 295.0 14.5
25 2.0 1 285.0 300.0 24.45
26 2.0 2 405.0 420.0 39.65
27 2.0 1 325.0 340.0 27.32
28 2.0 1 340.0 355.0 41.0
29 2.0 1 245.0 260.0 45.13
30 2.0 2 180.0 195.0 20.72
31 2.0 1 220.0 235.0 42.0
32 2.0 2 285.0 300.0 46.35
33 2.0 1 185.0 200.0 27.62
34 2.0 1 340.0 355.0 29.38
35 2.0 1 140.0 155.0 39.7
36 2.0 1 395.0 410.0 16.47
37 2.0 2 210.0 225.0 20.72
38 2.0 1 260.0 275.0 22.23
39 2.0 1 360.0 375.0 39.65
40 2.0 2 245.0 260.0 45.13
41 2.0 1 225.0 240.0 21.92
42 2.0 1 140.0 155.0 36.33
43 2.0 1 405.0 420.0 45.13
44 2.0 1 345.0 360.0 27.32
45 2.0 1 300.0 315.0 22.23
46 2.0 1 295.0 310.0 36.25
47 2.0 1 195.0 210.0 34.27
48 2.0 1 90.0 105.0 27.98
49 2.0 1 210.0 225.0 22.92
50 2.0 1 255.0 270.0 27.62
51 2.0 1 280.0 295.0 36.53
52 2.0 1 105.0 120.0 33.08
53 2.0 1 370.0 385.0 24.45
54 2.0 1 200.0 215.0 29.38
55 2.0 1 300.0 315.0 22.23
56 2.0 1 270.0 285.0 20.72
57 2.0 1 135.0 150.0 21.92
58 2.0 1 340.0 355.0 20.72
59 2.0 1 155.0 170.0 24.62
60 2.0 1 140.0 155.0 48.38
61 2.0 1 250.0 265.0 27.78
62 2.0 1 330.0 345.0 33.08
63 2.0 1 80.0 95.0 45.93
64 2.0 1 235.0 250.0 16.47
65 2.0 1 315.0 330.0 39.7
66 2.0 1 300.0 315.0 30.08
67 2.0 1 290.0 305.0 20.72
68 2.0 1 135.0 150.0 36.25
69 2.0 1 405.0 420.0 21.92
70 2.0 2 120.0 135.0 40.7
71 2.0 -1 210.47 236.47 16.47
72 2.0 -2 254.13 290.13 45.13
73 2.0 -1 432.57 464.57 29.57
74 2.0 -3 262.95 294.95 29.95
75 2.0 -1 426.32 463.32 48.32
76 2.0 -1 391.58 428.58 48.58
77 2.0 -2 134.13 170.13 45.13
78 2.0 -1 359.6 392.6 32.6
79 2.0 -1 312.72 340.72 20.72
80 2.0 -1 150.47 176.47 16.47
81 2.0 -1 418.23 447.23 22.23
82 2.0 -1 374.77 399.77 14.77
83 2.0 -1 331.32 368.32 48.32
84 2.0 -1 125.08 158.08 33.08
85 2.0 -1 100.8 135.8 40.8
86 2.0 -1 119.53 152.53 32.53
87 2.0 -1 128.08 160.08 30.08
88 2.0 -1 427.72 455.72 20.72
89 2.0 -1 111.38 148.38 48.38
90 2.0 -2 80.47 106.47 16.47
91 2.0 -1 415.47 441.47 16.47
92 2.0 -2 152.25 186.25 36.25
93 2.0 -3 330.35 366.35 46.35
94 2.0 -1 284.5 309.5 14.5
95 2.0 -1 294.45 324.45 24.45
96 2.0 -2 424.65 459.65 39.65
97 2.0 -1 336.32 367.32 27.32
98 2.0 -1 361.0 396.0 41.0
99 2.0 -1 269.13 305.13 45.13
100 2.0 -2 187.72 215.72 20.72
101 2.0 -1 242.0 277.0 42.0
102 2.0 -2 310.35 346.35 46.35
103 2.0 -1 196.62 227.62 27.62
104 2.0 -1 352.38 384.38 29.38
105 2.0 -1 159.7 194.7 39.7
106 2.0 -1 400.47 426.47 16.47
107 2.0 -2 217.72 245.72 20.72
108 2.0 -1 268.23 297.23 22.23
109 2.0 -1 379.65 414.65 39.65
110 2.0 -2 269.13 305.13 45.13
111 2.0 -1 232.92 261.92 21.92
112 2.0 -1 157.33 191.33 36.33
113 2.0 -1 429.13 465.13 45.13
114 2.0 -1 356.32 387.32 27.32
115 2.0 -1 308.23 337.23 22.23
116 2.0 -1 312.25 346.25 36.25
117 2.0 -1 211.27 244.27 34.27
118 2.0 -1 101.98 132.98 27.98
119 2.0 -1 218.92 247.92 22.92
120 2.0 -1 266.62 297.62 27.62
121 2.0 -1 297.53 331.53 36.53
122 2.0 -1 120.08 153.08 33.08
123 2.0 -1 379.45 409.45 24.45
124 2.0 -1 212.38 244.38 29.38
125 2.0 -1 308.23 337.23 22.23
126 2.0 -1 277.72 305.72 20.72
127 2.0 -1 142.92 171.92 21.92
128 2.0 -1 347.72 375.72 20.72
129 2.0 -1 164.62 194.62 24.62
130 2.0 -1 166.38 203.38 48.38
131 2.0 -1 261.78 292.78 27.78
132 2.0 -1 345.08 378.08 33.08
133 2.0 -1 104.93 140.93 45.93
134 2.0 -1 240.47 266.47 16.47
135 2.0 -1 334.7 369.7 39.7
136 2.0 -1 313.08 345.08 30.08
137 2.0 -1 297.72 325.72 20.72
138 2.0 -1 152.25 186.25 36.25
139 2.0 -1 412.92 441.92 21.92
140 2.0 -2 140.7 175.7 40.7
141 0.0 0 0.0 660 660
