0.0 28.86 24.04 7.0 8.6 21.84 25.5 25.5 32.76 0.0 19.24 6.71 15.0 25.5 25.5 0.0 25.5 8.6 19.24 9.22 18.25 25.5 32.76 21.0 15.23 8.6 19.24 26.93 28.16 18.03 15.23 18.25 18.25 21.84 12.53 9.22 28.86 12.37 18.38 12.53 21.1
28.86 0.0 5.0 28.0 23.0 36.77 6.4 6.4 10.0 28.86 21.47 22.36 16.12 6.4 6.4 28.86 6.4 23.0 21.47 34.0 10.77 6.4 10.0 31.3 23.09 23.0 21.47 8.6 4.0 35.44 23.09 10.77 10.77 36.77 34.23 34.0 0.0 16.49 11.0 34.23 10.77
24.04 5.0 0.0 23.0 18.0 32.2 4.0 4.0 11.18 24.04 17.2 17.46 11.18 4.0 4.0 24.04 4.0 18.0 17.2 29.0 6.4 4.0 11.18 26.93 18.38 18.0 17.2 7.0 6.4 30.68 18.38 6.4 6.4 32.2 29.27 29.0 5.0 11.7 6.0 29.27 6.4
7.0 28.0 23.0 0.0 5.0 15.23 23.35 23.35 29.73 7.0 13.45 7.21 12.17 23.35 23.35 7.0 23.35 5.0 13.45 6.0 18.44 23.35 29.73 14.0 9.22 5.0 13.45 24.04 28.28 11.66 9.22 18.44 18.44 15.23 7.21 6.0 28.0 12.65 17.0 7.21 18.44
8.6 23.0 18.0 5.0 0.0 17.8 18.44 18.44 25.08 8.6 10.77 4.12 7.28 18.44 18.44 8.6 18.44 0.0 10.77 11.0 13.6 18.44 25.08 14.87 7.07 0.0 10.77 19.31 23.35 14.87 7.07 13.6 13.6 17.8 11.7 11.0 23.0 8.06 12.0 11.7 13.6
21.84 36.77 32.2 15.23 17.8 0.0 30.68 30.68 34.23 21.84 15.52 21.63 21.63 30.68 30.68 21.84 30.68 17.8 15.52 14.0 30.0 30.68 34.23 6.0 13.89 17.8 15.52 29.83 38.47 4.0 13.89 30.0 30.0 0.0 10.0 14.0 36.77 25.46 26.93 10.0 26.0
25.5 6.4 4.0 23.35 18.44 30.68 0.0 0.0 7.81 25.5 15.23 18.79 11.18 0.0 0.0 25.5 0.0 18.44 15.23 29.27 9.43 0.0 7.81 25.08 17.26 18.44 15.23 3.0 9.43 29.61 17.26 9.43 9.43 30.68 29.0 29.27 6.4 13.6 7.21 29.0 5.0
25.5 6.4 4.0 23.35 18.44 30.68 0.0 0.0 7.81 25.5 15.23 18.79 11.18 0.0 0.0 25.5 0.0 18.44 15.23 29.27 9.43 0.0 7.81 25.08 17.26 18.44 15.23 3.0 9.43 29.61 17.26 9.43 9.43 30.68 29.0 29.27 6.4 13.6 7.21 29.0 5.0
32.76 10.0 11.18 29.73 25.08 34.23 7.81 7.81 0.0 32.76 19.0 26.08 17.89 7.81 7.81 32.76 7.81 25.08 19.0 35.44 17.2 7.81 0.0 28.28 22.2 25.08 19.0 5.83 14.0 34.0 22.2 17.2 17.2 34.23 34.53 35.44 10.0 21.26 14.87 34.53 11.66
0.0 28.86 24.04 7.0 8.6 21.84 25.5 25.5 32.76 0.0 19.24 6.71 15.0 25.5 25.5 0.0 25.5 8.6 19.24 9.22 18.25 25.5 32.76 21.0 15.23 8.6 19.24 26.93 28.16 18.03 15.23 18.25 18.25 21.84 12.53 9.22 28.86 12.37 18.38 12.53 21.1
19.24 21.47 17.2 13.45 10.77 15.52 15.23 15.23 19.0 19.24 0.0 14.32 8.54 15.23 15.23 19.24 15.23 10.77 0.0 18.03 16.64 15.23 19.0 9.85 4.24 10.77 0.0 14.32 23.6 15.0 4.24 16.64 16.64 15.52 16.16 18.03 21.47 14.32 12.81 16.16 10.82
6.71 22.36 17.46 7.21 4.12 21.63 18.79 18.79 26.08 6.71 14.32 0.0 8.49 18.79 18.79 6.71 18.79 4.12 14.32 12.65 12.0 18.79 26.08 18.97 11.0 4.12 14.32 20.25 22.0 18.44 11.0 12.0 12.0 21.63 14.42 12.65 22.36 6.0 11.7 14.42 14.42
15.0 16.12 11.18 12.17 7.28 21.63 11.18 11.18 17.89 15.0 8.54 8.49 0.0 11.18 11.18 15.0 11.18 7.28 8.54 18.11 8.49 11.18 17.89 16.97 7.81 7.28 8.54 12.08 17.09 19.7 7.81 8.49 8.49 21.63 18.11 18.11 16.12 6.0 5.39 18.11 6.32
25.5 6.4 4.0 23.35 18.44 30.68 0.0 0.0 7.81 25.5 15.23 18.79 11.18 0.0 0.0 25.5 0.0 18.44 15.23 29.27 9.43 0.0 7.81 25.08 17.26 18.44 15.23 3.0 9.43 29.61 17.26 9.43 9.43 30.68 29.0 29.27 6.4 13.6 7.21 29.0 5.0
25.5 6.4 4.0 23.35 18.44 30.68 0.0 0.0 7.81 25.5 15.23 18.79 11.18 0.0 0.0 25.5 0.0 18.44 15.23 29.27 9.43 0.0 7.81 25.08 17.26 18.44 15.23 3.0 9.43 29.61 17.26 9.43 9.43 30.68 29.0 29.27 6.4 13.6 7.21 29.0 5.0
0.0 28.86 24.04 7.0 8.6 21.84 25.5 25.5 32.76 0.0 19.24 6.71 15.0 25.5 25.5 0.0 25.5 8.6 19.24 9.22 18.25 25.5 32.76 21.0 15.23 8.6 19.24 26.93 28.16 18.03 15.23 18.25 18.25 21.84 12.53 9.22 28.86 12.37 18.38 12.53 21.1
25.5 6.4 4.0 23.35 18.44 30.68 0.0 0.0 7.81 25.5 15.23 18.79 11.18 0.0 0.0 25.5 0.0 18.44 15.23 29.27 9.43 0.0 7.81 25.08 17.26 18.44 15.23 3.0 9.43 29.61 17.26 9.43 9.43 30.68 29.0 29.27 6.4 13.6 7.21 29.0 5.0
8.6 23.0 18.0 5.0 0.0 17.8 18.44 18.44 25.08 8.6 10.77 4.12 7.28 18.44 18.44 8.6 18.44 0.0 10.77 11.0 13.6 18.44 25.08 14.87 7.07 0.0 10.77 19.31 23.35 14.87 7.07 13.6 13.6 17.8 11.7 11.0 23.0 8.06 12.0 11.7 13.6
19.24 21.47 17.2 13.45 10.77 15.52 15.23 15.23 19.0 19.24 0.0 14.32 8.54 15.23 15.23 19.24 15.23 10.77 0.0 18.03 16.64 15.23 19.0 9.85 4.24 10.77 0.0 14.32 23.6 15.0 4.24 16.64 16.64 15.52 16.16 18.03 21.47 14.32 12.81 16.16 10.82
9.22 34.0 29.0 6.0 11.0 14.0 29.27 29.27 35.44 9.22 18.03 12.65 18.11 29.27 29.27 9.22 29.27 11.0 18.03 0.0 24.33 29.27 35.44 15.23 13.89 11.0 18.03 29.83 34.23 10.0 13.89 24.33 24.33 14.0 4.0 0.0 34.0 18.44 23.0 4.0 24.33
18.25 10.77 6.4 18.44 13.6 30.0 9.43 9.43 17.2 18.25 16.64 12.0 8.49 9.43 9.43 18.25 9.43 13.6 16.64 24.33 0.0 9.43 17.2 25.46 16.28 13.6 16.64 12.08 10.0 27.78 16.28 0.0 0.0 30.0 25.3 24.33 10.77 6.0 4.12 25.3 8.0
25.5 6.4 4.0 23.35 18.44 30.68 0.0 0.0 7.81 25.5 15.23 18.79 11.18 0.0 0.0 25.5 0.0 18.44 15.23 29.27 9.43 0.0 7.81 25.08 17.26 18.44 15.23 3.0 9.43 29.61 17.26 9.43 9.43 30.68 29.0 29.27 6.4 13.6 7.21 29.0 5.0
32.76 10.0 11.18 29.73 25.08 34.23 7.81 7.81 0.0 32.76 19.0 26.08 17.89 7.81 7.81 32.76 7.81 25.08 19.0 35.44 17.2 7.81 0.0 28.28 22.2 25.08 19.0 5.83 14.0 34.0 22.2 17.2 17.2 34.23 34.53 35.44 10.0 21.26 14.87 34.53 11.66
21.0 31.3 26.93 14.0 14.87 6.0 25.08 25.08 28.28 21.0 9.85 18.97 16.97 25.08 25.08 21.0 25.08 14.87 9.85 15.23 25.46 25.08 28.28 0.0 9.22 14.87 9.85 24.04 33.29 7.21 9.22 25.46 25.46 6.0 11.66 15.23 31.3 21.63 22.02 11.66 20.59
15.23 23.09 18.38 9.22 7.07 13.89 17.26 17.26 22.2 15.23 4.24 11.0 7.81 17.26 17.26 15.23 17.26 7.07 4.24 13.89 16.28 17.26 22.2 9.22 0.0 7.07 4.24 17.0 24.6 12.37 0.0 16.28 16.28 13.89 12.37 13.89 23.09 12.53 13.04 12.37 12.37
8.6 23.0 18.0 5.0 0.0 17.8 18.44 18.44 25.08 8.6 10.77 4.12 7.28 18.44 18.44 8.6 18.44 0.0 10.77 11.0 13.6 18.44 25.08 14.87 7.07 0.0 10.77 19.31 23.35 14.87 7.07 13.6 13.6 17.8 11.7 11.0 23.0 8.06 12.0 11.7 13.6
19.24 21.47 17.2 13.45 10.77 15.52 15.23 15.23 19.0 19.24 0.0 14.32 8.54 15.23 15.23 19.24 15.23 10.77 0.0 18.03 16.64 15.23 19.0 9.85 4.24 10.77 0.0 14.32 23.6 15.0 4.24 16.64 16.64 15.52 16.16 18.03 21.47 14.32 12.81 16.16 10.82
26.93 8.6 7.0 24.04 19.31 29.83 3.0 3.0 5.83 26.93 14.32 20.25 12.08 3.0 3.0 26.93 3.0 19.31 14.32 29.83 12.08 3.0 5.83 24.04 17.0 19.31 14.32 0.0 12.08 29.15 17.0 12.08 12.08 29.83 29.15 29.83 8.6 15.56 9.22 29.15 5.83
28.16 4.0 6.4 28.28 23.35 38.47 9.43 9.43 14.0 28.16 23.6 22.0 17.09 9.43 9.43 28.16 9.43 23.35 23.6 34.23 10.0 9.43 14.0 33.29 24.6 23.35 23.6 12.08 0.0 36.77 24.6 10.0 10.0 38.47 34.93 34.23 4.0 16.0 11.7 34.93 12.81
18.03 35.44 30.68 11.66 14.87 4.0 29.61 29.61 34.0 18.03 15.0 18.44 19.7 29.61 29.61 18.03 29.61 14.87 15.0 10.0 27.78 29.61 34.0 7.21 12.37 14.87 15.0 29.15 36.77 0.0 12.37 27.78 27.78 4.0 6.0 10.0 35.44 22.8 25.08 6.0 24.74
15.23 23.09 18.38 9.22 7.07 13.89 17.26 17.26 22.2 15.23 4.24 11.0 7.81 17.26 17.26 15.23 17.26 7.07 4.24 13.89 16.28 17.26 22.2 9.22 0.0 7.07 4.24 17.0 24.6 12.37 0.0 16.28 16.28 13.89 12.37 13.89 23.09 12.53 13.04 12.37 12.37
18.25 10.77 6.4 18.44 13.6 30.0 9.43 9.43 17.2 18.25 16.64 12.0 8.49 9.43 9.43 18.25 9.43 13.6 16.64 24.33 0.0 9.43 17.2 25.46 16.28 13.6 16.64 12.08 10.0 27.78 16.28 0.0 0.0 30.0 25.3 24.33 10.77 6.0 4.12 25.3 8.0
18.25 10.77 6.4 18.44 13.6 30.0 9.43 9.43 17.2 18.25 16.64 12.0 8.49 9.43 9.43 18.25 9.43 13.6 16.64 24.33 0.0 9.43 17.2 25.46 16.28 13.6 16.64 12.08 10.0 27.78 16.28 0.0 0.0 30.0 25.3 24.33 10.77 6.0 4.12 25.3 8.0
21.84 36.77 32.2 15.23 17.8 0.0 30.68 30.68 34.23 21.84 15.52 21.63 21.63 30.68 30.68 21.84 30.68 17.8 15.52 14.0 30.0 30.68 34.23 6.0 13.89 17.8 15.52 29.83 38.47 4.0 13.89 30.0 30.0 0.0 10.0 14.0 36.77 25.46 26.93 10.0 26.0
12.53 34.23 29.27 7.21 11.7 10.0 29.0 29.0 34.53 12.53 16.16 14.42 18.11 29.0 29.0 12.53 29.0 11.7 16.16 4.0 25.3 29.0 34.53 11.66 12.37 11.7 16.16 29.15 34.93 6.0 12.37 25.3 25.3 10.0 0.0 4.0 34.23 19.7 23.35 0.0 24.0
9.22 34.0 29.0 6.0 11.0 14.0 29.27 29.27 35.44 9.22 18.03 12.65 18.11 29.27 29.27 9.22 29.27 11.0 18.03 0.0 24.33 29.27 35.44 15.23 13.89 11.0 18.03 29.83 34.23 10.0 13.89 24.33 24.33 14.0 4.0 0.0 34.0 18.44 23.0 4.0 24.33
28.86 0.0 5.0 28.0 23.0 36.77 6.4 6.4 10.0 28.86 21.47 22.36 16.12 6.4 6.4 28.86 6.4 23.0 21.47 34.0 10.77 6.4 10.0 31.3 23.09 23.0 21.47 8.6 4.0 35.44 23.09 10.77 10.77 36.77 34.23 34.0 0.0 16.49 11.0 34.23 10.77
12.37 16.49 11.7 12.65 8.06 25.46 13.6 13.6 21.26 12.37 14.32 6.0 6.0 13.6 13.6 12.37 13.6 8.06 14.32 18.44 6.0 13.6 21.26 21.63 12.53 8.06 14.32 15.56 16.0 22.8 12.53 6.0 6.0 25.46 19.7 18.44 16.49 0.0 6.4 19.7 10.0
18.38 11.0 6.0 17.0 12.0 26.93 7.21 7.21 14.87 18.38 12.81 11.7 5.39 7.21 7.21 18.38 7.21 12.0 12.81 23.0 4.12 7.21 14.87 22.02 13.04 12.0 12.81 9.22 11.7 25.08 13.04 4.12 4.12 26.93 23.35 23.0 11.0 6.4 0.0 23.35 4.12
12.53 34.23 29.27 7.21 11.7 10.0 29.0 29.0 34.53 12.53 16.16 14.42 18.11 29.0 29.0 12.53 29.0 11.7 16.16 4.0 25.3 29.0 34.53 11.66 12.37 11.7 16.16 29.15 34.93 6.0 12.37 25.3 25.3 10.0 0.0 4.0 34.23 19.7 23.35 0.0 24.0
21.1 10.77 6.4 18.44 13.6 26.0 5.0 5.0 11.66 21.1 10.82 14.42 6.32 5.0 5.0 21.1 5.0 13.6 10.82 24.33 8.0 5.0 11.66 20.59 12.37 13.6 10.82 5.83 12.81 24.74 12.37 8.0 8.0 26.0 24.0 24.33 10.77 10.0 4.12 24.0 0.0
