0.0 26.93 0.0 12.53 8.6 32.76 3.0 6.71 7.0 24.04 32.76 18.38 9.22 19.24 12.53 21.1 0.0 32.76 18.44 15.0 0.0 26.93 0.0 21.1 8.6 9.22 28.16 7.0 12.08 12.53 12.53 32.76 24.04 6.71 28.86 32.76 12.08 18.25 3.0 6.71 7.0 15.0 32.76 15.23 32.76 18.03 15.23 24.04 12.37 26.93 21.1 18.03 0.0 21.0 28.16 25.5 18.38 9.22 21.84 18.38 24.04 9.22 3.0 9.22 15.23 15.23 7.0 0.0 18.03 7.0 15.0 21.0 18.44 26.93 28.16 21.1 12.37 21.1 18.03 26.93 28.16
26.93 0.0 26.93 29.15 19.31 5.83 25.5 20.25 24.04 7.0 5.83 9.22 29.83 14.32 29.15 5.83 26.93 5.83 11.0 12.08 26.93 0.0 26.93 5.83 19.31 29.83 12.08 24.04 18.25 29.15 29.15 5.83 7.0 20.25 8.6 5.83 18.25 12.08 25.5 20.25 24.04 12.08 5.83 29.0 5.83 29.15 29.0 7.0 15.56 0.0 5.83 29.15 26.93 24.04 12.08 3.0 9.22 29.83 29.83 9.22 7.0 29.83 25.5 29.83 17.0 29.0 24.04 26.93 29.15 24.04 12.08 24.04 11.0 0.0 12.08 5.83 15.56 5.83 29.15 0.0 12.08
0.0 26.93 0.0 12.53 8.6 32.76 3.0 6.71 7.0 24.04 32.76 18.38 9.22 19.24 12.53 21.1 0.0 32.76 18.44 15.0 0.0 26.93 0.0 21.1 8.6 9.22 28.16 7.0 12.08 12.53 12.53 32.76 24.04 6.71 28.86 32.76 12.08 18.25 3.0 6.71 7.0 15.0 32.76 15.23 32.76 18.03 15.23 24.04 12.37 26.93 21.1 18.03 0.0 21.0 28.16 25.5 18.38 9.22 21.84 18.38 24.04 9.22 3.0 9.22 15.23 15.23 7.0 0.0 18.03 7.0 15.0 21.0 18.44 26.93 28.16 21.1 12.37 21.1 18.03 26.93 28.16
12.53 29.15 12.53 0.0 11.7 34.53 10.0 14.42 7.21 29.27 34.53 23.35 4.0 16.16 0.0 24.0 12.53 34.53 18.25 18.11 12.53 29.15 12.53 24.0 11.7 4.0 34.93 7.21 11.0 0.0 0.0 34.53 29.27 14.42 34.23 34.53 11.0 25.3 10.0 14.42 7.21 18.11 34.53 3.0 34.53 6.0 3.0 29.27 19.7 29.15 24.0 6.0 12.53 11.66 34.93 29.0 23.35 4.0 10.0 23.35 29.27 4.0 10.0 4.0 12.37 3.0 7.21 12.53 6.0 7.21 18.11 11.66 18.25 29.15 34.93 24.0 19.7 24.0 6.0 29.15 34.93
8.6 19.31 8.6 11.7 0.0 25.08 6.4 4.12 5.0 18.0 25.08 12.0 11.0 10.77 11.7 13.6 8.6 25.08 9.9 7.28 8.6 19.31 8.6 13.6 0.0 11.0 23.35 5.0 4.0 11.7 11.7 25.08 18.0 4.12 23.0 25.08 4.0 13.6 6.4 4.12 5.0 7.28 25.08 13.04 25.08 14.87 13.04 18.0 8.06 19.31 13.6 14.87 8.6 14.87 23.35 18.44 12.0 11.0 17.8 12.0 18.0 11.0 6.4 11.0 7.07 13.04 5.0 8.6 14.87 5.0 7.28 14.87 9.9 19.31 23.35 13.6 8.06 13.6 14.87 19.31 23.35
32.76 5.83 32.76 34.53 25.08 0.0 31.3 26.08 29.73 11.18 0.0 14.87 35.44 19.0 34.53 11.66 32.76 0.0 16.28 17.89 32.76 5.83 32.76 11.66 25.08 35.44 14.0 29.73 23.77 34.53 34.53 0.0 11.18 26.08 10.0 0.0 23.77 17.2 31.3 26.08 29.73 17.89 0.0 34.13 0.0 34.0 34.13 11.18 21.26 5.83 11.66 34.0 32.76 28.28 14.0 7.81 14.87 35.44 34.23 14.87 11.18 35.44 31.3 35.44 22.2 34.13 29.73 32.76 34.0 29.73 17.89 28.28 16.28 5.83 14.0 11.66 21.26 11.66 34.0 5.83 14.0
3.0 25.5 3.0 10.0 6.4 31.3 0.0 6.0 4.0 23.35 31.3 17.46 7.21 16.64 10.0 19.7 3.0 31.3 16.28 13.42 3.0 25.5 3.0 19.7 6.4 7.21 28.0 4.0 9.43 10.0 10.0 31.3 23.35 6.0 28.28 31.3 9.43 18.0 0.0 6.0 4.0 13.42 31.3 12.53 31.3 15.23 12.53 23.35 12.0 25.5 19.7 15.23 3.0 18.0 28.0 24.35 17.46 7.21 18.97 17.46 23.35 7.21 0.0 7.21 12.53 12.53 4.0 3.0 15.23 4.0 13.42 18.0 16.28 25.5 28.0 19.7 12.0 19.7 15.23 25.5 28.0
6.71 20.25 6.71 14.42 4.12 26.08 6.0 0.0 7.21 17.46 26.08 11.7 12.65 14.32 14.42 14.42 6.71 26.08 12.53 8.49 6.71 20.25 6.71 14.42 4.12 12.65 22.0 7.21 8.06 14.42 14.42 26.08 17.46 0.0 22.36 26.08 8.06 12.0 6.0 0.0 7.21 8.49 26.08 16.28 26.08 18.44 16.28 17.46 6.0 20.25 14.42 18.44 6.71 18.97 22.0 18.79 11.7 12.65 21.63 11.7 17.46 12.65 6.0 12.65 11.0 16.28 7.21 6.71 18.44 7.21 8.49 18.97 12.53 20.25 22.0 14.42 6.0 14.42 18.44 20.25 22.0
7.0 24.04 7.0 7.21 5.0 29.73 4.0 7.21 0.0 23.0 29.73 17.0 6.0 13.45 7.21 18.44 7.0 29.73 13.89 12.17 7.0 24.04 7.0 18.44 5.0 6.0 28.28 0.0 6.4 7.21 7.21 29.73 23.0 7.21 28.0 29.73 6.4 18.44 4.0 7.21 0.0 12.17 29.73 9.22 29.73 11.66 9.22 23.0 12.65 24.04 18.44 11.66 7.0 14.0 28.28 23.35 17.0 6.0 15.23 17.0 23.0 6.0 4.0 6.0 9.22 9.22 0.0 7.0 11.66 0.0 12.17 14.0 13.89 24.04 28.28 18.44 12.65 18.44 11.66 24.04 28.28
24.04 7.0 24.04 29.27 18.0 11.18 23.35 17.46 23.0 0.0 11.18 6.0 29.0 17.2 29.27 6.4 24.04 11.18 13.04 11.18 24.04 7.0 24.04 6.4 18.0 29.0 6.4 23.0 18.44 29.27 29.27 11.18 0.0 17.46 5.0 11.18 18.44 6.4 23.35 17.46 23.0 11.18 11.18 29.83 11.18 30.68 29.83 0.0 11.7 7.0 6.4 30.68 24.04 26.93 6.4 4.0 6.0 29.0 32.2 6.0 0.0 29.0 23.35 29.0 18.38 29.83 23.0 24.04 30.68 23.0 11.18 26.93 13.04 7.0 6.4 6.4 11.7 6.4 30.68 7.0 6.4
32.76 5.83 32.76 34.53 25.08 0.0 31.3 26.08 29.73 11.18 0.0 14.87 35.44 19.0 34.53 11.66 32.76 0.0 16.28 17.89 32.76 5.83 32.76 11.66 25.08 35.44 14.0 29.73 23.77 34.53 34.53 0.0 11.18 26.08 10.0 0.0 23.77 17.2 31.3 26.08 29.73 17.89 0.0 34.13 0.0 34.0 34.13 11.18 21.26 5.83 11.66 34.0 32.76 28.28 14.0 7.81 14.87 35.44 34.23 14.87 11.18 35.44 31.3 35.44 22.2 34.13 29.73 32.76 34.0 29.73 17.89 28.28 16.28 5.83 14.0 11.66 21.26 11.66 34.0 5.83 14.0
18.38 9.22 18.38 23.35 12.0 14.87 17.46 11.7 17.0 6.0 14.87 0.0 23.0 12.81 23.35 4.12 18.38 14.87 8.6 5.39 18.38 9.22 18.38 4.12 12.0 23.0 11.7 17.0 12.65 23.35 23.35 14.87 6.0 11.7 11.0 14.87 12.65 4.12 17.46 11.7 17.0 5.39 14.87 24.04 14.87 25.08 24.04 6.0 6.4 9.22 4.12 25.08 18.38 22.02 11.7 7.21 0.0 23.0 26.93 0.0 6.0 23.0 17.46 23.0 13.04 24.04 17.0 18.38 25.08 17.0 5.39 22.02 8.6 9.22 11.7 4.12 6.4 4.12 25.08 9.22 11.7
9.22 29.83 9.22 4.0 11.0 35.44 7.21 12.65 6.0 29.0 35.44 23.0 0.0 18.03 4.0 24.33 9.22 35.44 19.31 18.11 9.22 29.83 9.22 24.33 11.0 0.0 34.23 6.0 11.7 4.0 4.0 35.44 29.0 12.65 34.0 35.44 11.7 24.33 7.21 12.65 6.0 18.11 35.44 7.0 35.44 10.0 7.0 29.0 18.44 29.83 24.33 10.0 9.22 15.23 34.23 29.27 23.0 0.0 14.0 23.0 29.0 0.0 7.21 0.0 13.89 7.0 6.0 9.22 10.0 6.0 18.11 15.23 19.31 29.83 34.23 24.33 18.44 24.33 10.0 29.83 34.23
19.24 14.32 19.24 16.16 10.77 19.0 16.64 14.32 13.45 17.2 19.0 12.81 18.03 0.0 16.16 10.82 19.24 19.0 4.24 8.54 19.24 14.32 19.24 10.82 10.77 18.03 23.6 13.45 7.21 16.16 16.16 19.0 17.2 14.32 21.47 19.0 7.21 16.64 16.64 14.32 13.45 8.54 19.0 15.3 19.0 15.0 15.3 17.2 14.32 14.32 10.82 15.0 19.24 9.85 23.6 15.23 12.81 18.03 15.52 12.81 17.2 18.03 16.64 18.03 4.24 15.3 13.45 19.24 15.0 13.45 8.54 9.85 4.24 14.32 23.6 10.82 14.32 10.82 15.0 14.32 23.6
12.53 29.15 12.53 0.0 11.7 34.53 10.0 14.42 7.21 29.27 34.53 23.35 4.0 16.16 0.0 24.0 12.53 34.53 18.25 18.11 12.53 29.15 12.53 24.0 11.7 4.0 34.93 7.21 11.0 0.0 0.0 34.53 29.27 14.42 34.23 34.53 11.0 25.3 10.0 14.42 7.21 18.11 34.53 3.0 34.53 6.0 3.0 29.27 19.7 29.15 24.0 6.0 12.53 11.66 34.93 29.0 23.35 4.0 10.0 23.35 29.27 4.0 10.0 4.0 12.37 3.0 7.21 12.53 6.0 7.21 18.11 11.66 18.25 29.15 34.93 24.0 19.7 24.0 6.0 29.15 34.93
21.1 5.83 21.1 24.0 13.6 11.66 19.7 14.42 18.44 6.4 11.66 4.12 24.33 10.82 24.0 0.0 21.1 11.66 6.71 6.32 21.1 5.83 21.1 0.0 13.6 24.33 12.81 18.44 13.0 24.0 24.0 11.66 6.4 14.42 10.77 11.66 13.0 8.0 19.7 14.42 18.44 6.32 11.66 24.19 11.66 24.74 24.19 6.4 10.0 5.83 0.0 24.74 21.1 20.59 12.81 5.0 4.12 24.33 26.0 4.12 6.4 24.33 19.7 24.33 12.37 24.19 18.44 21.1 24.74 18.44 6.32 20.59 6.71 5.83 12.81 0.0 10.0 0.0 24.74 5.83 12.81
0.0 26.93 0.0 12.53 8.6 32.76 3.0 6.71 7.0 24.04 32.76 18.38 9.22 19.24 12.53 21.1 0.0 32.76 18.44 15.0 0.0 26.93 0.0 21.1 8.6 9.22 28.16 7.0 12.08 12.53 12.53 32.76 24.04 6.71 28.86 32.76 12.08 18.25 3.0 6.71 7.0 15.0 32.76 15.23 32.76 18.03 15.23 24.04 12.37 26.93 21.1 18.03 0.0 21.0 28.16 25.5 18.38 9.22 21.84 18.38 24.04 9.22 3.0 9.22 15.23 15.23 7.0 0.0 18.03 7.0 15.0 21.0 18.44 26.93 28.16 21.1 12.37 21.1 18.03 26.93 28.16
32.76 5.83 32.76 34.53 25.08 0.0 31.3 26.08 29.73 11.18 0.0 14.87 35.44 19.0 34.53 11.66 32.76 0.0 16.28 17.89 32.76 5.83 32.76 11.66 25.08 35.44 14.0 29.73 23.77 34.53 34.53 0.0 11.18 26.08 10.0 0.0 23.77 17.2 31.3 26.08 29.73 17.89 0.0 34.13 0.0 34.0 34.13 11.18 21.26 5.83 11.66 34.0 32.76 28.28 14.0 7.81 14.87 35.44 34.23 14.87 11.18 35.44 31.3 35.44 22.2 34.13 29.73 32.76 34.0 29.73 17.89 28.28 16.28 5.83 14.0 11.66 21.26 11.66 34.0 5.83 14.0
18.44 11.0 18.44 18.25 9.9 16.28 16.28 12.53 13.89 13.04 16.28 8.6 19.31 4.24 18.25 6.71 18.44 16.28 0.0 5.0 18.44 11.0 18.44 6.71 9.9 19.31 19.42 13.89 7.62 18.25 18.25 16.28 13.04 12.53 17.46 16.28 7.62 12.53 16.28 12.53 13.89 5.0 16.28 18.0 16.28 18.25 18.0 13.04 11.0 11.0 6.71 18.25 18.44 13.89 19.42 11.4 8.6 19.31 19.31 8.6 13.04 19.31 16.28 19.31 6.0 18.0 13.89 18.44 18.25 13.89 5.0 13.89 0.0 11.0 19.42 6.71 11.0 6.71 18.25 11.0 19.42
15.0 12.08 15.0 18.11 7.28 17.89 13.42 8.49 12.17 11.18 17.89 5.39 18.11 8.54 18.11 6.32 15.0 17.89 5.0 0.0 15.0 12.08 15.0 6.32 7.28 18.11 17.09 12.17 7.28 18.11 18.11 17.89 11.18 8.49 16.12 17.89 7.28 8.49 13.42 8.49 12.17 0.0 17.89 18.68 17.89 19.7 18.68 11.18 6.0 12.08 6.32 19.7 15.0 16.97 17.09 11.18 5.39 18.11 21.63 5.39 11.18 18.11 13.42 18.11 7.81 18.68 12.17 15.0 19.7 12.17 0.0 16.97 5.0 12.08 17.09 6.32 6.0 6.32 19.7 12.08 17.09
0.0 26.93 0.0 12.53 8.6 32.76 3.0 6.71 7.0 24.04 32.76 18.38 9.22 19.24 12.53 21.1 0.0 32.76 18.44 15.0 0.0 26.93 0.0 21.1 8.6 9.22 28.16 7.0 12.08 12.53 12.53 32.76 24.04 6.71 28.86 32.76 12.08 18.25 3.0 6.71 7.0 15.0 32.76 15.23 32.76 18.03 15.23 24.04 12.37 26.93 21.1 18.03 0.0 21.0 28.16 25.5 18.38 9.22 21.84 18.38 24.04 9.22 3.0 9.22 15.23 15.23 7.0 0.0 18.03 7.0 15.0 21.0 18.44 26.93 28.16 21.1 12.37 21.1 18.03 26.93 28.16
26.93 0.0 26.93 29.15 19.31 5.83 25.5 20.25 24.04 7.0 5.83 9.22 29.83 14.32 29.15 5.83 26.93 5.83 11.0 12.08 26.93 0.0 26.93 5.83 19.31 29.83 12.08 24.04 18.25 29.15 29.15 5.83 7.0 20.25 8.6 5.83 18.25 12.08 25.5 20.25 24.04 12.08 5.83 29.0 5.83 29.15 29.0 7.0 15.56 0.0 5.83 29.15 26.93 24.04 12.08 3.0 9.22 29.83 29.83 9.22 7.0 29.83 25.5 29.83 17.0 29.0 24.04 26.93 29.15 24.04 12.08 24.04 11.0 0.0 12.08 5.83 15.56 5.83 29.15 0.0 12.08
0.0 26.93 0.0 12.53 8.6 32.76 3.0 6.71 7.0 24.04 32.76 18.38 9.22 19.24 12.53 21.1 0.0 32.76 18.44 15.0 0.0 26.93 0.0 21.1 8.6 9.22 28.16 7.0 12.08 12.53 12.53 32.76 24.04 6.71 28.86 32.76 12.08 18.25 3.0 6.71 7.0 15.0 32.76 15.23 32.76 18.03 15.23 24.04 12.37 26.93 21.1 18.03 0.0 21.0 28.16 25.5 18.38 9.22 21.84 18.38 24.04 9.22 3.0 9.22 15.23 15.23 7.0 0.0 18.03 7.0 15.0 21.0 18.44 26.93 28.16 21.1 12.37 21.1 18.03 26.93 28.16
21.1 5.83 21.1 24.0 13.6 11.66 19.7 14.42 18.44 6.4 11.66 4.12 24.33 10.82 24.0 0.0 21.1 11.66 6.71 6.32 21.1 5.83 21.1 0.0 13.6 24.33 12.81 18.44 13.0 24.0 24.0 11.66 6.4 14.42 10.77 11.66 13.0 8.0 19.7 14.42 18.44 6.32 11.66 24.19 11.66 24.74 24.19 6.4 10.0 5.83 0.0 24.74 21.1 20.59 12.81 5.0 4.12 24.33 26.0 4.12 6.4 24.33 19.7 24.33 12.37 24.19 18.44 21.1 24.74 18.44 6.32 20.59 6.71 5.83 12.81 0.0 10.0 0.0 24.74 5.83 12.81
8.6 19.31 8.6 11.7 0.0 25.08 6.4 4.12 5.0 18.0 25.08 12.0 11.0 10.77 11.7 13.6 8.6 25.08 9.9 7.28 8.6 19.31 8.6 13.6 0.0 11.0 23.35 5.0 4.0 11.7 11.7 25.08 18.0 4.12 23.0 25.08 4.0 13.6 6.4 4.12 5.0 7.28 25.08 13.04 25.08 14.87 13.04 18.0 8.06 19.31 13.6 14.87 8.6 14.87 23.35 18.44 12.0 11.0 17.8 12.0 18.0 11.0 6.4 11.0 7.07 13.04 5.0 8.6 14.87 5.0 7.28 14.87 9.9 19.31 23.35 13.6 8.06 13.6 14.87 19.31 23.35
9.22 29.83 9.22 4.0 11.0 35.44 7.21 12.65 6.0 29.0 35.44 23.0 0.0 18.03 4.0 24.33 9.22 35.44 19.31 18.11 9.22 29.83 9.22 24.33 11.0 0.0 34.23 6.0 11.7 4.0 4.0 35.44 29.0 12.65 34.0 35.44 11.7 24.33 7.21 12.65 6.0 18.11 35.44 7.0 35.44 10.0 7.0 29.0 18.44 29.83 24.33 10.0 9.22 15.23 34.23 29.27 23.0 0.0 14.0 23.0 29.0 0.0 7.21 0.0 13.89 7.0 6.0 9.22 10.0 6.0 18.11 15.23 19.31 29.83 34.23 24.33 18.44 24.33 10.0 29.83 34.23
28.16 12.08 28.16 34.93 23.35 14.0 28.0 22.0 28.28 6.4 14.0 11.7 34.23 23.6 34.93 12.81 28.16 14.0 19.42 17.09 28.16 12.08 28.16 12.81 23.35 34.23 0.0 28.28 24.35 34.93 34.93 14.0 6.4 22.0 4.0 14.0 24.35 10.0 28.0 22.0 28.28 17.09 14.0 35.74 14.0 36.77 35.74 6.4 16.0 12.08 12.81 36.77 28.16 33.29 0.0 9.43 11.7 34.23 38.47 11.7 6.4 34.23 28.0 34.23 24.6 35.74 28.28 28.16 36.77 28.28 17.09 33.29 19.42 12.08 0.0 12.81 16.0 12.81 36.77 12.08 0.0
7.0 24.04 7.0 7.21 5.0 29.73 4.0 7.21 0.0 23.0 29.73 17.0 6.0 13.45 7.21 18.44 7.0 29.73 13.89 12.17 7.0 24.04 7.0 18.44 5.0 6.0 28.28 0.0 6.4 7.21 7.21 29.73 23.0 7.21 28.0 29.73 6.4 18.44 4.0 7.21 0.0 12.17 29.73 9.22 29.73 11.66 9.22 23.0 12.65 24.04 18.44 11.66 7.0 14.0 28.28 23.35 17.0 6.0 15.23 17.0 23.0 6.0 4.0 6.0 9.22 9.22 0.0 7.0 11.66 0.0 12.17 14.0 13.89 24.04 28.28 18.44 12.65 18.44 11.66 24.04 28.28
12.08 18.25 12.08 11.0 4.0 23.77 9.43 8.06 6.4 18.44 23.77 12.65 11.7 7.21 11.0 13.0 12.08 23.77 7.62 7.28 12.08 18.25 12.08 13.0 4.0 11.7 24.35 6.4 0.0 11.0 11.0 23.77 18.44 8.06 23.35 23.77 0.0 15.26 9.43 8.06 6.4 7.28 23.77 11.4 23.77 12.53 11.4 18.44 10.63 18.25 13.0 12.53 12.08 11.18 24.35 18.0 12.65 11.7 14.87 12.65 18.44 11.7 9.43 11.7 3.16 11.4 6.4 12.08 12.53 6.4 7.28 11.18 7.62 18.25 24.35 13.0 10.63 13.0 12.53 18.25 24.35
12.53 29.15 12.53 0.0 11.7 34.53 10.0 14.42 7.21 29.27 34.53 23.35 4.0 16.16 0.0 24.0 12.53 34.53 18.25 18.11 12.53 29.15 12.53 24.0 11.7 4.0 34.93 7.21 11.0 0.0 0.0 34.53 29.27 14.42 34.23 34.53 11.0 25.3 10.0 14.42 7.21 18.11 34.53 3.0 34.53 6.0 3.0 29.27 19.7 29.15 24.0 6.0 12.53 11.66 34.93 29.0 23.35 4.0 10.0 23.35 29.27 4.0 10.0 4.0 12.37 3.0 7.21 12.53 6.0 7.21 18.11 11.66 18.25 29.15 34.93 24.0 19.7 24.0 6.0 29.15 34.93
12.53 29.15 12.53 0.0 11.7 34.53 10.0 14.42 7.21 29.27 34.53 23.35 4.0 16.16 0.0 24.0 12.53 34.53 18.25 18.11 12.53 29.15 12.53 24.0 11.7 4.0 34.93 7.21 11.0 0.0 0.0 34.53 29.27 14.42 34.23 34.53 11.0 25.3 10.0 14.42 7.21 18.11 34.53 3.0 34.53 6.0 3.0 29.27 19.7 29.15 24.0 6.0 12.53 11.66 34.93 29.0 23.35 4.0 10.0 23.35 29.27 4.0 10.0 4.0 12.37 3.0 7.21 12.53 6.0 7.21 18.11 11.66 18.25 29.15 34.93 24.0 19.7 24.0 6.0 29.15 34.93
32.76 5.83 32.76 34.53 25.08 0.0 31.3 26.08 29.73 11.18 0.0 14.87 35.44 19.0 34.53 11.66 32.76 0.0 16.28 17.89 32.76 5.83 32.76 11.66 25.08 35.44 14.0 29.73 23.77 34.53 34.53 0.0 11.18 26.08 10.0 0.0 23.77 17.2 31.3 26.08 29.73 17.89 0.0 34.13 0.0 34.0 34.13 11.18 21.26 5.83 11.66 34.0 32.76 28.28 14.0 7.81 14.87 35.44 34.23 14.87 11.18 35.44 31.3 35.44 22.2 34.13 29.73 32.76 34.0 29.73 17.89 28.28 16.28 5.83 14.0 11.66 21.26 11.66 34.0 5.83 14.0
24.04 7.0 24.04 29.27 18.0 11.18 23.35 17.46 23.0 0.0 11.18 6.0 29.0 17.2 29.27 6.4 24.04 11.18 13.04 11.18 24.04 7.0 24.04 6.4 18.0 29.0 6.4 23.0 18.44 29.27 29.27 11.18 0.0 17.46 5.0 11.18 18.44 6.4 23.35 17.46 23.0 11.18 11.18 29.83 11.18 30.68 29.83 0.0 11.7 7.0 6.4 30.68 24.04 26.93 6.4 4.0 6.0 29.0 32.2 6.0 0.0 29.0 23.35 29.0 18.38 29.83 23.0 24.04 30.68 23.0 11.18 26.93 13.04 7.0 6.4 6.4 11.7 6.4 30.68 7.0 6.4
6.71 20.25 6.71 14.42 4.12 26.08 6.0 0.0 7.21 17.46 26.08 11.7 12.65 14.32 14.42 14.42 6.71 26.08 12.53 8.49 6.71 20.25 6.71 14.42 4.12 12.65 22.0 7.21 8.06 14.42 14.42 26.08 17.46 0.0 22.36 26.08 8.06 12.0 6.0 0.0 7.21 8.49 26.08 16.28 26.08 18.44 16.28 17.46 6.0 20.25 14.42 18.44 6.71 18.97 22.0 18.79 11.7 12.65 21.63 11.7 17.46 12.65 6.0 12.65 11.0 16.28 7.21 6.71 18.44 7.21 8.49 18.97 12.53 20.25 22.0 14.42 6.0 14.42 18.44 20.25 22.0
28.86 8.6 28.86 34.23 23.0 10.0 28.28 22.36 28.0 5.0 10.0 11.0 34.0 21.47 34.23 10.77 28.86 10.0 17.46 16.12 28.86 8.6 28.86 10.77 23.0 34.0 4.0 28.0 23.35 34.23 34.23 10.0 5.0 22.36 0.0 10.0 23.35 10.77 28.28 22.36 28.0 16.12 10.0 34.71 10.0 35.44 34.71 5.0 16.49 8.6 10.77 35.44 28.86 31.3 4.0 6.4 11.0 34.0 36.77 11.0 5.0 34.0 28.28 34.0 23.09 34.71 28.0 28.86 35.44 28.0 16.12 31.3 17.46 8.6 4.0 10.77 16.49 10.77 35.44 8.6 4.0
32.76 5.83 32.76 34.53 25.08 0.0 31.3 26.08 29.73 11.18 0.0 14.87 35.44 19.0 34.53 11.66 32.76 0.0 16.28 17.89 32.76 5.83 32.76 11.66 25.08 35.44 14.0 29.73 23.77 34.53 34.53 0.0 11.18 26.08 10.0 0.0 23.77 17.2 31.3 26.08 29.73 17.89 0.0 34.13 0.0 34.0 34.13 11.18 21.26 5.83 11.66 34.0 32.76 28.28 14.0 7.81 14.87 35.44 34.23 14.87 11.18 35.44 31.3 35.44 22.2 34.13 29.73 32.76 34.0 29.73 17.89 28.28 16.28 5.83 14.0 11.66 21.26 11.66 34.0 5.83 14.0
12.08 18.25 12.08 11.0 4.0 23.77 9.43 8.06 6.4 18.44 23.77 12.65 11.7 7.21 11.0 13.0 12.08 23.77 7.62 7.28 12.08 18.25 12.08 13.0 4.0 11.7 24.35 6.4 0.0 11.0 11.0 23.77 18.44 8.06 23.35 23.77 0.0 15.26 9.43 8.06 6.4 7.28 23.77 11.4 23.77 12.53 11.4 18.44 10.63 18.25 13.0 12.53 12.08 11.18 24.35 18.0 12.65 11.7 14.87 12.65 18.44 11.7 9.43 11.7 3.16 11.4 6.4 12.08 12.53 6.4 7.28 11.18 7.62 18.25 24.35 13.0 10.63 13.0 12.53 18.25 24.35
18.25 12.08 18.25 25.3 13.6 17.2 18.0 12.0 18.44 6.4 17.2 4.12 24.33 16.64 25.3 8.0 18.25 17.2 12.53 8.49 18.25 12.08 18.25 8.0 13.6 24.33 10.0 18.44 15.26 25.3 25.3 17.2 6.4 12.0 10.77 17.2 15.26 0.0 18.0 12.0 18.44 8.49 17.2 26.4 17.2 27.78 26.4 6.4 6.0 12.08 8.0 27.78 18.25 25.46 10.0 9.43 4.12 24.33 30.0 4.12 6.4 24.33 18.0 24.33 16.28 26.4 18.44 18.25 27.78 18.44 8.49 25.46 12.53 12.08 10.0 8.0 6.0 8.0 27.78 12.08 10.0
3.0 25.5 3.0 10.0 6.4 31.3 0.0 6.0 4.0 23.35 31.3 17.46 7.21 16.64 10.0 19.7 3.0 31.3 16.28 13.42 3.0 25.5 3.0 19.7 6.4 7.21 28.0 4.0 9.43 10.0 10.0 31.3 23.35 6.0 28.28 31.3 9.43 18.0 0.0 6.0 4.0 13.42 31.3 12.53 31.3 15.23 12.53 23.35 12.0 25.5 19.7 15.23 3.0 18.0 28.0 24.35 17.46 7.21 18.97 17.46 23.35 7.21 0.0 7.21 12.53 12.53 4.0 3.0 15.23 4.0 13.42 18.0 16.28 25.5 28.0 19.7 12.0 19.7 15.23 25.5 28.0
6.71 20.25 6.71 14.42 4.12 26.08 6.0 0.0 7.21 17.46 26.08 11.7 12.65 14.32 14.42 14.42 6.71 26.08 12.53 8.49 6.71 20.25 6.71 14.42 4.12 12.65 22.0 7.21 8.06 14.42 14.42 26.08 17.46 0.0 22.36 26.08 8.06 12.0 6.0 0.0 7.21 8.49 26.08 16.28 26.08 18.44 16.28 17.46 6.0 20.25 14.42 18.44 6.71 18.97 22.0 18.79 11.7 12.65 21.63 11.7 17.46 12.65 6.0 12.65 11.0 16.28 7.21 6.71 18.44 7.21 8.49 18.97 12.53 20.25 22.0 14.42 6.0 14.42 18.44 20.25 22.0
7.0 24.04 7.0 7.21 5.0 29.73 4.0 7.21 0.0 23.0 29.73 17.0 6.0 13.45 7.21 18.44 7.0 29.73 13.89 12.17 7.0 24.04 7.0 18.44 5.0 6.0 28.28 0.0 6.4 7.21 7.21 29.73 23.0 7.21 28.0 29.73 6.4 18.44 4.0 7.21 0.0 12.17 29.73 9.22 29.73 11.66 9.22 23.0 12.65 24.04 18.44 11.66 7.0 14.0 28.28 23.35 17.0 6.0 15.23 17.0 23.0 6.0 4.0 6.0 9.22 9.22 0.0 7.0 11.66 0.0 12.17 14.0 13.89 24.04 28.28 18.44 12.65 18.44 11.66 24.04 28.28
15.0 12.08 15.0 18.11 7.28 17.89 13.42 8.49 12.17 11.18 17.89 5.39 18.11 8.54 18.11 6.32 15.0 17.89 5.0 0.0 15.0 12.08 15.0 6.32 7.28 18.11 17.09 12.17 7.28 18.11 18.11 17.89 11.18 8.49 16.12 17.89 7.28 8.49 13.42 8.49 12.17 0.0 17.89 18.68 17.89 19.7 18.68 11.18 6.0 12.08 6.32 19.7 15.0 16.97 17.09 11.18 5.39 18.11 21.63 5.39 11.18 18.11 13.42 18.11 7.81 18.68 12.17 15.0 19.7 12.17 0.0 16.97 5.0 12.08 17.09 6.32 6.0 6.32 19.7 12.08 17.09
32.76 5.83 32.76 34.53 25.08 0.0 31.3 26.08 29.73 11.18 0.0 14.87 35.44 19.0 34.53 11.66 32.76 0.0 16.28 17.89 32.76 5.83 32.76 11.66 25.08 35.44 14.0 29.73 23.77 34.53 34.53 0.0 11.18 26.08 10.0 0.0 23.77 17.2 31.3 26.08 29.73 17.89 0.0 34.13 0.0 34.0 34.13 11.18 21.26 5.83 11.66 34.0 32.76 28.28 14.0 7.81 14.87 35.44 34.23 14.87 11.18 35.44 31.3 35.44 22.2 34.13 29.73 32.76 34.0 29.73 17.89 28.28 16.28 5.83 14.0 11.66 21.26 11.66 34.0 5.83 14.0
15.23 29.0 15.23 3.0 13.04 34.13 12.53 16.28 9.22 29.83 34.13 24.04 7.0 15.3 3.0 24.19 15.23 34.13 18.0 18.68 15.23 29.0 15.23 24.19 13.04 7.0 35.74 9.22 11.4 3.0 3.0 34.13 29.83 16.28 34.71 34.13 11.4 26.4 12.53 16.28 9.22 18.68 34.13 0.0 34.13 3.0 0.0 29.83 21.1 29.0 24.19 3.0 15.23 9.22 35.74 29.15 24.04 7.0 7.0 24.04 29.83 7.0 12.53 7.0 12.0 0.0 9.22 15.23 3.0 9.22 18.68 9.22 18.0 29.0 35.74 24.19 21.1 24.19 3.0 29.0 35.74
32.76 5.83 32.76 34.53 25.08 0.0 31.3 26.08 29.73 11.18 0.0 14.87 35.44 19.0 34.53 11.66 32.76 0.0 16.28 17.89 32.76 5.83 32.76 11.66 25.08 35.44 14.0 29.73 23.77 34.53 34.53 0.0 11.18 26.08 10.0 0.0 23.77 17.2 31.3 26.08 29.73 17.89 0.0 34.13 0.0 34.0 34.13 11.18 21.26 5.83 11.66 34.0 32.76 28.28 14.0 7.81 14.87 35.44 34.23 14.87 11.18 35.44 31.3 35.44 22.2 34.13 29.73 32.76 34.0 29.73 17.89 28.28 16.28 5.83 14.0 11.66 21.26 11.66 34.0 5.83 14.0
18.03 29.15 18.03 6.0 14.87 34.0 15.23 18.44 11.66 30.68 34.0 25.08 10.0 15.0 6.0 24.74 18.03 34.0 18.25 19.7 18.03 29.15 18.03 24.74 14.87 10.0 36.77 11.66 12.53 6.0 6.0 34.0 30.68 18.44 35.44 34.0 12.53 27.78 15.23 18.44 11.66 19.7 34.0 3.0 34.0 0.0 3.0 30.68 22.8 29.15 24.74 0.0 18.03 7.21 36.77 29.61 25.08 10.0 4.0 25.08 30.68 10.0 15.23 10.0 12.37 3.0 11.66 18.03 0.0 11.66 19.7 7.21 18.25 29.15 36.77 24.74 22.8 24.74 0.0 29.15 36.77
15.23 29.0 15.23 3.0 13.04 34.13 12.53 16.28 9.22 29.83 34.13 24.04 7.0 15.3 3.0 24.19 15.23 34.13 18.0 18.68 15.23 29.0 15.23 24.19 13.04 7.0 35.74 9.22 11.4 3.0 3.0 34.13 29.83 16.28 34.71 34.13 11.4 26.4 12.53 16.28 9.22 18.68 34.13 0.0 34.13 3.0 0.0 29.83 21.1 29.0 24.19 3.0 15.23 9.22 35.74 29.15 24.04 7.0 7.0 24.04 29.83 7.0 12.53 7.0 12.0 0.0 9.22 15.23 3.0 9.22 18.68 9.22 18.0 29.0 35.74 24.19 21.1 24.19 3.0 29.0 35.74
24.04 7.0 24.04 29.27 18.0 11.18 23.35 17.46 23.0 0.0 11.18 6.0 29.0 17.2 29.27 6.4 24.04 11.18 13.04 11.18 24.04 7.0 24.04 6.4 18.0 29.0 6.4 23.0 18.44 29.27 29.27 11.18 0.0 17.46 5.0 11.18 18.44 6.4 23.35 17.46 23.0 11.18 11.18 29.83 11.18 30.68 29.83 0.0 11.7 7.0 6.4 30.68 24.04 26.93 6.4 4.0 6.0 29.0 32.2 6.0 0.0 29.0 23.35 29.0 18.38 29.83 23.0 24.04 30.68 23.0 11.18 26.93 13.04 7.0 6.4 6.4 11.7 6.4 30.68 7.0 6.4
12.37 15.56 12.37 19.7 8.06 21.26 12.0 6.0 12.65 11.7 21.26 6.4 18.44 14.32 19.7 10.0 12.37 21.26 11.0 6.0 12.37 15.56 12.37 10.0 8.06 18.44 16.0 12.65 10.63 19.7 19.7 21.26 11.7 6.0 16.49 21.26 10.63 6.0 12.0 6.0 12.65 6.0 21.26 21.1 21.26 22.8 21.1 11.7 0.0 15.56 10.0 22.8 12.37 21.63 16.0 13.6 6.4 18.44 25.46 6.4 11.7 18.44 12.0 18.44 12.53 21.1 12.65 12.37 22.8 12.65 6.0 21.63 11.0 15.56 16.0 10.0 0.0 10.0 22.8 15.56 16.0
26.93 0.0 26.93 29.15 19.31 5.83 25.5 20.25 24.04 7.0 5.83 9.22 29.83 14.32 29.15 5.83 26.93 5.83 11.0 12.08 26.93 0.0 26.93 5.83 19.31 29.83 12.08 24.04 18.25 29.15 29.15 5.83 7.0 20.25 8.6 5.83 18.25 12.08 25.5 20.25 24.04 12.08 5.83 29.0 5.83 29.15 29.0 7.0 15.56 0.0 5.83 29.15 26.93 24.04 12.08 3.0 9.22 29.83 29.83 9.22 7.0 29.83 25.5 29.83 17.0 29.0 24.04 26.93 29.15 24.04 12.08 24.04 11.0 0.0 12.08 5.83 15.56 5.83 29.15 0.0 12.08
21.1 5.83 21.1 24.0 13.6 11.66 19.7 14.42 18.44 6.4 11.66 4.12 24.33 10.82 24.0 0.0 21.1 11.66 6.71 6.32 21.1 5.83 21.1 0.0 13.6 24.33 12.81 18.44 13.0 24.0 24.0 11.66 6.4 14.42 10.77 11.66 13.0 8.0 19.7 14.42 18.44 6.32 11.66 24.19 11.66 24.74 24.19 6.4 10.0 5.83 0.0 24.74 21.1 20.59 12.81 5.0 4.12 24.33 26.0 4.12 6.4 24.33 19.7 24.33 12.37 24.19 18.44 21.1 24.74 18.44 6.32 20.59 6.71 5.83 12.81 0.0 10.0 0.0 24.74 5.83 12.81
18.03 29.15 18.03 6.0 14.87 34.0 15.23 18.44 11.66 30.68 34.0 25.08 10.0 15.0 6.0 24.74 18.03 34.0 18.25 19.7 18.03 29.15 18.03 24.74 14.87 10.0 36.77 11.66 12.53 6.0 6.0 34.0 30.68 18.44 35.44 34.0 12.53 27.78 15.23 18.44 11.66 19.7 34.0 3.0 34.0 0.0 3.0 30.68 22.8 29.15 24.74 0.0 18.03 7.21 36.77 29.61 25.08 10.0 4.0 25.08 30.68 10.0 15.23 10.0 12.37 3.0 11.66 18.03 0.0 11.66 19.7 7.21 18.25 29.15 36.77 24.74 22.8 24.74 0.0 29.15 36.77
0.0 26.93 0.0 12.53 8.6 32.76 3.0 6.71 7.0 24.04 32.76 18.38 9.22 19.24 12.53 21.1 0.0 32.76 18.44 15.0 0.0 26.93 0.0 21.1 8.6 9.22 28.16 7.0 12.08 12.53 12.53 32.76 24.04 6.71 28.86 32.76 12.08 18.25 3.0 6.71 7.0 15.0 32.76 15.23 32.76 18.03 15.23 24.04 12.37 26.93 21.1 18.03 0.0 21.0 28.16 25.5 18.38 9.22 21.84 18.38 24.04 9.22 3.0 9.22 15.23 15.23 7.0 0.0 18.03 7.0 15.0 21.0 18.44 26.93 28.16 21.1 12.37 21.1 18.03 26.93 28.16
21.0 24.04 21.0 11.66 14.87 28.28 18.0 18.97 14.0 26.93 28.28 22.02 15.23 9.85 11.66 20.59 21.0 28.28 13.89 16.97 21.0 24.04 21.0 20.59 14.87 15.23 33.29 14.0 11.18 11.66 11.66 28.28 26.93 18.97 31.3 28.28 11.18 25.46 18.0 18.97 14.0 16.97 28.28 9.22 28.28 7.21 9.22 26.93 21.63 24.04 20.59 7.21 21.0 0.0 33.29 25.08 22.02 15.23 6.0 22.02 26.93 15.23 18.0 15.23 9.22 9.22 14.0 21.0 7.21 14.0 16.97 0.0 13.89 24.04 33.29 20.59 21.63 20.59 7.21 24.04 33.29
28.16 12.08 28.16 34.93 23.35 14.0 28.0 22.0 28.28 6.4 14.0 11.7 34.23 23.6 34.93 12.81 28.16 14.0 19.42 17.09 28.16 12.08 28.16 12.81 23.35 34.23 0.0 28.28 24.35 34.93 34.93 14.0 6.4 22.0 4.0 14.0 24.35 10.0 28.0 22.0 28.28 17.09 14.0 35.74 14.0 36.77 35.74 6.4 16.0 12.08 12.81 36.77 28.16 33.29 0.0 9.43 11.7 34.23 38.47 11.7 6.4 34.23 28.0 34.23 24.6 35.74 28.28 28.16 36.77 28.28 17.09 33.29 19.42 12.08 0.0 12.81 16.0 12.81 36.77 12.08 0.0
25.5 3.0 25.5 29.0 18.44 7.81 24.35 18.79 23.35 4.0 7.81 7.21 29.27 15.23 29.0 5.0 25.5 7.81 11.4 11.18 25.5 3.0 25.5 5.0 18.44 29.27 9.43 23.35 18.0 29.0 29.0 7.81 4.0 18.79 6.4 7.81 18.0 9.43 24.35 18.79 23.35 11.18 7.81 29.15 7.81 29.61 29.15 4.0 13.6 3.0 5.0 29.61 25.5 25.08 9.43 0.0 7.21 29.27 30.68 7.21 4.0 29.27 24.35 29.27 17.26 29.15 23.35 25.5 29.61 23.35 11.18 25.08 11.4 3.0 9.43 5.0 13.6 5.0 29.61 3.0 9.43
18.38 9.22 18.38 23.35 12.0 14.87 17.46 11.7 17.0 6.0 14.87 0.0 23.0 12.81 23.35 4.12 18.38 14.87 8.6 5.39 18.38 9.22 18.38 4.12 12.0 23.0 11.7 17.0 12.65 23.35 23.35 14.87 6.0 11.7 11.0 14.87 12.65 4.12 17.46 11.7 17.0 5.39 14.87 24.04 14.87 25.08 24.04 6.0 6.4 9.22 4.12 25.08 18.38 22.02 11.7 7.21 0.0 23.0 26.93 0.0 6.0 23.0 17.46 23.0 13.04 24.04 17.0 18.38 25.08 17.0 5.39 22.02 8.6 9.22 11.7 4.12 6.4 4.12 25.08 9.22 11.7
9.22 29.83 9.22 4.0 11.0 35.44 7.21 12.65 6.0 29.0 35.44 23.0 0.0 18.03 4.0 24.33 9.22 35.44 19.31 18.11 9.22 29.83 9.22 24.33 11.0 0.0 34.23 6.0 11.7 4.0 4.0 35.44 29.0 12.65 34.0 35.44 11.7 24.33 7.21 12.65 6.0 18.11 35.44 7.0 35.44 10.0 7.0 29.0 18.44 29.83 24.33 10.0 9.22 15.23 34.23 29.27 23.0 0.0 14.0 23.0 29.0 0.0 7.21 0.0 13.89 7.0 6.0 9.22 10.0 6.0 18.11 15.23 19.31 29.83 34.23 24.33 18.44 24.33 10.0 29.83 34.23
21.84 29.83 21.84 10.0 17.8 34.23 18.97 21.63 15.23 32.2 34.23 26.93 14.0 15.52 10.0 26.0 21.84 34.23 19.31 21.63 21.84 29.83 21.84 26.0 17.8 14.0 38.47 15.23 14.87 10.0 10.0 34.23 32.2 21.63 36.77 34.23 14.87 30.0 18.97 21.63 15.23 21.63 34.23 7.0 34.23 4.0 7.0 32.2 25.46 29.83 26.0 4.0 21.84 6.0 38.47 30.68 26.93 14.0 0.0 26.93 32.2 14.0 18.97 14.0 13.89 7.0 15.23 21.84 4.0 15.23 21.63 6.0 19.31 29.83 38.47 26.0 25.46 26.0 4.0 29.83 38.47
18.38 9.22 18.38 23.35 12.0 14.87 17.46 11.7 17.0 6.0 14.87 0.0 23.0 12.81 23.35 4.12 18.38 14.87 8.6 5.39 18.38 9.22 18.38 4.12 12.0 23.0 11.7 17.0 12.65 23.35 23.35 14.87 6.0 11.7 11.0 14.87 12.65 4.12 17.46 11.7 17.0 5.39 14.87 24.04 14.87 25.08 24.04 6.0 6.4 9.22 4.12 25.08 18.38 22.02 11.7 7.21 0.0 23.0 26.93 0.0 6.0 23.0 17.46 23.0 13.04 24.04 17.0 18.38 25.08 17.0 5.39 22.02 8.6 9.22 11.7 4.12 6.4 4.12 25.08 9.22 11.7
24.04 7.0 24.04 29.27 18.0 11.18 23.35 17.46 23.0 0.0 11.18 6.0 29.0 17.2 29.27 6.4 24.04 11.18 13.04 11.18 24.04 7.0 24.04 6.4 18.0 29.0 6.4 23.0 18.44 29.27 29.27 11.18 0.0 17.46 5.0 11.18 18.44 6.4 23.35 17.46 23.0 11.18 11.18 29.83 11.18 30.68 29.83 0.0 11.7 7.0 6.4 30.68 24.04 26.93 6.4 4.0 6.0 29.0 32.2 6.0 0.0 29.0 23.35 29.0 18.38 29.83 23.0 24.04 30.68 23.0 11.18 26.93 13.04 7.0 6.4 6.4 11.7 6.4 30.68 7.0 6.4
9.22 29.83 9.22 4.0 11.0 35.44 7.21 12.65 6.0 29.0 35.44 23.0 0.0 18.03 4.0 24.33 9.22 35.44 19.31 18.11 9.22 29.83 9.22 24.33 11.0 0.0 34.23 6.0 11.7 4.0 4.0 35.44 29.0 12.65 34.0 35.44 11.7 24.33 7.21 12.65 6.0 18.11 35.44 7.0 35.44 10.0 7.0 29.0 18.44 29.83 24.33 10.0 9.22 15.23 34.23 29.27 23.0 0.0 14.0 23.0 29.0 0.0 7.21 0.0 13.89 7.0 6.0 9.22 10.0 6.0 18.11 15.23 19.31 29.83 34.23 24.33 18.44 24.33 10.0 29.83 34.23
3.0 25.5 3.0 10.0 6.4 31.3 0.0 6.0 4.0 23.35 31.3 17.46 7.21 16.64 10.0 19.7 3.0 31.3 16.28 13.42 3.0 25.5 3.0 19.7 6.4 7.21 28.0 4.0 9.43 10.0 10.0 31.3 23.35 6.0 28.28 31.3 9.43 18.0 0.0 6.0 4.0 13.42 31.3 12.53 31.3 15.23 12.53 23.35 12.0 25.5 19.7 15.23 3.0 18.0 28.0 24.35 17.46 7.21 18.97 17.46 23.35 7.21 0.0 7.21 12.53 12.53 4.0 3.0 15.23 4.0 13.42 18.0 16.28 25.5 28.0 19.7 12.0 19.7 15.23 25.5 28.0
9.22 29.83 9.22 4.0 11.0 35.44 7.21 12.65 6.0 29.0 35.44 23.0 0.0 18.03 4.0 24.33 9.22 35.44 19.31 18.11 9.22 29.83 9.22 24.33 11.0 0.0 34.23 6.0 11.7 4.0 4.0 35.44 29.0 12.65 34.0 35.44 11.7 24.33 7.21 12.65 6.0 18.11 35.44 7.0 35.44 10.0 7.0 29.0 18.44 29.83 24.33 10.0 9.22 15.23 34.23 29.27 23.0 0.0 14.0 23.0 29.0 0.0 7.21 0.0 13.89 7.0 6.0 9.22 10.0 6.0 18.11 15.23 19.31 29.83 34.23 24.33 18.44 24.33 10.0 29.83 34.23
15.23 17.0 15.23 12.37 7.07 22.2 12.53 11.0 9.22 18.38 22.2 13.04 13.89 4.24 12.37 12.37 15.23 22.2 6.0 7.81 15.23 17.0 15.23 12.37 7.07 13.89 24.6 9.22 3.16 12.37 12.37 22.2 18.38 11.0 23.09 22.2 3.16 16.28 12.53 11.0 9.22 7.81 22.2 12.0 22.2 12.37 12.0 18.38 12.53 17.0 12.37 12.37 15.23 9.22 24.6 17.26 13.04 13.89 13.89 13.04 18.38 13.89 12.53 13.89 0.0 12.0 9.22 15.23 12.37 9.22 7.81 9.22 6.0 17.0 24.6 12.37 12.53 12.37 12.37 17.0 24.6
15.23 29.0 15.23 3.0 13.04 34.13 12.53 16.28 9.22 29.83 34.13 24.04 7.0 15.3 3.0 24.19 15.23 34.13 18.0 18.68 15.23 29.0 15.23 24.19 13.04 7.0 35.74 9.22 11.4 3.0 3.0 34.13 29.83 16.28 34.71 34.13 11.4 26.4 12.53 16.28 9.22 18.68 34.13 0.0 34.13 3.0 0.0 29.83 21.1 29.0 24.19 3.0 15.23 9.22 35.74 29.15 24.04 7.0 7.0 24.04 29.83 7.0 12.53 7.0 12.0 0.0 9.22 15.23 3.0 9.22 18.68 9.22 18.0 29.0 35.74 24.19 21.1 24.19 3.0 29.0 35.74
7.0 24.04 7.0 7.21 5.0 29.73 4.0 7.21 0.0 23.0 29.73 17.0 6.0 13.45 7.21 18.44 7.0 29.73 13.89 12.17 7.0 24.04 7.0 18.44 5.0 6.0 28.28 0.0 6.4 7.21 7.21 29.73 23.0 7.21 28.0 29.73 6.4 18.44 4.0 7.21 0.0 12.17 29.73 9.22 29.73 11.66 9.22 23.0 12.65 24.04 18.44 11.66 7.0 14.0 28.28 23.35 17.0 6.0 15.23 17.0 23.0 6.0 4.0 6.0 9.22 9.22 0.0 7.0 11.66 0.0 12.17 14.0 13.89 24.04 28.28 18.44 12.65 18.44 11.66 24.04 28.28
0.0 26.93 0.0 12.53 8.6 32.76 3.0 6.71 7.0 24.04 32.76 18.38 9.22 19.24 12.53 21.1 0.0 32.76 18.44 15.0 0.0 26.93 0.0 21.1 8.6 9.22 28.16 7.0 12.08 12.53 12.53 32.76 24.04 6.71 28.86 32.76 12.08 18.25 3.0 6.71 7.0 15.0 32.76 15.23 32.76 18.03 15.23 24.04 12.37 26.93 21.1 18.03 0.0 21.0 28.16 25.5 18.38 9.22 21.84 18.38 24.04 9.22 3.0 9.22 15.23 15.23 7.0 0.0 18.03 7.0 15.0 21.0 18.44 26.93 28.16 21.1 12.37 21.1 18.03 26.93 28.16
18.03 29.15 18.03 6.0 14.87 34.0 15.23 18.44 11.66 30.68 34.0 25.08 10.0 15.0 6.0 24.74 18.03 34.0 18.25 19.7 18.03 29.15 18.03 24.74 14.87 10.0 36.77 11.66 12.53 6.0 6.0 34.0 30.68 18.44 35.44 34.0 12.53 27.78 15.23 18.44 11.66 19.7 34.0 3.0 34.0 0.0 3.0 30.68 22.8 29.15 24.74 0.0 18.03 7.21 36.77 29.61 25.08 10.0 4.0 25.08 30.68 10.0 15.23 10.0 12.37 3.0 11.66 18.03 0.0 11.66 19.7 7.21 18.25 29.15 36.77 24.74 22.8 24.74 0.0 29.15 36.77
7.0 24.04 7.0 7.21 5.0 29.73 4.0 7.21 0.0 23.0 29.73 17.0 6.0 13.45 7.21 18.44 7.0 29.73 13.89 12.17 7.0 24.04 7.0 18.44 5.0 6.0 28.28 0.0 6.4 7.21 7.21 29.73 23.0 7.21 28.0 29.73 6.4 18.44 4.0 7.21 0.0 12.17 29.73 9.22 29.73 11.66 9.22 23.0 12.65 24.04 18.44 11.66 7.0 14.0 28.28 23.35 17.0 6.0 15.23 17.0 23.0 6.0 4.0 6.0 9.22 9.22 0.0 7.0 11.66 0.0 12.17 14.0 13.89 24.04 28.28 18.44 12.65 18.44 11.66 24.04 28.28
15.0 12.08 15.0 18.11 7.28 17.89 13.42 8.49 12.17 11.18 17.89 5.39 18.11 8.54 18.11 6.32 15.0 17.89 5.0 0.0 15.0 12.08 15.0 6.32 7.28 18.11 17.09 12.17 7.28 18.11 18.11 17.89 11.18 8.49 16.12 17.89 7.28 8.49 13.42 8.49 12.17 0.0 17.89 18.68 17.89 19.7 18.68 11.18 6.0 12.08 6.32 19.7 15.0 16.97 17.09 11.18 5.39 18.11 21.63 5.39 11.18 18.11 13.42 18.11 7.81 18.68 12.17 15.0 19.7 12.17 0.0 16.97 5.0 12.08 17.09 6.32 6.0 6.32 19.7 12.08 17.09
21.0 24.04 21.0 11.66 14.87 28.28 18.0 18.97 14.0 26.93 28.28 22.02 15.23 9.85 11.66 20.59 21.0 28.28 13.89 16.97 21.0 24.04 21.0 20.59 14.87 15.23 33.29 14.0 11.18 11.66 11.66 28.28 26.93 18.97 31.3 28.28 11.18 25.46 18.0 18.97 14.0 16.97 28.28 9.22 28.28 7.21 9.22 26.93 21.63 24.04 20.59 7.21 21.0 0.0 33.29 25.08 22.02 15.23 6.0 22.02 26.93 15.23 18.0 15.23 9.22 9.22 14.0 21.0 7.21 14.0 16.97 0.0 13.89 24.04 33.29 20.59 21.63 20.59 7.21 24.04 33.29
18.44 11.0 18.44 18.25 9.9 16.28 16.28 12.53 13.89 13.04 16.28 8.6 19.31 4.24 18.25 6.71 18.44 16.28 0.0 5.0 18.44 11.0 18.44 6.71 9.9 19.31 19.42 13.89 7.62 18.25 18.25 16.28 13.04 12.53 17.46 16.28 7.62 12.53 16.28 12.53 13.89 5.0 16.28 18.0 16.28 18.25 18.0 13.04 11.0 11.0 6.71 18.25 18.44 13.89 19.42 11.4 8.6 19.31 19.31 8.6 13.04 19.31 16.28 19.31 6.0 18.0 13.89 18.44 18.25 13.89 5.0 13.89 0.0 11.0 19.42 6.71 11.0 6.71 18.25 11.0 19.42
26.93 0.0 26.93 29.15 19.31 5.83 25.5 20.25 24.04 7.0 5.83 9.22 29.83 14.32 29.15 5.83 26.93 5.83 11.0 12.08 26.93 0.0 26.93 5.83 19.31 29.83 12.08 24.04 18.25 29.15 29.15 5.83 7.0 20.25 8.6 5.83 18.25 12.08 25.5 20.25 24.04 12.08 5.83 29.0 5.83 29.15 29.0 7.0 15.56 0.0 5.83 29.15 26.93 24.04 12.08 3.0 9.22 29.83 29.83 9.22 7.0 29.83 25.5 29.83 17.0 29.0 24.04 26.93 29.15 24.04 12.08 24.04 11.0 0.0 12.08 5.83 15.56 5.83 29.15 0.0 12.08
28.16 12.08 28.16 34.93 23.35 14.0 28.0 22.0 28.28 6.4 14.0 11.7 34.23 23.6 34.93 12.81 28.16 14.0 19.42 17.09 28.16 12.08 28.16 12.81 23.35 34.23 0.0 28.28 24.35 34.93 34.93 14.0 6.4 22.0 4.0 14.0 24.35 10.0 28.0 22.0 28.28 17.09 14.0 35.74 14.0 36.77 35.74 6.4 16.0 12.08 12.81 36.77 28.16 33.29 0.0 9.43 11.7 34.23 38.47 11.7 6.4 34.23 28.0 34.23 24.6 35.74 28.28 28.16 36.77 28.28 17.09 33.29 19.42 12.08 0.0 12.81 16.0 12.81 36.77 12.08 0.0
21.1 5.83 21.1 24.0 13.6 11.66 19.7 14.42 18.44 6.4 11.66 4.12 24.33 10.82 24.0 0.0 21.1 11.66 6.71 6.32 21.1 5.83 21.1 0.0 13.6 24.33 12.81 18.44 13.0 24.0 24.0 11.66 6.4 14.42 10.77 11.66 13.0 8.0 19.7 14.42 18.44 6.32 11.66 24.19 11.66 24.74 24.19 6.4 10.0 5.83 0.0 24.74 21.1 20.59 12.81 5.0 4.12 24.33 26.0 4.12 6.4 24.33 19.7 24.33 12.37 24.19 18.44 21.1 24.74 18.44 6.32 20.59 6.71 5.83 12.81 0.0 10.0 0.0 24.74 5.83 12.81
12.37 15.56 12.37 19.7 8.06 21.26 12.0 6.0 12.65 11.7 21.26 6.4 18.44 14.32 19.7 10.0 12.37 21.26 11.0 6.0 12.37 15.56 12.37 10.0 8.06 18.44 16.0 12.65 10.63 19.7 19.7 21.26 11.7 6.0 16.49 21.26 10.63 6.0 12.0 6.0 12.65 6.0 21.26 21.1 21.26 22.8 21.1 11.7 0.0 15.56 10.0 22.8 12.37 21.63 16.0 13.6 6.4 18.44 25.46 6.4 11.7 18.44 12.0 18.44 12.53 21.1 12.65 12.37 22.8 12.65 6.0 21.63 11.0 15.56 16.0 10.0 0.0 10.0 22.8 15.56 16.0
21.1 5.83 21.1 24.0 13.6 11.66 19.7 14.42 18.44 6.4 11.66 4.12 24.33 10.82 24.0 0.0 21.1 11.66 6.71 6.32 21.1 5.83 21.1 0.0 13.6 24.33 12.81 18.44 13.0 24.0 24.0 11.66 6.4 14.42 10.77 11.66 13.0 8.0 19.7 14.42 18.44 6.32 11.66 24.19 11.66 24.74 24.19 6.4 10.0 5.83 0.0 24.74 21.1 20.59 12.81 5.0 4.12 24.33 26.0 4.12 6.4 24.33 19.7 24.33 12.37 24.19 18.44 21.1 24.74 18.44 6.32 20.59 6.71 5.83 12.81 0.0 10.0 0.0 24.74 5.83 12.81
18.03 29.15 18.03 6.0 14.87 34.0 15.23 18.44 11.66 30.68 34.0 25.08 10.0 15.0 6.0 24.74 18.03 34.0 18.25 19.7 18.03 29.15 18.03 24.74 14.87 10.0 36.77 11.66 12.53 6.0 6.0 34.0 30.68 18.44 35.44 34.0 12.53 27.78 15.23 18.44 11.66 19.7 34.0 3.0 34.0 0.0 3.0 30.68 22.8 29.15 24.74 0.0 18.03 7.21 36.77 29.61 25.08 10.0 4.0 25.08 30.68 10.0 15.23 10.0 12.37 3.0 11.66 18.03 0.0 11.66 19.7 7.21 18.25 29.15 36.77 24.74 22.8 24.74 0.0 29.15 36.77
26.93 0.0 26.93 29.15 19.31 5.83 25.5 20.25 24.04 7.0 5.83 9.22 29.83 14.32 29.15 5.83 26.93 5.83 11.0 12.08 26.93 0.0 26.93 5.83 19.31 29.83 12.08 24.04 18.25 29.15 29.15 5.83 7.0 20.25 8.6 5.83 18.25 12.08 25.5 20.25 24.04 12.08 5.83 29.0 5.83 29.15 29.0 7.0 15.56 0.0 5.83 29.15 26.93 24.04 12.08 3.0 9.22 29.83 29.83 9.22 7.0 29.83 25.5 29.83 17.0 29.0 24.04 26.93 29.15 24.04 12.08 24.04 11.0 0.0 12.08 5.83 15.56 5.83 29.15 0.0 12.08
28.16 12.08 28.16 34.93 23.35 14.0 28.0 22.0 28.28 6.4 14.0 11.7 34.23 23.6 34.93 12.81 28.16 14.0 19.42 17.09 28.16 12.08 28.16 12.81 23.35 34.23 0.0 28.28 24.35 34.93 34.93 14.0 6.4 22.0 4.0 14.0 24.35 10.0 28.0 22.0 28.28 17.09 14.0 35.74 14.0 36.77 35.74 6.4 16.0 12.08 12.81 36.77 28.16 33.29 0.0 9.43 11.7 34.23 38.47 11.7 6.4 34.23 28.0 34.23 24.6 35.74 28.28 28.16 36.77 28.28 17.09 33.29 19.42 12.08 0.0 12.81 16.0 12.81 36.77 12.08 0.0
