0.0 15.23 18.25 9.22 18.25 28.86 15.23 12.08 18.38 12.53 21.84 21.84 25.5 15.0 15.0 26.93 8.6 15.23 26.93 18.03 18.38 15.0 15.23 3.0 3.0 0.0 18.38 12.37 7.0 15.23 18.38 3.0 28.16 12.08 9.22 18.38 18.38 19.24 21.84 12.08 32.76 7.0 0.0 8.6 15.23 25.5 24.04 18.25 18.38 6.71 3.0 8.6 0.0 6.71 15.23 15.23 12.08 15.0 21.1 21.84 8.6
15.23 0.0 16.28 13.89 16.28 23.09 0.0 3.16 13.04 12.37 13.89 13.89 17.26 7.81 7.81 17.0 7.07 12.0 17.0 12.37 13.04 7.81 0.0 12.53 12.53 15.23 13.04 12.53 9.22 12.0 13.04 12.53 24.6 3.16 13.89 13.04 13.04 4.24 13.89 3.16 22.2 9.22 15.23 7.07 0.0 17.26 18.38 16.28 13.04 11.0 12.53 7.07 15.23 11.0 12.0 12.0 3.16 7.81 12.37 13.89 7.07
18.25 16.28 0.0 24.33 0.0 10.77 16.28 15.26 4.12 25.3 30.0 30.0 9.43 8.49 8.49 12.08 13.6 26.4 12.08 27.78 4.12 8.49 16.28 18.0 18.0 18.25 4.12 6.0 18.44 26.4 4.12 18.0 10.0 15.26 24.33 4.12 4.12 16.64 30.0 15.26 17.2 18.44 18.25 13.6 16.28 9.43 6.4 0.0 4.12 12.0 18.0 13.6 18.25 12.0 26.4 26.4 15.26 8.49 8.0 30.0 13.6
9.22 13.89 24.33 0.0 24.33 34.0 13.89 11.7 23.0 4.0 14.0 14.0 29.27 18.11 18.11 29.83 11.0 7.0 29.83 10.0 23.0 18.11 13.89 7.21 7.21 9.22 23.0 18.44 6.0 7.0 23.0 7.21 34.23 11.7 0.0 23.0 23.0 18.03 14.0 11.7 35.44 6.0 9.22 11.0 13.89 29.27 29.0 24.33 23.0 12.65 7.21 11.0 9.22 12.65 7.0 7.0 11.7 18.11 24.33 14.0 11.0
18.25 16.28 0.0 24.33 0.0 10.77 16.28 15.26 4.12 25.3 30.0 30.0 9.43 8.49 8.49 12.08 13.6 26.4 12.08 27.78 4.12 8.49 16.28 18.0 18.0 18.25 4.12 6.0 18.44 26.4 4.12 18.0 10.0 15.26 24.33 4.12 4.12 16.64 30.0 15.26 17.2 18.44 18.25 13.6 16.28 9.43 6.4 0.0 4.12 12.0 18.0 13.6 18.25 12.0 26.4 26.4 15.26 8.49 8.0 30.0 13.6
28.86 23.09 10.77 34.0 10.77 0.0 23.09 23.35 11.0 34.23 36.77 36.77 6.4 16.12 16.12 8.6 23.0 34.71 8.6 35.44 11.0 16.12 23.09 28.28 28.28 28.86 11.0 16.49 28.0 34.71 11.0 28.28 4.0 23.35 34.0 11.0 11.0 21.47 36.77 23.35 10.0 28.0 28.86 23.0 23.09 6.4 5.0 10.77 11.0 22.36 28.28 23.0 28.86 22.36 34.71 34.71 23.35 16.12 10.77 36.77 23.0
15.23 0.0 16.28 13.89 16.28 23.09 0.0 3.16 13.04 12.37 13.89 13.89 17.26 7.81 7.81 17.0 7.07 12.0 17.0 12.37 13.04 7.81 0.0 12.53 12.53 15.23 13.04 12.53 9.22 12.0 13.04 12.53 24.6 3.16 13.89 13.04 13.04 4.24 13.89 3.16 22.2 9.22 15.23 7.07 0.0 17.26 18.38 16.28 13.04 11.0 12.53 7.07 15.23 11.0 12.0 12.0 3.16 7.81 12.37 13.89 7.07
12.08 3.16 15.26 11.7 15.26 23.35 3.16 0.0 12.65 11.0 14.87 14.87 18.0 7.28 7.28 18.25 4.0 11.4 18.25 12.53 12.65 7.28 3.16 9.43 9.43 12.08 12.65 10.63 6.4 11.4 12.65 9.43 24.35 0.0 11.7 12.65 12.65 7.21 14.87 0.0 23.77 6.4 12.08 4.0 3.16 18.0 18.44 15.26 12.65 8.06 9.43 4.0 12.08 8.06 11.4 11.4 0.0 7.28 13.0 14.87 4.0
18.38 13.04 4.12 23.0 4.12 11.0 13.04 12.65 0.0 23.35 26.93 26.93 7.21 5.39 5.39 9.22 12.0 24.04 9.22 25.08 0.0 5.39 13.04 17.46 17.46 18.38 0.0 6.4 17.0 24.04 0.0 17.46 11.7 12.65 23.0 0.0 0.0 12.81 26.93 12.65 14.87 17.0 18.38 12.0 13.04 7.21 6.0 4.12 0.0 11.7 17.46 12.0 18.38 11.7 24.04 24.04 12.65 5.39 4.12 26.93 12.0
12.53 12.37 25.3 4.0 25.3 34.23 12.37 11.0 23.35 0.0 10.0 10.0 29.0 18.11 18.11 29.15 11.7 3.0 29.15 6.0 23.35 18.11 12.37 10.0 10.0 12.53 23.35 19.7 7.21 3.0 23.35 10.0 34.93 11.0 4.0 23.35 23.35 16.16 10.0 11.0 34.53 7.21 12.53 11.7 12.37 29.0 29.27 25.3 23.35 14.42 10.0 11.7 12.53 14.42 3.0 3.0 11.0 18.11 24.0 10.0 11.7
21.84 13.89 30.0 14.0 30.0 36.77 13.89 14.87 26.93 10.0 0.0 0.0 30.68 21.63 21.63 29.83 17.8 7.0 29.83 4.0 26.93 21.63 13.89 18.97 18.97 21.84 26.93 25.46 15.23 7.0 26.93 18.97 38.47 14.87 14.0 26.93 26.93 15.52 0.0 14.87 34.23 15.23 21.84 17.8 13.89 30.68 32.2 30.0 26.93 21.63 18.97 17.8 21.84 21.63 7.0 7.0 14.87 21.63 26.0 0.0 17.8
21.84 13.89 30.0 14.0 30.0 36.77 13.89 14.87 26.93 10.0 0.0 0.0 30.68 21.63 21.63 29.83 17.8 7.0 29.83 4.0 26.93 21.63 13.89 18.97 18.97 21.84 26.93 25.46 15.23 7.0 26.93 18.97 38.47 14.87 14.0 26.93 26.93 15.52 0.0 14.87 34.23 15.23 21.84 17.8 13.89 30.68 32.2 30.0 26.93 21.63 18.97 17.8 21.84 21.63 7.0 7.0 14.87 21.63 26.0 0.0 17.8
25.5 17.26 9.43 29.27 9.43 6.4 17.26 18.0 7.21 29.0 30.68 30.68 0.0 11.18 11.18 3.0 18.44 29.15 3.0 29.61 7.21 11.18 17.26 24.35 24.35 25.5 7.21 13.6 23.35 29.15 7.21 24.35 9.43 18.0 29.27 7.21 7.21 15.23 30.68 18.0 7.81 23.35 25.5 18.44 17.26 0.0 4.0 9.43 7.21 18.79 24.35 18.44 25.5 18.79 29.15 29.15 18.0 11.18 5.0 30.68 18.44
15.0 7.81 8.49 18.11 8.49 16.12 7.81 7.28 5.39 18.11 21.63 21.63 11.18 0.0 0.0 12.08 7.28 18.68 12.08 19.7 5.39 0.0 7.81 13.42 13.42 15.0 5.39 6.0 12.17 18.68 5.39 13.42 17.09 7.28 18.11 5.39 5.39 8.54 21.63 7.28 17.89 12.17 15.0 7.28 7.81 11.18 11.18 8.49 5.39 8.49 13.42 7.28 15.0 8.49 18.68 18.68 7.28 0.0 6.32 21.63 7.28
15.0 7.81 8.49 18.11 8.49 16.12 7.81 7.28 5.39 18.11 21.63 21.63 11.18 0.0 0.0 12.08 7.28 18.68 12.08 19.7 5.39 0.0 7.81 13.42 13.42 15.0 5.39 6.0 12.17 18.68 5.39 13.42 17.09 7.28 18.11 5.39 5.39 8.54 21.63 7.28 17.89 12.17 15.0 7.28 7.81 11.18 11.18 8.49 5.39 8.49 13.42 7.28 15.0 8.49 18.68 18.68 7.28 0.0 6.32 21.63 7.28
26.93 17.0 12.08 29.83 12.08 8.6 17.0 18.25 9.22 29.15 29.83 29.83 3.0 12.08 12.08 0.0 19.31 29.0 0.0 29.15 9.22 12.08 17.0 25.5 25.5 26.93 9.22 15.56 24.04 29.0 9.22 25.5 12.08 18.25 29.83 9.22 9.22 14.32 29.83 18.25 5.83 24.04 26.93 19.31 17.0 3.0 7.0 12.08 9.22 20.25 25.5 19.31 26.93 20.25 29.0 29.0 18.25 12.08 5.83 29.83 19.31
8.6 7.07 13.6 11.0 13.6 23.0 7.07 4.0 12.0 11.7 17.8 17.8 18.44 7.28 7.28 19.31 0.0 13.04 19.31 14.87 12.0 7.28 7.07 6.4 6.4 8.6 12.0 8.06 5.0 13.04 12.0 6.4 23.35 4.0 11.0 12.0 12.0 10.77 17.8 4.0 25.08 5.0 8.6 0.0 7.07 18.44 18.0 13.6 12.0 4.12 6.4 0.0 8.6 4.12 13.04 13.04 4.0 7.28 13.6 17.8 0.0
15.23 12.0 26.4 7.0 26.4 34.71 12.0 11.4 24.04 3.0 7.0 7.0 29.15 18.68 18.68 29.0 13.04 0.0 29.0 3.0 24.04 18.68 12.0 12.53 12.53 15.23 24.04 21.1 9.22 0.0 24.04 12.53 35.74 11.4 7.0 24.04 24.04 15.3 7.0 11.4 34.13 9.22 15.23 13.04 12.0 29.15 29.83 26.4 24.04 16.28 12.53 13.04 15.23 16.28 0.0 0.0 11.4 18.68 24.19 7.0 13.04
26.93 17.0 12.08 29.83 12.08 8.6 17.0 18.25 9.22 29.15 29.83 29.83 3.0 12.08 12.08 0.0 19.31 29.0 0.0 29.15 9.22 12.08 17.0 25.5 25.5 26.93 9.22 15.56 24.04 29.0 9.22 25.5 12.08 18.25 29.83 9.22 9.22 14.32 29.83 18.25 5.83 24.04 26.93 19.31 17.0 3.0 7.0 12.08 9.22 20.25 25.5 19.31 26.93 20.25 29.0 29.0 18.25 12.08 5.83 29.83 19.31
18.03 12.37 27.78 10.0 27.78 35.44 12.37 12.53 25.08 6.0 4.0 4.0 29.61 19.7 19.7 29.15 14.87 3.0 29.15 0.0 25.08 19.7 12.37 15.23 15.23 18.03 25.08 22.8 11.66 3.0 25.08 15.23 36.77 12.53 10.0 25.08 25.08 15.0 4.0 12.53 34.0 11.66 18.03 14.87 12.37 29.61 30.68 27.78 25.08 18.44 15.23 14.87 18.03 18.44 3.0 3.0 12.53 19.7 24.74 4.0 14.87
18.38 13.04 4.12 23.0 4.12 11.0 13.04 12.65 0.0 23.35 26.93 26.93 7.21 5.39 5.39 9.22 12.0 24.04 9.22 25.08 0.0 5.39 13.04 17.46 17.46 18.38 0.0 6.4 17.0 24.04 0.0 17.46 11.7 12.65 23.0 0.0 0.0 12.81 26.93 12.65 14.87 17.0 18.38 12.0 13.04 7.21 6.0 4.12 0.0 11.7 17.46 12.0 18.38 11.7 24.04 24.04 12.65 5.39 4.12 26.93 12.0
15.0 7.81 8.49 18.11 8.49 16.12 7.81 7.28 5.39 18.11 21.63 21.63 11.18 0.0 0.0 12.08 7.28 18.68 12.08 19.7 5.39 0.0 7.81 13.42 13.42 15.0 5.39 6.0 12.17 18.68 5.39 13.42 17.09 7.28 18.11 5.39 5.39 8.54 21.63 7.28 17.89 12.17 15.0 7.28 7.81 11.18 11.18 8.49 5.39 8.49 13.42 7.28 15.0 8.49 18.68 18.68 7.28 0.0 6.32 21.63 7.28
15.23 0.0 16.28 13.89 16.28 23.09 0.0 3.16 13.04 12.37 13.89 13.89 17.26 7.81 7.81 17.0 7.07 12.0 17.0 12.37 13.04 7.81 0.0 12.53 12.53 15.23 13.04 12.53 9.22 12.0 13.04 12.53 24.6 3.16 13.89 13.04 13.04 4.24 13.89 3.16 22.2 9.22 15.23 7.07 0.0 17.26 18.38 16.28 13.04 11.0 12.53 7.07 15.23 11.0 12.0 12.0 3.16 7.81 12.37 13.89 7.07
3.0 12.53 18.0 7.21 18.0 28.28 12.53 9.43 17.46 10.0 18.97 18.97 24.35 13.42 13.42 25.5 6.4 12.53 25.5 15.23 17.46 13.42 12.53 0.0 0.0 3.0 17.46 12.0 4.0 12.53 17.46 0.0 28.0 9.43 7.21 17.46 17.46 16.64 18.97 9.43 31.3 4.0 3.0 6.4 12.53 24.35 23.35 18.0 17.46 6.0 0.0 6.4 3.0 6.0 12.53 12.53 9.43 13.42 19.7 18.97 6.4
3.0 12.53 18.0 7.21 18.0 28.28 12.53 9.43 17.46 10.0 18.97 18.97 24.35 13.42 13.42 25.5 6.4 12.53 25.5 15.23 17.46 13.42 12.53 0.0 0.0 3.0 17.46 12.0 4.0 12.53 17.46 0.0 28.0 9.43 7.21 17.46 17.46 16.64 18.97 9.43 31.3 4.0 3.0 6.4 12.53 24.35 23.35 18.0 17.46 6.0 0.0 6.4 3.0 6.0 12.53 12.53 9.43 13.42 19.7 18.97 6.4
0.0 15.23 18.25 9.22 18.25 28.86 15.23 12.08 18.38 12.53 21.84 21.84 25.5 15.0 15.0 26.93 8.6 15.23 26.93 18.03 18.38 15.0 15.23 3.0 3.0 0.0 18.38 12.37 7.0 15.23 18.38 3.0 28.16 12.08 9.22 18.38 18.38 19.24 21.84 12.08 32.76 7.0 0.0 8.6 15.23 25.5 24.04 18.25 18.38 6.71 3.0 8.6 0.0 6.71 15.23 15.23 12.08 15.0 21.1 21.84 8.6
18.38 13.04 4.12 23.0 4.12 11.0 13.04 12.65 0.0 23.35 26.93 26.93 7.21 5.39 5.39 9.22 12.0 24.04 9.22 25.08 0.0 5.39 13.04 17.46 17.46 18.38 0.0 6.4 17.0 24.04 0.0 17.46 11.7 12.65 23.0 0.0 0.0 12.81 26.93 12.65 14.87 17.0 18.38 12.0 13.04 7.21 6.0 4.12 0.0 11.7 17.46 12.0 18.38 11.7 24.04 24.04 12.65 5.39 4.12 26.93 12.0
12.37 12.53 6.0 18.44 6.0 16.49 12.53 10.63 6.4 19.7 25.46 25.46 13.6 6.0 6.0 15.56 8.06 21.1 15.56 22.8 6.4 6.0 12.53 12.0 12.0 12.37 6.4 0.0 12.65 21.1 6.4 12.0 16.0 10.63 18.44 6.4 6.4 14.32 25.46 10.63 21.26 12.65 12.37 8.06 12.53 13.6 11.7 6.0 6.4 6.0 12.0 8.06 12.37 6.0 21.1 21.1 10.63 6.0 10.0 25.46 8.06
7.0 9.22 18.44 6.0 18.44 28.0 9.22 6.4 17.0 7.21 15.23 15.23 23.35 12.17 12.17 24.04 5.0 9.22 24.04 11.66 17.0 12.17 9.22 4.0 4.0 7.0 17.0 12.65 0.0 9.22 17.0 4.0 28.28 6.4 6.0 17.0 17.0 13.45 15.23 6.4 29.73 0.0 7.0 5.0 9.22 23.35 23.0 18.44 17.0 7.21 4.0 5.0 7.0 7.21 9.22 9.22 6.4 12.17 18.44 15.23 5.0
15.23 12.0 26.4 7.0 26.4 34.71 12.0 11.4 24.04 3.0 7.0 7.0 29.15 18.68 18.68 29.0 13.04 0.0 29.0 3.0 24.04 18.68 12.0 12.53 12.53 15.23 24.04 21.1 9.22 0.0 24.04 12.53 35.74 11.4 7.0 24.04 24.04 15.3 7.0 11.4 34.13 9.22 15.23 13.04 12.0 29.15 29.83 26.4 24.04 16.28 12.53 13.04 15.23 16.28 0.0 0.0 11.4 18.68 24.19 7.0 13.04
18.38 13.04 4.12 23.0 4.12 11.0 13.04 12.65 0.0 23.35 26.93 26.93 7.21 5.39 5.39 9.22 12.0 24.04 9.22 25.08 0.0 5.39 13.04 17.46 17.46 18.38 0.0 6.4 17.0 24.04 0.0 17.46 11.7 12.65 23.0 0.0 0.0 12.81 26.93 12.65 14.87 17.0 18.38 12.0 13.04 7.21 6.0 4.12 0.0 11.7 17.46 12.0 18.38 11.7 24.04 24.04 12.65 5.39 4.12 26.93 12.0
3.0 12.53 18.0 7.21 18.0 28.28 12.53 9.43 17.46 10.0 18.97 18.97 24.35 13.42 13.42 25.5 6.4 12.53 25.5 15.23 17.46 13.42 12.53 0.0 0.0 3.0 17.46 12.0 4.0 12.53 17.46 0.0 28.0 9.43 7.21 17.46 17.46 16.64 18.97 9.43 31.3 4.0 3.0 6.4 12.53 24.35 23.35 18.0 17.46 6.0 0.0 6.4 3.0 6.0 12.53 12.53 9.43 13.42 19.7 18.97 6.4
28.16 24.6 10.0 34.23 10.0 4.0 24.6 24.35 11.7 34.93 38.47 38.47 9.43 17.09 17.09 12.08 23.35 35.74 12.08 36.77 11.7 17.09 24.6 28.0 28.0 28.16 11.7 16.0 28.28 35.74 11.7 28.0 0.0 24.35 34.23 11.7 11.7 23.6 38.47 24.35 14.0 28.28 28.16 23.35 24.6 9.43 6.4 10.0 11.7 22.0 28.0 23.35 28.16 22.0 35.74 35.74 24.35 17.09 12.81 38.47 23.35
12.08 3.16 15.26 11.7 15.26 23.35 3.16 0.0 12.65 11.0 14.87 14.87 18.0 7.28 7.28 18.25 4.0 11.4 18.25 12.53 12.65 7.28 3.16 9.43 9.43 12.08 12.65 10.63 6.4 11.4 12.65 9.43 24.35 0.0 11.7 12.65 12.65 7.21 14.87 0.0 23.77 6.4 12.08 4.0 3.16 18.0 18.44 15.26 12.65 8.06 9.43 4.0 12.08 8.06 11.4 11.4 0.0 7.28 13.0 14.87 4.0
9.22 13.89 24.33 0.0 24.33 34.0 13.89 11.7 23.0 4.0 14.0 14.0 29.27 18.11 18.11 29.83 11.0 7.0 29.83 10.0 23.0 18.11 13.89 7.21 7.21 9.22 23.0 18.44 6.0 7.0 23.0 7.21 34.23 11.7 0.0 23.0 23.0 18.03 14.0 11.7 35.44 6.0 9.22 11.0 13.89 29.27 29.0 24.33 23.0 12.65 7.21 11.0 9.22 12.65 7.0 7.0 11.7 18.11 24.33 14.0 11.0
18.38 13.04 4.12 23.0 4.12 11.0 13.04 12.65 0.0 23.35 26.93 26.93 7.21 5.39 5.39 9.22 12.0 24.04 9.22 25.08 0.0 5.39 13.04 17.46 17.46 18.38 0.0 6.4 17.0 24.04 0.0 17.46 11.7 12.65 23.0 0.0 0.0 12.81 26.93 12.65 14.87 17.0 18.38 12.0 13.04 7.21 6.0 4.12 0.0 11.7 17.46 12.0 18.38 11.7 24.04 24.04 12.65 5.39 4.12 26.93 12.0
18.38 13.04 4.12 23.0 4.12 11.0 13.04 12.65 0.0 23.35 26.93 26.93 7.21 5.39 5.39 9.22 12.0 24.04 9.22 25.08 0.0 5.39 13.04 17.46 17.46 18.38 0.0 6.4 17.0 24.04 0.0 17.46 11.7 12.65 23.0 0.0 0.0 12.81 26.93 12.65 14.87 17.0 18.38 12.0 13.04 7.21 6.0 4.12 0.0 11.7 17.46 12.0 18.38 11.7 24.04 24.04 12.65 5.39 4.12 26.93 12.0
19.24 4.24 16.64 18.03 16.64 21.47 4.24 7.21 12.81 16.16 15.52 15.52 15.23 8.54 8.54 14.32 10.77 15.3 14.32 15.0 12.81 8.54 4.24 16.64 16.64 19.24 12.81 14.32 13.45 15.3 12.81 16.64 23.6 7.21 18.03 12.81 12.81 0.0 15.52 7.21 19.0 13.45 19.24 10.77 4.24 15.23 17.2 16.64 12.81 14.32 16.64 10.77 19.24 14.32 15.3 15.3 7.21 8.54 10.82 15.52 10.77
21.84 13.89 30.0 14.0 30.0 36.77 13.89 14.87 26.93 10.0 0.0 0.0 30.68 21.63 21.63 29.83 17.8 7.0 29.83 4.0 26.93 21.63 13.89 18.97 18.97 21.84 26.93 25.46 15.23 7.0 26.93 18.97 38.47 14.87 14.0 26.93 26.93 15.52 0.0 14.87 34.23 15.23 21.84 17.8 13.89 30.68 32.2 30.0 26.93 21.63 18.97 17.8 21.84 21.63 7.0 7.0 14.87 21.63 26.0 0.0 17.8
12.08 3.16 15.26 11.7 15.26 23.35 3.16 0.0 12.65 11.0 14.87 14.87 18.0 7.28 7.28 18.25 4.0 11.4 18.25 12.53 12.65 7.28 3.16 9.43 9.43 12.08 12.65 10.63 6.4 11.4 12.65 9.43 24.35 0.0 11.7 12.65 12.65 7.21 14.87 0.0 23.77 6.4 12.08 4.0 3.16 18.0 18.44 15.26 12.65 8.06 9.43 4.0 12.08 8.06 11.4 11.4 0.0 7.28 13.0 14.87 4.0
32.76 22.2 17.2 35.44 17.2 10.0 22.2 23.77 14.87 34.53 34.23 34.23 7.81 17.89 17.89 5.83 25.08 34.13 5.83 34.0 14.87 17.89 22.2 31.3 31.3 32.76 14.87 21.26 29.73 34.13 14.87 31.3 14.0 23.77 35.44 14.87 14.87 19.0 34.23 23.77 0.0 29.73 32.76 25.08 22.2 7.81 11.18 17.2 14.87 26.08 31.3 25.08 32.76 26.08 34.13 34.13 23.77 17.89 11.66 34.23 25.08
7.0 9.22 18.44 6.0 18.44 28.0 9.22 6.4 17.0 7.21 15.23 15.23 23.35 12.17 12.17 24.04 5.0 9.22 24.04 11.66 17.0 12.17 9.22 4.0 4.0 7.0 17.0 12.65 0.0 9.22 17.0 4.0 28.28 6.4 6.0 17.0 17.0 13.45 15.23 6.4 29.73 0.0 7.0 5.0 9.22 23.35 23.0 18.44 17.0 7.21 4.0 5.0 7.0 7.21 9.22 9.22 6.4 12.17 18.44 15.23 5.0
0.0 15.23 18.25 9.22 18.25 28.86 15.23 12.08 18.38 12.53 21.84 21.84 25.5 15.0 15.0 26.93 8.6 15.23 26.93 18.03 18.38 15.0 15.23 3.0 3.0 0.0 18.38 12.37 7.0 15.23 18.38 3.0 28.16 12.08 9.22 18.38 18.38 19.24 21.84 12.08 32.76 7.0 0.0 8.6 15.23 25.5 24.04 18.25 18.38 6.71 3.0 8.6 0.0 6.71 15.23 15.23 12.08 15.0 21.1 21.84 8.6
8.6 7.07 13.6 11.0 13.6 23.0 7.07 4.0 12.0 11.7 17.8 17.8 18.44 7.28 7.28 19.31 0.0 13.04 19.31 14.87 12.0 7.28 7.07 6.4 6.4 8.6 12.0 8.06 5.0 13.04 12.0 6.4 23.35 4.0 11.0 12.0 12.0 10.77 17.8 4.0 25.08 5.0 8.6 0.0 7.07 18.44 18.0 13.6 12.0 4.12 6.4 0.0 8.6 4.12 13.04 13.04 4.0 7.28 13.6 17.8 0.0
15.23 0.0 16.28 13.89 16.28 23.09 0.0 3.16 13.04 12.37 13.89 13.89 17.26 7.81 7.81 17.0 7.07 12.0 17.0 12.37 13.04 7.81 0.0 12.53 12.53 15.23 13.04 12.53 9.22 12.0 13.04 12.53 24.6 3.16 13.89 13.04 13.04 4.24 13.89 3.16 22.2 9.22 15.23 7.07 0.0 17.26 18.38 16.28 13.04 11.0 12.53 7.07 15.23 11.0 12.0 12.0 3.16 7.81 12.37 13.89 7.07
25.5 17.26 9.43 29.27 9.43 6.4 17.26 18.0 7.21 29.0 30.68 30.68 0.0 11.18 11.18 3.0 18.44 29.15 3.0 29.61 7.21 11.18 17.26 24.35 24.35 25.5 7.21 13.6 23.35 29.15 7.21 24.35 9.43 18.0 29.27 7.21 7.21 15.23 30.68 18.0 7.81 23.35 25.5 18.44 17.26 0.0 4.0 9.43 7.21 18.79 24.35 18.44 25.5 18.79 29.15 29.15 18.0 11.18 5.0 30.68 18.44
24.04 18.38 6.4 29.0 6.4 5.0 18.38 18.44 6.0 29.27 32.2 32.2 4.0 11.18 11.18 7.0 18.0 29.83 7.0 30.68 6.0 11.18 18.38 23.35 23.35 24.04 6.0 11.7 23.0 29.83 6.0 23.35 6.4 18.44 29.0 6.0 6.0 17.2 32.2 18.44 11.18 23.0 24.04 18.0 18.38 4.0 0.0 6.4 6.0 17.46 23.35 18.0 24.04 17.46 29.83 29.83 18.44 11.18 6.4 32.2 18.0
18.25 16.28 0.0 24.33 0.0 10.77 16.28 15.26 4.12 25.3 30.0 30.0 9.43 8.49 8.49 12.08 13.6 26.4 12.08 27.78 4.12 8.49 16.28 18.0 18.0 18.25 4.12 6.0 18.44 26.4 4.12 18.0 10.0 15.26 24.33 4.12 4.12 16.64 30.0 15.26 17.2 18.44 18.25 13.6 16.28 9.43 6.4 0.0 4.12 12.0 18.0 13.6 18.25 12.0 26.4 26.4 15.26 8.49 8.0 30.0 13.6
18.38 13.04 4.12 23.0 4.12 11.0 13.04 12.65 0.0 23.35 26.93 26.93 7.21 5.39 5.39 9.22 12.0 24.04 9.22 25.08 0.0 5.39 13.04 17.46 17.46 18.38 0.0 6.4 17.0 24.04 0.0 17.46 11.7 12.65 23.0 0.0 0.0 12.81 26.93 12.65 14.87 17.0 18.38 12.0 13.04 7.21 6.0 4.12 0.0 11.7 17.46 12.0 18.38 11.7 24.04 24.04 12.65 5.39 4.12 26.93 12.0
6.71 11.0 12.0 12.65 12.0 22.36 11.0 8.06 11.7 14.42 21.63 21.63 18.79 8.49 8.49 20.25 4.12 16.28 20.25 18.44 11.7 8.49 11.0 6.0 6.0 6.71 11.7 6.0 7.21 16.28 11.7 6.0 22.0 8.06 12.65 11.7 11.7 14.32 21.63 8.06 26.08 7.21 6.71 4.12 11.0 18.79 17.46 12.0 11.7 0.0 6.0 4.12 6.71 0.0 16.28 16.28 8.06 8.49 14.42 21.63 4.12
3.0 12.53 18.0 7.21 18.0 28.28 12.53 9.43 17.46 10.0 18.97 18.97 24.35 13.42 13.42 25.5 6.4 12.53 25.5 15.23 17.46 13.42 12.53 0.0 0.0 3.0 17.46 12.0 4.0 12.53 17.46 0.0 28.0 9.43 7.21 17.46 17.46 16.64 18.97 9.43 31.3 4.0 3.0 6.4 12.53 24.35 23.35 18.0 17.46 6.0 0.0 6.4 3.0 6.0 12.53 12.53 9.43 13.42 19.7 18.97 6.4
8.6 7.07 13.6 11.0 13.6 23.0 7.07 4.0 12.0 11.7 17.8 17.8 18.44 7.28 7.28 19.31 0.0 13.04 19.31 14.87 12.0 7.28 7.07 6.4 6.4 8.6 12.0 8.06 5.0 13.04 12.0 6.4 23.35 4.0 11.0 12.0 12.0 10.77 17.8 4.0 25.08 5.0 8.6 0.0 7.07 18.44 18.0 13.6 12.0 4.12 6.4 0.0 8.6 4.12 13.04 13.04 4.0 7.28 13.6 17.8 0.0
0.0 15.23 18.25 9.22 18.25 28.86 15.23 12.08 18.38 12.53 21.84 21.84 25.5 15.0 15.0 26.93 8.6 15.23 26.93 18.03 18.38 15.0 15.23 3.0 3.0 0.0 18.38 12.37 7.0 15.23 18.38 3.0 28.16 12.08 9.22 18.38 18.38 19.24 21.84 12.08 32.76 7.0 0.0 8.6 15.23 25.5 24.04 18.25 18.38 6.71 3.0 8.6 0.0 6.71 15.23 15.23 12.08 15.0 21.1 21.84 8.6
6.71 11.0 12.0 12.65 12.0 22.36 11.0 8.06 11.7 14.42 21.63 21.63 18.79 8.49 8.49 20.25 4.12 16.28 20.25 18.44 11.7 8.49 11.0 6.0 6.0 6.71 11.7 6.0 7.21 16.28 11.7 6.0 22.0 8.06 12.65 11.7 11.7 14.32 21.63 8.06 26.08 7.21 6.71 4.12 11.0 18.79 17.46 12.0 11.7 0.0 6.0 4.12 6.71 0.0 16.28 16.28 8.06 8.49 14.42 21.63 4.12
15.23 12.0 26.4 7.0 26.4 34.71 12.0 11.4 24.04 3.0 7.0 7.0 29.15 18.68 18.68 29.0 13.04 0.0 29.0 3.0 24.04 18.68 12.0 12.53 12.53 15.23 24.04 21.1 9.22 0.0 24.04 12.53 35.74 11.4 7.0 24.04 24.04 15.3 7.0 11.4 34.13 9.22 15.23 13.04 12.0 29.15 29.83 26.4 24.04 16.28 12.53 13.04 15.23 16.28 0.0 0.0 11.4 18.68 24.19 7.0 13.04
15.23 12.0 26.4 7.0 26.4 34.71 12.0 11.4 24.04 3.0 7.0 7.0 29.15 18.68 18.68 29.0 13.04 0.0 29.0 3.0 24.04 18.68 12.0 12.53 12.53 15.23 24.04 21.1 9.22 0.0 24.04 12.53 35.74 11.4 7.0 24.04 24.04 15.3 7.0 11.4 34.13 9.22 15.23 13.04 12.0 29.15 29.83 26.4 24.04 16.28 12.53 13.04 15.23 16.28 0.0 0.0 11.4 18.68 24.19 7.0 13.04
12.08 3.16 15.26 11.7 15.26 23.35 3.16 0.0 12.65 11.0 14.87 14.87 18.0 7.28 7.28 18.25 4.0 11.4 18.25 12.53 12.65 7.28 3.16 9.43 9.43 12.08 12.65 10.63 6.4 11.4 12.65 9.43 24.35 0.0 11.7 12.65 12.65 7.21 14.87 0.0 23.77 6.4 12.08 4.0 3.16 18.0 18.44 15.26 12.65 8.06 9.43 4.0 12.08 8.06 11.4 11.4 0.0 7.28 13.0 14.87 4.0
15.0 7.81 8.49 18.11 8.49 16.12 7.81 7.28 5.39 18.11 21.63 21.63 11.18 0.0 0.0 12.08 7.28 18.68 12.08 19.7 5.39 0.0 7.81 13.42 13.42 15.0 5.39 6.0 12.17 18.68 5.39 13.42 17.09 7.28 18.11 5.39 5.39 8.54 21.63 7.28 17.89 12.17 15.0 7.28 7.81 11.18 11.18 8.49 5.39 8.49 13.42 7.28 15.0 8.49 18.68 18.68 7.28 0.0 6.32 21.63 7.28
21.1 12.37 8.0 24.33 8.0 10.77 12.37 13.0 4.12 24.0 26.0 26.0 5.0 6.32 6.32 5.83 13.6 24.19 5.83 24.74 4.12 6.32 12.37 19.7 19.7 21.1 4.12 10.0 18.44 24.19 4.12 19.7 12.81 13.0 24.33 4.12 4.12 10.82 26.0 13.0 11.66 18.44 21.1 13.6 12.37 5.0 6.4 8.0 4.12 14.42 19.7 13.6 21.1 14.42 24.19 24.19 13.0 6.32 0.0 26.0 13.6
21.84 13.89 30.0 14.0 30.0 36.77 13.89 14.87 26.93 10.0 0.0 0.0 30.68 21.63 21.63 29.83 17.8 7.0 29.83 4.0 26.93 21.63 13.89 18.97 18.97 21.84 26.93 25.46 15.23 7.0 26.93 18.97 38.47 14.87 14.0 26.93 26.93 15.52 0.0 14.87 34.23 15.23 21.84 17.8 13.89 30.68 32.2 30.0 26.93 21.63 18.97 17.8 21.84 21.63 7.0 7.0 14.87 21.63 26.0 0.0 17.8
8.6 7.07 13.6 11.0 13.6 23.0 7.07 4.0 12.0 11.7 17.8 17.8 18.44 7.28 7.28 19.31 0.0 13.04 19.31 14.87 12.0 7.28 7.07 6.4 6.4 8.6 12.0 8.06 5.0 13.04 12.0 6.4 23.35 4.0 11.0 12.0 12.0 10.77 17.8 4.0 25.08 5.0 8.6 0.0 7.07 18.44 18.0 13.6 12.0 4.12 6.4 0.0 8.6 4.12 13.04 13.04 4.0 7.28 13.6 17.8 0.0
