0.0 26.93 24.04 26.93 25.5 28.86 9.22 24.04 28.86 18.03 18.25 25.5 12.37 15.23 32.76 24.04 32.76 3.0 32.76 18.03 18.44 21.84 8.6 18.03 15.23 18.25 26.93 18.25 12.37 9.22 21.84 3.0 3.0 19.24 18.03 21.1 21.0 8.6 26.93 18.03 32.76 3.0 28.86 26.93 32.76 21.0 8.6 18.03 25.5 32.76 12.53 28.16 19.24 32.76 6.71 21.1 18.44 12.08 32.76 15.23 32.76 19.24 18.38 19.24 3.0 21.84 21.0 12.53 28.86 9.22 15.0 19.24 3.0 3.0 9.22 21.1 8.6 7.0 6.71 25.5 15.23 28.16 15.23 12.37 0.0 15.23 26.93 15.23 15.0 21.0 18.03 15.0 3.0 32.76 18.44 9.22 26.93 21.0 32.76 15.23 28.86
26.93 0.0 7.0 0.0 3.0 8.6 29.83 7.0 8.6 29.15 12.08 3.0 15.56 29.0 5.83 7.0 5.83 25.5 5.83 29.15 11.0 29.83 19.31 29.15 29.0 12.08 0.0 12.08 15.56 29.83 29.83 25.5 25.5 14.32 29.15 5.83 24.04 19.31 0.0 29.15 5.83 25.5 8.6 0.0 5.83 24.04 19.31 29.15 3.0 5.83 29.15 12.08 14.32 5.83 20.25 5.83 11.0 18.25 5.83 29.0 5.83 14.32 9.22 14.32 25.5 29.83 24.04 29.15 8.6 29.83 12.08 14.32 25.5 25.5 29.83 5.83 19.31 24.04 20.25 3.0 17.0 12.08 17.0 15.56 26.93 17.0 0.0 29.0 12.08 24.04 29.15 12.08 25.5 5.83 11.0 29.83 0.0 24.04 5.83 29.0 8.6
24.04 7.0 0.0 7.0 4.0 5.0 29.0 0.0 5.0 30.68 6.4 4.0 11.7 29.83 11.18 0.0 11.18 23.35 11.18 30.68 13.04 32.2 18.0 30.68 29.83 6.4 7.0 6.4 11.7 29.0 32.2 23.35 23.35 17.2 30.68 6.4 26.93 18.0 7.0 30.68 11.18 23.35 5.0 7.0 11.18 26.93 18.0 30.68 4.0 11.18 29.27 6.4 17.2 11.18 17.46 6.4 13.04 18.44 11.18 29.83 11.18 17.2 6.0 17.2 23.35 32.2 26.93 29.27 5.0 29.0 11.18 17.2 23.35 23.35 29.0 6.4 18.0 23.0 17.46 4.0 18.38 6.4 18.38 11.7 24.04 18.38 7.0 29.83 11.18 26.93 30.68 11.18 23.35 11.18 13.04 29.0 7.0 26.93 11.18 29.83 5.0
26.93 0.0 7.0 0.0 3.0 8.6 29.83 7.0 8.6 29.15 12.08 3.0 15.56 29.0 5.83 7.0 5.83 25.5 5.83 29.15 11.0 29.83 19.31 29.15 29.0 12.08 0.0 12.08 15.56 29.83 29.83 25.5 25.5 14.32 29.15 5.83 24.04 19.31 0.0 29.15 5.83 25.5 8.6 0.0 5.83 24.04 19.31 29.15 3.0 5.83 29.15 12.08 14.32 5.83 20.25 5.83 11.0 18.25 5.83 29.0 5.83 14.32 9.22 14.32 25.5 29.83 24.04 29.15 8.6 29.83 12.08 14.32 25.5 25.5 29.83 5.83 19.31 24.04 20.25 3.0 17.0 12.08 17.0 15.56 26.93 17.0 0.0 29.0 12.08 24.04 29.15 12.08 25.5 5.83 11.0 29.83 0.0 24.04 5.83 29.0 8.6
25.5 3.0 4.0 3.0 0.0 6.4 29.27 4.0 6.4 29.61 9.43 0.0 13.6 29.15 7.81 4.0 7.81 24.35 7.81 29.61 11.4 30.68 18.44 29.61 29.15 9.43 3.0 9.43 13.6 29.27 30.68 24.35 24.35 15.23 29.61 5.0 25.08 18.44 3.0 29.61 7.81 24.35 6.4 3.0 7.81 25.08 18.44 29.61 0.0 7.81 29.0 9.43 15.23 7.81 18.79 5.0 11.4 18.0 7.81 29.15 7.81 15.23 7.21 15.23 24.35 30.68 25.08 29.0 6.4 29.27 11.18 15.23 24.35 24.35 29.27 5.0 18.44 23.35 18.79 0.0 17.26 9.43 17.26 13.6 25.5 17.26 3.0 29.15 11.18 25.08 29.61 11.18 24.35 7.81 11.4 29.27 3.0 25.08 7.81 29.15 6.4
28.86 8.6 5.0 8.6 6.4 0.0 34.0 5.0 0.0 35.44 10.77 6.4 16.49 34.71 10.0 5.0 10.0 28.28 10.0 35.44 17.46 36.77 23.0 35.44 34.71 10.77 8.6 10.77 16.49 34.0 36.77 28.28 28.28 21.47 35.44 10.77 31.3 23.0 8.6 35.44 10.0 28.28 0.0 8.6 10.0 31.3 23.0 35.44 6.4 10.0 34.23 4.0 21.47 10.0 22.36 10.77 17.46 23.35 10.0 34.71 10.0 21.47 11.0 21.47 28.28 36.77 31.3 34.23 0.0 34.0 16.12 21.47 28.28 28.28 34.0 10.77 23.0 28.0 22.36 6.4 23.09 4.0 23.09 16.49 28.86 23.09 8.6 34.71 16.12 31.3 35.44 16.12 28.28 10.0 17.46 34.0 8.6 31.3 10.0 34.71 0.0
9.22 29.83 29.0 29.83 29.27 34.0 0.0 29.0 34.0 10.0 24.33 29.27 18.44 7.0 35.44 29.0 35.44 7.21 35.44 10.0 19.31 14.0 11.0 10.0 7.0 24.33 29.83 24.33 18.44 0.0 14.0 7.21 7.21 18.03 10.0 24.33 15.23 11.0 29.83 10.0 35.44 7.21 34.0 29.83 35.44 15.23 11.0 10.0 29.27 35.44 4.0 34.23 18.03 35.44 12.65 24.33 19.31 11.7 35.44 7.0 35.44 18.03 23.0 18.03 7.21 14.0 15.23 4.0 34.0 0.0 18.11 18.03 7.21 7.21 0.0 24.33 11.0 6.0 12.65 29.27 13.89 34.23 13.89 18.44 9.22 13.89 29.83 7.0 18.11 15.23 10.0 18.11 7.21 35.44 19.31 0.0 29.83 15.23 35.44 7.0 34.0
24.04 7.0 0.0 7.0 4.0 5.0 29.0 0.0 5.0 30.68 6.4 4.0 11.7 29.83 11.18 0.0 11.18 23.35 11.18 30.68 13.04 32.2 18.0 30.68 29.83 6.4 7.0 6.4 11.7 29.0 32.2 23.35 23.35 17.2 30.68 6.4 26.93 18.0 7.0 30.68 11.18 23.35 5.0 7.0 11.18 26.93 18.0 30.68 4.0 11.18 29.27 6.4 17.2 11.18 17.46 6.4 13.04 18.44 11.18 29.83 11.18 17.2 6.0 17.2 23.35 32.2 26.93 29.27 5.0 29.0 11.18 17.2 23.35 23.35 29.0 6.4 18.0 23.0 17.46 4.0 18.38 6.4 18.38 11.7 24.04 18.38 7.0 29.83 11.18 26.93 30.68 11.18 23.35 11.18 13.04 29.0 7.0 26.93 11.18 29.83 5.0
28.86 8.6 5.0 8.6 6.4 0.0 34.0 5.0 0.0 35.44 10.77 6.4 16.49 34.71 10.0 5.0 10.0 28.28 10.0 35.44 17.46 36.77 23.0 35.44 34.71 10.77 8.6 10.77 16.49 34.0 36.77 28.28 28.28 21.47 35.44 10.77 31.3 23.0 8.6 35.44 10.0 28.28 0.0 8.6 10.0 31.3 23.0 35.44 6.4 10.0 34.23 4.0 21.47 10.0 22.36 10.77 17.46 23.35 10.0 34.71 10.0 21.47 11.0 21.47 28.28 36.77 31.3 34.23 0.0 34.0 16.12 21.47 28.28 28.28 34.0 10.77 23.0 28.0 22.36 6.4 23.09 4.0 23.09 16.49 28.86 23.09 8.6 34.71 16.12 31.3 35.44 16.12 28.28 10.0 17.46 34.0 8.6 31.3 10.0 34.71 0.0
18.03 29.15 30.68 29.15 29.61 35.44 10.0 30.68 35.44 0.0 27.78 29.61 22.8 3.0 34.0 30.68 34.0 15.23 34.0 0.0 18.25 4.0 14.87 0.0 3.0 27.78 29.15 27.78 22.8 10.0 4.0 15.23 15.23 15.0 0.0 24.74 7.21 14.87 29.15 0.0 34.0 15.23 35.44 29.15 34.0 7.21 14.87 0.0 29.61 34.0 6.0 36.77 15.0 34.0 18.44 24.74 18.25 12.53 34.0 3.0 34.0 15.0 25.08 15.0 15.23 4.0 7.21 6.0 35.44 10.0 19.7 15.0 15.23 15.23 10.0 24.74 14.87 11.66 18.44 29.61 12.37 36.77 12.37 22.8 18.03 12.37 29.15 3.0 19.7 7.21 0.0 19.7 15.23 34.0 18.25 10.0 29.15 7.21 34.0 3.0 35.44
18.25 12.08 6.4 12.08 9.43 10.77 24.33 6.4 10.77 27.78 0.0 9.43 6.0 26.4 17.2 6.4 17.2 18.0 17.2 27.78 12.53 30.0 13.6 27.78 26.4 0.0 12.08 0.0 6.0 24.33 30.0 18.0 18.0 16.64 27.78 8.0 25.46 13.6 12.08 27.78 17.2 18.0 10.77 12.08 17.2 25.46 13.6 27.78 9.43 17.2 25.3 10.0 16.64 17.2 12.0 8.0 12.53 15.26 17.2 26.4 17.2 16.64 4.12 16.64 18.0 30.0 25.46 25.3 10.77 24.33 8.49 16.64 18.0 18.0 24.33 8.0 13.6 18.44 12.0 9.43 16.28 10.0 16.28 6.0 18.25 16.28 12.08 26.4 8.49 25.46 27.78 8.49 18.0 17.2 12.53 24.33 12.08 25.46 17.2 26.4 10.77
25.5 3.0 4.0 3.0 0.0 6.4 29.27 4.0 6.4 29.61 9.43 0.0 13.6 29.15 7.81 4.0 7.81 24.35 7.81 29.61 11.4 30.68 18.44 29.61 29.15 9.43 3.0 9.43 13.6 29.27 30.68 24.35 24.35 15.23 29.61 5.0 25.08 18.44 3.0 29.61 7.81 24.35 6.4 3.0 7.81 25.08 18.44 29.61 0.0 7.81 29.0 9.43 15.23 7.81 18.79 5.0 11.4 18.0 7.81 29.15 7.81 15.23 7.21 15.23 24.35 30.68 25.08 29.0 6.4 29.27 11.18 15.23 24.35 24.35 29.27 5.0 18.44 23.35 18.79 0.0 17.26 9.43 17.26 13.6 25.5 17.26 3.0 29.15 11.18 25.08 29.61 11.18 24.35 7.81 11.4 29.27 3.0 25.08 7.81 29.15 6.4
12.37 15.56 11.7 15.56 13.6 16.49 18.44 11.7 16.49 22.8 6.0 13.6 0.0 21.1 21.26 11.7 21.26 12.0 21.26 22.8 11.0 25.46 8.06 22.8 21.1 6.0 15.56 6.0 0.0 18.44 25.46 12.0 12.0 14.32 22.8 10.0 21.63 8.06 15.56 22.8 21.26 12.0 16.49 15.56 21.26 21.63 8.06 22.8 13.6 21.26 19.7 16.0 14.32 21.26 6.0 10.0 11.0 10.63 21.26 21.1 21.26 14.32 6.4 14.32 12.0 25.46 21.63 19.7 16.49 18.44 6.0 14.32 12.0 12.0 18.44 10.0 8.06 12.65 6.0 13.6 12.53 16.0 12.53 0.0 12.37 12.53 15.56 21.1 6.0 21.63 22.8 6.0 12.0 21.26 11.0 18.44 15.56 21.63 21.26 21.1 16.49
15.23 29.0 29.83 29.0 29.15 34.71 7.0 29.83 34.71 3.0 26.4 29.15 21.1 0.0 34.13 29.83 34.13 12.53 34.13 3.0 18.0 7.0 13.04 3.0 0.0 26.4 29.0 26.4 21.1 7.0 7.0 12.53 12.53 15.3 3.0 24.19 9.22 13.04 29.0 3.0 34.13 12.53 34.71 29.0 34.13 9.22 13.04 3.0 29.15 34.13 3.0 35.74 15.3 34.13 16.28 24.19 18.0 11.4 34.13 0.0 34.13 15.3 24.04 15.3 12.53 7.0 9.22 3.0 34.71 7.0 18.68 15.3 12.53 12.53 7.0 24.19 13.04 9.22 16.28 29.15 12.0 35.74 12.0 21.1 15.23 12.0 29.0 0.0 18.68 9.22 3.0 18.68 12.53 34.13 18.0 7.0 29.0 9.22 34.13 0.0 34.71
32.76 5.83 11.18 5.83 7.81 10.0 35.44 11.18 10.0 34.0 17.2 7.81 21.26 34.13 0.0 11.18 0.0 31.3 0.0 34.0 16.28 34.23 25.08 34.0 34.13 17.2 5.83 17.2 21.26 35.44 34.23 31.3 31.3 19.0 34.0 11.66 28.28 25.08 5.83 34.0 0.0 31.3 10.0 5.83 0.0 28.28 25.08 34.0 7.81 0.0 34.53 14.0 19.0 0.0 26.08 11.66 16.28 23.77 0.0 34.13 0.0 19.0 14.87 19.0 31.3 34.23 28.28 34.53 10.0 35.44 17.89 19.0 31.3 31.3 35.44 11.66 25.08 29.73 26.08 7.81 22.2 14.0 22.2 21.26 32.76 22.2 5.83 34.13 17.89 28.28 34.0 17.89 31.3 0.0 16.28 35.44 5.83 28.28 0.0 34.13 10.0
24.04 7.0 0.0 7.0 4.0 5.0 29.0 0.0 5.0 30.68 6.4 4.0 11.7 29.83 11.18 0.0 11.18 23.35 11.18 30.68 13.04 32.2 18.0 30.68 29.83 6.4 7.0 6.4 11.7 29.0 32.2 23.35 23.35 17.2 30.68 6.4 26.93 18.0 7.0 30.68 11.18 23.35 5.0 7.0 11.18 26.93 18.0 30.68 4.0 11.18 29.27 6.4 17.2 11.18 17.46 6.4 13.04 18.44 11.18 29.83 11.18 17.2 6.0 17.2 23.35 32.2 26.93 29.27 5.0 29.0 11.18 17.2 23.35 23.35 29.0 6.4 18.0 23.0 17.46 4.0 18.38 6.4 18.38 11.7 24.04 18.38 7.0 29.83 11.18 26.93 30.68 11.18 23.35 11.18 13.04 29.0 7.0 26.93 11.18 29.83 5.0
32.76 5.83 11.18 5.83 7.81 10.0 35.44 11.18 10.0 34.0 17.2 7.81 21.26 34.13 0.0 11.18 0.0 31.3 0.0 34.0 16.28 34.23 25.08 34.0 34.13 17.2 5.83 17.2 21.26 35.44 34.23 31.3 31.3 19.0 34.0 11.66 28.28 25.08 5.83 34.0 0.0 31.3 10.0 5.83 0.0 28.28 25.08 34.0 7.81 0.0 34.53 14.0 19.0 0.0 26.08 11.66 16.28 23.77 0.0 34.13 0.0 19.0 14.87 19.0 31.3 34.23 28.28 34.53 10.0 35.44 17.89 19.0 31.3 31.3 35.44 11.66 25.08 29.73 26.08 7.81 22.2 14.0 22.2 21.26 32.76 22.2 5.83 34.13 17.89 28.28 34.0 17.89 31.3 0.0 16.28 35.44 5.83 28.28 0.0 34.13 10.0
3.0 25.5 23.35 25.5 24.35 28.28 7.21 23.35 28.28 15.23 18.0 24.35 12.0 12.53 31.3 23.35 31.3 0.0 31.3 15.23 16.28 18.97 6.4 15.23 12.53 18.0 25.5 18.0 12.0 7.21 18.97 0.0 0.0 16.64 15.23 19.7 18.0 6.4 25.5 15.23 31.3 0.0 28.28 25.5 31.3 18.0 6.4 15.23 24.35 31.3 10.0 28.0 16.64 31.3 6.0 19.7 16.28 9.43 31.3 12.53 31.3 16.64 17.46 16.64 0.0 18.97 18.0 10.0 28.28 7.21 13.42 16.64 0.0 0.0 7.21 19.7 6.4 4.0 6.0 24.35 12.53 28.0 12.53 12.0 3.0 12.53 25.5 12.53 13.42 18.0 15.23 13.42 0.0 31.3 16.28 7.21 25.5 18.0 31.3 12.53 28.28
32.76 5.83 11.18 5.83 7.81 10.0 35.44 11.18 10.0 34.0 17.2 7.81 21.26 34.13 0.0 11.18 0.0 31.3 0.0 34.0 16.28 34.23 25.08 34.0 34.13 17.2 5.83 17.2 21.26 35.44 34.23 31.3 31.3 19.0 34.0 11.66 28.28 25.08 5.83 34.0 0.0 31.3 10.0 5.83 0.0 28.28 25.08 34.0 7.81 0.0 34.53 14.0 19.0 0.0 26.08 11.66 16.28 23.77 0.0 34.13 0.0 19.0 14.87 19.0 31.3 34.23 28.28 34.53 10.0 35.44 17.89 19.0 31.3 31.3 35.44 11.66 25.08 29.73 26.08 7.81 22.2 14.0 22.2 21.26 32.76 22.2 5.83 34.13 17.89 28.28 34.0 17.89 31.3 0.0 16.28 35.44 5.83 28.28 0.0 34.13 10.0
18.03 29.15 30.68 29.15 29.61 35.44 10.0 30.68 35.44 0.0 27.78 29.61 22.8 3.0 34.0 30.68 34.0 15.23 34.0 0.0 18.25 4.0 14.87 0.0 3.0 27.78 29.15 27.78 22.8 10.0 4.0 15.23 15.23 15.0 0.0 24.74 7.21 14.87 29.15 0.0 34.0 15.23 35.44 29.15 34.0 7.21 14.87 0.0 29.61 34.0 6.0 36.77 15.0 34.0 18.44 24.74 18.25 12.53 34.0 3.0 34.0 15.0 25.08 15.0 15.23 4.0 7.21 6.0 35.44 10.0 19.7 15.0 15.23 15.23 10.0 24.74 14.87 11.66 18.44 29.61 12.37 36.77 12.37 22.8 18.03 12.37 29.15 3.0 19.7 7.21 0.0 19.7 15.23 34.0 18.25 10.0 29.15 7.21 34.0 3.0 35.44
18.44 11.0 13.04 11.0 11.4 17.46 19.31 13.04 17.46 18.25 12.53 11.4 11.0 18.0 16.28 13.04 16.28 16.28 16.28 18.25 0.0 19.31 9.9 18.25 18.0 12.53 11.0 12.53 11.0 19.31 19.31 16.28 16.28 4.24 18.25 6.71 13.89 9.9 11.0 18.25 16.28 16.28 17.46 11.0 16.28 13.89 9.9 18.25 11.4 16.28 18.25 19.42 4.24 16.28 12.53 6.71 0.0 7.62 16.28 18.0 16.28 4.24 8.6 4.24 16.28 19.31 13.89 18.25 17.46 19.31 5.0 4.24 16.28 16.28 19.31 6.71 9.9 13.89 12.53 11.4 6.0 19.42 6.0 11.0 18.44 6.0 11.0 18.0 5.0 13.89 18.25 5.0 16.28 16.28 0.0 19.31 11.0 13.89 16.28 18.0 17.46
21.84 29.83 32.2 29.83 30.68 36.77 14.0 32.2 36.77 4.0 30.0 30.68 25.46 7.0 34.23 32.2 34.23 18.97 34.23 4.0 19.31 0.0 17.8 4.0 7.0 30.0 29.83 30.0 25.46 14.0 0.0 18.97 18.97 15.52 4.0 26.0 6.0 17.8 29.83 4.0 34.23 18.97 36.77 29.83 34.23 6.0 17.8 4.0 30.68 34.23 10.0 38.47 15.52 34.23 21.63 26.0 19.31 14.87 34.23 7.0 34.23 15.52 26.93 15.52 18.97 0.0 6.0 10.0 36.77 14.0 21.63 15.52 18.97 18.97 14.0 26.0 17.8 15.23 21.63 30.68 13.89 38.47 13.89 25.46 21.84 13.89 29.83 7.0 21.63 6.0 4.0 21.63 18.97 34.23 19.31 14.0 29.83 6.0 34.23 7.0 36.77
8.6 19.31 18.0 19.31 18.44 23.0 11.0 18.0 23.0 14.87 13.6 18.44 8.06 13.04 25.08 18.0 25.08 6.4 25.08 14.87 9.9 17.8 0.0 14.87 13.04 13.6 19.31 13.6 8.06 11.0 17.8 6.4 6.4 10.77 14.87 13.6 14.87 0.0 19.31 14.87 25.08 6.4 23.0 19.31 25.08 14.87 0.0 14.87 18.44 25.08 11.7 23.35 10.77 25.08 4.12 13.6 9.9 4.0 25.08 13.04 25.08 10.77 12.0 10.77 6.4 17.8 14.87 11.7 23.0 11.0 7.28 10.77 6.4 6.4 11.0 13.6 0.0 5.0 4.12 18.44 7.07 23.35 7.07 8.06 8.6 7.07 19.31 13.04 7.28 14.87 14.87 7.28 6.4 25.08 9.9 11.0 19.31 14.87 25.08 13.04 23.0
18.03 29.15 30.68 29.15 29.61 35.44 10.0 30.68 35.44 0.0 27.78 29.61 22.8 3.0 34.0 30.68 34.0 15.23 34.0 0.0 18.25 4.0 14.87 0.0 3.0 27.78 29.15 27.78 22.8 10.0 4.0 15.23 15.23 15.0 0.0 24.74 7.21 14.87 29.15 0.0 34.0 15.23 35.44 29.15 34.0 7.21 14.87 0.0 29.61 34.0 6.0 36.77 15.0 34.0 18.44 24.74 18.25 12.53 34.0 3.0 34.0 15.0 25.08 15.0 15.23 4.0 7.21 6.0 35.44 10.0 19.7 15.0 15.23 15.23 10.0 24.74 14.87 11.66 18.44 29.61 12.37 36.77 12.37 22.8 18.03 12.37 29.15 3.0 19.7 7.21 0.0 19.7 15.23 34.0 18.25 10.0 29.15 7.21 34.0 3.0 35.44
15.23 29.0 29.83 29.0 29.15 34.71 7.0 29.83 34.71 3.0 26.4 29.15 21.1 0.0 34.13 29.83 34.13 12.53 34.13 3.0 18.0 7.0 13.04 3.0 0.0 26.4 29.0 26.4 21.1 7.0 7.0 12.53 12.53 15.3 3.0 24.19 9.22 13.04 29.0 3.0 34.13 12.53 34.71 29.0 34.13 9.22 13.04 3.0 29.15 34.13 3.0 35.74 15.3 34.13 16.28 24.19 18.0 11.4 34.13 0.0 34.13 15.3 24.04 15.3 12.53 7.0 9.22 3.0 34.71 7.0 18.68 15.3 12.53 12.53 7.0 24.19 13.04 9.22 16.28 29.15 12.0 35.74 12.0 21.1 15.23 12.0 29.0 0.0 18.68 9.22 3.0 18.68 12.53 34.13 18.0 7.0 29.0 9.22 34.13 0.0 34.71
18.25 12.08 6.4 12.08 9.43 10.77 24.33 6.4 10.77 27.78 0.0 9.43 6.0 26.4 17.2 6.4 17.2 18.0 17.2 27.78 12.53 30.0 13.6 27.78 26.4 0.0 12.08 0.0 6.0 24.33 30.0 18.0 18.0 16.64 27.78 8.0 25.46 13.6 12.08 27.78 17.2 18.0 10.77 12.08 17.2 25.46 13.6 27.78 9.43 17.2 25.3 10.0 16.64 17.2 12.0 8.0 12.53 15.26 17.2 26.4 17.2 16.64 4.12 16.64 18.0 30.0 25.46 25.3 10.77 24.33 8.49 16.64 18.0 18.0 24.33 8.0 13.6 18.44 12.0 9.43 16.28 10.0 16.28 6.0 18.25 16.28 12.08 26.4 8.49 25.46 27.78 8.49 18.0 17.2 12.53 24.33 12.08 25.46 17.2 26.4 10.77
26.93 0.0 7.0 0.0 3.0 8.6 29.83 7.0 8.6 29.15 12.08 3.0 15.56 29.0 5.83 7.0 5.83 25.5 5.83 29.15 11.0 29.83 19.31 29.15 29.0 12.08 0.0 12.08 15.56 29.83 29.83 25.5 25.5 14.32 29.15 5.83 24.04 19.31 0.0 29.15 5.83 25.5 8.6 0.0 5.83 24.04 19.31 29.15 3.0 5.83 29.15 12.08 14.32 5.83 20.25 5.83 11.0 18.25 5.83 29.0 5.83 14.32 9.22 14.32 25.5 29.83 24.04 29.15 8.6 29.83 12.08 14.32 25.5 25.5 29.83 5.83 19.31 24.04 20.25 3.0 17.0 12.08 17.0 15.56 26.93 17.0 0.0 29.0 12.08 24.04 29.15 12.08 25.5 5.83 11.0 29.83 0.0 24.04 5.83 29.0 8.6
18.25 12.08 6.4 12.08 9.43 10.77 24.33 6.4 10.77 27.78 0.0 9.43 6.0 26.4 17.2 6.4 17.2 18.0 17.2 27.78 12.53 30.0 13.6 27.78 26.4 0.0 12.08 0.0 6.0 24.33 30.0 18.0 18.0 16.64 27.78 8.0 25.46 13.6 12.08 27.78 17.2 18.0 10.77 12.08 17.2 25.46 13.6 27.78 9.43 17.2 25.3 10.0 16.64 17.2 12.0 8.0 12.53 15.26 17.2 26.4 17.2 16.64 4.12 16.64 18.0 30.0 25.46 25.3 10.77 24.33 8.49 16.64 18.0 18.0 24.33 8.0 13.6 18.44 12.0 9.43 16.28 10.0 16.28 6.0 18.25 16.28 12.08 26.4 8.49 25.46 27.78 8.49 18.0 17.2 12.53 24.33 12.08 25.46 17.2 26.4 10.77
12.37 15.56 11.7 15.56 13.6 16.49 18.44 11.7 16.49 22.8 6.0 13.6 0.0 21.1 21.26 11.7 21.26 12.0 21.26 22.8 11.0 25.46 8.06 22.8 21.1 6.0 15.56 6.0 0.0 18.44 25.46 12.0 12.0 14.32 22.8 10.0 21.63 8.06 15.56 22.8 21.26 12.0 16.49 15.56 21.26 21.63 8.06 22.8 13.6 21.26 19.7 16.0 14.32 21.26 6.0 10.0 11.0 10.63 21.26 21.1 21.26 14.32 6.4 14.32 12.0 25.46 21.63 19.7 16.49 18.44 6.0 14.32 12.0 12.0 18.44 10.0 8.06 12.65 6.0 13.6 12.53 16.0 12.53 0.0 12.37 12.53 15.56 21.1 6.0 21.63 22.8 6.0 12.0 21.26 11.0 18.44 15.56 21.63 21.26 21.1 16.49
9.22 29.83 29.0 29.83 29.27 34.0 0.0 29.0 34.0 10.0 24.33 29.27 18.44 7.0 35.44 29.0 35.44 7.21 35.44 10.0 19.31 14.0 11.0 10.0 7.0 24.33 29.83 24.33 18.44 0.0 14.0 7.21 7.21 18.03 10.0 24.33 15.23 11.0 29.83 10.0 35.44 7.21 34.0 29.83 35.44 15.23 11.0 10.0 29.27 35.44 4.0 34.23 18.03 35.44 12.65 24.33 19.31 11.7 35.44 7.0 35.44 18.03 23.0 18.03 7.21 14.0 15.23 4.0 34.0 0.0 18.11 18.03 7.21 7.21 0.0 24.33 11.0 6.0 12.65 29.27 13.89 34.23 13.89 18.44 9.22 13.89 29.83 7.0 18.11 15.23 10.0 18.11 7.21 35.44 19.31 0.0 29.83 15.23 35.44 7.0 34.0
21.84 29.83 32.2 29.83 30.68 36.77 14.0 32.2 36.77 4.0 30.0 30.68 25.46 7.0 34.23 32.2 34.23 18.97 34.23 4.0 19.31 0.0 17.8 4.0 7.0 30.0 29.83 30.0 25.46 14.0 0.0 18.97 18.97 15.52 4.0 26.0 6.0 17.8 29.83 4.0 34.23 18.97 36.77 29.83 34.23 6.0 17.8 4.0 30.68 34.23 10.0 38.47 15.52 34.23 21.63 26.0 19.31 14.87 34.23 7.0 34.23 15.52 26.93 15.52 18.97 0.0 6.0 10.0 36.77 14.0 21.63 15.52 18.97 18.97 14.0 26.0 17.8 15.23 21.63 30.68 13.89 38.47 13.89 25.46 21.84 13.89 29.83 7.0 21.63 6.0 4.0 21.63 18.97 34.23 19.31 14.0 29.83 6.0 34.23 7.0 36.77
3.0 25.5 23.35 25.5 24.35 28.28 7.21 23.35 28.28 15.23 18.0 24.35 12.0 12.53 31.3 23.35 31.3 0.0 31.3 15.23 16.28 18.97 6.4 15.23 12.53 18.0 25.5 18.0 12.0 7.21 18.97 0.0 0.0 16.64 15.23 19.7 18.0 6.4 25.5 15.23 31.3 0.0 28.28 25.5 31.3 18.0 6.4 15.23 24.35 31.3 10.0 28.0 16.64 31.3 6.0 19.7 16.28 9.43 31.3 12.53 31.3 16.64 17.46 16.64 0.0 18.97 18.0 10.0 28.28 7.21 13.42 16.64 0.0 0.0 7.21 19.7 6.4 4.0 6.0 24.35 12.53 28.0 12.53 12.0 3.0 12.53 25.5 12.53 13.42 18.0 15.23 13.42 0.0 31.3 16.28 7.21 25.5 18.0 31.3 12.53 28.28
3.0 25.5 23.35 25.5 24.35 28.28 7.21 23.35 28.28 15.23 18.0 24.35 12.0 12.53 31.3 23.35 31.3 0.0 31.3 15.23 16.28 18.97 6.4 15.23 12.53 18.0 25.5 18.0 12.0 7.21 18.97 0.0 0.0 16.64 15.23 19.7 18.0 6.4 25.5 15.23 31.3 0.0 28.28 25.5 31.3 18.0 6.4 15.23 24.35 31.3 10.0 28.0 16.64 31.3 6.0 19.7 16.28 9.43 31.3 12.53 31.3 16.64 17.46 16.64 0.0 18.97 18.0 10.0 28.28 7.21 13.42 16.64 0.0 0.0 7.21 19.7 6.4 4.0 6.0 24.35 12.53 28.0 12.53 12.0 3.0 12.53 25.5 12.53 13.42 18.0 15.23 13.42 0.0 31.3 16.28 7.21 25.5 18.0 31.3 12.53 28.28
19.24 14.32 17.2 14.32 15.23 21.47 18.03 17.2 21.47 15.0 16.64 15.23 14.32 15.3 19.0 17.2 19.0 16.64 19.0 15.0 4.24 15.52 10.77 15.0 15.3 16.64 14.32 16.64 14.32 18.03 15.52 16.64 16.64 0.0 15.0 10.82 9.85 10.77 14.32 15.0 19.0 16.64 21.47 14.32 19.0 9.85 10.77 15.0 15.23 19.0 16.16 23.6 0.0 19.0 14.32 10.82 4.24 7.21 19.0 15.3 19.0 0.0 12.81 0.0 16.64 15.52 9.85 16.16 21.47 18.03 8.54 0.0 16.64 16.64 18.03 10.82 10.77 13.45 14.32 15.23 4.24 23.6 4.24 14.32 19.24 4.24 14.32 15.3 8.54 9.85 15.0 8.54 16.64 19.0 4.24 18.03 14.32 9.85 19.0 15.3 21.47
18.03 29.15 30.68 29.15 29.61 35.44 10.0 30.68 35.44 0.0 27.78 29.61 22.8 3.0 34.0 30.68 34.0 15.23 34.0 0.0 18.25 4.0 14.87 0.0 3.0 27.78 29.15 27.78 22.8 10.0 4.0 15.23 15.23 15.0 0.0 24.74 7.21 14.87 29.15 0.0 34.0 15.23 35.44 29.15 34.0 7.21 14.87 0.0 29.61 34.0 6.0 36.77 15.0 34.0 18.44 24.74 18.25 12.53 34.0 3.0 34.0 15.0 25.08 15.0 15.23 4.0 7.21 6.0 35.44 10.0 19.7 15.0 15.23 15.23 10.0 24.74 14.87 11.66 18.44 29.61 12.37 36.77 12.37 22.8 18.03 12.37 29.15 3.0 19.7 7.21 0.0 19.7 15.23 34.0 18.25 10.0 29.15 7.21 34.0 3.0 35.44
21.1 5.83 6.4 5.83 5.0 10.77 24.33 6.4 10.77 24.74 8.0 5.0 10.0 24.19 11.66 6.4 11.66 19.7 11.66 24.74 6.71 26.0 13.6 24.74 24.19 8.0 5.83 8.0 10.0 24.33 26.0 19.7 19.7 10.82 24.74 0.0 20.59 13.6 5.83 24.74 11.66 19.7 10.77 5.83 11.66 20.59 13.6 24.74 5.0 11.66 24.0 12.81 10.82 11.66 14.42 0.0 6.71 13.0 11.66 24.19 11.66 10.82 4.12 10.82 19.7 26.0 20.59 24.0 10.77 24.33 6.32 10.82 19.7 19.7 24.33 0.0 13.6 18.44 14.42 5.0 12.37 12.81 12.37 10.0 21.1 12.37 5.83 24.19 6.32 20.59 24.74 6.32 19.7 11.66 6.71 24.33 5.83 20.59 11.66 24.19 10.77
21.0 24.04 26.93 24.04 25.08 31.3 15.23 26.93 31.3 7.21 25.46 25.08 21.63 9.22 28.28 26.93 28.28 18.0 28.28 7.21 13.89 6.0 14.87 7.21 9.22 25.46 24.04 25.46 21.63 15.23 6.0 18.0 18.0 9.85 7.21 20.59 0.0 14.87 24.04 7.21 28.28 18.0 31.3 24.04 28.28 0.0 14.87 7.21 25.08 28.28 11.66 33.29 9.85 28.28 18.97 20.59 13.89 11.18 28.28 9.22 28.28 9.85 22.02 9.85 18.0 6.0 0.0 11.66 31.3 15.23 16.97 9.85 18.0 18.0 15.23 20.59 14.87 14.0 18.97 25.08 9.22 33.29 9.22 21.63 21.0 9.22 24.04 9.22 16.97 0.0 7.21 16.97 18.0 28.28 13.89 15.23 24.04 0.0 28.28 9.22 31.3
8.6 19.31 18.0 19.31 18.44 23.0 11.0 18.0 23.0 14.87 13.6 18.44 8.06 13.04 25.08 18.0 25.08 6.4 25.08 14.87 9.9 17.8 0.0 14.87 13.04 13.6 19.31 13.6 8.06 11.0 17.8 6.4 6.4 10.77 14.87 13.6 14.87 0.0 19.31 14.87 25.08 6.4 23.0 19.31 25.08 14.87 0.0 14.87 18.44 25.08 11.7 23.35 10.77 25.08 4.12 13.6 9.9 4.0 25.08 13.04 25.08 10.77 12.0 10.77 6.4 17.8 14.87 11.7 23.0 11.0 7.28 10.77 6.4 6.4 11.0 13.6 0.0 5.0 4.12 18.44 7.07 23.35 7.07 8.06 8.6 7.07 19.31 13.04 7.28 14.87 14.87 7.28 6.4 25.08 9.9 11.0 19.31 14.87 25.08 13.04 23.0
26.93 0.0 7.0 0.0 3.0 8.6 29.83 7.0 8.6 29.15 12.08 3.0 15.56 29.0 5.83 7.0 5.83 25.5 5.83 29.15 11.0 29.83 19.31 29.15 29.0 12.08 0.0 12.08 15.56 29.83 29.83 25.5 25.5 14.32 29.15 5.83 24.04 19.31 0.0 29.15 5.83 25.5 8.6 0.0 5.83 24.04 19.31 29.15 3.0 5.83 29.15 12.08 14.32 5.83 20.25 5.83 11.0 18.25 5.83 29.0 5.83 14.32 9.22 14.32 25.5 29.83 24.04 29.15 8.6 29.83 12.08 14.32 25.5 25.5 29.83 5.83 19.31 24.04 20.25 3.0 17.0 12.08 17.0 15.56 26.93 17.0 0.0 29.0 12.08 24.04 29.15 12.08 25.5 5.83 11.0 29.83 0.0 24.04 5.83 29.0 8.6
18.03 29.15 30.68 29.15 29.61 35.44 10.0 30.68 35.44 0.0 27.78 29.61 22.8 3.0 34.0 30.68 34.0 15.23 34.0 0.0 18.25 4.0 14.87 0.0 3.0 27.78 29.15 27.78 22.8 10.0 4.0 15.23 15.23 15.0 0.0 24.74 7.21 14.87 29.15 0.0 34.0 15.23 35.44 29.15 34.0 7.21 14.87 0.0 29.61 34.0 6.0 36.77 15.0 34.0 18.44 24.74 18.25 12.53 34.0 3.0 34.0 15.0 25.08 15.0 15.23 4.0 7.21 6.0 35.44 10.0 19.7 15.0 15.23 15.23 10.0 24.74 14.87 11.66 18.44 29.61 12.37 36.77 12.37 22.8 18.03 12.37 29.15 3.0 19.7 7.21 0.0 19.7 15.23 34.0 18.25 10.0 29.15 7.21 34.0 3.0 35.44
32.76 5.83 11.18 5.83 7.81 10.0 35.44 11.18 10.0 34.0 17.2 7.81 21.26 34.13 0.0 11.18 0.0 31.3 0.0 34.0 16.28 34.23 25.08 34.0 34.13 17.2 5.83 17.2 21.26 35.44 34.23 31.3 31.3 19.0 34.0 11.66 28.28 25.08 5.83 34.0 0.0 31.3 10.0 5.83 0.0 28.28 25.08 34.0 7.81 0.0 34.53 14.0 19.0 0.0 26.08 11.66 16.28 23.77 0.0 34.13 0.0 19.0 14.87 19.0 31.3 34.23 28.28 34.53 10.0 35.44 17.89 19.0 31.3 31.3 35.44 11.66 25.08 29.73 26.08 7.81 22.2 14.0 22.2 21.26 32.76 22.2 5.83 34.13 17.89 28.28 34.0 17.89 31.3 0.0 16.28 35.44 5.83 28.28 0.0 34.13 10.0
3.0 25.5 23.35 25.5 24.35 28.28 7.21 23.35 28.28 15.23 18.0 24.35 12.0 12.53 31.3 23.35 31.3 0.0 31.3 15.23 16.28 18.97 6.4 15.23 12.53 18.0 25.5 18.0 12.0 7.21 18.97 0.0 0.0 16.64 15.23 19.7 18.0 6.4 25.5 15.23 31.3 0.0 28.28 25.5 31.3 18.0 6.4 15.23 24.35 31.3 10.0 28.0 16.64 31.3 6.0 19.7 16.28 9.43 31.3 12.53 31.3 16.64 17.46 16.64 0.0 18.97 18.0 10.0 28.28 7.21 13.42 16.64 0.0 0.0 7.21 19.7 6.4 4.0 6.0 24.35 12.53 28.0 12.53 12.0 3.0 12.53 25.5 12.53 13.42 18.0 15.23 13.42 0.0 31.3 16.28 7.21 25.5 18.0 31.3 12.53 28.28
28.86 8.6 5.0 8.6 6.4 0.0 34.0 5.0 0.0 35.44 10.77 6.4 16.49 34.71 10.0 5.0 10.0 28.28 10.0 35.44 17.46 36.77 23.0 35.44 34.71 10.77 8.6 10.77 16.49 34.0 36.77 28.28 28.28 21.47 35.44 10.77 31.3 23.0 8.6 35.44 10.0 28.28 0.0 8.6 10.0 31.3 23.0 35.44 6.4 10.0 34.23 4.0 21.47 10.0 22.36 10.77 17.46 23.35 10.0 34.71 10.0 21.47 11.0 21.47 28.28 36.77 31.3 34.23 0.0 34.0 16.12 21.47 28.28 28.28 34.0 10.77 23.0 28.0 22.36 6.4 23.09 4.0 23.09 16.49 28.86 23.09 8.6 34.71 16.12 31.3 35.44 16.12 28.28 10.0 17.46 34.0 8.6 31.3 10.0 34.71 0.0
26.93 0.0 7.0 0.0 3.0 8.6 29.83 7.0 8.6 29.15 12.08 3.0 15.56 29.0 5.83 7.0 5.83 25.5 5.83 29.15 11.0 29.83 19.31 29.15 29.0 12.08 0.0 12.08 15.56 29.83 29.83 25.5 25.5 14.32 29.15 5.83 24.04 19.31 0.0 29.15 5.83 25.5 8.6 0.0 5.83 24.04 19.31 29.15 3.0 5.83 29.15 12.08 14.32 5.83 20.25 5.83 11.0 18.25 5.83 29.0 5.83 14.32 9.22 14.32 25.5 29.83 24.04 29.15 8.6 29.83 12.08 14.32 25.5 25.5 29.83 5.83 19.31 24.04 20.25 3.0 17.0 12.08 17.0 15.56 26.93 17.0 0.0 29.0 12.08 24.04 29.15 12.08 25.5 5.83 11.0 29.83 0.0 24.04 5.83 29.0 8.6
32.76 5.83 11.18 5.83 7.81 10.0 35.44 11.18 10.0 34.0 17.2 7.81 21.26 34.13 0.0 11.18 0.0 31.3 0.0 34.0 16.28 34.23 25.08 34.0 34.13 17.2 5.83 17.2 21.26 35.44 34.23 31.3 31.3 19.0 34.0 11.66 28.28 25.08 5.83 34.0 0.0 31.3 10.0 5.83 0.0 28.28 25.08 34.0 7.81 0.0 34.53 14.0 19.0 0.0 26.08 11.66 16.28 23.77 0.0 34.13 0.0 19.0 14.87 19.0 31.3 34.23 28.28 34.53 10.0 35.44 17.89 19.0 31.3 31.3 35.44 11.66 25.08 29.73 26.08 7.81 22.2 14.0 22.2 21.26 32.76 22.2 5.83 34.13 17.89 28.28 34.0 17.89 31.3 0.0 16.28 35.44 5.83 28.28 0.0 34.13 10.0
21.0 24.04 26.93 24.04 25.08 31.3 15.23 26.93 31.3 7.21 25.46 25.08 21.63 9.22 28.28 26.93 28.28 18.0 28.28 7.21 13.89 6.0 14.87 7.21 9.22 25.46 24.04 25.46 21.63 15.23 6.0 18.0 18.0 9.85 7.21 20.59 0.0 14.87 24.04 7.21 28.28 18.0 31.3 24.04 28.28 0.0 14.87 7.21 25.08 28.28 11.66 33.29 9.85 28.28 18.97 20.59 13.89 11.18 28.28 9.22 28.28 9.85 22.02 9.85 18.0 6.0 0.0 11.66 31.3 15.23 16.97 9.85 18.0 18.0 15.23 20.59 14.87 14.0 18.97 25.08 9.22 33.29 9.22 21.63 21.0 9.22 24.04 9.22 16.97 0.0 7.21 16.97 18.0 28.28 13.89 15.23 24.04 0.0 28.28 9.22 31.3
8.6 19.31 18.0 19.31 18.44 23.0 11.0 18.0 23.0 14.87 13.6 18.44 8.06 13.04 25.08 18.0 25.08 6.4 25.08 14.87 9.9 17.8 0.0 14.87 13.04 13.6 19.31 13.6 8.06 11.0 17.8 6.4 6.4 10.77 14.87 13.6 14.87 0.0 19.31 14.87 25.08 6.4 23.0 19.31 25.08 14.87 0.0 14.87 18.44 25.08 11.7 23.35 10.77 25.08 4.12 13.6 9.9 4.0 25.08 13.04 25.08 10.77 12.0 10.77 6.4 17.8 14.87 11.7 23.0 11.0 7.28 10.77 6.4 6.4 11.0 13.6 0.0 5.0 4.12 18.44 7.07 23.35 7.07 8.06 8.6 7.07 19.31 13.04 7.28 14.87 14.87 7.28 6.4 25.08 9.9 11.0 19.31 14.87 25.08 13.04 23.0
18.03 29.15 30.68 29.15 29.61 35.44 10.0 30.68 35.44 0.0 27.78 29.61 22.8 3.0 34.0 30.68 34.0 15.23 34.0 0.0 18.25 4.0 14.87 0.0 3.0 27.78 29.15 27.78 22.8 10.0 4.0 15.23 15.23 15.0 0.0 24.74 7.21 14.87 29.15 0.0 34.0 15.23 35.44 29.15 34.0 7.21 14.87 0.0 29.61 34.0 6.0 36.77 15.0 34.0 18.44 24.74 18.25 12.53 34.0 3.0 34.0 15.0 25.08 15.0 15.23 4.0 7.21 6.0 35.44 10.0 19.7 15.0 15.23 15.23 10.0 24.74 14.87 11.66 18.44 29.61 12.37 36.77 12.37 22.8 18.03 12.37 29.15 3.0 19.7 7.21 0.0 19.7 15.23 34.0 18.25 10.0 29.15 7.21 34.0 3.0 35.44
25.5 3.0 4.0 3.0 0.0 6.4 29.27 4.0 6.4 29.61 9.43 0.0 13.6 29.15 7.81 4.0 7.81 24.35 7.81 29.61 11.4 30.68 18.44 29.61 29.15 9.43 3.0 9.43 13.6 29.27 30.68 24.35 24.35 15.23 29.61 5.0 25.08 18.44 3.0 29.61 7.81 24.35 6.4 3.0 7.81 25.08 18.44 29.61 0.0 7.81 29.0 9.43 15.23 7.81 18.79 5.0 11.4 18.0 7.81 29.15 7.81 15.23 7.21 15.23 24.35 30.68 25.08 29.0 6.4 29.27 11.18 15.23 24.35 24.35 29.27 5.0 18.44 23.35 18.79 0.0 17.26 9.43 17.26 13.6 25.5 17.26 3.0 29.15 11.18 25.08 29.61 11.18 24.35 7.81 11.4 29.27 3.0 25.08 7.81 29.15 6.4
32.76 5.83 11.18 5.83 7.81 10.0 35.44 11.18 10.0 34.0 17.2 7.81 21.26 34.13 0.0 11.18 0.0 31.3 0.0 34.0 16.28 34.23 25.08 34.0 34.13 17.2 5.83 17.2 21.26 35.44 34.23 31.3 31.3 19.0 34.0 11.66 28.28 25.08 5.83 34.0 0.0 31.3 10.0 5.83 0.0 28.28 25.08 34.0 7.81 0.0 34.53 14.0 19.0 0.0 26.08 11.66 16.28 23.77 0.0 34.13 0.0 19.0 14.87 19.0 31.3 34.23 28.28 34.53 10.0 35.44 17.89 19.0 31.3 31.3 35.44 11.66 25.08 29.73 26.08 7.81 22.2 14.0 22.2 21.26 32.76 22.2 5.83 34.13 17.89 28.28 34.0 17.89 31.3 0.0 16.28 35.44 5.83 28.28 0.0 34.13 10.0
12.53 29.15 29.27 29.15 29.0 34.23 4.0 29.27 34.23 6.0 25.3 29.0 19.7 3.0 34.53 29.27 34.53 10.0 34.53 6.0 18.25 10.0 11.7 6.0 3.0 25.3 29.15 25.3 19.7 4.0 10.0 10.0 10.0 16.16 6.0 24.0 11.66 11.7 29.15 6.0 34.53 10.0 34.23 29.15 34.53 11.66 11.7 6.0 29.0 34.53 0.0 34.93 16.16 34.53 14.42 24.0 18.25 11.0 34.53 3.0 34.53 16.16 23.35 16.16 10.0 10.0 11.66 0.0 34.23 4.0 18.11 16.16 10.0 10.0 4.0 24.0 11.7 7.21 14.42 29.0 12.37 34.93 12.37 19.7 12.53 12.37 29.15 3.0 18.11 11.66 6.0 18.11 10.0 34.53 18.25 4.0 29.15 11.66 34.53 3.0 34.23
28.16 12.08 6.4 12.08 9.43 4.0 34.23 6.4 4.0 36.77 10.0 9.43 16.0 35.74 14.0 6.4 14.0 28.0 14.0 36.77 19.42 38.47 23.35 36.77 35.74 10.0 12.08 10.0 16.0 34.23 38.47 28.0 28.0 23.6 36.77 12.81 33.29 23.35 12.08 36.77 14.0 28.0 4.0 12.08 14.0 33.29 23.35 36.77 9.43 14.0 34.93 0.0 23.6 14.0 22.0 12.81 19.42 24.35 14.0 35.74 14.0 23.6 11.7 23.6 28.0 38.47 33.29 34.93 4.0 34.23 17.09 23.6 28.0 28.0 34.23 12.81 23.35 28.28 22.0 9.43 24.6 0.0 24.6 16.0 28.16 24.6 12.08 35.74 17.09 33.29 36.77 17.09 28.0 14.0 19.42 34.23 12.08 33.29 14.0 35.74 4.0
19.24 14.32 17.2 14.32 15.23 21.47 18.03 17.2 21.47 15.0 16.64 15.23 14.32 15.3 19.0 17.2 19.0 16.64 19.0 15.0 4.24 15.52 10.77 15.0 15.3 16.64 14.32 16.64 14.32 18.03 15.52 16.64 16.64 0.0 15.0 10.82 9.85 10.77 14.32 15.0 19.0 16.64 21.47 14.32 19.0 9.85 10.77 15.0 15.23 19.0 16.16 23.6 0.0 19.0 14.32 10.82 4.24 7.21 19.0 15.3 19.0 0.0 12.81 0.0 16.64 15.52 9.85 16.16 21.47 18.03 8.54 0.0 16.64 16.64 18.03 10.82 10.77 13.45 14.32 15.23 4.24 23.6 4.24 14.32 19.24 4.24 14.32 15.3 8.54 9.85 15.0 8.54 16.64 19.0 4.24 18.03 14.32 9.85 19.0 15.3 21.47
32.76 5.83 11.18 5.83 7.81 10.0 35.44 11.18 10.0 34.0 17.2 7.81 21.26 34.13 0.0 11.18 0.0 31.3 0.0 34.0 16.28 34.23 25.08 34.0 34.13 17.2 5.83 17.2 21.26 35.44 34.23 31.3 31.3 19.0 34.0 11.66 28.28 25.08 5.83 34.0 0.0 31.3 10.0 5.83 0.0 28.28 25.08 34.0 7.81 0.0 34.53 14.0 19.0 0.0 26.08 11.66 16.28 23.77 0.0 34.13 0.0 19.0 14.87 19.0 31.3 34.23 28.28 34.53 10.0 35.44 17.89 19.0 31.3 31.3 35.44 11.66 25.08 29.73 26.08 7.81 22.2 14.0 22.2 21.26 32.76 22.2 5.83 34.13 17.89 28.28 34.0 17.89 31.3 0.0 16.28 35.44 5.83 28.28 0.0 34.13 10.0
6.71 20.25 17.46 20.25 18.79 22.36 12.65 17.46 22.36 18.44 12.0 18.79 6.0 16.28 26.08 17.46 26.08 6.0 26.08 18.44 12.53 21.63 4.12 18.44 16.28 12.0 20.25 12.0 6.0 12.65 21.63 6.0 6.0 14.32 18.44 14.42 18.97 4.12 20.25 18.44 26.08 6.0 22.36 20.25 26.08 18.97 4.12 18.44 18.79 26.08 14.42 22.0 14.32 26.08 0.0 14.42 12.53 8.06 26.08 16.28 26.08 14.32 11.7 14.32 6.0 21.63 18.97 14.42 22.36 12.65 8.49 14.32 6.0 6.0 12.65 14.42 4.12 7.21 0.0 18.79 11.0 22.0 11.0 6.0 6.71 11.0 20.25 16.28 8.49 18.97 18.44 8.49 6.0 26.08 12.53 12.65 20.25 18.97 26.08 16.28 22.36
21.1 5.83 6.4 5.83 5.0 10.77 24.33 6.4 10.77 24.74 8.0 5.0 10.0 24.19 11.66 6.4 11.66 19.7 11.66 24.74 6.71 26.0 13.6 24.74 24.19 8.0 5.83 8.0 10.0 24.33 26.0 19.7 19.7 10.82 24.74 0.0 20.59 13.6 5.83 24.74 11.66 19.7 10.77 5.83 11.66 20.59 13.6 24.74 5.0 11.66 24.0 12.81 10.82 11.66 14.42 0.0 6.71 13.0 11.66 24.19 11.66 10.82 4.12 10.82 19.7 26.0 20.59 24.0 10.77 24.33 6.32 10.82 19.7 19.7 24.33 0.0 13.6 18.44 14.42 5.0 12.37 12.81 12.37 10.0 21.1 12.37 5.83 24.19 6.32 20.59 24.74 6.32 19.7 11.66 6.71 24.33 5.83 20.59 11.66 24.19 10.77
18.44 11.0 13.04 11.0 11.4 17.46 19.31 13.04 17.46 18.25 12.53 11.4 11.0 18.0 16.28 13.04 16.28 16.28 16.28 18.25 0.0 19.31 9.9 18.25 18.0 12.53 11.0 12.53 11.0 19.31 19.31 16.28 16.28 4.24 18.25 6.71 13.89 9.9 11.0 18.25 16.28 16.28 17.46 11.0 16.28 13.89 9.9 18.25 11.4 16.28 18.25 19.42 4.24 16.28 12.53 6.71 0.0 7.62 16.28 18.0 16.28 4.24 8.6 4.24 16.28 19.31 13.89 18.25 17.46 19.31 5.0 4.24 16.28 16.28 19.31 6.71 9.9 13.89 12.53 11.4 6.0 19.42 6.0 11.0 18.44 6.0 11.0 18.0 5.0 13.89 18.25 5.0 16.28 16.28 0.0 19.31 11.0 13.89 16.28 18.0 17.46
12.08 18.25 18.44 18.25 18.0 23.35 11.7 18.44 23.35 12.53 15.26 18.0 10.63 11.4 23.77 18.44 23.77 9.43 23.77 12.53 7.62 14.87 4.0 12.53 11.4 15.26 18.25 15.26 10.63 11.7 14.87 9.43 9.43 7.21 12.53 13.0 11.18 4.0 18.25 12.53 23.77 9.43 23.35 18.25 23.77 11.18 4.0 12.53 18.0 23.77 11.0 24.35 7.21 23.77 8.06 13.0 7.62 0.0 23.77 11.4 23.77 7.21 12.65 7.21 9.43 14.87 11.18 11.0 23.35 11.7 7.28 7.21 9.43 9.43 11.7 13.0 4.0 6.4 8.06 18.0 3.16 24.35 3.16 10.63 12.08 3.16 18.25 11.4 7.28 11.18 12.53 7.28 9.43 23.77 7.62 11.7 18.25 11.18 23.77 11.4 23.35
32.76 5.83 11.18 5.83 7.81 10.0 35.44 11.18 10.0 34.0 17.2 7.81 21.26 34.13 0.0 11.18 0.0 31.3 0.0 34.0 16.28 34.23 25.08 34.0 34.13 17.2 5.83 17.2 21.26 35.44 34.23 31.3 31.3 19.0 34.0 11.66 28.28 25.08 5.83 34.0 0.0 31.3 10.0 5.83 0.0 28.28 25.08 34.0 7.81 0.0 34.53 14.0 19.0 0.0 26.08 11.66 16.28 23.77 0.0 34.13 0.0 19.0 14.87 19.0 31.3 34.23 28.28 34.53 10.0 35.44 17.89 19.0 31.3 31.3 35.44 11.66 25.08 29.73 26.08 7.81 22.2 14.0 22.2 21.26 32.76 22.2 5.83 34.13 17.89 28.28 34.0 17.89 31.3 0.0 16.28 35.44 5.83 28.28 0.0 34.13 10.0
15.23 29.0 29.83 29.0 29.15 34.71 7.0 29.83 34.71 3.0 26.4 29.15 21.1 0.0 34.13 29.83 34.13 12.53 34.13 3.0 18.0 7.0 13.04 3.0 0.0 26.4 29.0 26.4 21.1 7.0 7.0 12.53 12.53 15.3 3.0 24.19 9.22 13.04 29.0 3.0 34.13 12.53 34.71 29.0 34.13 9.22 13.04 3.0 29.15 34.13 3.0 35.74 15.3 34.13 16.28 24.19 18.0 11.4 34.13 0.0 34.13 15.3 24.04 15.3 12.53 7.0 9.22 3.0 34.71 7.0 18.68 15.3 12.53 12.53 7.0 24.19 13.04 9.22 16.28 29.15 12.0 35.74 12.0 21.1 15.23 12.0 29.0 0.0 18.68 9.22 3.0 18.68 12.53 34.13 18.0 7.0 29.0 9.22 34.13 0.0 34.71
32.76 5.83 11.18 5.83 7.81 10.0 35.44 11.18 10.0 34.0 17.2 7.81 21.26 34.13 0.0 11.18 0.0 31.3 0.0 34.0 16.28 34.23 25.08 34.0 34.13 17.2 5.83 17.2 21.26 35.44 34.23 31.3 31.3 19.0 34.0 11.66 28.28 25.08 5.83 34.0 0.0 31.3 10.0 5.83 0.0 28.28 25.08 34.0 7.81 0.0 34.53 14.0 19.0 0.0 26.08 11.66 16.28 23.77 0.0 34.13 0.0 19.0 14.87 19.0 31.3 34.23 28.28 34.53 10.0 35.44 17.89 19.0 31.3 31.3 35.44 11.66 25.08 29.73 26.08 7.81 22.2 14.0 22.2 21.26 32.76 22.2 5.83 34.13 17.89 28.28 34.0 17.89 31.3 0.0 16.28 35.44 5.83 28.28 0.0 34.13 10.0
19.24 14.32 17.2 14.32 15.23 21.47 18.03 17.2 21.47 15.0 16.64 15.23 14.32 15.3 19.0 17.2 19.0 16.64 19.0 15.0 4.24 15.52 10.77 15.0 15.3 16.64 14.32 16.64 14.32 18.03 15.52 16.64 16.64 0.0 15.0 10.82 9.85 10.77 14.32 15.0 19.0 16.64 21.47 14.32 19.0 9.85 10.77 15.0 15.23 19.0 16.16 23.6 0.0 19.0 14.32 10.82 4.24 7.21 19.0 15.3 19.0 0.0 12.81 0.0 16.64 15.52 9.85 16.16 21.47 18.03 8.54 0.0 16.64 16.64 18.03 10.82 10.77 13.45 14.32 15.23 4.24 23.6 4.24 14.32 19.24 4.24 14.32 15.3 8.54 9.85 15.0 8.54 16.64 19.0 4.24 18.03 14.32 9.85 19.0 15.3 21.47
18.38 9.22 6.0 9.22 7.21 11.0 23.0 6.0 11.0 25.08 4.12 7.21 6.4 24.04 14.87 6.0 14.87 17.46 14.87 25.08 8.6 26.93 12.0 25.08 24.04 4.12 9.22 4.12 6.4 23.0 26.93 17.46 17.46 12.81 25.08 4.12 22.02 12.0 9.22 25.08 14.87 17.46 11.0 9.22 14.87 22.02 12.0 25.08 7.21 14.87 23.35 11.7 12.81 14.87 11.7 4.12 8.6 12.65 14.87 24.04 14.87 12.81 0.0 12.81 17.46 26.93 22.02 23.35 11.0 23.0 5.39 12.81 17.46 17.46 23.0 4.12 12.0 17.0 11.7 7.21 13.04 11.7 13.04 6.4 18.38 13.04 9.22 24.04 5.39 22.02 25.08 5.39 17.46 14.87 8.6 23.0 9.22 22.02 14.87 24.04 11.0
19.24 14.32 17.2 14.32 15.23 21.47 18.03 17.2 21.47 15.0 16.64 15.23 14.32 15.3 19.0 17.2 19.0 16.64 19.0 15.0 4.24 15.52 10.77 15.0 15.3 16.64 14.32 16.64 14.32 18.03 15.52 16.64 16.64 0.0 15.0 10.82 9.85 10.77 14.32 15.0 19.0 16.64 21.47 14.32 19.0 9.85 10.77 15.0 15.23 19.0 16.16 23.6 0.0 19.0 14.32 10.82 4.24 7.21 19.0 15.3 19.0 0.0 12.81 0.0 16.64 15.52 9.85 16.16 21.47 18.03 8.54 0.0 16.64 16.64 18.03 10.82 10.77 13.45 14.32 15.23 4.24 23.6 4.24 14.32 19.24 4.24 14.32 15.3 8.54 9.85 15.0 8.54 16.64 19.0 4.24 18.03 14.32 9.85 19.0 15.3 21.47
3.0 25.5 23.35 25.5 24.35 28.28 7.21 23.35 28.28 15.23 18.0 24.35 12.0 12.53 31.3 23.35 31.3 0.0 31.3 15.23 16.28 18.97 6.4 15.23 12.53 18.0 25.5 18.0 12.0 7.21 18.97 0.0 0.0 16.64 15.23 19.7 18.0 6.4 25.5 15.23 31.3 0.0 28.28 25.5 31.3 18.0 6.4 15.23 24.35 31.3 10.0 28.0 16.64 31.3 6.0 19.7 16.28 9.43 31.3 12.53 31.3 16.64 17.46 16.64 0.0 18.97 18.0 10.0 28.28 7.21 13.42 16.64 0.0 0.0 7.21 19.7 6.4 4.0 6.0 24.35 12.53 28.0 12.53 12.0 3.0 12.53 25.5 12.53 13.42 18.0 15.23 13.42 0.0 31.3 16.28 7.21 25.5 18.0 31.3 12.53 28.28
21.84 29.83 32.2 29.83 30.68 36.77 14.0 32.2 36.77 4.0 30.0 30.68 25.46 7.0 34.23 32.2 34.23 18.97 34.23 4.0 19.31 0.0 17.8 4.0 7.0 30.0 29.83 30.0 25.46 14.0 0.0 18.97 18.97 15.52 4.0 26.0 6.0 17.8 29.83 4.0 34.23 18.97 36.77 29.83 34.23 6.0 17.8 4.0 30.68 34.23 10.0 38.47 15.52 34.23 21.63 26.0 19.31 14.87 34.23 7.0 34.23 15.52 26.93 15.52 18.97 0.0 6.0 10.0 36.77 14.0 21.63 15.52 18.97 18.97 14.0 26.0 17.8 15.23 21.63 30.68 13.89 38.47 13.89 25.46 21.84 13.89 29.83 7.0 21.63 6.0 4.0 21.63 18.97 34.23 19.31 14.0 29.83 6.0 34.23 7.0 36.77
21.0 24.04 26.93 24.04 25.08 31.3 15.23 26.93 31.3 7.21 25.46 25.08 21.63 9.22 28.28 26.93 28.28 18.0 28.28 7.21 13.89 6.0 14.87 7.21 9.22 25.46 24.04 25.46 21.63 15.23 6.0 18.0 18.0 9.85 7.21 20.59 0.0 14.87 24.04 7.21 28.28 18.0 31.3 24.04 28.28 0.0 14.87 7.21 25.08 28.28 11.66 33.29 9.85 28.28 18.97 20.59 13.89 11.18 28.28 9.22 28.28 9.85 22.02 9.85 18.0 6.0 0.0 11.66 31.3 15.23 16.97 9.85 18.0 18.0 15.23 20.59 14.87 14.0 18.97 25.08 9.22 33.29 9.22 21.63 21.0 9.22 24.04 9.22 16.97 0.0 7.21 16.97 18.0 28.28 13.89 15.23 24.04 0.0 28.28 9.22 31.3
12.53 29.15 29.27 29.15 29.0 34.23 4.0 29.27 34.23 6.0 25.3 29.0 19.7 3.0 34.53 29.27 34.53 10.0 34.53 6.0 18.25 10.0 11.7 6.0 3.0 25.3 29.15 25.3 19.7 4.0 10.0 10.0 10.0 16.16 6.0 24.0 11.66 11.7 29.15 6.0 34.53 10.0 34.23 29.15 34.53 11.66 11.7 6.0 29.0 34.53 0.0 34.93 16.16 34.53 14.42 24.0 18.25 11.0 34.53 3.0 34.53 16.16 23.35 16.16 10.0 10.0 11.66 0.0 34.23 4.0 18.11 16.16 10.0 10.0 4.0 24.0 11.7 7.21 14.42 29.0 12.37 34.93 12.37 19.7 12.53 12.37 29.15 3.0 18.11 11.66 6.0 18.11 10.0 34.53 18.25 4.0 29.15 11.66 34.53 3.0 34.23
28.86 8.6 5.0 8.6 6.4 0.0 34.0 5.0 0.0 35.44 10.77 6.4 16.49 34.71 10.0 5.0 10.0 28.28 10.0 35.44 17.46 36.77 23.0 35.44 34.71 10.77 8.6 10.77 16.49 34.0 36.77 28.28 28.28 21.47 35.44 10.77 31.3 23.0 8.6 35.44 10.0 28.28 0.0 8.6 10.0 31.3 23.0 35.44 6.4 10.0 34.23 4.0 21.47 10.0 22.36 10.77 17.46 23.35 10.0 34.71 10.0 21.47 11.0 21.47 28.28 36.77 31.3 34.23 0.0 34.0 16.12 21.47 28.28 28.28 34.0 10.77 23.0 28.0 22.36 6.4 23.09 4.0 23.09 16.49 28.86 23.09 8.6 34.71 16.12 31.3 35.44 16.12 28.28 10.0 17.46 34.0 8.6 31.3 10.0 34.71 0.0
9.22 29.83 29.0 29.83 29.27 34.0 0.0 29.0 34.0 10.0 24.33 29.27 18.44 7.0 35.44 29.0 35.44 7.21 35.44 10.0 19.31 14.0 11.0 10.0 7.0 24.33 29.83 24.33 18.44 0.0 14.0 7.21 7.21 18.03 10.0 24.33 15.23 11.0 29.83 10.0 35.44 7.21 34.0 29.83 35.44 15.23 11.0 10.0 29.27 35.44 4.0 34.23 18.03 35.44 12.65 24.33 19.31 11.7 35.44 7.0 35.44 18.03 23.0 18.03 7.21 14.0 15.23 4.0 34.0 0.0 18.11 18.03 7.21 7.21 0.0 24.33 11.0 6.0 12.65 29.27 13.89 34.23 13.89 18.44 9.22 13.89 29.83 7.0 18.11 15.23 10.0 18.11 7.21 35.44 19.31 0.0 29.83 15.23 35.44 7.0 34.0
15.0 12.08 11.18 12.08 11.18 16.12 18.11 11.18 16.12 19.7 8.49 11.18 6.0 18.68 17.89 11.18 17.89 13.42 17.89 19.7 5.0 21.63 7.28 19.7 18.68 8.49 12.08 8.49 6.0 18.11 21.63 13.42 13.42 8.54 19.7 6.32 16.97 7.28 12.08 19.7 17.89 13.42 16.12 12.08 17.89 16.97 7.28 19.7 11.18 17.89 18.11 17.09 8.54 17.89 8.49 6.32 5.0 7.28 17.89 18.68 17.89 8.54 5.39 8.54 13.42 21.63 16.97 18.11 16.12 18.11 0.0 8.54 13.42 13.42 18.11 6.32 7.28 12.17 8.49 11.18 7.81 17.09 7.81 6.0 15.0 7.81 12.08 18.68 0.0 16.97 19.7 0.0 13.42 17.89 5.0 18.11 12.08 16.97 17.89 18.68 16.12
19.24 14.32 17.2 14.32 15.23 21.47 18.03 17.2 21.47 15.0 16.64 15.23 14.32 15.3 19.0 17.2 19.0 16.64 19.0 15.0 4.24 15.52 10.77 15.0 15.3 16.64 14.32 16.64 14.32 18.03 15.52 16.64 16.64 0.0 15.0 10.82 9.85 10.77 14.32 15.0 19.0 16.64 21.47 14.32 19.0 9.85 10.77 15.0 15.23 19.0 16.16 23.6 0.0 19.0 14.32 10.82 4.24 7.21 19.0 15.3 19.0 0.0 12.81 0.0 16.64 15.52 9.85 16.16 21.47 18.03 8.54 0.0 16.64 16.64 18.03 10.82 10.77 13.45 14.32 15.23 4.24 23.6 4.24 14.32 19.24 4.24 14.32 15.3 8.54 9.85 15.0 8.54 16.64 19.0 4.24 18.03 14.32 9.85 19.0 15.3 21.47
3.0 25.5 23.35 25.5 24.35 28.28 7.21 23.35 28.28 15.23 18.0 24.35 12.0 12.53 31.3 23.35 31.3 0.0 31.3 15.23 16.28 18.97 6.4 15.23 12.53 18.0 25.5 18.0 12.0 7.21 18.97 0.0 0.0 16.64 15.23 19.7 18.0 6.4 25.5 15.23 31.3 0.0 28.28 25.5 31.3 18.0 6.4 15.23 24.35 31.3 10.0 28.0 16.64 31.3 6.0 19.7 16.28 9.43 31.3 12.53 31.3 16.64 17.46 16.64 0.0 18.97 18.0 10.0 28.28 7.21 13.42 16.64 0.0 0.0 7.21 19.7 6.4 4.0 6.0 24.35 12.53 28.0 12.53 12.0 3.0 12.53 25.5 12.53 13.42 18.0 15.23 13.42 0.0 31.3 16.28 7.21 25.5 18.0 31.3 12.53 28.28
3.0 25.5 23.35 25.5 24.35 28.28 7.21 23.35 28.28 15.23 18.0 24.35 12.0 12.53 31.3 23.35 31.3 0.0 31.3 15.23 16.28 18.97 6.4 15.23 12.53 18.0 25.5 18.0 12.0 7.21 18.97 0.0 0.0 16.64 15.23 19.7 18.0 6.4 25.5 15.23 31.3 0.0 28.28 25.5 31.3 18.0 6.4 15.23 24.35 31.3 10.0 28.0 16.64 31.3 6.0 19.7 16.28 9.43 31.3 12.53 31.3 16.64 17.46 16.64 0.0 18.97 18.0 10.0 28.28 7.21 13.42 16.64 0.0 0.0 7.21 19.7 6.4 4.0 6.0 24.35 12.53 28.0 12.53 12.0 3.0 12.53 25.5 12.53 13.42 18.0 15.23 13.42 0.0 31.3 16.28 7.21 25.5 18.0 31.3 12.53 28.28
9.22 29.83 29.0 29.83 29.27 34.0 0.0 29.0 34.0 10.0 24.33 29.27 18.44 7.0 35.44 29.0 35.44 7.21 35.44 10.0 19.31 14.0 11.0 10.0 7.0 24.33 29.83 24.33 18.44 0.0 14.0 7.21 7.21 18.03 10.0 24.33 15.23 11.0 29.83 10.0 35.44 7.21 34.0 29.83 35.44 15.23 11.0 10.0 29.27 35.44 4.0 34.23 18.03 35.44 12.65 24.33 19.31 11.7 35.44 7.0 35.44 18.03 23.0 18.03 7.21 14.0 15.23 4.0 34.0 0.0 18.11 18.03 7.21 7.21 0.0 24.33 11.0 6.0 12.65 29.27 13.89 34.23 13.89 18.44 9.22 13.89 29.83 7.0 18.11 15.23 10.0 18.11 7.21 35.44 19.31 0.0 29.83 15.23 35.44 7.0 34.0
21.1 5.83 6.4 5.83 5.0 10.77 24.33 6.4 10.77 24.74 8.0 5.0 10.0 24.19 11.66 6.4 11.66 19.7 11.66 24.74 6.71 26.0 13.6 24.74 24.19 8.0 5.83 8.0 10.0 24.33 26.0 19.7 19.7 10.82 24.74 0.0 20.59 13.6 5.83 24.74 11.66 19.7 10.77 5.83 11.66 20.59 13.6 24.74 5.0 11.66 24.0 12.81 10.82 11.66 14.42 0.0 6.71 13.0 11.66 24.19 11.66 10.82 4.12 10.82 19.7 26.0 20.59 24.0 10.77 24.33 6.32 10.82 19.7 19.7 24.33 0.0 13.6 18.44 14.42 5.0 12.37 12.81 12.37 10.0 21.1 12.37 5.83 24.19 6.32 20.59 24.74 6.32 19.7 11.66 6.71 24.33 5.83 20.59 11.66 24.19 10.77
8.6 19.31 18.0 19.31 18.44 23.0 11.0 18.0 23.0 14.87 13.6 18.44 8.06 13.04 25.08 18.0 25.08 6.4 25.08 14.87 9.9 17.8 0.0 14.87 13.04 13.6 19.31 13.6 8.06 11.0 17.8 6.4 6.4 10.77 14.87 13.6 14.87 0.0 19.31 14.87 25.08 6.4 23.0 19.31 25.08 14.87 0.0 14.87 18.44 25.08 11.7 23.35 10.77 25.08 4.12 13.6 9.9 4.0 25.08 13.04 25.08 10.77 12.0 10.77 6.4 17.8 14.87 11.7 23.0 11.0 7.28 10.77 6.4 6.4 11.0 13.6 0.0 5.0 4.12 18.44 7.07 23.35 7.07 8.06 8.6 7.07 19.31 13.04 7.28 14.87 14.87 7.28 6.4 25.08 9.9 11.0 19.31 14.87 25.08 13.04 23.0
7.0 24.04 23.0 24.04 23.35 28.0 6.0 23.0 28.0 11.66 18.44 23.35 12.65 9.22 29.73 23.0 29.73 4.0 29.73 11.66 13.89 15.23 5.0 11.66 9.22 18.44 24.04 18.44 12.65 6.0 15.23 4.0 4.0 13.45 11.66 18.44 14.0 5.0 24.04 11.66 29.73 4.0 28.0 24.04 29.73 14.0 5.0 11.66 23.35 29.73 7.21 28.28 13.45 29.73 7.21 18.44 13.89 6.4 29.73 9.22 29.73 13.45 17.0 13.45 4.0 15.23 14.0 7.21 28.0 6.0 12.17 13.45 4.0 4.0 6.0 18.44 5.0 0.0 7.21 23.35 9.22 28.28 9.22 12.65 7.0 9.22 24.04 9.22 12.17 14.0 11.66 12.17 4.0 29.73 13.89 6.0 24.04 14.0 29.73 9.22 28.0
6.71 20.25 17.46 20.25 18.79 22.36 12.65 17.46 22.36 18.44 12.0 18.79 6.0 16.28 26.08 17.46 26.08 6.0 26.08 18.44 12.53 21.63 4.12 18.44 16.28 12.0 20.25 12.0 6.0 12.65 21.63 6.0 6.0 14.32 18.44 14.42 18.97 4.12 20.25 18.44 26.08 6.0 22.36 20.25 26.08 18.97 4.12 18.44 18.79 26.08 14.42 22.0 14.32 26.08 0.0 14.42 12.53 8.06 26.08 16.28 26.08 14.32 11.7 14.32 6.0 21.63 18.97 14.42 22.36 12.65 8.49 14.32 6.0 6.0 12.65 14.42 4.12 7.21 0.0 18.79 11.0 22.0 11.0 6.0 6.71 11.0 20.25 16.28 8.49 18.97 18.44 8.49 6.0 26.08 12.53 12.65 20.25 18.97 26.08 16.28 22.36
25.5 3.0 4.0 3.0 0.0 6.4 29.27 4.0 6.4 29.61 9.43 0.0 13.6 29.15 7.81 4.0 7.81 24.35 7.81 29.61 11.4 30.68 18.44 29.61 29.15 9.43 3.0 9.43 13.6 29.27 30.68 24.35 24.35 15.23 29.61 5.0 25.08 18.44 3.0 29.61 7.81 24.35 6.4 3.0 7.81 25.08 18.44 29.61 0.0 7.81 29.0 9.43 15.23 7.81 18.79 5.0 11.4 18.0 7.81 29.15 7.81 15.23 7.21 15.23 24.35 30.68 25.08 29.0 6.4 29.27 11.18 15.23 24.35 24.35 29.27 5.0 18.44 23.35 18.79 0.0 17.26 9.43 17.26 13.6 25.5 17.26 3.0 29.15 11.18 25.08 29.61 11.18 24.35 7.81 11.4 29.27 3.0 25.08 7.81 29.15 6.4
15.23 17.0 18.38 17.0 17.26 23.09 13.89 18.38 23.09 12.37 16.28 17.26 12.53 12.0 22.2 18.38 22.2 12.53 22.2 12.37 6.0 13.89 7.07 12.37 12.0 16.28 17.0 16.28 12.53 13.89 13.89 12.53 12.53 4.24 12.37 12.37 9.22 7.07 17.0 12.37 22.2 12.53 23.09 17.0 22.2 9.22 7.07 12.37 17.26 22.2 12.37 24.6 4.24 22.2 11.0 12.37 6.0 3.16 22.2 12.0 22.2 4.24 13.04 4.24 12.53 13.89 9.22 12.37 23.09 13.89 7.81 4.24 12.53 12.53 13.89 12.37 7.07 9.22 11.0 17.26 0.0 24.6 0.0 12.53 15.23 0.0 17.0 12.0 7.81 9.22 12.37 7.81 12.53 22.2 6.0 13.89 17.0 9.22 22.2 12.0 23.09
28.16 12.08 6.4 12.08 9.43 4.0 34.23 6.4 4.0 36.77 10.0 9.43 16.0 35.74 14.0 6.4 14.0 28.0 14.0 36.77 19.42 38.47 23.35 36.77 35.74 10.0 12.08 10.0 16.0 34.23 38.47 28.0 28.0 23.6 36.77 12.81 33.29 23.35 12.08 36.77 14.0 28.0 4.0 12.08 14.0 33.29 23.35 36.77 9.43 14.0 34.93 0.0 23.6 14.0 22.0 12.81 19.42 24.35 14.0 35.74 14.0 23.6 11.7 23.6 28.0 38.47 33.29 34.93 4.0 34.23 17.09 23.6 28.0 28.0 34.23 12.81 23.35 28.28 22.0 9.43 24.6 0.0 24.6 16.0 28.16 24.6 12.08 35.74 17.09 33.29 36.77 17.09 28.0 14.0 19.42 34.23 12.08 33.29 14.0 35.74 4.0
15.23 17.0 18.38 17.0 17.26 23.09 13.89 18.38 23.09 12.37 16.28 17.26 12.53 12.0 22.2 18.38 22.2 12.53 22.2 12.37 6.0 13.89 7.07 12.37 12.0 16.28 17.0 16.28 12.53 13.89 13.89 12.53 12.53 4.24 12.37 12.37 9.22 7.07 17.0 12.37 22.2 12.53 23.09 17.0 22.2 9.22 7.07 12.37 17.26 22.2 12.37 24.6 4.24 22.2 11.0 12.37 6.0 3.16 22.2 12.0 22.2 4.24 13.04 4.24 12.53 13.89 9.22 12.37 23.09 13.89 7.81 4.24 12.53 12.53 13.89 12.37 7.07 9.22 11.0 17.26 0.0 24.6 0.0 12.53 15.23 0.0 17.0 12.0 7.81 9.22 12.37 7.81 12.53 22.2 6.0 13.89 17.0 9.22 22.2 12.0 23.09
12.37 15.56 11.7 15.56 13.6 16.49 18.44 11.7 16.49 22.8 6.0 13.6 0.0 21.1 21.26 11.7 21.26 12.0 21.26 22.8 11.0 25.46 8.06 22.8 21.1 6.0 15.56 6.0 0.0 18.44 25.46 12.0 12.0 14.32 22.8 10.0 21.63 8.06 15.56 22.8 21.26 12.0 16.49 15.56 21.26 21.63 8.06 22.8 13.6 21.26 19.7 16.0 14.32 21.26 6.0 10.0 11.0 10.63 21.26 21.1 21.26 14.32 6.4 14.32 12.0 25.46 21.63 19.7 16.49 18.44 6.0 14.32 12.0 12.0 18.44 10.0 8.06 12.65 6.0 13.6 12.53 16.0 12.53 0.0 12.37 12.53 15.56 21.1 6.0 21.63 22.8 6.0 12.0 21.26 11.0 18.44 15.56 21.63 21.26 21.1 16.49
0.0 26.93 24.04 26.93 25.5 28.86 9.22 24.04 28.86 18.03 18.25 25.5 12.37 15.23 32.76 24.04 32.76 3.0 32.76 18.03 18.44 21.84 8.6 18.03 15.23 18.25 26.93 18.25 12.37 9.22 21.84 3.0 3.0 19.24 18.03 21.1 21.0 8.6 26.93 18.03 32.76 3.0 28.86 26.93 32.76 21.0 8.6 18.03 25.5 32.76 12.53 28.16 19.24 32.76 6.71 21.1 18.44 12.08 32.76 15.23 32.76 19.24 18.38 19.24 3.0 21.84 21.0 12.53 28.86 9.22 15.0 19.24 3.0 3.0 9.22 21.1 8.6 7.0 6.71 25.5 15.23 28.16 15.23 12.37 0.0 15.23 26.93 15.23 15.0 21.0 18.03 15.0 3.0 32.76 18.44 9.22 26.93 21.0 32.76 15.23 28.86
15.23 17.0 18.38 17.0 17.26 23.09 13.89 18.38 23.09 12.37 16.28 17.26 12.53 12.0 22.2 18.38 22.2 12.53 22.2 12.37 6.0 13.89 7.07 12.37 12.0 16.28 17.0 16.28 12.53 13.89 13.89 12.53 12.53 4.24 12.37 12.37 9.22 7.07 17.0 12.37 22.2 12.53 23.09 17.0 22.2 9.22 7.07 12.37 17.26 22.2 12.37 24.6 4.24 22.2 11.0 12.37 6.0 3.16 22.2 12.0 22.2 4.24 13.04 4.24 12.53 13.89 9.22 12.37 23.09 13.89 7.81 4.24 12.53 12.53 13.89 12.37 7.07 9.22 11.0 17.26 0.0 24.6 0.0 12.53 15.23 0.0 17.0 12.0 7.81 9.22 12.37 7.81 12.53 22.2 6.0 13.89 17.0 9.22 22.2 12.0 23.09
26.93 0.0 7.0 0.0 3.0 8.6 29.83 7.0 8.6 29.15 12.08 3.0 15.56 29.0 5.83 7.0 5.83 25.5 5.83 29.15 11.0 29.83 19.31 29.15 29.0 12.08 0.0 12.08 15.56 29.83 29.83 25.5 25.5 14.32 29.15 5.83 24.04 19.31 0.0 29.15 5.83 25.5 8.6 0.0 5.83 24.04 19.31 29.15 3.0 5.83 29.15 12.08 14.32 5.83 20.25 5.83 11.0 18.25 5.83 29.0 5.83 14.32 9.22 14.32 25.5 29.83 24.04 29.15 8.6 29.83 12.08 14.32 25.5 25.5 29.83 5.83 19.31 24.04 20.25 3.0 17.0 12.08 17.0 15.56 26.93 17.0 0.0 29.0 12.08 24.04 29.15 12.08 25.5 5.83 11.0 29.83 0.0 24.04 5.83 29.0 8.6
15.23 29.0 29.83 29.0 29.15 34.71 7.0 29.83 34.71 3.0 26.4 29.15 21.1 0.0 34.13 29.83 34.13 12.53 34.13 3.0 18.0 7.0 13.04 3.0 0.0 26.4 29.0 26.4 21.1 7.0 7.0 12.53 12.53 15.3 3.0 24.19 9.22 13.04 29.0 3.0 34.13 12.53 34.71 29.0 34.13 9.22 13.04 3.0 29.15 34.13 3.0 35.74 15.3 34.13 16.28 24.19 18.0 11.4 34.13 0.0 34.13 15.3 24.04 15.3 12.53 7.0 9.22 3.0 34.71 7.0 18.68 15.3 12.53 12.53 7.0 24.19 13.04 9.22 16.28 29.15 12.0 35.74 12.0 21.1 15.23 12.0 29.0 0.0 18.68 9.22 3.0 18.68 12.53 34.13 18.0 7.0 29.0 9.22 34.13 0.0 34.71
15.0 12.08 11.18 12.08 11.18 16.12 18.11 11.18 16.12 19.7 8.49 11.18 6.0 18.68 17.89 11.18 17.89 13.42 17.89 19.7 5.0 21.63 7.28 19.7 18.68 8.49 12.08 8.49 6.0 18.11 21.63 13.42 13.42 8.54 19.7 6.32 16.97 7.28 12.08 19.7 17.89 13.42 16.12 12.08 17.89 16.97 7.28 19.7 11.18 17.89 18.11 17.09 8.54 17.89 8.49 6.32 5.0 7.28 17.89 18.68 17.89 8.54 5.39 8.54 13.42 21.63 16.97 18.11 16.12 18.11 0.0 8.54 13.42 13.42 18.11 6.32 7.28 12.17 8.49 11.18 7.81 17.09 7.81 6.0 15.0 7.81 12.08 18.68 0.0 16.97 19.7 0.0 13.42 17.89 5.0 18.11 12.08 16.97 17.89 18.68 16.12
21.0 24.04 26.93 24.04 25.08 31.3 15.23 26.93 31.3 7.21 25.46 25.08 21.63 9.22 28.28 26.93 28.28 18.0 28.28 7.21 13.89 6.0 14.87 7.21 9.22 25.46 24.04 25.46 21.63 15.23 6.0 18.0 18.0 9.85 7.21 20.59 0.0 14.87 24.04 7.21 28.28 18.0 31.3 24.04 28.28 0.0 14.87 7.21 25.08 28.28 11.66 33.29 9.85 28.28 18.97 20.59 13.89 11.18 28.28 9.22 28.28 9.85 22.02 9.85 18.0 6.0 0.0 11.66 31.3 15.23 16.97 9.85 18.0 18.0 15.23 20.59 14.87 14.0 18.97 25.08 9.22 33.29 9.22 21.63 21.0 9.22 24.04 9.22 16.97 0.0 7.21 16.97 18.0 28.28 13.89 15.23 24.04 0.0 28.28 9.22 31.3
18.03 29.15 30.68 29.15 29.61 35.44 10.0 30.68 35.44 0.0 27.78 29.61 22.8 3.0 34.0 30.68 34.0 15.23 34.0 0.0 18.25 4.0 14.87 0.0 3.0 27.78 29.15 27.78 22.8 10.0 4.0 15.23 15.23 15.0 0.0 24.74 7.21 14.87 29.15 0.0 34.0 15.23 35.44 29.15 34.0 7.21 14.87 0.0 29.61 34.0 6.0 36.77 15.0 34.0 18.44 24.74 18.25 12.53 34.0 3.0 34.0 15.0 25.08 15.0 15.23 4.0 7.21 6.0 35.44 10.0 19.7 15.0 15.23 15.23 10.0 24.74 14.87 11.66 18.44 29.61 12.37 36.77 12.37 22.8 18.03 12.37 29.15 3.0 19.7 7.21 0.0 19.7 15.23 34.0 18.25 10.0 29.15 7.21 34.0 3.0 35.44
15.0 12.08 11.18 12.08 11.18 16.12 18.11 11.18 16.12 19.7 8.49 11.18 6.0 18.68 17.89 11.18 17.89 13.42 17.89 19.7 5.0 21.63 7.28 19.7 18.68 8.49 12.08 8.49 6.0 18.11 21.63 13.42 13.42 8.54 19.7 6.32 16.97 7.28 12.08 19.7 17.89 13.42 16.12 12.08 17.89 16.97 7.28 19.7 11.18 17.89 18.11 17.09 8.54 17.89 8.49 6.32 5.0 7.28 17.89 18.68 17.89 8.54 5.39 8.54 13.42 21.63 16.97 18.11 16.12 18.11 0.0 8.54 13.42 13.42 18.11 6.32 7.28 12.17 8.49 11.18 7.81 17.09 7.81 6.0 15.0 7.81 12.08 18.68 0.0 16.97 19.7 0.0 13.42 17.89 5.0 18.11 12.08 16.97 17.89 18.68 16.12
3.0 25.5 23.35 25.5 24.35 28.28 7.21 23.35 28.28 15.23 18.0 24.35 12.0 12.53 31.3 23.35 31.3 0.0 31.3 15.23 16.28 18.97 6.4 15.23 12.53 18.0 25.5 18.0 12.0 7.21 18.97 0.0 0.0 16.64 15.23 19.7 18.0 6.4 25.5 15.23 31.3 0.0 28.28 25.5 31.3 18.0 6.4 15.23 24.35 31.3 10.0 28.0 16.64 31.3 6.0 19.7 16.28 9.43 31.3 12.53 31.3 16.64 17.46 16.64 0.0 18.97 18.0 10.0 28.28 7.21 13.42 16.64 0.0 0.0 7.21 19.7 6.4 4.0 6.0 24.35 12.53 28.0 12.53 12.0 3.0 12.53 25.5 12.53 13.42 18.0 15.23 13.42 0.0 31.3 16.28 7.21 25.5 18.0 31.3 12.53 28.28
32.76 5.83 11.18 5.83 7.81 10.0 35.44 11.18 10.0 34.0 17.2 7.81 21.26 34.13 0.0 11.18 0.0 31.3 0.0 34.0 16.28 34.23 25.08 34.0 34.13 17.2 5.83 17.2 21.26 35.44 34.23 31.3 31.3 19.0 34.0 11.66 28.28 25.08 5.83 34.0 0.0 31.3 10.0 5.83 0.0 28.28 25.08 34.0 7.81 0.0 34.53 14.0 19.0 0.0 26.08 11.66 16.28 23.77 0.0 34.13 0.0 19.0 14.87 19.0 31.3 34.23 28.28 34.53 10.0 35.44 17.89 19.0 31.3 31.3 35.44 11.66 25.08 29.73 26.08 7.81 22.2 14.0 22.2 21.26 32.76 22.2 5.83 34.13 17.89 28.28 34.0 17.89 31.3 0.0 16.28 35.44 5.83 28.28 0.0 34.13 10.0
18.44 11.0 13.04 11.0 11.4 17.46 19.31 13.04 17.46 18.25 12.53 11.4 11.0 18.0 16.28 13.04 16.28 16.28 16.28 18.25 0.0 19.31 9.9 18.25 18.0 12.53 11.0 12.53 11.0 19.31 19.31 16.28 16.28 4.24 18.25 6.71 13.89 9.9 11.0 18.25 16.28 16.28 17.46 11.0 16.28 13.89 9.9 18.25 11.4 16.28 18.25 19.42 4.24 16.28 12.53 6.71 0.0 7.62 16.28 18.0 16.28 4.24 8.6 4.24 16.28 19.31 13.89 18.25 17.46 19.31 5.0 4.24 16.28 16.28 19.31 6.71 9.9 13.89 12.53 11.4 6.0 19.42 6.0 11.0 18.44 6.0 11.0 18.0 5.0 13.89 18.25 5.0 16.28 16.28 0.0 19.31 11.0 13.89 16.28 18.0 17.46
9.22 29.83 29.0 29.83 29.27 34.0 0.0 29.0 34.0 10.0 24.33 29.27 18.44 7.0 35.44 29.0 35.44 7.21 35.44 10.0 19.31 14.0 11.0 10.0 7.0 24.33 29.83 24.33 18.44 0.0 14.0 7.21 7.21 18.03 10.0 24.33 15.23 11.0 29.83 10.0 35.44 7.21 34.0 29.83 35.44 15.23 11.0 10.0 29.27 35.44 4.0 34.23 18.03 35.44 12.65 24.33 19.31 11.7 35.44 7.0 35.44 18.03 23.0 18.03 7.21 14.0 15.23 4.0 34.0 0.0 18.11 18.03 7.21 7.21 0.0 24.33 11.0 6.0 12.65 29.27 13.89 34.23 13.89 18.44 9.22 13.89 29.83 7.0 18.11 15.23 10.0 18.11 7.21 35.44 19.31 0.0 29.83 15.23 35.44 7.0 34.0
26.93 0.0 7.0 0.0 3.0 8.6 29.83 7.0 8.6 29.15 12.08 3.0 15.56 29.0 5.83 7.0 5.83 25.5 5.83 29.15 11.0 29.83 19.31 29.15 29.0 12.08 0.0 12.08 15.56 29.83 29.83 25.5 25.5 14.32 29.15 5.83 24.04 19.31 0.0 29.15 5.83 25.5 8.6 0.0 5.83 24.04 19.31 29.15 3.0 5.83 29.15 12.08 14.32 5.83 20.25 5.83 11.0 18.25 5.83 29.0 5.83 14.32 9.22 14.32 25.5 29.83 24.04 29.15 8.6 29.83 12.08 14.32 25.5 25.5 29.83 5.83 19.31 24.04 20.25 3.0 17.0 12.08 17.0 15.56 26.93 17.0 0.0 29.0 12.08 24.04 29.15 12.08 25.5 5.83 11.0 29.83 0.0 24.04 5.83 29.0 8.6
21.0 24.04 26.93 24.04 25.08 31.3 15.23 26.93 31.3 7.21 25.46 25.08 21.63 9.22 28.28 26.93 28.28 18.0 28.28 7.21 13.89 6.0 14.87 7.21 9.22 25.46 24.04 25.46 21.63 15.23 6.0 18.0 18.0 9.85 7.21 20.59 0.0 14.87 24.04 7.21 28.28 18.0 31.3 24.04 28.28 0.0 14.87 7.21 25.08 28.28 11.66 33.29 9.85 28.28 18.97 20.59 13.89 11.18 28.28 9.22 28.28 9.85 22.02 9.85 18.0 6.0 0.0 11.66 31.3 15.23 16.97 9.85 18.0 18.0 15.23 20.59 14.87 14.0 18.97 25.08 9.22 33.29 9.22 21.63 21.0 9.22 24.04 9.22 16.97 0.0 7.21 16.97 18.0 28.28 13.89 15.23 24.04 0.0 28.28 9.22 31.3
32.76 5.83 11.18 5.83 7.81 10.0 35.44 11.18 10.0 34.0 17.2 7.81 21.26 34.13 0.0 11.18 0.0 31.3 0.0 34.0 16.28 34.23 25.08 34.0 34.13 17.2 5.83 17.2 21.26 35.44 34.23 31.3 31.3 19.0 34.0 11.66 28.28 25.08 5.83 34.0 0.0 31.3 10.0 5.83 0.0 28.28 25.08 34.0 7.81 0.0 34.53 14.0 19.0 0.0 26.08 11.66 16.28 23.77 0.0 34.13 0.0 19.0 14.87 19.0 31.3 34.23 28.28 34.53 10.0 35.44 17.89 19.0 31.3 31.3 35.44 11.66 25.08 29.73 26.08 7.81 22.2 14.0 22.2 21.26 32.76 22.2 5.83 34.13 17.89 28.28 34.0 17.89 31.3 0.0 16.28 35.44 5.83 28.28 0.0 34.13 10.0
15.23 29.0 29.83 29.0 29.15 34.71 7.0 29.83 34.71 3.0 26.4 29.15 21.1 0.0 34.13 29.83 34.13 12.53 34.13 3.0 18.0 7.0 13.04 3.0 0.0 26.4 29.0 26.4 21.1 7.0 7.0 12.53 12.53 15.3 3.0 24.19 9.22 13.04 29.0 3.0 34.13 12.53 34.71 29.0 34.13 9.22 13.04 3.0 29.15 34.13 3.0 35.74 15.3 34.13 16.28 24.19 18.0 11.4 34.13 0.0 34.13 15.3 24.04 15.3 12.53 7.0 9.22 3.0 34.71 7.0 18.68 15.3 12.53 12.53 7.0 24.19 13.04 9.22 16.28 29.15 12.0 35.74 12.0 21.1 15.23 12.0 29.0 0.0 18.68 9.22 3.0 18.68 12.53 34.13 18.0 7.0 29.0 9.22 34.13 0.0 34.71
28.86 8.6 5.0 8.6 6.4 0.0 34.0 5.0 0.0 35.44 10.77 6.4 16.49 34.71 10.0 5.0 10.0 28.28 10.0 35.44 17.46 36.77 23.0 35.44 34.71 10.77 8.6 10.77 16.49 34.0 36.77 28.28 28.28 21.47 35.44 10.77 31.3 23.0 8.6 35.44 10.0 28.28 0.0 8.6 10.0 31.3 23.0 35.44 6.4 10.0 34.23 4.0 21.47 10.0 22.36 10.77 17.46 23.35 10.0 34.71 10.0 21.47 11.0 21.47 28.28 36.77 31.3 34.23 0.0 34.0 16.12 21.47 28.28 28.28 34.0 10.77 23.0 28.0 22.36 6.4 23.09 4.0 23.09 16.49 28.86 23.09 8.6 34.71 16.12 31.3 35.44 16.12 28.28 10.0 17.46 34.0 8.6 31.3 10.0 34.71 0.0
