0.0 3.75 10.09 26.34 25.47 3.75 13.52 25.47 16.77 16.05 26.34 7.72 13.52 18.26 18.26 15.61 0.0 6.75 13.52 18.26 0.0 18.26 16.05 3.75 3.75 6.75 16.05 16.05 20.19 6.75 16.05 16.77 3.75 16.05 18.26 16.77 26.34 15.61 13.12 13.12 13.12 15.61 26.34 13.52 13.52 6.75 16.77 15.61 0.0 16.77 10.09 13.52 3.75 3.75 15.61 20.19 20.19 13.52 16.05 15.61 20.19 20.19 16.77 6.75 13.12 18.26 3.75 18.26 15.61 16.05 0.0 25.47 16.77 20.19 13.52 6.75 6.75 0.0 7.72 13.52 26.34
3.75 0.0 7.72 25.3 24.85 0.0 11.86 24.85 15.46 14.09 25.3 6.75 11.86 17.4 17.4 13.79 3.75 7.72 11.86 17.4 3.75 17.4 14.09 0.0 0.0 7.72 14.09 14.09 19.12 7.72 14.09 15.46 0.0 14.09 17.4 15.46 25.3 13.79 10.09 10.09 10.09 13.79 25.3 11.86 11.86 7.72 15.46 13.79 3.75 15.46 7.72 11.86 0.0 0.0 13.79 19.12 19.12 11.86 14.09 13.79 19.12 19.12 15.46 7.72 10.09 17.4 0.0 17.4 13.79 14.09 3.75 24.85 15.46 19.12 11.86 7.72 7.72 3.75 6.75 11.86 25.3
10.09 7.72 0.0 18.06 18.06 7.72 4.5 18.06 8.25 6.41 18.06 3.75 4.5 10.61 10.61 6.18 10.09 7.5 4.5 10.61 10.09 10.61 6.41 7.72 7.72 7.5 6.41 6.41 12.0 7.5 6.41 8.25 7.72 6.41 10.61 8.25 18.06 6.18 3.75 3.75 3.75 6.18 18.06 4.5 4.5 7.5 8.25 6.18 10.09 8.25 0.0 4.5 7.72 7.72 6.18 12.0 12.0 4.5 6.41 6.18 12.0 12.0 8.25 7.5 3.75 10.61 7.72 10.61 6.18 6.41 10.09 18.06 8.25 12.0 4.5 7.5 7.5 10.09 3.75 4.5 18.06
26.34 25.3 18.06 0.0 3.0 25.3 13.58 3.0 9.86 12.02 0.0 18.75 13.58 8.08 8.08 12.0 26.34 20.12 13.58 8.08 26.34 8.08 12.02 25.3 25.3 20.12 12.02 12.02 6.18 20.12 12.02 9.86 25.3 12.02 8.08 9.86 0.0 12.0 18.14 18.14 18.14 12.0 0.0 13.58 13.58 20.12 9.86 12.0 26.34 9.86 18.06 13.58 25.3 25.3 12.0 6.18 6.18 13.58 12.02 12.0 6.18 6.18 9.86 20.12 18.14 8.08 25.3 8.08 12.0 12.02 26.34 3.0 9.86 6.18 13.58 20.12 20.12 26.34 18.75 13.58 0.0
25.47 24.85 18.06 3.0 0.0 24.85 13.58 0.0 9.86 12.57 3.0 18.14 13.58 7.5 7.5 12.37 25.47 18.97 13.58 7.5 25.47 7.5 12.57 24.85 24.85 18.97 12.57 12.57 6.18 18.97 12.57 9.86 24.85 12.57 7.5 9.86 3.0 12.37 18.75 18.75 18.75 12.37 3.0 13.58 13.58 18.97 9.86 12.37 25.47 9.86 18.06 13.58 24.85 24.85 12.37 6.18 6.18 13.58 12.57 12.37 6.18 6.18 9.86 18.97 18.75 7.5 24.85 7.5 12.37 12.57 25.47 0.0 9.86 6.18 13.58 18.97 18.97 25.47 18.14 13.58 3.0
3.75 0.0 7.72 25.3 24.85 0.0 11.86 24.85 15.46 14.09 25.3 6.75 11.86 17.4 17.4 13.79 3.75 7.72 11.86 17.4 3.75 17.4 14.09 0.0 0.0 7.72 14.09 14.09 19.12 7.72 14.09 15.46 0.0 14.09 17.4 15.46 25.3 13.79 10.09 10.09 10.09 13.79 25.3 11.86 11.86 7.72 15.46 13.79 3.75 15.46 7.72 11.86 0.0 0.0 13.79 19.12 19.12 11.86 14.09 13.79 19.12 19.12 15.46 7.72 10.09 17.4 0.0 17.4 13.79 14.09 3.75 24.85 15.46 19.12 11.86 7.72 7.72 3.75 6.75 11.86 25.3
13.52 11.86 4.5 13.58 13.58 11.86 0.0 13.58 3.75 2.7 13.58 5.86 0.0 6.18 6.18 2.12 13.52 8.75 0.0 6.18 13.52 6.18 2.7 11.86 11.86 8.75 2.7 2.7 7.5 8.75 2.7 3.75 11.86 2.7 6.18 3.75 13.58 2.12 5.86 5.86 5.86 2.12 13.58 0.0 0.0 8.75 3.75 2.12 13.52 3.75 4.5 0.0 11.86 11.86 2.12 7.5 7.5 0.0 2.7 2.12 7.5 7.5 3.75 8.75 5.86 6.18 11.86 6.18 2.12 2.7 13.52 13.58 3.75 7.5 0.0 8.75 8.75 13.52 5.86 0.0 13.58
25.47 24.85 18.06 3.0 0.0 24.85 13.58 0.0 9.86 12.57 3.0 18.14 13.58 7.5 7.5 12.37 25.47 18.97 13.58 7.5 25.47 7.5 12.57 24.85 24.85 18.97 12.57 12.57 6.18 18.97 12.57 9.86 24.85 12.57 7.5 9.86 3.0 12.37 18.75 18.75 18.75 12.37 3.0 13.58 13.58 18.97 9.86 12.37 25.47 9.86 18.06 13.58 24.85 24.85 12.37 6.18 6.18 13.58 12.57 12.37 6.18 6.18 9.86 18.97 18.75 7.5 24.85 7.5 12.37 12.57 25.47 0.0 9.86 6.18 13.58 18.97 18.97 25.47 18.14 13.58 3.0
16.77 15.46 8.25 9.86 9.86 15.46 3.75 9.86 0.0 3.18 9.86 9.06 3.75 2.7 2.7 2.7 16.77 11.15 3.75 2.7 16.77 2.7 3.18 15.46 15.46 11.15 3.18 3.18 3.75 11.15 3.18 0.0 15.46 3.18 2.7 0.0 9.86 2.7 9.06 9.06 9.06 2.7 9.86 3.75 3.75 11.15 0.0 2.7 16.77 0.0 8.25 3.75 15.46 15.46 2.7 3.75 3.75 3.75 3.18 2.7 3.75 3.75 0.0 11.15 9.06 2.7 15.46 2.7 2.7 3.18 16.77 9.86 0.0 3.75 3.75 11.15 11.15 16.77 9.06 3.75 9.86
16.05 14.09 6.41 12.02 12.57 14.09 2.7 12.57 3.18 0.0 12.02 8.49 2.7 5.86 5.86 0.75 16.05 11.45 2.7 5.86 16.05 5.86 0.0 14.09 14.09 11.45 0.0 0.0 6.41 11.45 0.0 3.18 14.09 0.0 5.86 3.18 12.02 0.75 6.18 6.18 6.18 0.75 12.02 2.7 2.7 11.45 3.18 0.75 16.05 3.18 6.41 2.7 14.09 14.09 0.75 6.41 6.41 2.7 0.0 0.75 6.41 6.41 3.18 11.45 6.18 5.86 14.09 5.86 0.75 0.0 16.05 12.57 3.18 6.41 2.7 11.45 11.45 16.05 8.49 2.7 12.02
26.34 25.3 18.06 0.0 3.0 25.3 13.58 3.0 9.86 12.02 0.0 18.75 13.58 8.08 8.08 12.0 26.34 20.12 13.58 8.08 26.34 8.08 12.02 25.3 25.3 20.12 12.02 12.02 6.18 20.12 12.02 9.86 25.3 12.02 8.08 9.86 0.0 12.0 18.14 18.14 18.14 12.0 0.0 13.58 13.58 20.12 9.86 12.0 26.34 9.86 18.06 13.58 25.3 25.3 12.0 6.18 6.18 13.58 12.02 12.0 6.18 6.18 9.86 20.12 18.14 8.08 25.3 8.08 12.0 12.02 26.34 3.0 9.86 6.18 13.58 20.12 20.12 26.34 18.75 13.58 0.0
7.72 6.75 3.75 18.75 18.14 6.75 5.86 18.14 9.06 8.49 18.75 0.0 5.86 10.74 10.74 7.97 7.72 3.75 5.86 10.74 7.72 10.74 8.49 6.75 6.75 3.75 8.49 8.49 12.57 3.75 8.49 9.06 6.75 8.49 10.74 9.06 18.75 7.97 7.5 7.5 7.5 7.97 18.75 5.86 5.86 3.75 9.06 7.97 7.72 9.06 3.75 5.86 6.75 6.75 7.97 12.57 12.57 5.86 8.49 7.97 12.57 12.57 9.06 3.75 7.5 10.74 6.75 10.74 7.97 8.49 7.72 18.14 9.06 12.57 5.86 3.75 3.75 7.72 0.0 5.86 18.75
13.52 11.86 4.5 13.58 13.58 11.86 0.0 13.58 3.75 2.7 13.58 5.86 0.0 6.18 6.18 2.12 13.52 8.75 0.0 6.18 13.52 6.18 2.7 11.86 11.86 8.75 2.7 2.7 7.5 8.75 2.7 3.75 11.86 2.7 6.18 3.75 13.58 2.12 5.86 5.86 5.86 2.12 13.58 0.0 0.0 8.75 3.75 2.12 13.52 3.75 4.5 0.0 11.86 11.86 2.12 7.5 7.5 0.0 2.7 2.12 7.5 7.5 3.75 8.75 5.86 6.18 11.86 6.18 2.12 2.7 13.52 13.58 3.75 7.5 0.0 8.75 8.75 13.52 5.86 0.0 13.58
18.26 17.4 10.61 8.08 7.5 17.4 6.18 7.5 2.7 5.86 8.08 10.74 6.18 0.0 0.0 5.41 18.26 12.09 6.18 0.0 18.26 0.0 5.86 17.4 17.4 12.09 5.86 5.86 2.12 12.09 5.86 2.7 17.4 5.86 0.0 2.7 8.08 5.41 11.74 11.74 11.74 5.41 8.08 6.18 6.18 12.09 2.7 5.41 18.26 2.7 10.61 6.18 17.4 17.4 5.41 2.12 2.12 6.18 5.86 5.41 2.12 2.12 2.7 12.09 11.74 0.0 17.4 0.0 5.41 5.86 18.26 7.5 2.7 2.12 6.18 12.09 12.09 18.26 10.74 6.18 8.08
18.26 17.4 10.61 8.08 7.5 17.4 6.18 7.5 2.7 5.86 8.08 10.74 6.18 0.0 0.0 5.41 18.26 12.09 6.18 0.0 18.26 0.0 5.86 17.4 17.4 12.09 5.86 5.86 2.12 12.09 5.86 2.7 17.4 5.86 0.0 2.7 8.08 5.41 11.74 11.74 11.74 5.41 8.08 6.18 6.18 12.09 2.7 5.41 18.26 2.7 10.61 6.18 17.4 17.4 5.41 2.12 2.12 6.18 5.86 5.41 2.12 2.12 2.7 12.09 11.74 0.0 17.4 0.0 5.41 5.86 18.26 7.5 2.7 2.12 6.18 12.09 12.09 18.26 10.74 6.18 8.08
15.61 13.79 6.18 12.0 12.37 13.79 2.12 12.37 2.7 0.75 12.0 7.97 2.12 5.41 5.41 0.0 15.61 10.82 2.12 5.41 15.61 5.41 0.75 13.79 13.79 10.82 0.75 0.75 6.18 10.82 0.75 2.7 13.79 0.75 5.41 2.7 12.0 0.0 6.41 6.41 6.41 0.0 12.0 2.12 2.12 10.82 2.7 0.0 15.61 2.7 6.18 2.12 13.79 13.79 0.0 6.18 6.18 2.12 0.75 0.0 6.18 6.18 2.7 10.82 6.41 5.41 13.79 5.41 0.0 0.75 15.61 12.37 2.7 6.18 2.12 10.82 10.82 15.61 7.97 2.12 12.0
0.0 3.75 10.09 26.34 25.47 3.75 13.52 25.47 16.77 16.05 26.34 7.72 13.52 18.26 18.26 15.61 0.0 6.75 13.52 18.26 0.0 18.26 16.05 3.75 3.75 6.75 16.05 16.05 20.19 6.75 16.05 16.77 3.75 16.05 18.26 16.77 26.34 15.61 13.12 13.12 13.12 15.61 26.34 13.52 13.52 6.75 16.77 15.61 0.0 16.77 10.09 13.52 3.75 3.75 15.61 20.19 20.19 13.52 16.05 15.61 20.19 20.19 16.77 6.75 13.12 18.26 3.75 18.26 15.61 16.05 0.0 25.47 16.77 20.19 13.52 6.75 6.75 0.0 7.72 13.52 26.34
6.75 7.72 7.5 20.12 18.97 7.72 8.75 18.97 11.15 11.45 20.12 3.75 8.75 12.09 12.09 10.82 6.75 0.0 8.75 12.09 6.75 12.09 11.45 7.72 7.72 0.0 11.45 11.45 14.15 0.0 11.45 11.15 7.72 11.45 12.09 11.15 20.12 10.82 11.25 11.25 11.25 10.82 20.12 8.75 8.75 0.0 11.15 10.82 6.75 11.15 7.5 8.75 7.72 7.72 10.82 14.15 14.15 8.75 11.45 10.82 14.15 14.15 11.15 0.0 11.25 12.09 7.72 12.09 10.82 11.45 6.75 18.97 11.15 14.15 8.75 0.0 0.0 6.75 3.75 8.75 20.12
13.52 11.86 4.5 13.58 13.58 11.86 0.0 13.58 3.75 2.7 13.58 5.86 0.0 6.18 6.18 2.12 13.52 8.75 0.0 6.18 13.52 6.18 2.7 11.86 11.86 8.75 2.7 2.7 7.5 8.75 2.7 3.75 11.86 2.7 6.18 3.75 13.58 2.12 5.86 5.86 5.86 2.12 13.58 0.0 0.0 8.75 3.75 2.12 13.52 3.75 4.5 0.0 11.86 11.86 2.12 7.5 7.5 0.0 2.7 2.12 7.5 7.5 3.75 8.75 5.86 6.18 11.86 6.18 2.12 2.7 13.52 13.58 3.75 7.5 0.0 8.75 8.75 13.52 5.86 0.0 13.58
18.26 17.4 10.61 8.08 7.5 17.4 6.18 7.5 2.7 5.86 8.08 10.74 6.18 0.0 0.0 5.41 18.26 12.09 6.18 0.0 18.26 0.0 5.86 17.4 17.4 12.09 5.86 5.86 2.12 12.09 5.86 2.7 17.4 5.86 0.0 2.7 8.08 5.41 11.74 11.74 11.74 5.41 8.08 6.18 6.18 12.09 2.7 5.41 18.26 2.7 10.61 6.18 17.4 17.4 5.41 2.12 2.12 6.18 5.86 5.41 2.12 2.12 2.7 12.09 11.74 0.0 17.4 0.0 5.41 5.86 18.26 7.5 2.7 2.12 6.18 12.09 12.09 18.26 10.74 6.18 8.08
0.0 3.75 10.09 26.34 25.47 3.75 13.52 25.47 16.77 16.05 26.34 7.72 13.52 18.26 18.26 15.61 0.0 6.75 13.52 18.26 0.0 18.26 16.05 3.75 3.75 6.75 16.05 16.05 20.19 6.75 16.05 16.77 3.75 16.05 18.26 16.77 26.34 15.61 13.12 13.12 13.12 15.61 26.34 13.52 13.52 6.75 16.77 15.61 0.0 16.77 10.09 13.52 3.75 3.75 15.61 20.19 20.19 13.52 16.05 15.61 20.19 20.19 16.77 6.75 13.12 18.26 3.75 18.26 15.61 16.05 0.0 25.47 16.77 20.19 13.52 6.75 6.75 0.0 7.72 13.52 26.34
18.26 17.4 10.61 8.08 7.5 17.4 6.18 7.5 2.7 5.86 8.08 10.74 6.18 0.0 0.0 5.41 18.26 12.09 6.18 0.0 18.26 0.0 5.86 17.4 17.4 12.09 5.86 5.86 2.12 12.09 5.86 2.7 17.4 5.86 0.0 2.7 8.08 5.41 11.74 11.74 11.74 5.41 8.08 6.18 6.18 12.09 2.7 5.41 18.26 2.7 10.61 6.18 17.4 17.4 5.41 2.12 2.12 6.18 5.86 5.41 2.12 2.12 2.7 12.09 11.74 0.0 17.4 0.0 5.41 5.86 18.26 7.5 2.7 2.12 6.18 12.09 12.09 18.26 10.74 6.18 8.08
16.05 14.09 6.41 12.02 12.57 14.09 2.7 12.57 3.18 0.0 12.02 8.49 2.7 5.86 5.86 0.75 16.05 11.45 2.7 5.86 16.05 5.86 0.0 14.09 14.09 11.45 0.0 0.0 6.41 11.45 0.0 3.18 14.09 0.0 5.86 3.18 12.02 0.75 6.18 6.18 6.18 0.75 12.02 2.7 2.7 11.45 3.18 0.75 16.05 3.18 6.41 2.7 14.09 14.09 0.75 6.41 6.41 2.7 0.0 0.75 6.41 6.41 3.18 11.45 6.18 5.86 14.09 5.86 0.75 0.0 16.05 12.57 3.18 6.41 2.7 11.45 11.45 16.05 8.49 2.7 12.02
3.75 0.0 7.72 25.3 24.85 0.0 11.86 24.85 15.46 14.09 25.3 6.75 11.86 17.4 17.4 13.79 3.75 7.72 11.86 17.4 3.75 17.4 14.09 0.0 0.0 7.72 14.09 14.09 19.12 7.72 14.09 15.46 0.0 14.09 17.4 15.46 25.3 13.79 10.09 10.09 10.09 13.79 25.3 11.86 11.86 7.72 15.46 13.79 3.75 15.46 7.72 11.86 0.0 0.0 13.79 19.12 19.12 11.86 14.09 13.79 19.12 19.12 15.46 7.72 10.09 17.4 0.0 17.4 13.79 14.09 3.75 24.85 15.46 19.12 11.86 7.72 7.72 3.75 6.75 11.86 25.3
3.75 0.0 7.72 25.3 24.85 0.0 11.86 24.85 15.46 14.09 25.3 6.75 11.86 17.4 17.4 13.79 3.75 7.72 11.86 17.4 3.75 17.4 14.09 0.0 0.0 7.72 14.09 14.09 19.12 7.72 14.09 15.46 0.0 14.09 17.4 15.46 25.3 13.79 10.09 10.09 10.09 13.79 25.3 11.86 11.86 7.72 15.46 13.79 3.75 15.46 7.72 11.86 0.0 0.0 13.79 19.12 19.12 11.86 14.09 13.79 19.12 19.12 15.46 7.72 10.09 17.4 0.0 17.4 13.79 14.09 3.75 24.85 15.46 19.12 11.86 7.72 7.72 3.75 6.75 11.86 25.3
6.75 7.72 7.5 20.12 18.97 7.72 8.75 18.97 11.15 11.45 20.12 3.75 8.75 12.09 12.09 10.82 6.75 0.0 8.75 12.09 6.75 12.09 11.45 7.72 7.72 0.0 11.45 11.45 14.15 0.0 11.45 11.15 7.72 11.45 12.09 11.15 20.12 10.82 11.25 11.25 11.25 10.82 20.12 8.75 8.75 0.0 11.15 10.82 6.75 11.15 7.5 8.75 7.72 7.72 10.82 14.15 14.15 8.75 11.45 10.82 14.15 14.15 11.15 0.0 11.25 12.09 7.72 12.09 10.82 11.45 6.75 18.97 11.15 14.15 8.75 0.0 0.0 6.75 3.75 8.75 20.12
16.05 14.09 6.41 12.02 12.57 14.09 2.7 12.57 3.18 0.0 12.02 8.49 2.7 5.86 5.86 0.75 16.05 11.45 2.7 5.86 16.05 5.86 0.0 14.09 14.09 11.45 0.0 0.0 6.41 11.45 0.0 3.18 14.09 0.0 5.86 3.18 12.02 0.75 6.18 6.18 6.18 0.75 12.02 2.7 2.7 11.45 3.18 0.75 16.05 3.18 6.41 2.7 14.09 14.09 0.75 6.41 6.41 2.7 0.0 0.75 6.41 6.41 3.18 11.45 6.18 5.86 14.09 5.86 0.75 0.0 16.05 12.57 3.18 6.41 2.7 11.45 11.45 16.05 8.49 2.7 12.02
16.05 14.09 6.41 12.02 12.57 14.09 2.7 12.57 3.18 0.0 12.02 8.49 2.7 5.86 5.86 0.75 16.05 11.45 2.7 5.86 16.05 5.86 0.0 14.09 14.09 11.45 0.0 0.0 6.41 11.45 0.0 3.18 14.09 0.0 5.86 3.18 12.02 0.75 6.18 6.18 6.18 0.75 12.02 2.7 2.7 11.45 3.18 0.75 16.05 3.18 6.41 2.7 14.09 14.09 0.75 6.41 6.41 2.7 0.0 0.75 6.41 6.41 3.18 11.45 6.18 5.86 14.09 5.86 0.75 0.0 16.05 12.57 3.18 6.41 2.7 11.45 11.45 16.05 8.49 2.7 12.02
20.19 19.12 12.0 6.18 6.18 19.12 7.5 6.18 3.75 6.41 6.18 12.57 7.5 2.12 2.12 6.18 20.19 14.15 7.5 2.12 20.19 2.12 6.41 19.12 19.12 14.15 6.41 6.41 0.0 14.15 6.41 3.75 19.12 6.41 2.12 3.75 6.18 6.18 12.57 12.57 12.57 6.18 6.18 7.5 7.5 14.15 3.75 6.18 20.19 3.75 12.0 7.5 19.12 19.12 6.18 0.0 0.0 7.5 6.41 6.18 0.0 0.0 3.75 14.15 12.57 2.12 19.12 2.12 6.18 6.41 20.19 6.18 3.75 0.0 7.5 14.15 14.15 20.19 12.57 7.5 6.18
6.75 7.72 7.5 20.12 18.97 7.72 8.75 18.97 11.15 11.45 20.12 3.75 8.75 12.09 12.09 10.82 6.75 0.0 8.75 12.09 6.75 12.09 11.45 7.72 7.72 0.0 11.45 11.45 14.15 0.0 11.45 11.15 7.72 11.45 12.09 11.15 20.12 10.82 11.25 11.25 11.25 10.82 20.12 8.75 8.75 0.0 11.15 10.82 6.75 11.15 7.5 8.75 7.72 7.72 10.82 14.15 14.15 8.75 11.45 10.82 14.15 14.15 11.15 0.0 11.25 12.09 7.72 12.09 10.82 11.45 6.75 18.97 11.15 14.15 8.75 0.0 0.0 6.75 3.75 8.75 20.12
16.05 14.09 6.41 12.02 12.57 14.09 2.7 12.57 3.18 0.0 12.02 8.49 2.7 5.86 5.86 0.75 16.05 11.45 2.7 5.86 16.05 5.86 0.0 14.09 14.09 11.45 0.0 0.0 6.41 11.45 0.0 3.18 14.09 0.0 5.86 3.18 12.02 0.75 6.18 6.18 6.18 0.75 12.02 2.7 2.7 11.45 3.18 0.75 16.05 3.18 6.41 2.7 14.09 14.09 0.75 6.41 6.41 2.7 0.0 0.75 6.41 6.41 3.18 11.45 6.18 5.86 14.09 5.86 0.75 0.0 16.05 12.57 3.18 6.41 2.7 11.45 11.45 16.05 8.49 2.7 12.02
16.77 15.46 8.25 9.86 9.86 15.46 3.75 9.86 0.0 3.18 9.86 9.06 3.75 2.7 2.7 2.7 16.77 11.15 3.75 2.7 16.77 2.7 3.18 15.46 15.46 11.15 3.18 3.18 3.75 11.15 3.18 0.0 15.46 3.18 2.7 0.0 9.86 2.7 9.06 9.06 9.06 2.7 9.86 3.75 3.75 11.15 0.0 2.7 16.77 0.0 8.25 3.75 15.46 15.46 2.7 3.75 3.75 3.75 3.18 2.7 3.75 3.75 0.0 11.15 9.06 2.7 15.46 2.7 2.7 3.18 16.77 9.86 0.0 3.75 3.75 11.15 11.15 16.77 9.06 3.75 9.86
3.75 0.0 7.72 25.3 24.85 0.0 11.86 24.85 15.46 14.09 25.3 6.75 11.86 17.4 17.4 13.79 3.75 7.72 11.86 17.4 3.75 17.4 14.09 0.0 0.0 7.72 14.09 14.09 19.12 7.72 14.09 15.46 0.0 14.09 17.4 15.46 25.3 13.79 10.09 10.09 10.09 13.79 25.3 11.86 11.86 7.72 15.46 13.79 3.75 15.46 7.72 11.86 0.0 0.0 13.79 19.12 19.12 11.86 14.09 13.79 19.12 19.12 15.46 7.72 10.09 17.4 0.0 17.4 13.79 14.09 3.75 24.85 15.46 19.12 11.86 7.72 7.72 3.75 6.75 11.86 25.3
16.05 14.09 6.41 12.02 12.57 14.09 2.7 12.57 3.18 0.0 12.02 8.49 2.7 5.86 5.86 0.75 16.05 11.45 2.7 5.86 16.05 5.86 0.0 14.09 14.09 11.45 0.0 0.0 6.41 11.45 0.0 3.18 14.09 0.0 5.86 3.18 12.02 0.75 6.18 6.18 6.18 0.75 12.02 2.7 2.7 11.45 3.18 0.75 16.05 3.18 6.41 2.7 14.09 14.09 0.75 6.41 6.41 2.7 0.0 0.75 6.41 6.41 3.18 11.45 6.18 5.86 14.09 5.86 0.75 0.0 16.05 12.57 3.18 6.41 2.7 11.45 11.45 16.05 8.49 2.7 12.02
18.26 17.4 10.61 8.08 7.5 17.4 6.18 7.5 2.7 5.86 8.08 10.74 6.18 0.0 0.0 5.41 18.26 12.09 6.18 0.0 18.26 0.0 5.86 17.4 17.4 12.09 5.86 5.86 2.12 12.09 5.86 2.7 17.4 5.86 0.0 2.7 8.08 5.41 11.74 11.74 11.74 5.41 8.08 6.18 6.18 12.09 2.7 5.41 18.26 2.7 10.61 6.18 17.4 17.4 5.41 2.12 2.12 6.18 5.86 5.41 2.12 2.12 2.7 12.09 11.74 0.0 17.4 0.0 5.41 5.86 18.26 7.5 2.7 2.12 6.18 12.09 12.09 18.26 10.74 6.18 8.08
16.77 15.46 8.25 9.86 9.86 15.46 3.75 9.86 0.0 3.18 9.86 9.06 3.75 2.7 2.7 2.7 16.77 11.15 3.75 2.7 16.77 2.7 3.18 15.46 15.46 11.15 3.18 3.18 3.75 11.15 3.18 0.0 15.46 3.18 2.7 0.0 9.86 2.7 9.06 9.06 9.06 2.7 9.86 3.75 3.75 11.15 0.0 2.7 16.77 0.0 8.25 3.75 15.46 15.46 2.7 3.75 3.75 3.75 3.18 2.7 3.75 3.75 0.0 11.15 9.06 2.7 15.46 2.7 2.7 3.18 16.77 9.86 0.0 3.75 3.75 11.15 11.15 16.77 9.06 3.75 9.86
26.34 25.3 18.06 0.0 3.0 25.3 13.58 3.0 9.86 12.02 0.0 18.75 13.58 8.08 8.08 12.0 26.34 20.12 13.58 8.08 26.34 8.08 12.02 25.3 25.3 20.12 12.02 12.02 6.18 20.12 12.02 9.86 25.3 12.02 8.08 9.86 0.0 12.0 18.14 18.14 18.14 12.0 0.0 13.58 13.58 20.12 9.86 12.0 26.34 9.86 18.06 13.58 25.3 25.3 12.0 6.18 6.18 13.58 12.02 12.0 6.18 6.18 9.86 20.12 18.14 8.08 25.3 8.08 12.0 12.02 26.34 3.0 9.86 6.18 13.58 20.12 20.12 26.34 18.75 13.58 0.0
15.61 13.79 6.18 12.0 12.37 13.79 2.12 12.37 2.7 0.75 12.0 7.97 2.12 5.41 5.41 0.0 15.61 10.82 2.12 5.41 15.61 5.41 0.75 13.79 13.79 10.82 0.75 0.75 6.18 10.82 0.75 2.7 13.79 0.75 5.41 2.7 12.0 0.0 6.41 6.41 6.41 0.0 12.0 2.12 2.12 10.82 2.7 0.0 15.61 2.7 6.18 2.12 13.79 13.79 0.0 6.18 6.18 2.12 0.75 0.0 6.18 6.18 2.7 10.82 6.41 5.41 13.79 5.41 0.0 0.75 15.61 12.37 2.7 6.18 2.12 10.82 10.82 15.61 7.97 2.12 12.0
13.12 10.09 3.75 18.14 18.75 10.09 5.86 18.75 9.06 6.18 18.14 7.5 5.86 11.74 11.74 6.41 13.12 11.25 5.86 11.74 13.12 11.74 6.18 10.09 10.09 11.25 6.18 6.18 12.57 11.25 6.18 9.06 10.09 6.18 11.74 9.06 18.14 6.41 0.0 0.0 0.0 6.41 18.14 5.86 5.86 11.25 9.06 6.41 13.12 9.06 3.75 5.86 10.09 10.09 6.41 12.57 12.57 5.86 6.18 6.41 12.57 12.57 9.06 11.25 0.0 11.74 10.09 11.74 6.41 6.18 13.12 18.75 9.06 12.57 5.86 11.25 11.25 13.12 7.5 5.86 18.14
13.12 10.09 3.75 18.14 18.75 10.09 5.86 18.75 9.06 6.18 18.14 7.5 5.86 11.74 11.74 6.41 13.12 11.25 5.86 11.74 13.12 11.74 6.18 10.09 10.09 11.25 6.18 6.18 12.57 11.25 6.18 9.06 10.09 6.18 11.74 9.06 18.14 6.41 0.0 0.0 0.0 6.41 18.14 5.86 5.86 11.25 9.06 6.41 13.12 9.06 3.75 5.86 10.09 10.09 6.41 12.57 12.57 5.86 6.18 6.41 12.57 12.57 9.06 11.25 0.0 11.74 10.09 11.74 6.41 6.18 13.12 18.75 9.06 12.57 5.86 11.25 11.25 13.12 7.5 5.86 18.14
13.12 10.09 3.75 18.14 18.75 10.09 5.86 18.75 9.06 6.18 18.14 7.5 5.86 11.74 11.74 6.41 13.12 11.25 5.86 11.74 13.12 11.74 6.18 10.09 10.09 11.25 6.18 6.18 12.57 11.25 6.18 9.06 10.09 6.18 11.74 9.06 18.14 6.41 0.0 0.0 0.0 6.41 18.14 5.86 5.86 11.25 9.06 6.41 13.12 9.06 3.75 5.86 10.09 10.09 6.41 12.57 12.57 5.86 6.18 6.41 12.57 12.57 9.06 11.25 0.0 11.74 10.09 11.74 6.41 6.18 13.12 18.75 9.06 12.57 5.86 11.25 11.25 13.12 7.5 5.86 18.14
15.61 13.79 6.18 12.0 12.37 13.79 2.12 12.37 2.7 0.75 12.0 7.97 2.12 5.41 5.41 0.0 15.61 10.82 2.12 5.41 15.61 5.41 0.75 13.79 13.79 10.82 0.75 0.75 6.18 10.82 0.75 2.7 13.79 0.75 5.41 2.7 12.0 0.0 6.41 6.41 6.41 0.0 12.0 2.12 2.12 10.82 2.7 0.0 15.61 2.7 6.18 2.12 13.79 13.79 0.0 6.18 6.18 2.12 0.75 0.0 6.18 6.18 2.7 10.82 6.41 5.41 13.79 5.41 0.0 0.75 15.61 12.37 2.7 6.18 2.12 10.82 10.82 15.61 7.97 2.12 12.0
26.34 25.3 18.06 0.0 3.0 25.3 13.58 3.0 9.86 12.02 0.0 18.75 13.58 8.08 8.08 12.0 26.34 20.12 13.58 8.08 26.34 8.08 12.02 25.3 25.3 20.12 12.02 12.02 6.18 20.12 12.02 9.86 25.3 12.02 8.08 9.86 0.0 12.0 18.14 18.14 18.14 12.0 0.0 13.58 13.58 20.12 9.86 12.0 26.34 9.86 18.06 13.58 25.3 25.3 12.0 6.18 6.18 13.58 12.02 12.0 6.18 6.18 9.86 20.12 18.14 8.08 25.3 8.08 12.0 12.02 26.34 3.0 9.86 6.18 13.58 20.12 20.12 26.34 18.75 13.58 0.0
13.52 11.86 4.5 13.58 13.58 11.86 0.0 13.58 3.75 2.7 13.58 5.86 0.0 6.18 6.18 2.12 13.52 8.75 0.0 6.18 13.52 6.18 2.7 11.86 11.86 8.75 2.7 2.7 7.5 8.75 2.7 3.75 11.86 2.7 6.18 3.75 13.58 2.12 5.86 5.86 5.86 2.12 13.58 0.0 0.0 8.75 3.75 2.12 13.52 3.75 4.5 0.0 11.86 11.86 2.12 7.5 7.5 0.0 2.7 2.12 7.5 7.5 3.75 8.75 5.86 6.18 11.86 6.18 2.12 2.7 13.52 13.58 3.75 7.5 0.0 8.75 8.75 13.52 5.86 0.0 13.58
13.52 11.86 4.5 13.58 13.58 11.86 0.0 13.58 3.75 2.7 13.58 5.86 0.0 6.18 6.18 2.12 13.52 8.75 0.0 6.18 13.52 6.18 2.7 11.86 11.86 8.75 2.7 2.7 7.5 8.75 2.7 3.75 11.86 2.7 6.18 3.75 13.58 2.12 5.86 5.86 5.86 2.12 13.58 0.0 0.0 8.75 3.75 2.12 13.52 3.75 4.5 0.0 11.86 11.86 2.12 7.5 7.5 0.0 2.7 2.12 7.5 7.5 3.75 8.75 5.86 6.18 11.86 6.18 2.12 2.7 13.52 13.58 3.75 7.5 0.0 8.75 8.75 13.52 5.86 0.0 13.58
6.75 7.72 7.5 20.12 18.97 7.72 8.75 18.97 11.15 11.45 20.12 3.75 8.75 12.09 12.09 10.82 6.75 0.0 8.75 12.09 6.75 12.09 11.45 7.72 7.72 0.0 11.45 11.45 14.15 0.0 11.45 11.15 7.72 11.45 12.09 11.15 20.12 10.82 11.25 11.25 11.25 10.82 20.12 8.75 8.75 0.0 11.15 10.82 6.75 11.15 7.5 8.75 7.72 7.72 10.82 14.15 14.15 8.75 11.45 10.82 14.15 14.15 11.15 0.0 11.25 12.09 7.72 12.09 10.82 11.45 6.75 18.97 11.15 14.15 8.75 0.0 0.0 6.75 3.75 8.75 20.12
16.77 15.46 8.25 9.86 9.86 15.46 3.75 9.86 0.0 3.18 9.86 9.06 3.75 2.7 2.7 2.7 16.77 11.15 3.75 2.7 16.77 2.7 3.18 15.46 15.46 11.15 3.18 3.18 3.75 11.15 3.18 0.0 15.46 3.18 2.7 0.0 9.86 2.7 9.06 9.06 9.06 2.7 9.86 3.75 3.75 11.15 0.0 2.7 16.77 0.0 8.25 3.75 15.46 15.46 2.7 3.75 3.75 3.75 3.18 2.7 3.75 3.75 0.0 11.15 9.06 2.7 15.46 2.7 2.7 3.18 16.77 9.86 0.0 3.75 3.75 11.15 11.15 16.77 9.06 3.75 9.86
15.61 13.79 6.18 12.0 12.37 13.79 2.12 12.37 2.7 0.75 12.0 7.97 2.12 5.41 5.41 0.0 15.61 10.82 2.12 5.41 15.61 5.41 0.75 13.79 13.79 10.82 0.75 0.75 6.18 10.82 0.75 2.7 13.79 0.75 5.41 2.7 12.0 0.0 6.41 6.41 6.41 0.0 12.0 2.12 2.12 10.82 2.7 0.0 15.61 2.7 6.18 2.12 13.79 13.79 0.0 6.18 6.18 2.12 0.75 0.0 6.18 6.18 2.7 10.82 6.41 5.41 13.79 5.41 0.0 0.75 15.61 12.37 2.7 6.18 2.12 10.82 10.82 15.61 7.97 2.12 12.0
0.0 3.75 10.09 26.34 25.47 3.75 13.52 25.47 16.77 16.05 26.34 7.72 13.52 18.26 18.26 15.61 0.0 6.75 13.52 18.26 0.0 18.26 16.05 3.75 3.75 6.75 16.05 16.05 20.19 6.75 16.05 16.77 3.75 16.05 18.26 16.77 26.34 15.61 13.12 13.12 13.12 15.61 26.34 13.52 13.52 6.75 16.77 15.61 0.0 16.77 10.09 13.52 3.75 3.75 15.61 20.19 20.19 13.52 16.05 15.61 20.19 20.19 16.77 6.75 13.12 18.26 3.75 18.26 15.61 16.05 0.0 25.47 16.77 20.19 13.52 6.75 6.75 0.0 7.72 13.52 26.34
16.77 15.46 8.25 9.86 9.86 15.46 3.75 9.86 0.0 3.18 9.86 9.06 3.75 2.7 2.7 2.7 16.77 11.15 3.75 2.7 16.77 2.7 3.18 15.46 15.46 11.15 3.18 3.18 3.75 11.15 3.18 0.0 15.46 3.18 2.7 0.0 9.86 2.7 9.06 9.06 9.06 2.7 9.86 3.75 3.75 11.15 0.0 2.7 16.77 0.0 8.25 3.75 15.46 15.46 2.7 3.75 3.75 3.75 3.18 2.7 3.75 3.75 0.0 11.15 9.06 2.7 15.46 2.7 2.7 3.18 16.77 9.86 0.0 3.75 3.75 11.15 11.15 16.77 9.06 3.75 9.86
10.09 7.72 0.0 18.06 18.06 7.72 4.5 18.06 8.25 6.41 18.06 3.75 4.5 10.61 10.61 6.18 10.09 7.5 4.5 10.61 10.09 10.61 6.41 7.72 7.72 7.5 6.41 6.41 12.0 7.5 6.41 8.25 7.72 6.41 10.61 8.25 18.06 6.18 3.75 3.75 3.75 6.18 18.06 4.5 4.5 7.5 8.25 6.18 10.09 8.25 0.0 4.5 7.72 7.72 6.18 12.0 12.0 4.5 6.41 6.18 12.0 12.0 8.25 7.5 3.75 10.61 7.72 10.61 6.18 6.41 10.09 18.06 8.25 12.0 4.5 7.5 7.5 10.09 3.75 4.5 18.06
13.52 11.86 4.5 13.58 13.58 11.86 0.0 13.58 3.75 2.7 13.58 5.86 0.0 6.18 6.18 2.12 13.52 8.75 0.0 6.18 13.52 6.18 2.7 11.86 11.86 8.75 2.7 2.7 7.5 8.75 2.7 3.75 11.86 2.7 6.18 3.75 13.58 2.12 5.86 5.86 5.86 2.12 13.58 0.0 0.0 8.75 3.75 2.12 13.52 3.75 4.5 0.0 11.86 11.86 2.12 7.5 7.5 0.0 2.7 2.12 7.5 7.5 3.75 8.75 5.86 6.18 11.86 6.18 2.12 2.7 13.52 13.58 3.75 7.5 0.0 8.75 8.75 13.52 5.86 0.0 13.58
3.75 0.0 7.72 25.3 24.85 0.0 11.86 24.85 15.46 14.09 25.3 6.75 11.86 17.4 17.4 13.79 3.75 7.72 11.86 17.4 3.75 17.4 14.09 0.0 0.0 7.72 14.09 14.09 19.12 7.72 14.09 15.46 0.0 14.09 17.4 15.46 25.3 13.79 10.09 10.09 10.09 13.79 25.3 11.86 11.86 7.72 15.46 13.79 3.75 15.46 7.72 11.86 0.0 0.0 13.79 19.12 19.12 11.86 14.09 13.79 19.12 19.12 15.46 7.72 10.09 17.4 0.0 17.4 13.79 14.09 3.75 24.85 15.46 19.12 11.86 7.72 7.72 3.75 6.75 11.86 25.3
3.75 0.0 7.72 25.3 24.85 0.0 11.86 24.85 15.46 14.09 25.3 6.75 11.86 17.4 17.4 13.79 3.75 7.72 11.86 17.4 3.75 17.4 14.09 0.0 0.0 7.72 14.09 14.09 19.12 7.72 14.09 15.46 0.0 14.09 17.4 15.46 25.3 13.79 10.09 10.09 10.09 13.79 25.3 11.86 11.86 7.72 15.46 13.79 3.75 15.46 7.72 11.86 0.0 0.0 13.79 19.12 19.12 11.86 14.09 13.79 19.12 19.12 15.46 7.72 10.09 17.4 0.0 17.4 13.79 14.09 3.75 24.85 15.46 19.12 11.86 7.72 7.72 3.75 6.75 11.86 25.3
15.61 13.79 6.18 12.0 12.37 13.79 2.12 12.37 2.7 0.75 12.0 7.97 2.12 5.41 5.41 0.0 15.61 10.82 2.12 5.41 15.61 5.41 0.75 13.79 13.79 10.82 0.75 0.75 6.18 10.82 0.75 2.7 13.79 0.75 5.41 2.7 12.0 0.0 6.41 6.41 6.41 0.0 12.0 2.12 2.12 10.82 2.7 0.0 15.61 2.7 6.18 2.12 13.79 13.79 0.0 6.18 6.18 2.12 0.75 0.0 6.18 6.18 2.7 10.82 6.41 5.41 13.79 5.41 0.0 0.75 15.61 12.37 2.7 6.18 2.12 10.82 10.82 15.61 7.97 2.12 12.0
20.19 19.12 12.0 6.18 6.18 19.12 7.5 6.18 3.75 6.41 6.18 12.57 7.5 2.12 2.12 6.18 20.19 14.15 7.5 2.12 20.19 2.12 6.41 19.12 19.12 14.15 6.41 6.41 0.0 14.15 6.41 3.75 19.12 6.41 2.12 3.75 6.18 6.18 12.57 12.57 12.57 6.18 6.18 7.5 7.5 14.15 3.75 6.18 20.19 3.75 12.0 7.5 19.12 19.12 6.18 0.0 0.0 7.5 6.41 6.18 0.0 0.0 3.75 14.15 12.57 2.12 19.12 2.12 6.18 6.41 20.19 6.18 3.75 0.0 7.5 14.15 14.15 20.19 12.57 7.5 6.18
20.19 19.12 12.0 6.18 6.18 19.12 7.5 6.18 3.75 6.41 6.18 12.57 7.5 2.12 2.12 6.18 20.19 14.15 7.5 2.12 20.19 2.12 6.41 19.12 19.12 14.15 6.41 6.41 0.0 14.15 6.41 3.75 19.12 6.41 2.12 3.75 6.18 6.18 12.57 12.57 12.57 6.18 6.18 7.5 7.5 14.15 3.75 6.18 20.19 3.75 12.0 7.5 19.12 19.12 6.18 0.0 0.0 7.5 6.41 6.18 0.0 0.0 3.75 14.15 12.57 2.12 19.12 2.12 6.18 6.41 20.19 6.18 3.75 0.0 7.5 14.15 14.15 20.19 12.57 7.5 6.18
13.52 11.86 4.5 13.58 13.58 11.86 0.0 13.58 3.75 2.7 13.58 5.86 0.0 6.18 6.18 2.12 13.52 8.75 0.0 6.18 13.52 6.18 2.7 11.86 11.86 8.75 2.7 2.7 7.5 8.75 2.7 3.75 11.86 2.7 6.18 3.75 13.58 2.12 5.86 5.86 5.86 2.12 13.58 0.0 0.0 8.75 3.75 2.12 13.52 3.75 4.5 0.0 11.86 11.86 2.12 7.5 7.5 0.0 2.7 2.12 7.5 7.5 3.75 8.75 5.86 6.18 11.86 6.18 2.12 2.7 13.52 13.58 3.75 7.5 0.0 8.75 8.75 13.52 5.86 0.0 13.58
16.05 14.09 6.41 12.02 12.57 14.09 2.7 12.57 3.18 0.0 12.02 8.49 2.7 5.86 5.86 0.75 16.05 11.45 2.7 5.86 16.05 5.86 0.0 14.09 14.09 11.45 0.0 0.0 6.41 11.45 0.0 3.18 14.09 0.0 5.86 3.18 12.02 0.75 6.18 6.18 6.18 0.75 12.02 2.7 2.7 11.45 3.18 0.75 16.05 3.18 6.41 2.7 14.09 14.09 0.75 6.41 6.41 2.7 0.0 0.75 6.41 6.41 3.18 11.45 6.18 5.86 14.09 5.86 0.75 0.0 16.05 12.57 3.18 6.41 2.7 11.45 11.45 16.05 8.49 2.7 12.02
15.61 13.79 6.18 12.0 12.37 13.79 2.12 12.37 2.7 0.75 12.0 7.97 2.12 5.41 5.41 0.0 15.61 10.82 2.12 5.41 15.61 5.41 0.75 13.79 13.79 10.82 0.75 0.75 6.18 10.82 0.75 2.7 13.79 0.75 5.41 2.7 12.0 0.0 6.41 6.41 6.41 0.0 12.0 2.12 2.12 10.82 2.7 0.0 15.61 2.7 6.18 2.12 13.79 13.79 0.0 6.18 6.18 2.12 0.75 0.0 6.18 6.18 2.7 10.82 6.41 5.41 13.79 5.41 0.0 0.75 15.61 12.37 2.7 6.18 2.12 10.82 10.82 15.61 7.97 2.12 12.0
20.19 19.12 12.0 6.18 6.18 19.12 7.5 6.18 3.75 6.41 6.18 12.57 7.5 2.12 2.12 6.18 20.19 14.15 7.5 2.12 20.19 2.12 6.41 19.12 19.12 14.15 6.41 6.41 0.0 14.15 6.41 3.75 19.12 6.41 2.12 3.75 6.18 6.18 12.57 12.57 12.57 6.18 6.18 7.5 7.5 14.15 3.75 6.18 20.19 3.75 12.0 7.5 19.12 19.12 6.18 0.0 0.0 7.5 6.41 6.18 0.0 0.0 3.75 14.15 12.57 2.12 19.12 2.12 6.18 6.41 20.19 6.18 3.75 0.0 7.5 14.15 14.15 20.19 12.57 7.5 6.18
20.19 19.12 12.0 6.18 6.18 19.12 7.5 6.18 3.75 6.41 6.18 12.57 7.5 2.12 2.12 6.18 20.19 14.15 7.5 2.12 20.19 2.12 6.41 19.12 19.12 14.15 6.41 6.41 0.0 14.15 6.41 3.75 19.12 6.41 2.12 3.75 6.18 6.18 12.57 12.57 12.57 6.18 6.18 7.5 7.5 14.15 3.75 6.18 20.19 3.75 12.0 7.5 19.12 19.12 6.18 0.0 0.0 7.5 6.41 6.18 0.0 0.0 3.75 14.15 12.57 2.12 19.12 2.12 6.18 6.41 20.19 6.18 3.75 0.0 7.5 14.15 14.15 20.19 12.57 7.5 6.18
16.77 15.46 8.25 9.86 9.86 15.46 3.75 9.86 0.0 3.18 9.86 9.06 3.75 2.7 2.7 2.7 16.77 11.15 3.75 2.7 16.77 2.7 3.18 15.46 15.46 11.15 3.18 3.18 3.75 11.15 3.18 0.0 15.46 3.18 2.7 0.0 9.86 2.7 9.06 9.06 9.06 2.7 9.86 3.75 3.75 11.15 0.0 2.7 16.77 0.0 8.25 3.75 15.46 15.46 2.7 3.75 3.75 3.75 3.18 2.7 3.75 3.75 0.0 11.15 9.06 2.7 15.46 2.7 2.7 3.18 16.77 9.86 0.0 3.75 3.75 11.15 11.15 16.77 9.06 3.75 9.86
6.75 7.72 7.5 20.12 18.97 7.72 8.75 18.97 11.15 11.45 20.12 3.75 8.75 12.09 12.09 10.82 6.75 0.0 8.75 12.09 6.75 12.09 11.45 7.72 7.72 0.0 11.45 11.45 14.15 0.0 11.45 11.15 7.72 11.45 12.09 11.15 20.12 10.82 11.25 11.25 11.25 10.82 20.12 8.75 8.75 0.0 11.15 10.82 6.75 11.15 7.5 8.75 7.72 7.72 10.82 14.15 14.15 8.75 11.45 10.82 14.15 14.15 11.15 0.0 11.25 12.09 7.72 12.09 10.82 11.45 6.75 18.97 11.15 14.15 8.75 0.0 0.0 6.75 3.75 8.75 20.12
13.12 10.09 3.75 18.14 18.75 10.09 5.86 18.75 9.06 6.18 18.14 7.5 5.86 11.74 11.74 6.41 13.12 11.25 5.86 11.74 13.12 11.74 6.18 10.09 10.09 11.25 6.18 6.18 12.57 11.25 6.18 9.06 10.09 6.18 11.74 9.06 18.14 6.41 0.0 0.0 0.0 6.41 18.14 5.86 5.86 11.25 9.06 6.41 13.12 9.06 3.75 5.86 10.09 10.09 6.41 12.57 12.57 5.86 6.18 6.41 12.57 12.57 9.06 11.25 0.0 11.74 10.09 11.74 6.41 6.18 13.12 18.75 9.06 12.57 5.86 11.25 11.25 13.12 7.5 5.86 18.14
18.26 17.4 10.61 8.08 7.5 17.4 6.18 7.5 2.7 5.86 8.08 10.74 6.18 0.0 0.0 5.41 18.26 12.09 6.18 0.0 18.26 0.0 5.86 17.4 17.4 12.09 5.86 5.86 2.12 12.09 5.86 2.7 17.4 5.86 0.0 2.7 8.08 5.41 11.74 11.74 11.74 5.41 8.08 6.18 6.18 12.09 2.7 5.41 18.26 2.7 10.61 6.18 17.4 17.4 5.41 2.12 2.12 6.18 5.86 5.41 2.12 2.12 2.7 12.09 11.74 0.0 17.4 0.0 5.41 5.86 18.26 7.5 2.7 2.12 6.18 12.09 12.09 18.26 10.74 6.18 8.08
3.75 0.0 7.72 25.3 24.85 0.0 11.86 24.85 15.46 14.09 25.3 6.75 11.86 17.4 17.4 13.79 3.75 7.72 11.86 17.4 3.75 17.4 14.09 0.0 0.0 7.72 14.09 14.09 19.12 7.72 14.09 15.46 0.0 14.09 17.4 15.46 25.3 13.79 10.09 10.09 10.09 13.79 25.3 11.86 11.86 7.72 15.46 13.79 3.75 15.46 7.72 11.86 0.0 0.0 13.79 19.12 19.12 11.86 14.09 13.79 19.12 19.12 15.46 7.72 10.09 17.4 0.0 17.4 13.79 14.09 3.75 24.85 15.46 19.12 11.86 7.72 7.72 3.75 6.75 11.86 25.3
18.26 17.4 10.61 8.08 7.5 17.4 6.18 7.5 2.7 5.86 8.08 10.74 6.18 0.0 0.0 5.41 18.26 12.09 6.18 0.0 18.26 0.0 5.86 17.4 17.4 12.09 5.86 5.86 2.12 12.09 5.86 2.7 17.4 5.86 0.0 2.7 8.08 5.41 11.74 11.74 11.74 5.41 8.08 6.18 6.18 12.09 2.7 5.41 18.26 2.7 10.61 6.18 17.4 17.4 5.41 2.12 2.12 6.18 5.86 5.41 2.12 2.12 2.7 12.09 11.74 0.0 17.4 0.0 5.41 5.86 18.26 7.5 2.7 2.12 6.18 12.09 12.09 18.26 10.74 6.18 8.08
15.61 13.79 6.18 12.0 12.37 13.79 2.12 12.37 2.7 0.75 12.0 7.97 2.12 5.41 5.41 0.0 15.61 10.82 2.12 5.41 15.61 5.41 0.75 13.79 13.79 10.82 0.75 0.75 6.18 10.82 0.75 2.7 13.79 0.75 5.41 2.7 12.0 0.0 6.41 6.41 6.41 0.0 12.0 2.12 2.12 10.82 2.7 0.0 15.61 2.7 6.18 2.12 13.79 13.79 0.0 6.18 6.18 2.12 0.75 0.0 6.18 6.18 2.7 10.82 6.41 5.41 13.79 5.41 0.0 0.75 15.61 12.37 2.7 6.18 2.12 10.82 10.82 15.61 7.97 2.12 12.0
16.05 14.09 6.41 12.02 12.57 14.09 2.7 12.57 3.18 0.0 12.02 8.49 2.7 5.86 5.86 0.75 16.05 11.45 2.7 5.86 16.05 5.86 0.0 14.09 14.09 11.45 0.0 0.0 6.41 11.45 0.0 3.18 14.09 0.0 5.86 3.18 12.02 0.75 6.18 6.18 6.18 0.75 12.02 2.7 2.7 11.45 3.18 0.75 16.05 3.18 6.41 2.7 14.09 14.09 0.75 6.41 6.41 2.7 0.0 0.75 6.41 6.41 3.18 11.45 6.18 5.86 14.09 5.86 0.75 0.0 16.05 12.57 3.18 6.41 2.7 11.45 11.45 16.05 8.49 2.7 12.02
0.0 3.75 10.09 26.34 25.47 3.75 13.52 25.47 16.77 16.05 26.34 7.72 13.52 18.26 18.26 15.61 0.0 6.75 13.52 18.26 0.0 18.26 16.05 3.75 3.75 6.75 16.05 16.05 20.19 6.75 16.05 16.77 3.75 16.05 18.26 16.77 26.34 15.61 13.12 13.12 13.12 15.61 26.34 13.52 13.52 6.75 16.77 15.61 0.0 16.77 10.09 13.52 3.75 3.75 15.61 20.19 20.19 13.52 16.05 15.61 20.19 20.19 16.77 6.75 13.12 18.26 3.75 18.26 15.61 16.05 0.0 25.47 16.77 20.19 13.52 6.75 6.75 0.0 7.72 13.52 26.34
25.47 24.85 18.06 3.0 0.0 24.85 13.58 0.0 9.86 12.57 3.0 18.14 13.58 7.5 7.5 12.37 25.47 18.97 13.58 7.5 25.47 7.5 12.57 24.85 24.85 18.97 12.57 12.57 6.18 18.97 12.57 9.86 24.85 12.57 7.5 9.86 3.0 12.37 18.75 18.75 18.75 12.37 3.0 13.58 13.58 18.97 9.86 12.37 25.47 9.86 18.06 13.58 24.85 24.85 12.37 6.18 6.18 13.58 12.57 12.37 6.18 6.18 9.86 18.97 18.75 7.5 24.85 7.5 12.37 12.57 25.47 0.0 9.86 6.18 13.58 18.97 18.97 25.47 18.14 13.58 3.0
16.77 15.46 8.25 9.86 9.86 15.46 3.75 9.86 0.0 3.18 9.86 9.06 3.75 2.7 2.7 2.7 16.77 11.15 3.75 2.7 16.77 2.7 3.18 15.46 15.46 11.15 3.18 3.18 3.75 11.15 3.18 0.0 15.46 3.18 2.7 0.0 9.86 2.7 9.06 9.06 9.06 2.7 9.86 3.75 3.75 11.15 0.0 2.7 16.77 0.0 8.25 3.75 15.46 15.46 2.7 3.75 3.75 3.75 3.18 2.7 3.75 3.75 0.0 11.15 9.06 2.7 15.46 2.7 2.7 3.18 16.77 9.86 0.0 3.75 3.75 11.15 11.15 16.77 9.06 3.75 9.86
20.19 19.12 12.0 6.18 6.18 19.12 7.5 6.18 3.75 6.41 6.18 12.57 7.5 2.12 2.12 6.18 20.19 14.15 7.5 2.12 20.19 2.12 6.41 19.12 19.12 14.15 6.41 6.41 0.0 14.15 6.41 3.75 19.12 6.41 2.12 3.75 6.18 6.18 12.57 12.57 12.57 6.18 6.18 7.5 7.5 14.15 3.75 6.18 20.19 3.75 12.0 7.5 19.12 19.12 6.18 0.0 0.0 7.5 6.41 6.18 0.0 0.0 3.75 14.15 12.57 2.12 19.12 2.12 6.18 6.41 20.19 6.18 3.75 0.0 7.5 14.15 14.15 20.19 12.57 7.5 6.18
13.52 11.86 4.5 13.58 13.58 11.86 0.0 13.58 3.75 2.7 13.58 5.86 0.0 6.18 6.18 2.12 13.52 8.75 0.0 6.18 13.52 6.18 2.7 11.86 11.86 8.75 2.7 2.7 7.5 8.75 2.7 3.75 11.86 2.7 6.18 3.75 13.58 2.12 5.86 5.86 5.86 2.12 13.58 0.0 0.0 8.75 3.75 2.12 13.52 3.75 4.5 0.0 11.86 11.86 2.12 7.5 7.5 0.0 2.7 2.12 7.5 7.5 3.75 8.75 5.86 6.18 11.86 6.18 2.12 2.7 13.52 13.58 3.75 7.5 0.0 8.75 8.75 13.52 5.86 0.0 13.58
6.75 7.72 7.5 20.12 18.97 7.72 8.75 18.97 11.15 11.45 20.12 3.75 8.75 12.09 12.09 10.82 6.75 0.0 8.75 12.09 6.75 12.09 11.45 7.72 7.72 0.0 11.45 11.45 14.15 0.0 11.45 11.15 7.72 11.45 12.09 11.15 20.12 10.82 11.25 11.25 11.25 10.82 20.12 8.75 8.75 0.0 11.15 10.82 6.75 11.15 7.5 8.75 7.72 7.72 10.82 14.15 14.15 8.75 11.45 10.82 14.15 14.15 11.15 0.0 11.25 12.09 7.72 12.09 10.82 11.45 6.75 18.97 11.15 14.15 8.75 0.0 0.0 6.75 3.75 8.75 20.12
6.75 7.72 7.5 20.12 18.97 7.72 8.75 18.97 11.15 11.45 20.12 3.75 8.75 12.09 12.09 10.82 6.75 0.0 8.75 12.09 6.75 12.09 11.45 7.72 7.72 0.0 11.45 11.45 14.15 0.0 11.45 11.15 7.72 11.45 12.09 11.15 20.12 10.82 11.25 11.25 11.25 10.82 20.12 8.75 8.75 0.0 11.15 10.82 6.75 11.15 7.5 8.75 7.72 7.72 10.82 14.15 14.15 8.75 11.45 10.82 14.15 14.15 11.15 0.0 11.25 12.09 7.72 12.09 10.82 11.45 6.75 18.97 11.15 14.15 8.75 0.0 0.0 6.75 3.75 8.75 20.12
0.0 3.75 10.09 26.34 25.47 3.75 13.52 25.47 16.77 16.05 26.34 7.72 13.52 18.26 18.26 15.61 0.0 6.75 13.52 18.26 0.0 18.26 16.05 3.75 3.75 6.75 16.05 16.05 20.19 6.75 16.05 16.77 3.75 16.05 18.26 16.77 26.34 15.61 13.12 13.12 13.12 15.61 26.34 13.52 13.52 6.75 16.77 15.61 0.0 16.77 10.09 13.52 3.75 3.75 15.61 20.19 20.19 13.52 16.05 15.61 20.19 20.19 16.77 6.75 13.12 18.26 3.75 18.26 15.61 16.05 0.0 25.47 16.77 20.19 13.52 6.75 6.75 0.0 7.72 13.52 26.34
7.72 6.75 3.75 18.75 18.14 6.75 5.86 18.14 9.06 8.49 18.75 0.0 5.86 10.74 10.74 7.97 7.72 3.75 5.86 10.74 7.72 10.74 8.49 6.75 6.75 3.75 8.49 8.49 12.57 3.75 8.49 9.06 6.75 8.49 10.74 9.06 18.75 7.97 7.5 7.5 7.5 7.97 18.75 5.86 5.86 3.75 9.06 7.97 7.72 9.06 3.75 5.86 6.75 6.75 7.97 12.57 12.57 5.86 8.49 7.97 12.57 12.57 9.06 3.75 7.5 10.74 6.75 10.74 7.97 8.49 7.72 18.14 9.06 12.57 5.86 3.75 3.75 7.72 0.0 5.86 18.75
13.52 11.86 4.5 13.58 13.58 11.86 0.0 13.58 3.75 2.7 13.58 5.86 0.0 6.18 6.18 2.12 13.52 8.75 0.0 6.18 13.52 6.18 2.7 11.86 11.86 8.75 2.7 2.7 7.5 8.75 2.7 3.75 11.86 2.7 6.18 3.75 13.58 2.12 5.86 5.86 5.86 2.12 13.58 0.0 0.0 8.75 3.75 2.12 13.52 3.75 4.5 0.0 11.86 11.86 2.12 7.5 7.5 0.0 2.7 2.12 7.5 7.5 3.75 8.75 5.86 6.18 11.86 6.18 2.12 2.7 13.52 13.58 3.75 7.5 0.0 8.75 8.75 13.52 5.86 0.0 13.58
26.34 25.3 18.06 0.0 3.0 25.3 13.58 3.0 9.86 12.02 0.0 18.75 13.58 8.08 8.08 12.0 26.34 20.12 13.58 8.08 26.34 8.08 12.02 25.3 25.3 20.12 12.02 12.02 6.18 20.12 12.02 9.86 25.3 12.02 8.08 9.86 0.0 12.0 18.14 18.14 18.14 12.0 0.0 13.58 13.58 20.12 9.86 12.0 26.34 9.86 18.06 13.58 25.3 25.3 12.0 6.18 6.18 13.58 12.02 12.0 6.18 6.18 9.86 20.12 18.14 8.08 25.3 8.08 12.0 12.02 26.34 3.0 9.86 6.18 13.58 20.12 20.12 26.34 18.75 13.58 0.0
