0.0 13.52 16.77 16.05 13.52 16.05 15.61 13.52 20.19 10.09 20.19 0.0 15.61 13.12 16.05 16.05 0.0 15.61 10.09 18.26 18.26 3.75 13.12 18.26 15.61 3.75 7.72 0.0 25.47 7.72 0.0 10.09 16.05 25.47 7.72 20.19 20.19 16.05 16.77 15.61 7.72 20.19 7.72 16.05 20.19 3.75 0.0 18.26 13.12 16.77 13.12 0.0 6.75 0.0 10.09 0.0 0.0 16.05 10.09 13.12 6.75 10.09 25.47 20.19 15.61 13.12 16.05 20.19 13.52 20.19 25.47 0.0 20.19 25.47 10.09 0.0 0.0 15.61 15.61 16.05 16.05 13.12 7.72 16.05 6.75 16.77 6.75 18.26 0.0 0.0 20.19 18.26 20.19 7.72 26.34 6.75 13.52 3.75 18.26 10.09 16.77
13.52 0.0 3.75 2.7 0.0 2.7 2.12 0.0 7.5 4.5 7.5 13.52 2.12 5.86 2.7 2.7 13.52 2.12 4.5 6.18 6.18 11.86 5.86 6.18 2.12 11.86 5.86 13.52 13.58 5.86 13.52 4.5 2.7 13.58 5.86 7.5 7.5 2.7 3.75 2.12 5.86 7.5 5.86 2.7 7.5 11.86 13.52 6.18 5.86 3.75 5.86 13.52 8.75 13.52 4.5 13.52 13.52 2.7 4.5 5.86 8.75 4.5 13.58 7.5 2.12 5.86 2.7 7.5 0.0 7.5 13.58 13.52 7.5 13.58 4.5 13.52 13.52 2.12 2.12 2.7 2.7 5.86 5.86 2.7 8.75 3.75 8.75 6.18 13.52 13.52 7.5 6.18 7.5 5.86 13.58 8.75 0.0 11.86 6.18 4.5 3.75
16.77 3.75 0.0 3.18 3.75 3.18 2.7 3.75 3.75 8.25 3.75 16.77 2.7 9.06 3.18 3.18 16.77 2.7 8.25 2.7 2.7 15.46 9.06 2.7 2.7 15.46 9.06 16.77 9.86 9.06 16.77 8.25 3.18 9.86 9.06 3.75 3.75 3.18 0.0 2.7 9.06 3.75 9.06 3.18 3.75 15.46 16.77 2.7 9.06 0.0 9.06 16.77 11.15 16.77 8.25 16.77 16.77 3.18 8.25 9.06 11.15 8.25 9.86 3.75 2.7 9.06 3.18 3.75 3.75 3.75 9.86 16.77 3.75 9.86 8.25 16.77 16.77 2.7 2.7 3.18 3.18 9.06 9.06 3.18 11.15 0.0 11.15 2.7 16.77 16.77 3.75 2.7 3.75 9.06 9.86 11.15 3.75 15.46 2.7 8.25 0.0
16.05 2.7 3.18 0.0 2.7 0.0 0.75 2.7 6.41 6.41 6.41 16.05 0.75 6.18 0.0 0.0 16.05 0.75 6.41 5.86 5.86 14.09 6.18 5.86 0.75 14.09 8.49 16.05 12.57 8.49 16.05 6.41 0.0 12.57 8.49 6.41 6.41 0.0 3.18 0.75 8.49 6.41 8.49 0.0 6.41 14.09 16.05 5.86 6.18 3.18 6.18 16.05 11.45 16.05 6.41 16.05 16.05 0.0 6.41 6.18 11.45 6.41 12.57 6.41 0.75 6.18 0.0 6.41 2.7 6.41 12.57 16.05 6.41 12.57 6.41 16.05 16.05 0.75 0.75 0.0 0.0 6.18 8.49 0.0 11.45 3.18 11.45 5.86 16.05 16.05 6.41 5.86 6.41 8.49 12.02 11.45 2.7 14.09 5.86 6.41 3.18
13.52 0.0 3.75 2.7 0.0 2.7 2.12 0.0 7.5 4.5 7.5 13.52 2.12 5.86 2.7 2.7 13.52 2.12 4.5 6.18 6.18 11.86 5.86 6.18 2.12 11.86 5.86 13.52 13.58 5.86 13.52 4.5 2.7 13.58 5.86 7.5 7.5 2.7 3.75 2.12 5.86 7.5 5.86 2.7 7.5 11.86 13.52 6.18 5.86 3.75 5.86 13.52 8.75 13.52 4.5 13.52 13.52 2.7 4.5 5.86 8.75 4.5 13.58 7.5 2.12 5.86 2.7 7.5 0.0 7.5 13.58 13.52 7.5 13.58 4.5 13.52 13.52 2.12 2.12 2.7 2.7 5.86 5.86 2.7 8.75 3.75 8.75 6.18 13.52 13.52 7.5 6.18 7.5 5.86 13.58 8.75 0.0 11.86 6.18 4.5 3.75
16.05 2.7 3.18 0.0 2.7 0.0 0.75 2.7 6.41 6.41 6.41 16.05 0.75 6.18 0.0 0.0 16.05 0.75 6.41 5.86 5.86 14.09 6.18 5.86 0.75 14.09 8.49 16.05 12.57 8.49 16.05 6.41 0.0 12.57 8.49 6.41 6.41 0.0 3.18 0.75 8.49 6.41 8.49 0.0 6.41 14.09 16.05 5.86 6.18 3.18 6.18 16.05 11.45 16.05 6.41 16.05 16.05 0.0 6.41 6.18 11.45 6.41 12.57 6.41 0.75 6.18 0.0 6.41 2.7 6.41 12.57 16.05 6.41 12.57 6.41 16.05 16.05 0.75 0.75 0.0 0.0 6.18 8.49 0.0 11.45 3.18 11.45 5.86 16.05 16.05 6.41 5.86 6.41 8.49 12.02 11.45 2.7 14.09 5.86 6.41 3.18
15.61 2.12 2.7 0.75 2.12 0.75 0.0 2.12 6.18 6.18 6.18 15.61 0.0 6.41 0.75 0.75 15.61 0.0 6.18 5.41 5.41 13.79 6.41 5.41 0.0 13.79 7.97 15.61 12.37 7.97 15.61 6.18 0.75 12.37 7.97 6.18 6.18 0.75 2.7 0.0 7.97 6.18 7.97 0.75 6.18 13.79 15.61 5.41 6.41 2.7 6.41 15.61 10.82 15.61 6.18 15.61 15.61 0.75 6.18 6.41 10.82 6.18 12.37 6.18 0.0 6.41 0.75 6.18 2.12 6.18 12.37 15.61 6.18 12.37 6.18 15.61 15.61 0.0 0.0 0.75 0.75 6.41 7.97 0.75 10.82 2.7 10.82 5.41 15.61 15.61 6.18 5.41 6.18 7.97 12.0 10.82 2.12 13.79 5.41 6.18 2.7
13.52 0.0 3.75 2.7 0.0 2.7 2.12 0.0 7.5 4.5 7.5 13.52 2.12 5.86 2.7 2.7 13.52 2.12 4.5 6.18 6.18 11.86 5.86 6.18 2.12 11.86 5.86 13.52 13.58 5.86 13.52 4.5 2.7 13.58 5.86 7.5 7.5 2.7 3.75 2.12 5.86 7.5 5.86 2.7 7.5 11.86 13.52 6.18 5.86 3.75 5.86 13.52 8.75 13.52 4.5 13.52 13.52 2.7 4.5 5.86 8.75 4.5 13.58 7.5 2.12 5.86 2.7 7.5 0.0 7.5 13.58 13.52 7.5 13.58 4.5 13.52 13.52 2.12 2.12 2.7 2.7 5.86 5.86 2.7 8.75 3.75 8.75 6.18 13.52 13.52 7.5 6.18 7.5 5.86 13.58 8.75 0.0 11.86 6.18 4.5 3.75
20.19 7.5 3.75 6.41 7.5 6.41 6.18 7.5 0.0 12.0 0.0 20.19 6.18 12.57 6.41 6.41 20.19 6.18 12.0 2.12 2.12 19.12 12.57 2.12 6.18 19.12 12.57 20.19 6.18 12.57 20.19 12.0 6.41 6.18 12.57 0.0 0.0 6.41 3.75 6.18 12.57 0.0 12.57 6.41 0.0 19.12 20.19 2.12 12.57 3.75 12.57 20.19 14.15 20.19 12.0 20.19 20.19 6.41 12.0 12.57 14.15 12.0 6.18 0.0 6.18 12.57 6.41 0.0 7.5 0.0 6.18 20.19 0.0 6.18 12.0 20.19 20.19 6.18 6.18 6.41 6.41 12.57 12.57 6.41 14.15 3.75 14.15 2.12 20.19 20.19 0.0 2.12 0.0 12.57 6.18 14.15 7.5 19.12 2.12 12.0 3.75
10.09 4.5 8.25 6.41 4.5 6.41 6.18 4.5 12.0 0.0 12.0 10.09 6.18 3.75 6.41 6.41 10.09 6.18 0.0 10.61 10.61 7.72 3.75 10.61 6.18 7.72 3.75 10.09 18.06 3.75 10.09 0.0 6.41 18.06 3.75 12.0 12.0 6.41 8.25 6.18 3.75 12.0 3.75 6.41 12.0 7.72 10.09 10.61 3.75 8.25 3.75 10.09 7.5 10.09 0.0 10.09 10.09 6.41 0.0 3.75 7.5 0.0 18.06 12.0 6.18 3.75 6.41 12.0 4.5 12.0 18.06 10.09 12.0 18.06 0.0 10.09 10.09 6.18 6.18 6.41 6.41 3.75 3.75 6.41 7.5 8.25 7.5 10.61 10.09 10.09 12.0 10.61 12.0 3.75 18.06 7.5 4.5 7.72 10.61 0.0 8.25
20.19 7.5 3.75 6.41 7.5 6.41 6.18 7.5 0.0 12.0 0.0 20.19 6.18 12.57 6.41 6.41 20.19 6.18 12.0 2.12 2.12 19.12 12.57 2.12 6.18 19.12 12.57 20.19 6.18 12.57 20.19 12.0 6.41 6.18 12.57 0.0 0.0 6.41 3.75 6.18 12.57 0.0 12.57 6.41 0.0 19.12 20.19 2.12 12.57 3.75 12.57 20.19 14.15 20.19 12.0 20.19 20.19 6.41 12.0 12.57 14.15 12.0 6.18 0.0 6.18 12.57 6.41 0.0 7.5 0.0 6.18 20.19 0.0 6.18 12.0 20.19 20.19 6.18 6.18 6.41 6.41 12.57 12.57 6.41 14.15 3.75 14.15 2.12 20.19 20.19 0.0 2.12 0.0 12.57 6.18 14.15 7.5 19.12 2.12 12.0 3.75
0.0 13.52 16.77 16.05 13.52 16.05 15.61 13.52 20.19 10.09 20.19 0.0 15.61 13.12 16.05 16.05 0.0 15.61 10.09 18.26 18.26 3.75 13.12 18.26 15.61 3.75 7.72 0.0 25.47 7.72 0.0 10.09 16.05 25.47 7.72 20.19 20.19 16.05 16.77 15.61 7.72 20.19 7.72 16.05 20.19 3.75 0.0 18.26 13.12 16.77 13.12 0.0 6.75 0.0 10.09 0.0 0.0 16.05 10.09 13.12 6.75 10.09 25.47 20.19 15.61 13.12 16.05 20.19 13.52 20.19 25.47 0.0 20.19 25.47 10.09 0.0 0.0 15.61 15.61 16.05 16.05 13.12 7.72 16.05 6.75 16.77 6.75 18.26 0.0 0.0 20.19 18.26 20.19 7.72 26.34 6.75 13.52 3.75 18.26 10.09 16.77
15.61 2.12 2.7 0.75 2.12 0.75 0.0 2.12 6.18 6.18 6.18 15.61 0.0 6.41 0.75 0.75 15.61 0.0 6.18 5.41 5.41 13.79 6.41 5.41 0.0 13.79 7.97 15.61 12.37 7.97 15.61 6.18 0.75 12.37 7.97 6.18 6.18 0.75 2.7 0.0 7.97 6.18 7.97 0.75 6.18 13.79 15.61 5.41 6.41 2.7 6.41 15.61 10.82 15.61 6.18 15.61 15.61 0.75 6.18 6.41 10.82 6.18 12.37 6.18 0.0 6.41 0.75 6.18 2.12 6.18 12.37 15.61 6.18 12.37 6.18 15.61 15.61 0.0 0.0 0.75 0.75 6.41 7.97 0.75 10.82 2.7 10.82 5.41 15.61 15.61 6.18 5.41 6.18 7.97 12.0 10.82 2.12 13.79 5.41 6.18 2.7
13.12 5.86 9.06 6.18 5.86 6.18 6.41 5.86 12.57 3.75 12.57 13.12 6.41 0.0 6.18 6.18 13.12 6.41 3.75 11.74 11.74 10.09 0.0 11.74 6.41 10.09 7.5 13.12 18.75 7.5 13.12 3.75 6.18 18.75 7.5 12.57 12.57 6.18 9.06 6.41 7.5 12.57 7.5 6.18 12.57 10.09 13.12 11.74 0.0 9.06 0.0 13.12 11.25 13.12 3.75 13.12 13.12 6.18 3.75 0.0 11.25 3.75 18.75 12.57 6.41 0.0 6.18 12.57 5.86 12.57 18.75 13.12 12.57 18.75 3.75 13.12 13.12 6.41 6.41 6.18 6.18 0.0 7.5 6.18 11.25 9.06 11.25 11.74 13.12 13.12 12.57 11.74 12.57 7.5 18.14 11.25 5.86 10.09 11.74 3.75 9.06
16.05 2.7 3.18 0.0 2.7 0.0 0.75 2.7 6.41 6.41 6.41 16.05 0.75 6.18 0.0 0.0 16.05 0.75 6.41 5.86 5.86 14.09 6.18 5.86 0.75 14.09 8.49 16.05 12.57 8.49 16.05 6.41 0.0 12.57 8.49 6.41 6.41 0.0 3.18 0.75 8.49 6.41 8.49 0.0 6.41 14.09 16.05 5.86 6.18 3.18 6.18 16.05 11.45 16.05 6.41 16.05 16.05 0.0 6.41 6.18 11.45 6.41 12.57 6.41 0.75 6.18 0.0 6.41 2.7 6.41 12.57 16.05 6.41 12.57 6.41 16.05 16.05 0.75 0.75 0.0 0.0 6.18 8.49 0.0 11.45 3.18 11.45 5.86 16.05 16.05 6.41 5.86 6.41 8.49 12.02 11.45 2.7 14.09 5.86 6.41 3.18
16.05 2.7 3.18 0.0 2.7 0.0 0.75 2.7 6.41 6.41 6.41 16.05 0.75 6.18 0.0 0.0 16.05 0.75 6.41 5.86 5.86 14.09 6.18 5.86 0.75 14.09 8.49 16.05 12.57 8.49 16.05 6.41 0.0 12.57 8.49 6.41 6.41 0.0 3.18 0.75 8.49 6.41 8.49 0.0 6.41 14.09 16.05 5.86 6.18 3.18 6.18 16.05 11.45 16.05 6.41 16.05 16.05 0.0 6.41 6.18 11.45 6.41 12.57 6.41 0.75 6.18 0.0 6.41 2.7 6.41 12.57 16.05 6.41 12.57 6.41 16.05 16.05 0.75 0.75 0.0 0.0 6.18 8.49 0.0 11.45 3.18 11.45 5.86 16.05 16.05 6.41 5.86 6.41 8.49 12.02 11.45 2.7 14.09 5.86 6.41 3.18
0.0 13.52 16.77 16.05 13.52 16.05 15.61 13.52 20.19 10.09 20.19 0.0 15.61 13.12 16.05 16.05 0.0 15.61 10.09 18.26 18.26 3.75 13.12 18.26 15.61 3.75 7.72 0.0 25.47 7.72 0.0 10.09 16.05 25.47 7.72 20.19 20.19 16.05 16.77 15.61 7.72 20.19 7.72 16.05 20.19 3.75 0.0 18.26 13.12 16.77 13.12 0.0 6.75 0.0 10.09 0.0 0.0 16.05 10.09 13.12 6.75 10.09 25.47 20.19 15.61 13.12 16.05 20.19 13.52 20.19 25.47 0.0 20.19 25.47 10.09 0.0 0.0 15.61 15.61 16.05 16.05 13.12 7.72 16.05 6.75 16.77 6.75 18.26 0.0 0.0 20.19 18.26 20.19 7.72 26.34 6.75 13.52 3.75 18.26 10.09 16.77
15.61 2.12 2.7 0.75 2.12 0.75 0.0 2.12 6.18 6.18 6.18 15.61 0.0 6.41 0.75 0.75 15.61 0.0 6.18 5.41 5.41 13.79 6.41 5.41 0.0 13.79 7.97 15.61 12.37 7.97 15.61 6.18 0.75 12.37 7.97 6.18 6.18 0.75 2.7 0.0 7.97 6.18 7.97 0.75 6.18 13.79 15.61 5.41 6.41 2.7 6.41 15.61 10.82 15.61 6.18 15.61 15.61 0.75 6.18 6.41 10.82 6.18 12.37 6.18 0.0 6.41 0.75 6.18 2.12 6.18 12.37 15.61 6.18 12.37 6.18 15.61 15.61 0.0 0.0 0.75 0.75 6.41 7.97 0.75 10.82 2.7 10.82 5.41 15.61 15.61 6.18 5.41 6.18 7.97 12.0 10.82 2.12 13.79 5.41 6.18 2.7
10.09 4.5 8.25 6.41 4.5 6.41 6.18 4.5 12.0 0.0 12.0 10.09 6.18 3.75 6.41 6.41 10.09 6.18 0.0 10.61 10.61 7.72 3.75 10.61 6.18 7.72 3.75 10.09 18.06 3.75 10.09 0.0 6.41 18.06 3.75 12.0 12.0 6.41 8.25 6.18 3.75 12.0 3.75 6.41 12.0 7.72 10.09 10.61 3.75 8.25 3.75 10.09 7.5 10.09 0.0 10.09 10.09 6.41 0.0 3.75 7.5 0.0 18.06 12.0 6.18 3.75 6.41 12.0 4.5 12.0 18.06 10.09 12.0 18.06 0.0 10.09 10.09 6.18 6.18 6.41 6.41 3.75 3.75 6.41 7.5 8.25 7.5 10.61 10.09 10.09 12.0 10.61 12.0 3.75 18.06 7.5 4.5 7.72 10.61 0.0 8.25
18.26 6.18 2.7 5.86 6.18 5.86 5.41 6.18 2.12 10.61 2.12 18.26 5.41 11.74 5.86 5.86 18.26 5.41 10.61 0.0 0.0 17.4 11.74 0.0 5.41 17.4 10.74 18.26 7.5 10.74 18.26 10.61 5.86 7.5 10.74 2.12 2.12 5.86 2.7 5.41 10.74 2.12 10.74 5.86 2.12 17.4 18.26 0.0 11.74 2.7 11.74 18.26 12.09 18.26 10.61 18.26 18.26 5.86 10.61 11.74 12.09 10.61 7.5 2.12 5.41 11.74 5.86 2.12 6.18 2.12 7.5 18.26 2.12 7.5 10.61 18.26 18.26 5.41 5.41 5.86 5.86 11.74 10.74 5.86 12.09 2.7 12.09 0.0 18.26 18.26 2.12 0.0 2.12 10.74 8.08 12.09 6.18 17.4 0.0 10.61 2.7
18.26 6.18 2.7 5.86 6.18 5.86 5.41 6.18 2.12 10.61 2.12 18.26 5.41 11.74 5.86 5.86 18.26 5.41 10.61 0.0 0.0 17.4 11.74 0.0 5.41 17.4 10.74 18.26 7.5 10.74 18.26 10.61 5.86 7.5 10.74 2.12 2.12 5.86 2.7 5.41 10.74 2.12 10.74 5.86 2.12 17.4 18.26 0.0 11.74 2.7 11.74 18.26 12.09 18.26 10.61 18.26 18.26 5.86 10.61 11.74 12.09 10.61 7.5 2.12 5.41 11.74 5.86 2.12 6.18 2.12 7.5 18.26 2.12 7.5 10.61 18.26 18.26 5.41 5.41 5.86 5.86 11.74 10.74 5.86 12.09 2.7 12.09 0.0 18.26 18.26 2.12 0.0 2.12 10.74 8.08 12.09 6.18 17.4 0.0 10.61 2.7
3.75 11.86 15.46 14.09 11.86 14.09 13.79 11.86 19.12 7.72 19.12 3.75 13.79 10.09 14.09 14.09 3.75 13.79 7.72 17.4 17.4 0.0 10.09 17.4 13.79 0.0 6.75 3.75 24.85 6.75 3.75 7.72 14.09 24.85 6.75 19.12 19.12 14.09 15.46 13.79 6.75 19.12 6.75 14.09 19.12 0.0 3.75 17.4 10.09 15.46 10.09 3.75 7.72 3.75 7.72 3.75 3.75 14.09 7.72 10.09 7.72 7.72 24.85 19.12 13.79 10.09 14.09 19.12 11.86 19.12 24.85 3.75 19.12 24.85 7.72 3.75 3.75 13.79 13.79 14.09 14.09 10.09 6.75 14.09 7.72 15.46 7.72 17.4 3.75 3.75 19.12 17.4 19.12 6.75 25.3 7.72 11.86 0.0 17.4 7.72 15.46
13.12 5.86 9.06 6.18 5.86 6.18 6.41 5.86 12.57 3.75 12.57 13.12 6.41 0.0 6.18 6.18 13.12 6.41 3.75 11.74 11.74 10.09 0.0 11.74 6.41 10.09 7.5 13.12 18.75 7.5 13.12 3.75 6.18 18.75 7.5 12.57 12.57 6.18 9.06 6.41 7.5 12.57 7.5 6.18 12.57 10.09 13.12 11.74 0.0 9.06 0.0 13.12 11.25 13.12 3.75 13.12 13.12 6.18 3.75 0.0 11.25 3.75 18.75 12.57 6.41 0.0 6.18 12.57 5.86 12.57 18.75 13.12 12.57 18.75 3.75 13.12 13.12 6.41 6.41 6.18 6.18 0.0 7.5 6.18 11.25 9.06 11.25 11.74 13.12 13.12 12.57 11.74 12.57 7.5 18.14 11.25 5.86 10.09 11.74 3.75 9.06
18.26 6.18 2.7 5.86 6.18 5.86 5.41 6.18 2.12 10.61 2.12 18.26 5.41 11.74 5.86 5.86 18.26 5.41 10.61 0.0 0.0 17.4 11.74 0.0 5.41 17.4 10.74 18.26 7.5 10.74 18.26 10.61 5.86 7.5 10.74 2.12 2.12 5.86 2.7 5.41 10.74 2.12 10.74 5.86 2.12 17.4 18.26 0.0 11.74 2.7 11.74 18.26 12.09 18.26 10.61 18.26 18.26 5.86 10.61 11.74 12.09 10.61 7.5 2.12 5.41 11.74 5.86 2.12 6.18 2.12 7.5 18.26 2.12 7.5 10.61 18.26 18.26 5.41 5.41 5.86 5.86 11.74 10.74 5.86 12.09 2.7 12.09 0.0 18.26 18.26 2.12 0.0 2.12 10.74 8.08 12.09 6.18 17.4 0.0 10.61 2.7
15.61 2.12 2.7 0.75 2.12 0.75 0.0 2.12 6.18 6.18 6.18 15.61 0.0 6.41 0.75 0.75 15.61 0.0 6.18 5.41 5.41 13.79 6.41 5.41 0.0 13.79 7.97 15.61 12.37 7.97 15.61 6.18 0.75 12.37 7.97 6.18 6.18 0.75 2.7 0.0 7.97 6.18 7.97 0.75 6.18 13.79 15.61 5.41 6.41 2.7 6.41 15.61 10.82 15.61 6.18 15.61 15.61 0.75 6.18 6.41 10.82 6.18 12.37 6.18 0.0 6.41 0.75 6.18 2.12 6.18 12.37 15.61 6.18 12.37 6.18 15.61 15.61 0.0 0.0 0.75 0.75 6.41 7.97 0.75 10.82 2.7 10.82 5.41 15.61 15.61 6.18 5.41 6.18 7.97 12.0 10.82 2.12 13.79 5.41 6.18 2.7
3.75 11.86 15.46 14.09 11.86 14.09 13.79 11.86 19.12 7.72 19.12 3.75 13.79 10.09 14.09 14.09 3.75 13.79 7.72 17.4 17.4 0.0 10.09 17.4 13.79 0.0 6.75 3.75 24.85 6.75 3.75 7.72 14.09 24.85 6.75 19.12 19.12 14.09 15.46 13.79 6.75 19.12 6.75 14.09 19.12 0.0 3.75 17.4 10.09 15.46 10.09 3.75 7.72 3.75 7.72 3.75 3.75 14.09 7.72 10.09 7.72 7.72 24.85 19.12 13.79 10.09 14.09 19.12 11.86 19.12 24.85 3.75 19.12 24.85 7.72 3.75 3.75 13.79 13.79 14.09 14.09 10.09 6.75 14.09 7.72 15.46 7.72 17.4 3.75 3.75 19.12 17.4 19.12 6.75 25.3 7.72 11.86 0.0 17.4 7.72 15.46
7.72 5.86 9.06 8.49 5.86 8.49 7.97 5.86 12.57 3.75 12.57 7.72 7.97 7.5 8.49 8.49 7.72 7.97 3.75 10.74 10.74 6.75 7.5 10.74 7.97 6.75 0.0 7.72 18.14 0.0 7.72 3.75 8.49 18.14 0.0 12.57 12.57 8.49 9.06 7.97 0.0 12.57 0.0 8.49 12.57 6.75 7.72 10.74 7.5 9.06 7.5 7.72 3.75 7.72 3.75 7.72 7.72 8.49 3.75 7.5 3.75 3.75 18.14 12.57 7.97 7.5 8.49 12.57 5.86 12.57 18.14 7.72 12.57 18.14 3.75 7.72 7.72 7.97 7.97 8.49 8.49 7.5 0.0 8.49 3.75 9.06 3.75 10.74 7.72 7.72 12.57 10.74 12.57 0.0 18.75 3.75 5.86 6.75 10.74 3.75 9.06
0.0 13.52 16.77 16.05 13.52 16.05 15.61 13.52 20.19 10.09 20.19 0.0 15.61 13.12 16.05 16.05 0.0 15.61 10.09 18.26 18.26 3.75 13.12 18.26 15.61 3.75 7.72 0.0 25.47 7.72 0.0 10.09 16.05 25.47 7.72 20.19 20.19 16.05 16.77 15.61 7.72 20.19 7.72 16.05 20.19 3.75 0.0 18.26 13.12 16.77 13.12 0.0 6.75 0.0 10.09 0.0 0.0 16.05 10.09 13.12 6.75 10.09 25.47 20.19 15.61 13.12 16.05 20.19 13.52 20.19 25.47 0.0 20.19 25.47 10.09 0.0 0.0 15.61 15.61 16.05 16.05 13.12 7.72 16.05 6.75 16.77 6.75 18.26 0.0 0.0 20.19 18.26 20.19 7.72 26.34 6.75 13.52 3.75 18.26 10.09 16.77
25.47 13.58 9.86 12.57 13.58 12.57 12.37 13.58 6.18 18.06 6.18 25.47 12.37 18.75 12.57 12.57 25.47 12.37 18.06 7.5 7.5 24.85 18.75 7.5 12.37 24.85 18.14 25.47 0.0 18.14 25.47 18.06 12.57 0.0 18.14 6.18 6.18 12.57 9.86 12.37 18.14 6.18 18.14 12.57 6.18 24.85 25.47 7.5 18.75 9.86 18.75 25.47 18.97 25.47 18.06 25.47 25.47 12.57 18.06 18.75 18.97 18.06 0.0 6.18 12.37 18.75 12.57 6.18 13.58 6.18 0.0 25.47 6.18 0.0 18.06 25.47 25.47 12.37 12.37 12.57 12.57 18.75 18.14 12.57 18.97 9.86 18.97 7.5 25.47 25.47 6.18 7.5 6.18 18.14 3.0 18.97 13.58 24.85 7.5 18.06 9.86
7.72 5.86 9.06 8.49 5.86 8.49 7.97 5.86 12.57 3.75 12.57 7.72 7.97 7.5 8.49 8.49 7.72 7.97 3.75 10.74 10.74 6.75 7.5 10.74 7.97 6.75 0.0 7.72 18.14 0.0 7.72 3.75 8.49 18.14 0.0 12.57 12.57 8.49 9.06 7.97 0.0 12.57 0.0 8.49 12.57 6.75 7.72 10.74 7.5 9.06 7.5 7.72 3.75 7.72 3.75 7.72 7.72 8.49 3.75 7.5 3.75 3.75 18.14 12.57 7.97 7.5 8.49 12.57 5.86 12.57 18.14 7.72 12.57 18.14 3.75 7.72 7.72 7.97 7.97 8.49 8.49 7.5 0.0 8.49 3.75 9.06 3.75 10.74 7.72 7.72 12.57 10.74 12.57 0.0 18.75 3.75 5.86 6.75 10.74 3.75 9.06
0.0 13.52 16.77 16.05 13.52 16.05 15.61 13.52 20.19 10.09 20.19 0.0 15.61 13.12 16.05 16.05 0.0 15.61 10.09 18.26 18.26 3.75 13.12 18.26 15.61 3.75 7.72 0.0 25.47 7.72 0.0 10.09 16.05 25.47 7.72 20.19 20.19 16.05 16.77 15.61 7.72 20.19 7.72 16.05 20.19 3.75 0.0 18.26 13.12 16.77 13.12 0.0 6.75 0.0 10.09 0.0 0.0 16.05 10.09 13.12 6.75 10.09 25.47 20.19 15.61 13.12 16.05 20.19 13.52 20.19 25.47 0.0 20.19 25.47 10.09 0.0 0.0 15.61 15.61 16.05 16.05 13.12 7.72 16.05 6.75 16.77 6.75 18.26 0.0 0.0 20.19 18.26 20.19 7.72 26.34 6.75 13.52 3.75 18.26 10.09 16.77
10.09 4.5 8.25 6.41 4.5 6.41 6.18 4.5 12.0 0.0 12.0 10.09 6.18 3.75 6.41 6.41 10.09 6.18 0.0 10.61 10.61 7.72 3.75 10.61 6.18 7.72 3.75 10.09 18.06 3.75 10.09 0.0 6.41 18.06 3.75 12.0 12.0 6.41 8.25 6.18 3.75 12.0 3.75 6.41 12.0 7.72 10.09 10.61 3.75 8.25 3.75 10.09 7.5 10.09 0.0 10.09 10.09 6.41 0.0 3.75 7.5 0.0 18.06 12.0 6.18 3.75 6.41 12.0 4.5 12.0 18.06 10.09 12.0 18.06 0.0 10.09 10.09 6.18 6.18 6.41 6.41 3.75 3.75 6.41 7.5 8.25 7.5 10.61 10.09 10.09 12.0 10.61 12.0 3.75 18.06 7.5 4.5 7.72 10.61 0.0 8.25
16.05 2.7 3.18 0.0 2.7 0.0 0.75 2.7 6.41 6.41 6.41 16.05 0.75 6.18 0.0 0.0 16.05 0.75 6.41 5.86 5.86 14.09 6.18 5.86 0.75 14.09 8.49 16.05 12.57 8.49 16.05 6.41 0.0 12.57 8.49 6.41 6.41 0.0 3.18 0.75 8.49 6.41 8.49 0.0 6.41 14.09 16.05 5.86 6.18 3.18 6.18 16.05 11.45 16.05 6.41 16.05 16.05 0.0 6.41 6.18 11.45 6.41 12.57 6.41 0.75 6.18 0.0 6.41 2.7 6.41 12.57 16.05 6.41 12.57 6.41 16.05 16.05 0.75 0.75 0.0 0.0 6.18 8.49 0.0 11.45 3.18 11.45 5.86 16.05 16.05 6.41 5.86 6.41 8.49 12.02 11.45 2.7 14.09 5.86 6.41 3.18
25.47 13.58 9.86 12.57 13.58 12.57 12.37 13.58 6.18 18.06 6.18 25.47 12.37 18.75 12.57 12.57 25.47 12.37 18.06 7.5 7.5 24.85 18.75 7.5 12.37 24.85 18.14 25.47 0.0 18.14 25.47 18.06 12.57 0.0 18.14 6.18 6.18 12.57 9.86 12.37 18.14 6.18 18.14 12.57 6.18 24.85 25.47 7.5 18.75 9.86 18.75 25.47 18.97 25.47 18.06 25.47 25.47 12.57 18.06 18.75 18.97 18.06 0.0 6.18 12.37 18.75 12.57 6.18 13.58 6.18 0.0 25.47 6.18 0.0 18.06 25.47 25.47 12.37 12.37 12.57 12.57 18.75 18.14 12.57 18.97 9.86 18.97 7.5 25.47 25.47 6.18 7.5 6.18 18.14 3.0 18.97 13.58 24.85 7.5 18.06 9.86
7.72 5.86 9.06 8.49 5.86 8.49 7.97 5.86 12.57 3.75 12.57 7.72 7.97 7.5 8.49 8.49 7.72 7.97 3.75 10.74 10.74 6.75 7.5 10.74 7.97 6.75 0.0 7.72 18.14 0.0 7.72 3.75 8.49 18.14 0.0 12.57 12.57 8.49 9.06 7.97 0.0 12.57 0.0 8.49 12.57 6.75 7.72 10.74 7.5 9.06 7.5 7.72 3.75 7.72 3.75 7.72 7.72 8.49 3.75 7.5 3.75 3.75 18.14 12.57 7.97 7.5 8.49 12.57 5.86 12.57 18.14 7.72 12.57 18.14 3.75 7.72 7.72 7.97 7.97 8.49 8.49 7.5 0.0 8.49 3.75 9.06 3.75 10.74 7.72 7.72 12.57 10.74 12.57 0.0 18.75 3.75 5.86 6.75 10.74 3.75 9.06
20.19 7.5 3.75 6.41 7.5 6.41 6.18 7.5 0.0 12.0 0.0 20.19 6.18 12.57 6.41 6.41 20.19 6.18 12.0 2.12 2.12 19.12 12.57 2.12 6.18 19.12 12.57 20.19 6.18 12.57 20.19 12.0 6.41 6.18 12.57 0.0 0.0 6.41 3.75 6.18 12.57 0.0 12.57 6.41 0.0 19.12 20.19 2.12 12.57 3.75 12.57 20.19 14.15 20.19 12.0 20.19 20.19 6.41 12.0 12.57 14.15 12.0 6.18 0.0 6.18 12.57 6.41 0.0 7.5 0.0 6.18 20.19 0.0 6.18 12.0 20.19 20.19 6.18 6.18 6.41 6.41 12.57 12.57 6.41 14.15 3.75 14.15 2.12 20.19 20.19 0.0 2.12 0.0 12.57 6.18 14.15 7.5 19.12 2.12 12.0 3.75
20.19 7.5 3.75 6.41 7.5 6.41 6.18 7.5 0.0 12.0 0.0 20.19 6.18 12.57 6.41 6.41 20.19 6.18 12.0 2.12 2.12 19.12 12.57 2.12 6.18 19.12 12.57 20.19 6.18 12.57 20.19 12.0 6.41 6.18 12.57 0.0 0.0 6.41 3.75 6.18 12.57 0.0 12.57 6.41 0.0 19.12 20.19 2.12 12.57 3.75 12.57 20.19 14.15 20.19 12.0 20.19 20.19 6.41 12.0 12.57 14.15 12.0 6.18 0.0 6.18 12.57 6.41 0.0 7.5 0.0 6.18 20.19 0.0 6.18 12.0 20.19 20.19 6.18 6.18 6.41 6.41 12.57 12.57 6.41 14.15 3.75 14.15 2.12 20.19 20.19 0.0 2.12 0.0 12.57 6.18 14.15 7.5 19.12 2.12 12.0 3.75
16.05 2.7 3.18 0.0 2.7 0.0 0.75 2.7 6.41 6.41 6.41 16.05 0.75 6.18 0.0 0.0 16.05 0.75 6.41 5.86 5.86 14.09 6.18 5.86 0.75 14.09 8.49 16.05 12.57 8.49 16.05 6.41 0.0 12.57 8.49 6.41 6.41 0.0 3.18 0.75 8.49 6.41 8.49 0.0 6.41 14.09 16.05 5.86 6.18 3.18 6.18 16.05 11.45 16.05 6.41 16.05 16.05 0.0 6.41 6.18 11.45 6.41 12.57 6.41 0.75 6.18 0.0 6.41 2.7 6.41 12.57 16.05 6.41 12.57 6.41 16.05 16.05 0.75 0.75 0.0 0.0 6.18 8.49 0.0 11.45 3.18 11.45 5.86 16.05 16.05 6.41 5.86 6.41 8.49 12.02 11.45 2.7 14.09 5.86 6.41 3.18
16.77 3.75 0.0 3.18 3.75 3.18 2.7 3.75 3.75 8.25 3.75 16.77 2.7 9.06 3.18 3.18 16.77 2.7 8.25 2.7 2.7 15.46 9.06 2.7 2.7 15.46 9.06 16.77 9.86 9.06 16.77 8.25 3.18 9.86 9.06 3.75 3.75 3.18 0.0 2.7 9.06 3.75 9.06 3.18 3.75 15.46 16.77 2.7 9.06 0.0 9.06 16.77 11.15 16.77 8.25 16.77 16.77 3.18 8.25 9.06 11.15 8.25 9.86 3.75 2.7 9.06 3.18 3.75 3.75 3.75 9.86 16.77 3.75 9.86 8.25 16.77 16.77 2.7 2.7 3.18 3.18 9.06 9.06 3.18 11.15 0.0 11.15 2.7 16.77 16.77 3.75 2.7 3.75 9.06 9.86 11.15 3.75 15.46 2.7 8.25 0.0
15.61 2.12 2.7 0.75 2.12 0.75 0.0 2.12 6.18 6.18 6.18 15.61 0.0 6.41 0.75 0.75 15.61 0.0 6.18 5.41 5.41 13.79 6.41 5.41 0.0 13.79 7.97 15.61 12.37 7.97 15.61 6.18 0.75 12.37 7.97 6.18 6.18 0.75 2.7 0.0 7.97 6.18 7.97 0.75 6.18 13.79 15.61 5.41 6.41 2.7 6.41 15.61 10.82 15.61 6.18 15.61 15.61 0.75 6.18 6.41 10.82 6.18 12.37 6.18 0.0 6.41 0.75 6.18 2.12 6.18 12.37 15.61 6.18 12.37 6.18 15.61 15.61 0.0 0.0 0.75 0.75 6.41 7.97 0.75 10.82 2.7 10.82 5.41 15.61 15.61 6.18 5.41 6.18 7.97 12.0 10.82 2.12 13.79 5.41 6.18 2.7
7.72 5.86 9.06 8.49 5.86 8.49 7.97 5.86 12.57 3.75 12.57 7.72 7.97 7.5 8.49 8.49 7.72 7.97 3.75 10.74 10.74 6.75 7.5 10.74 7.97 6.75 0.0 7.72 18.14 0.0 7.72 3.75 8.49 18.14 0.0 12.57 12.57 8.49 9.06 7.97 0.0 12.57 0.0 8.49 12.57 6.75 7.72 10.74 7.5 9.06 7.5 7.72 3.75 7.72 3.75 7.72 7.72 8.49 3.75 7.5 3.75 3.75 18.14 12.57 7.97 7.5 8.49 12.57 5.86 12.57 18.14 7.72 12.57 18.14 3.75 7.72 7.72 7.97 7.97 8.49 8.49 7.5 0.0 8.49 3.75 9.06 3.75 10.74 7.72 7.72 12.57 10.74 12.57 0.0 18.75 3.75 5.86 6.75 10.74 3.75 9.06
20.19 7.5 3.75 6.41 7.5 6.41 6.18 7.5 0.0 12.0 0.0 20.19 6.18 12.57 6.41 6.41 20.19 6.18 12.0 2.12 2.12 19.12 12.57 2.12 6.18 19.12 12.57 20.19 6.18 12.57 20.19 12.0 6.41 6.18 12.57 0.0 0.0 6.41 3.75 6.18 12.57 0.0 12.57 6.41 0.0 19.12 20.19 2.12 12.57 3.75 12.57 20.19 14.15 20.19 12.0 20.19 20.19 6.41 12.0 12.57 14.15 12.0 6.18 0.0 6.18 12.57 6.41 0.0 7.5 0.0 6.18 20.19 0.0 6.18 12.0 20.19 20.19 6.18 6.18 6.41 6.41 12.57 12.57 6.41 14.15 3.75 14.15 2.12 20.19 20.19 0.0 2.12 0.0 12.57 6.18 14.15 7.5 19.12 2.12 12.0 3.75
7.72 5.86 9.06 8.49 5.86 8.49 7.97 5.86 12.57 3.75 12.57 7.72 7.97 7.5 8.49 8.49 7.72 7.97 3.75 10.74 10.74 6.75 7.5 10.74 7.97 6.75 0.0 7.72 18.14 0.0 7.72 3.75 8.49 18.14 0.0 12.57 12.57 8.49 9.06 7.97 0.0 12.57 0.0 8.49 12.57 6.75 7.72 10.74 7.5 9.06 7.5 7.72 3.75 7.72 3.75 7.72 7.72 8.49 3.75 7.5 3.75 3.75 18.14 12.57 7.97 7.5 8.49 12.57 5.86 12.57 18.14 7.72 12.57 18.14 3.75 7.72 7.72 7.97 7.97 8.49 8.49 7.5 0.0 8.49 3.75 9.06 3.75 10.74 7.72 7.72 12.57 10.74 12.57 0.0 18.75 3.75 5.86 6.75 10.74 3.75 9.06
16.05 2.7 3.18 0.0 2.7 0.0 0.75 2.7 6.41 6.41 6.41 16.05 0.75 6.18 0.0 0.0 16.05 0.75 6.41 5.86 5.86 14.09 6.18 5.86 0.75 14.09 8.49 16.05 12.57 8.49 16.05 6.41 0.0 12.57 8.49 6.41 6.41 0.0 3.18 0.75 8.49 6.41 8.49 0.0 6.41 14.09 16.05 5.86 6.18 3.18 6.18 16.05 11.45 16.05 6.41 16.05 16.05 0.0 6.41 6.18 11.45 6.41 12.57 6.41 0.75 6.18 0.0 6.41 2.7 6.41 12.57 16.05 6.41 12.57 6.41 16.05 16.05 0.75 0.75 0.0 0.0 6.18 8.49 0.0 11.45 3.18 11.45 5.86 16.05 16.05 6.41 5.86 6.41 8.49 12.02 11.45 2.7 14.09 5.86 6.41 3.18
20.19 7.5 3.75 6.41 7.5 6.41 6.18 7.5 0.0 12.0 0.0 20.19 6.18 12.57 6.41 6.41 20.19 6.18 12.0 2.12 2.12 19.12 12.57 2.12 6.18 19.12 12.57 20.19 6.18 12.57 20.19 12.0 6.41 6.18 12.57 0.0 0.0 6.41 3.75 6.18 12.57 0.0 12.57 6.41 0.0 19.12 20.19 2.12 12.57 3.75 12.57 20.19 14.15 20.19 12.0 20.19 20.19 6.41 12.0 12.57 14.15 12.0 6.18 0.0 6.18 12.57 6.41 0.0 7.5 0.0 6.18 20.19 0.0 6.18 12.0 20.19 20.19 6.18 6.18 6.41 6.41 12.57 12.57 6.41 14.15 3.75 14.15 2.12 20.19 20.19 0.0 2.12 0.0 12.57 6.18 14.15 7.5 19.12 2.12 12.0 3.75
3.75 11.86 15.46 14.09 11.86 14.09 13.79 11.86 19.12 7.72 19.12 3.75 13.79 10.09 14.09 14.09 3.75 13.79 7.72 17.4 17.4 0.0 10.09 17.4 13.79 0.0 6.75 3.75 24.85 6.75 3.75 7.72 14.09 24.85 6.75 19.12 19.12 14.09 15.46 13.79 6.75 19.12 6.75 14.09 19.12 0.0 3.75 17.4 10.09 15.46 10.09 3.75 7.72 3.75 7.72 3.75 3.75 14.09 7.72 10.09 7.72 7.72 24.85 19.12 13.79 10.09 14.09 19.12 11.86 19.12 24.85 3.75 19.12 24.85 7.72 3.75 3.75 13.79 13.79 14.09 14.09 10.09 6.75 14.09 7.72 15.46 7.72 17.4 3.75 3.75 19.12 17.4 19.12 6.75 25.3 7.72 11.86 0.0 17.4 7.72 15.46
0.0 13.52 16.77 16.05 13.52 16.05 15.61 13.52 20.19 10.09 20.19 0.0 15.61 13.12 16.05 16.05 0.0 15.61 10.09 18.26 18.26 3.75 13.12 18.26 15.61 3.75 7.72 0.0 25.47 7.72 0.0 10.09 16.05 25.47 7.72 20.19 20.19 16.05 16.77 15.61 7.72 20.19 7.72 16.05 20.19 3.75 0.0 18.26 13.12 16.77 13.12 0.0 6.75 0.0 10.09 0.0 0.0 16.05 10.09 13.12 6.75 10.09 25.47 20.19 15.61 13.12 16.05 20.19 13.52 20.19 25.47 0.0 20.19 25.47 10.09 0.0 0.0 15.61 15.61 16.05 16.05 13.12 7.72 16.05 6.75 16.77 6.75 18.26 0.0 0.0 20.19 18.26 20.19 7.72 26.34 6.75 13.52 3.75 18.26 10.09 16.77
18.26 6.18 2.7 5.86 6.18 5.86 5.41 6.18 2.12 10.61 2.12 18.26 5.41 11.74 5.86 5.86 18.26 5.41 10.61 0.0 0.0 17.4 11.74 0.0 5.41 17.4 10.74 18.26 7.5 10.74 18.26 10.61 5.86 7.5 10.74 2.12 2.12 5.86 2.7 5.41 10.74 2.12 10.74 5.86 2.12 17.4 18.26 0.0 11.74 2.7 11.74 18.26 12.09 18.26 10.61 18.26 18.26 5.86 10.61 11.74 12.09 10.61 7.5 2.12 5.41 11.74 5.86 2.12 6.18 2.12 7.5 18.26 2.12 7.5 10.61 18.26 18.26 5.41 5.41 5.86 5.86 11.74 10.74 5.86 12.09 2.7 12.09 0.0 18.26 18.26 2.12 0.0 2.12 10.74 8.08 12.09 6.18 17.4 0.0 10.61 2.7
13.12 5.86 9.06 6.18 5.86 6.18 6.41 5.86 12.57 3.75 12.57 13.12 6.41 0.0 6.18 6.18 13.12 6.41 3.75 11.74 11.74 10.09 0.0 11.74 6.41 10.09 7.5 13.12 18.75 7.5 13.12 3.75 6.18 18.75 7.5 12.57 12.57 6.18 9.06 6.41 7.5 12.57 7.5 6.18 12.57 10.09 13.12 11.74 0.0 9.06 0.0 13.12 11.25 13.12 3.75 13.12 13.12 6.18 3.75 0.0 11.25 3.75 18.75 12.57 6.41 0.0 6.18 12.57 5.86 12.57 18.75 13.12 12.57 18.75 3.75 13.12 13.12 6.41 6.41 6.18 6.18 0.0 7.5 6.18 11.25 9.06 11.25 11.74 13.12 13.12 12.57 11.74 12.57 7.5 18.14 11.25 5.86 10.09 11.74 3.75 9.06
16.77 3.75 0.0 3.18 3.75 3.18 2.7 3.75 3.75 8.25 3.75 16.77 2.7 9.06 3.18 3.18 16.77 2.7 8.25 2.7 2.7 15.46 9.06 2.7 2.7 15.46 9.06 16.77 9.86 9.06 16.77 8.25 3.18 9.86 9.06 3.75 3.75 3.18 0.0 2.7 9.06 3.75 9.06 3.18 3.75 15.46 16.77 2.7 9.06 0.0 9.06 16.77 11.15 16.77 8.25 16.77 16.77 3.18 8.25 9.06 11.15 8.25 9.86 3.75 2.7 9.06 3.18 3.75 3.75 3.75 9.86 16.77 3.75 9.86 8.25 16.77 16.77 2.7 2.7 3.18 3.18 9.06 9.06 3.18 11.15 0.0 11.15 2.7 16.77 16.77 3.75 2.7 3.75 9.06 9.86 11.15 3.75 15.46 2.7 8.25 0.0
13.12 5.86 9.06 6.18 5.86 6.18 6.41 5.86 12.57 3.75 12.57 13.12 6.41 0.0 6.18 6.18 13.12 6.41 3.75 11.74 11.74 10.09 0.0 11.74 6.41 10.09 7.5 13.12 18.75 7.5 13.12 3.75 6.18 18.75 7.5 12.57 12.57 6.18 9.06 6.41 7.5 12.57 7.5 6.18 12.57 10.09 13.12 11.74 0.0 9.06 0.0 13.12 11.25 13.12 3.75 13.12 13.12 6.18 3.75 0.0 11.25 3.75 18.75 12.57 6.41 0.0 6.18 12.57 5.86 12.57 18.75 13.12 12.57 18.75 3.75 13.12 13.12 6.41 6.41 6.18 6.18 0.0 7.5 6.18 11.25 9.06 11.25 11.74 13.12 13.12 12.57 11.74 12.57 7.5 18.14 11.25 5.86 10.09 11.74 3.75 9.06
0.0 13.52 16.77 16.05 13.52 16.05 15.61 13.52 20.19 10.09 20.19 0.0 15.61 13.12 16.05 16.05 0.0 15.61 10.09 18.26 18.26 3.75 13.12 18.26 15.61 3.75 7.72 0.0 25.47 7.72 0.0 10.09 16.05 25.47 7.72 20.19 20.19 16.05 16.77 15.61 7.72 20.19 7.72 16.05 20.19 3.75 0.0 18.26 13.12 16.77 13.12 0.0 6.75 0.0 10.09 0.0 0.0 16.05 10.09 13.12 6.75 10.09 25.47 20.19 15.61 13.12 16.05 20.19 13.52 20.19 25.47 0.0 20.19 25.47 10.09 0.0 0.0 15.61 15.61 16.05 16.05 13.12 7.72 16.05 6.75 16.77 6.75 18.26 0.0 0.0 20.19 18.26 20.19 7.72 26.34 6.75 13.52 3.75 18.26 10.09 16.77
6.75 8.75 11.15 11.45 8.75 11.45 10.82 8.75 14.15 7.5 14.15 6.75 10.82 11.25 11.45 11.45 6.75 10.82 7.5 12.09 12.09 7.72 11.25 12.09 10.82 7.72 3.75 6.75 18.97 3.75 6.75 7.5 11.45 18.97 3.75 14.15 14.15 11.45 11.15 10.82 3.75 14.15 3.75 11.45 14.15 7.72 6.75 12.09 11.25 11.15 11.25 6.75 0.0 6.75 7.5 6.75 6.75 11.45 7.5 11.25 0.0 7.5 18.97 14.15 10.82 11.25 11.45 14.15 8.75 14.15 18.97 6.75 14.15 18.97 7.5 6.75 6.75 10.82 10.82 11.45 11.45 11.25 3.75 11.45 0.0 11.15 0.0 12.09 6.75 6.75 14.15 12.09 14.15 3.75 20.12 0.0 8.75 7.72 12.09 7.5 11.15
0.0 13.52 16.77 16.05 13.52 16.05 15.61 13.52 20.19 10.09 20.19 0.0 15.61 13.12 16.05 16.05 0.0 15.61 10.09 18.26 18.26 3.75 13.12 18.26 15.61 3.75 7.72 0.0 25.47 7.72 0.0 10.09 16.05 25.47 7.72 20.19 20.19 16.05 16.77 15.61 7.72 20.19 7.72 16.05 20.19 3.75 0.0 18.26 13.12 16.77 13.12 0.0 6.75 0.0 10.09 0.0 0.0 16.05 10.09 13.12 6.75 10.09 25.47 20.19 15.61 13.12 16.05 20.19 13.52 20.19 25.47 0.0 20.19 25.47 10.09 0.0 0.0 15.61 15.61 16.05 16.05 13.12 7.72 16.05 6.75 16.77 6.75 18.26 0.0 0.0 20.19 18.26 20.19 7.72 26.34 6.75 13.52 3.75 18.26 10.09 16.77
10.09 4.5 8.25 6.41 4.5 6.41 6.18 4.5 12.0 0.0 12.0 10.09 6.18 3.75 6.41 6.41 10.09 6.18 0.0 10.61 10.61 7.72 3.75 10.61 6.18 7.72 3.75 10.09 18.06 3.75 10.09 0.0 6.41 18.06 3.75 12.0 12.0 6.41 8.25 6.18 3.75 12.0 3.75 6.41 12.0 7.72 10.09 10.61 3.75 8.25 3.75 10.09 7.5 10.09 0.0 10.09 10.09 6.41 0.0 3.75 7.5 0.0 18.06 12.0 6.18 3.75 6.41 12.0 4.5 12.0 18.06 10.09 12.0 18.06 0.0 10.09 10.09 6.18 6.18 6.41 6.41 3.75 3.75 6.41 7.5 8.25 7.5 10.61 10.09 10.09 12.0 10.61 12.0 3.75 18.06 7.5 4.5 7.72 10.61 0.0 8.25
0.0 13.52 16.77 16.05 13.52 16.05 15.61 13.52 20.19 10.09 20.19 0.0 15.61 13.12 16.05 16.05 0.0 15.61 10.09 18.26 18.26 3.75 13.12 18.26 15.61 3.75 7.72 0.0 25.47 7.72 0.0 10.09 16.05 25.47 7.72 20.19 20.19 16.05 16.77 15.61 7.72 20.19 7.72 16.05 20.19 3.75 0.0 18.26 13.12 16.77 13.12 0.0 6.75 0.0 10.09 0.0 0.0 16.05 10.09 13.12 6.75 10.09 25.47 20.19 15.61 13.12 16.05 20.19 13.52 20.19 25.47 0.0 20.19 25.47 10.09 0.0 0.0 15.61 15.61 16.05 16.05 13.12 7.72 16.05 6.75 16.77 6.75 18.26 0.0 0.0 20.19 18.26 20.19 7.72 26.34 6.75 13.52 3.75 18.26 10.09 16.77
0.0 13.52 16.77 16.05 13.52 16.05 15.61 13.52 20.19 10.09 20.19 0.0 15.61 13.12 16.05 16.05 0.0 15.61 10.09 18.26 18.26 3.75 13.12 18.26 15.61 3.75 7.72 0.0 25.47 7.72 0.0 10.09 16.05 25.47 7.72 20.19 20.19 16.05 16.77 15.61 7.72 20.19 7.72 16.05 20.19 3.75 0.0 18.26 13.12 16.77 13.12 0.0 6.75 0.0 10.09 0.0 0.0 16.05 10.09 13.12 6.75 10.09 25.47 20.19 15.61 13.12 16.05 20.19 13.52 20.19 25.47 0.0 20.19 25.47 10.09 0.0 0.0 15.61 15.61 16.05 16.05 13.12 7.72 16.05 6.75 16.77 6.75 18.26 0.0 0.0 20.19 18.26 20.19 7.72 26.34 6.75 13.52 3.75 18.26 10.09 16.77
16.05 2.7 3.18 0.0 2.7 0.0 0.75 2.7 6.41 6.41 6.41 16.05 0.75 6.18 0.0 0.0 16.05 0.75 6.41 5.86 5.86 14.09 6.18 5.86 0.75 14.09 8.49 16.05 12.57 8.49 16.05 6.41 0.0 12.57 8.49 6.41 6.41 0.0 3.18 0.75 8.49 6.41 8.49 0.0 6.41 14.09 16.05 5.86 6.18 3.18 6.18 16.05 11.45 16.05 6.41 16.05 16.05 0.0 6.41 6.18 11.45 6.41 12.57 6.41 0.75 6.18 0.0 6.41 2.7 6.41 12.57 16.05 6.41 12.57 6.41 16.05 16.05 0.75 0.75 0.0 0.0 6.18 8.49 0.0 11.45 3.18 11.45 5.86 16.05 16.05 6.41 5.86 6.41 8.49 12.02 11.45 2.7 14.09 5.86 6.41 3.18
10.09 4.5 8.25 6.41 4.5 6.41 6.18 4.5 12.0 0.0 12.0 10.09 6.18 3.75 6.41 6.41 10.09 6.18 0.0 10.61 10.61 7.72 3.75 10.61 6.18 7.72 3.75 10.09 18.06 3.75 10.09 0.0 6.41 18.06 3.75 12.0 12.0 6.41 8.25 6.18 3.75 12.0 3.75 6.41 12.0 7.72 10.09 10.61 3.75 8.25 3.75 10.09 7.5 10.09 0.0 10.09 10.09 6.41 0.0 3.75 7.5 0.0 18.06 12.0 6.18 3.75 6.41 12.0 4.5 12.0 18.06 10.09 12.0 18.06 0.0 10.09 10.09 6.18 6.18 6.41 6.41 3.75 3.75 6.41 7.5 8.25 7.5 10.61 10.09 10.09 12.0 10.61 12.0 3.75 18.06 7.5 4.5 7.72 10.61 0.0 8.25
13.12 5.86 9.06 6.18 5.86 6.18 6.41 5.86 12.57 3.75 12.57 13.12 6.41 0.0 6.18 6.18 13.12 6.41 3.75 11.74 11.74 10.09 0.0 11.74 6.41 10.09 7.5 13.12 18.75 7.5 13.12 3.75 6.18 18.75 7.5 12.57 12.57 6.18 9.06 6.41 7.5 12.57 7.5 6.18 12.57 10.09 13.12 11.74 0.0 9.06 0.0 13.12 11.25 13.12 3.75 13.12 13.12 6.18 3.75 0.0 11.25 3.75 18.75 12.57 6.41 0.0 6.18 12.57 5.86 12.57 18.75 13.12 12.57 18.75 3.75 13.12 13.12 6.41 6.41 6.18 6.18 0.0 7.5 6.18 11.25 9.06 11.25 11.74 13.12 13.12 12.57 11.74 12.57 7.5 18.14 11.25 5.86 10.09 11.74 3.75 9.06
6.75 8.75 11.15 11.45 8.75 11.45 10.82 8.75 14.15 7.5 14.15 6.75 10.82 11.25 11.45 11.45 6.75 10.82 7.5 12.09 12.09 7.72 11.25 12.09 10.82 7.72 3.75 6.75 18.97 3.75 6.75 7.5 11.45 18.97 3.75 14.15 14.15 11.45 11.15 10.82 3.75 14.15 3.75 11.45 14.15 7.72 6.75 12.09 11.25 11.15 11.25 6.75 0.0 6.75 7.5 6.75 6.75 11.45 7.5 11.25 0.0 7.5 18.97 14.15 10.82 11.25 11.45 14.15 8.75 14.15 18.97 6.75 14.15 18.97 7.5 6.75 6.75 10.82 10.82 11.45 11.45 11.25 3.75 11.45 0.0 11.15 0.0 12.09 6.75 6.75 14.15 12.09 14.15 3.75 20.12 0.0 8.75 7.72 12.09 7.5 11.15
10.09 4.5 8.25 6.41 4.5 6.41 6.18 4.5 12.0 0.0 12.0 10.09 6.18 3.75 6.41 6.41 10.09 6.18 0.0 10.61 10.61 7.72 3.75 10.61 6.18 7.72 3.75 10.09 18.06 3.75 10.09 0.0 6.41 18.06 3.75 12.0 12.0 6.41 8.25 6.18 3.75 12.0 3.75 6.41 12.0 7.72 10.09 10.61 3.75 8.25 3.75 10.09 7.5 10.09 0.0 10.09 10.09 6.41 0.0 3.75 7.5 0.0 18.06 12.0 6.18 3.75 6.41 12.0 4.5 12.0 18.06 10.09 12.0 18.06 0.0 10.09 10.09 6.18 6.18 6.41 6.41 3.75 3.75 6.41 7.5 8.25 7.5 10.61 10.09 10.09 12.0 10.61 12.0 3.75 18.06 7.5 4.5 7.72 10.61 0.0 8.25
25.47 13.58 9.86 12.57 13.58 12.57 12.37 13.58 6.18 18.06 6.18 25.47 12.37 18.75 12.57 12.57 25.47 12.37 18.06 7.5 7.5 24.85 18.75 7.5 12.37 24.85 18.14 25.47 0.0 18.14 25.47 18.06 12.57 0.0 18.14 6.18 6.18 12.57 9.86 12.37 18.14 6.18 18.14 12.57 6.18 24.85 25.47 7.5 18.75 9.86 18.75 25.47 18.97 25.47 18.06 25.47 25.47 12.57 18.06 18.75 18.97 18.06 0.0 6.18 12.37 18.75 12.57 6.18 13.58 6.18 0.0 25.47 6.18 0.0 18.06 25.47 25.47 12.37 12.37 12.57 12.57 18.75 18.14 12.57 18.97 9.86 18.97 7.5 25.47 25.47 6.18 7.5 6.18 18.14 3.0 18.97 13.58 24.85 7.5 18.06 9.86
20.19 7.5 3.75 6.41 7.5 6.41 6.18 7.5 0.0 12.0 0.0 20.19 6.18 12.57 6.41 6.41 20.19 6.18 12.0 2.12 2.12 19.12 12.57 2.12 6.18 19.12 12.57 20.19 6.18 12.57 20.19 12.0 6.41 6.18 12.57 0.0 0.0 6.41 3.75 6.18 12.57 0.0 12.57 6.41 0.0 19.12 20.19 2.12 12.57 3.75 12.57 20.19 14.15 20.19 12.0 20.19 20.19 6.41 12.0 12.57 14.15 12.0 6.18 0.0 6.18 12.57 6.41 0.0 7.5 0.0 6.18 20.19 0.0 6.18 12.0 20.19 20.19 6.18 6.18 6.41 6.41 12.57 12.57 6.41 14.15 3.75 14.15 2.12 20.19 20.19 0.0 2.12 0.0 12.57 6.18 14.15 7.5 19.12 2.12 12.0 3.75
15.61 2.12 2.7 0.75 2.12 0.75 0.0 2.12 6.18 6.18 6.18 15.61 0.0 6.41 0.75 0.75 15.61 0.0 6.18 5.41 5.41 13.79 6.41 5.41 0.0 13.79 7.97 15.61 12.37 7.97 15.61 6.18 0.75 12.37 7.97 6.18 6.18 0.75 2.7 0.0 7.97 6.18 7.97 0.75 6.18 13.79 15.61 5.41 6.41 2.7 6.41 15.61 10.82 15.61 6.18 15.61 15.61 0.75 6.18 6.41 10.82 6.18 12.37 6.18 0.0 6.41 0.75 6.18 2.12 6.18 12.37 15.61 6.18 12.37 6.18 15.61 15.61 0.0 0.0 0.75 0.75 6.41 7.97 0.75 10.82 2.7 10.82 5.41 15.61 15.61 6.18 5.41 6.18 7.97 12.0 10.82 2.12 13.79 5.41 6.18 2.7
13.12 5.86 9.06 6.18 5.86 6.18 6.41 5.86 12.57 3.75 12.57 13.12 6.41 0.0 6.18 6.18 13.12 6.41 3.75 11.74 11.74 10.09 0.0 11.74 6.41 10.09 7.5 13.12 18.75 7.5 13.12 3.75 6.18 18.75 7.5 12.57 12.57 6.18 9.06 6.41 7.5 12.57 7.5 6.18 12.57 10.09 13.12 11.74 0.0 9.06 0.0 13.12 11.25 13.12 3.75 13.12 13.12 6.18 3.75 0.0 11.25 3.75 18.75 12.57 6.41 0.0 6.18 12.57 5.86 12.57 18.75 13.12 12.57 18.75 3.75 13.12 13.12 6.41 6.41 6.18 6.18 0.0 7.5 6.18 11.25 9.06 11.25 11.74 13.12 13.12 12.57 11.74 12.57 7.5 18.14 11.25 5.86 10.09 11.74 3.75 9.06
16.05 2.7 3.18 0.0 2.7 0.0 0.75 2.7 6.41 6.41 6.41 16.05 0.75 6.18 0.0 0.0 16.05 0.75 6.41 5.86 5.86 14.09 6.18 5.86 0.75 14.09 8.49 16.05 12.57 8.49 16.05 6.41 0.0 12.57 8.49 6.41 6.41 0.0 3.18 0.75 8.49 6.41 8.49 0.0 6.41 14.09 16.05 5.86 6.18 3.18 6.18 16.05 11.45 16.05 6.41 16.05 16.05 0.0 6.41 6.18 11.45 6.41 12.57 6.41 0.75 6.18 0.0 6.41 2.7 6.41 12.57 16.05 6.41 12.57 6.41 16.05 16.05 0.75 0.75 0.0 0.0 6.18 8.49 0.0 11.45 3.18 11.45 5.86 16.05 16.05 6.41 5.86 6.41 8.49 12.02 11.45 2.7 14.09 5.86 6.41 3.18
20.19 7.5 3.75 6.41 7.5 6.41 6.18 7.5 0.0 12.0 0.0 20.19 6.18 12.57 6.41 6.41 20.19 6.18 12.0 2.12 2.12 19.12 12.57 2.12 6.18 19.12 12.57 20.19 6.18 12.57 20.19 12.0 6.41 6.18 12.57 0.0 0.0 6.41 3.75 6.18 12.57 0.0 12.57 6.41 0.0 19.12 20.19 2.12 12.57 3.75 12.57 20.19 14.15 20.19 12.0 20.19 20.19 6.41 12.0 12.57 14.15 12.0 6.18 0.0 6.18 12.57 6.41 0.0 7.5 0.0 6.18 20.19 0.0 6.18 12.0 20.19 20.19 6.18 6.18 6.41 6.41 12.57 12.57 6.41 14.15 3.75 14.15 2.12 20.19 20.19 0.0 2.12 0.0 12.57 6.18 14.15 7.5 19.12 2.12 12.0 3.75
13.52 0.0 3.75 2.7 0.0 2.7 2.12 0.0 7.5 4.5 7.5 13.52 2.12 5.86 2.7 2.7 13.52 2.12 4.5 6.18 6.18 11.86 5.86 6.18 2.12 11.86 5.86 13.52 13.58 5.86 13.52 4.5 2.7 13.58 5.86 7.5 7.5 2.7 3.75 2.12 5.86 7.5 5.86 2.7 7.5 11.86 13.52 6.18 5.86 3.75 5.86 13.52 8.75 13.52 4.5 13.52 13.52 2.7 4.5 5.86 8.75 4.5 13.58 7.5 2.12 5.86 2.7 7.5 0.0 7.5 13.58 13.52 7.5 13.58 4.5 13.52 13.52 2.12 2.12 2.7 2.7 5.86 5.86 2.7 8.75 3.75 8.75 6.18 13.52 13.52 7.5 6.18 7.5 5.86 13.58 8.75 0.0 11.86 6.18 4.5 3.75
20.19 7.5 3.75 6.41 7.5 6.41 6.18 7.5 0.0 12.0 0.0 20.19 6.18 12.57 6.41 6.41 20.19 6.18 12.0 2.12 2.12 19.12 12.57 2.12 6.18 19.12 12.57 20.19 6.18 12.57 20.19 12.0 6.41 6.18 12.57 0.0 0.0 6.41 3.75 6.18 12.57 0.0 12.57 6.41 0.0 19.12 20.19 2.12 12.57 3.75 12.57 20.19 14.15 20.19 12.0 20.19 20.19 6.41 12.0 12.57 14.15 12.0 6.18 0.0 6.18 12.57 6.41 0.0 7.5 0.0 6.18 20.19 0.0 6.18 12.0 20.19 20.19 6.18 6.18 6.41 6.41 12.57 12.57 6.41 14.15 3.75 14.15 2.12 20.19 20.19 0.0 2.12 0.0 12.57 6.18 14.15 7.5 19.12 2.12 12.0 3.75
25.47 13.58 9.86 12.57 13.58 12.57 12.37 13.58 6.18 18.06 6.18 25.47 12.37 18.75 12.57 12.57 25.47 12.37 18.06 7.5 7.5 24.85 18.75 7.5 12.37 24.85 18.14 25.47 0.0 18.14 25.47 18.06 12.57 0.0 18.14 6.18 6.18 12.57 9.86 12.37 18.14 6.18 18.14 12.57 6.18 24.85 25.47 7.5 18.75 9.86 18.75 25.47 18.97 25.47 18.06 25.47 25.47 12.57 18.06 18.75 18.97 18.06 0.0 6.18 12.37 18.75 12.57 6.18 13.58 6.18 0.0 25.47 6.18 0.0 18.06 25.47 25.47 12.37 12.37 12.57 12.57 18.75 18.14 12.57 18.97 9.86 18.97 7.5 25.47 25.47 6.18 7.5 6.18 18.14 3.0 18.97 13.58 24.85 7.5 18.06 9.86
0.0 13.52 16.77 16.05 13.52 16.05 15.61 13.52 20.19 10.09 20.19 0.0 15.61 13.12 16.05 16.05 0.0 15.61 10.09 18.26 18.26 3.75 13.12 18.26 15.61 3.75 7.72 0.0 25.47 7.72 0.0 10.09 16.05 25.47 7.72 20.19 20.19 16.05 16.77 15.61 7.72 20.19 7.72 16.05 20.19 3.75 0.0 18.26 13.12 16.77 13.12 0.0 6.75 0.0 10.09 0.0 0.0 16.05 10.09 13.12 6.75 10.09 25.47 20.19 15.61 13.12 16.05 20.19 13.52 20.19 25.47 0.0 20.19 25.47 10.09 0.0 0.0 15.61 15.61 16.05 16.05 13.12 7.72 16.05 6.75 16.77 6.75 18.26 0.0 0.0 20.19 18.26 20.19 7.72 26.34 6.75 13.52 3.75 18.26 10.09 16.77
20.19 7.5 3.75 6.41 7.5 6.41 6.18 7.5 0.0 12.0 0.0 20.19 6.18 12.57 6.41 6.41 20.19 6.18 12.0 2.12 2.12 19.12 12.57 2.12 6.18 19.12 12.57 20.19 6.18 12.57 20.19 12.0 6.41 6.18 12.57 0.0 0.0 6.41 3.75 6.18 12.57 0.0 12.57 6.41 0.0 19.12 20.19 2.12 12.57 3.75 12.57 20.19 14.15 20.19 12.0 20.19 20.19 6.41 12.0 12.57 14.15 12.0 6.18 0.0 6.18 12.57 6.41 0.0 7.5 0.0 6.18 20.19 0.0 6.18 12.0 20.19 20.19 6.18 6.18 6.41 6.41 12.57 12.57 6.41 14.15 3.75 14.15 2.12 20.19 20.19 0.0 2.12 0.0 12.57 6.18 14.15 7.5 19.12 2.12 12.0 3.75
25.47 13.58 9.86 12.57 13.58 12.57 12.37 13.58 6.18 18.06 6.18 25.47 12.37 18.75 12.57 12.57 25.47 12.37 18.06 7.5 7.5 24.85 18.75 7.5 12.37 24.85 18.14 25.47 0.0 18.14 25.47 18.06 12.57 0.0 18.14 6.18 6.18 12.57 9.86 12.37 18.14 6.18 18.14 12.57 6.18 24.85 25.47 7.5 18.75 9.86 18.75 25.47 18.97 25.47 18.06 25.47 25.47 12.57 18.06 18.75 18.97 18.06 0.0 6.18 12.37 18.75 12.57 6.18 13.58 6.18 0.0 25.47 6.18 0.0 18.06 25.47 25.47 12.37 12.37 12.57 12.57 18.75 18.14 12.57 18.97 9.86 18.97 7.5 25.47 25.47 6.18 7.5 6.18 18.14 3.0 18.97 13.58 24.85 7.5 18.06 9.86
10.09 4.5 8.25 6.41 4.5 6.41 6.18 4.5 12.0 0.0 12.0 10.09 6.18 3.75 6.41 6.41 10.09 6.18 0.0 10.61 10.61 7.72 3.75 10.61 6.18 7.72 3.75 10.09 18.06 3.75 10.09 0.0 6.41 18.06 3.75 12.0 12.0 6.41 8.25 6.18 3.75 12.0 3.75 6.41 12.0 7.72 10.09 10.61 3.75 8.25 3.75 10.09 7.5 10.09 0.0 10.09 10.09 6.41 0.0 3.75 7.5 0.0 18.06 12.0 6.18 3.75 6.41 12.0 4.5 12.0 18.06 10.09 12.0 18.06 0.0 10.09 10.09 6.18 6.18 6.41 6.41 3.75 3.75 6.41 7.5 8.25 7.5 10.61 10.09 10.09 12.0 10.61 12.0 3.75 18.06 7.5 4.5 7.72 10.61 0.0 8.25
0.0 13.52 16.77 16.05 13.52 16.05 15.61 13.52 20.19 10.09 20.19 0.0 15.61 13.12 16.05 16.05 0.0 15.61 10.09 18.26 18.26 3.75 13.12 18.26 15.61 3.75 7.72 0.0 25.47 7.72 0.0 10.09 16.05 25.47 7.72 20.19 20.19 16.05 16.77 15.61 7.72 20.19 7.72 16.05 20.19 3.75 0.0 18.26 13.12 16.77 13.12 0.0 6.75 0.0 10.09 0.0 0.0 16.05 10.09 13.12 6.75 10.09 25.47 20.19 15.61 13.12 16.05 20.19 13.52 20.19 25.47 0.0 20.19 25.47 10.09 0.0 0.0 15.61 15.61 16.05 16.05 13.12 7.72 16.05 6.75 16.77 6.75 18.26 0.0 0.0 20.19 18.26 20.19 7.72 26.34 6.75 13.52 3.75 18.26 10.09 16.77
0.0 13.52 16.77 16.05 13.52 16.05 15.61 13.52 20.19 10.09 20.19 0.0 15.61 13.12 16.05 16.05 0.0 15.61 10.09 18.26 18.26 3.75 13.12 18.26 15.61 3.75 7.72 0.0 25.47 7.72 0.0 10.09 16.05 25.47 7.72 20.19 20.19 16.05 16.77 15.61 7.72 20.19 7.72 16.05 20.19 3.75 0.0 18.26 13.12 16.77 13.12 0.0 6.75 0.0 10.09 0.0 0.0 16.05 10.09 13.12 6.75 10.09 25.47 20.19 15.61 13.12 16.05 20.19 13.52 20.19 25.47 0.0 20.19 25.47 10.09 0.0 0.0 15.61 15.61 16.05 16.05 13.12 7.72 16.05 6.75 16.77 6.75 18.26 0.0 0.0 20.19 18.26 20.19 7.72 26.34 6.75 13.52 3.75 18.26 10.09 16.77
15.61 2.12 2.7 0.75 2.12 0.75 0.0 2.12 6.18 6.18 6.18 15.61 0.0 6.41 0.75 0.75 15.61 0.0 6.18 5.41 5.41 13.79 6.41 5.41 0.0 13.79 7.97 15.61 12.37 7.97 15.61 6.18 0.75 12.37 7.97 6.18 6.18 0.75 2.7 0.0 7.97 6.18 7.97 0.75 6.18 13.79 15.61 5.41 6.41 2.7 6.41 15.61 10.82 15.61 6.18 15.61 15.61 0.75 6.18 6.41 10.82 6.18 12.37 6.18 0.0 6.41 0.75 6.18 2.12 6.18 12.37 15.61 6.18 12.37 6.18 15.61 15.61 0.0 0.0 0.75 0.75 6.41 7.97 0.75 10.82 2.7 10.82 5.41 15.61 15.61 6.18 5.41 6.18 7.97 12.0 10.82 2.12 13.79 5.41 6.18 2.7
15.61 2.12 2.7 0.75 2.12 0.75 0.0 2.12 6.18 6.18 6.18 15.61 0.0 6.41 0.75 0.75 15.61 0.0 6.18 5.41 5.41 13.79 6.41 5.41 0.0 13.79 7.97 15.61 12.37 7.97 15.61 6.18 0.75 12.37 7.97 6.18 6.18 0.75 2.7 0.0 7.97 6.18 7.97 0.75 6.18 13.79 15.61 5.41 6.41 2.7 6.41 15.61 10.82 15.61 6.18 15.61 15.61 0.75 6.18 6.41 10.82 6.18 12.37 6.18 0.0 6.41 0.75 6.18 2.12 6.18 12.37 15.61 6.18 12.37 6.18 15.61 15.61 0.0 0.0 0.75 0.75 6.41 7.97 0.75 10.82 2.7 10.82 5.41 15.61 15.61 6.18 5.41 6.18 7.97 12.0 10.82 2.12 13.79 5.41 6.18 2.7
16.05 2.7 3.18 0.0 2.7 0.0 0.75 2.7 6.41 6.41 6.41 16.05 0.75 6.18 0.0 0.0 16.05 0.75 6.41 5.86 5.86 14.09 6.18 5.86 0.75 14.09 8.49 16.05 12.57 8.49 16.05 6.41 0.0 12.57 8.49 6.41 6.41 0.0 3.18 0.75 8.49 6.41 8.49 0.0 6.41 14.09 16.05 5.86 6.18 3.18 6.18 16.05 11.45 16.05 6.41 16.05 16.05 0.0 6.41 6.18 11.45 6.41 12.57 6.41 0.75 6.18 0.0 6.41 2.7 6.41 12.57 16.05 6.41 12.57 6.41 16.05 16.05 0.75 0.75 0.0 0.0 6.18 8.49 0.0 11.45 3.18 11.45 5.86 16.05 16.05 6.41 5.86 6.41 8.49 12.02 11.45 2.7 14.09 5.86 6.41 3.18
16.05 2.7 3.18 0.0 2.7 0.0 0.75 2.7 6.41 6.41 6.41 16.05 0.75 6.18 0.0 0.0 16.05 0.75 6.41 5.86 5.86 14.09 6.18 5.86 0.75 14.09 8.49 16.05 12.57 8.49 16.05 6.41 0.0 12.57 8.49 6.41 6.41 0.0 3.18 0.75 8.49 6.41 8.49 0.0 6.41 14.09 16.05 5.86 6.18 3.18 6.18 16.05 11.45 16.05 6.41 16.05 16.05 0.0 6.41 6.18 11.45 6.41 12.57 6.41 0.75 6.18 0.0 6.41 2.7 6.41 12.57 16.05 6.41 12.57 6.41 16.05 16.05 0.75 0.75 0.0 0.0 6.18 8.49 0.0 11.45 3.18 11.45 5.86 16.05 16.05 6.41 5.86 6.41 8.49 12.02 11.45 2.7 14.09 5.86 6.41 3.18
13.12 5.86 9.06 6.18 5.86 6.18 6.41 5.86 12.57 3.75 12.57 13.12 6.41 0.0 6.18 6.18 13.12 6.41 3.75 11.74 11.74 10.09 0.0 11.74 6.41 10.09 7.5 13.12 18.75 7.5 13.12 3.75 6.18 18.75 7.5 12.57 12.57 6.18 9.06 6.41 7.5 12.57 7.5 6.18 12.57 10.09 13.12 11.74 0.0 9.06 0.0 13.12 11.25 13.12 3.75 13.12 13.12 6.18 3.75 0.0 11.25 3.75 18.75 12.57 6.41 0.0 6.18 12.57 5.86 12.57 18.75 13.12 12.57 18.75 3.75 13.12 13.12 6.41 6.41 6.18 6.18 0.0 7.5 6.18 11.25 9.06 11.25 11.74 13.12 13.12 12.57 11.74 12.57 7.5 18.14 11.25 5.86 10.09 11.74 3.75 9.06
7.72 5.86 9.06 8.49 5.86 8.49 7.97 5.86 12.57 3.75 12.57 7.72 7.97 7.5 8.49 8.49 7.72 7.97 3.75 10.74 10.74 6.75 7.5 10.74 7.97 6.75 0.0 7.72 18.14 0.0 7.72 3.75 8.49 18.14 0.0 12.57 12.57 8.49 9.06 7.97 0.0 12.57 0.0 8.49 12.57 6.75 7.72 10.74 7.5 9.06 7.5 7.72 3.75 7.72 3.75 7.72 7.72 8.49 3.75 7.5 3.75 3.75 18.14 12.57 7.97 7.5 8.49 12.57 5.86 12.57 18.14 7.72 12.57 18.14 3.75 7.72 7.72 7.97 7.97 8.49 8.49 7.5 0.0 8.49 3.75 9.06 3.75 10.74 7.72 7.72 12.57 10.74 12.57 0.0 18.75 3.75 5.86 6.75 10.74 3.75 9.06
16.05 2.7 3.18 0.0 2.7 0.0 0.75 2.7 6.41 6.41 6.41 16.05 0.75 6.18 0.0 0.0 16.05 0.75 6.41 5.86 5.86 14.09 6.18 5.86 0.75 14.09 8.49 16.05 12.57 8.49 16.05 6.41 0.0 12.57 8.49 6.41 6.41 0.0 3.18 0.75 8.49 6.41 8.49 0.0 6.41 14.09 16.05 5.86 6.18 3.18 6.18 16.05 11.45 16.05 6.41 16.05 16.05 0.0 6.41 6.18 11.45 6.41 12.57 6.41 0.75 6.18 0.0 6.41 2.7 6.41 12.57 16.05 6.41 12.57 6.41 16.05 16.05 0.75 0.75 0.0 0.0 6.18 8.49 0.0 11.45 3.18 11.45 5.86 16.05 16.05 6.41 5.86 6.41 8.49 12.02 11.45 2.7 14.09 5.86 6.41 3.18
6.75 8.75 11.15 11.45 8.75 11.45 10.82 8.75 14.15 7.5 14.15 6.75 10.82 11.25 11.45 11.45 6.75 10.82 7.5 12.09 12.09 7.72 11.25 12.09 10.82 7.72 3.75 6.75 18.97 3.75 6.75 7.5 11.45 18.97 3.75 14.15 14.15 11.45 11.15 10.82 3.75 14.15 3.75 11.45 14.15 7.72 6.75 12.09 11.25 11.15 11.25 6.75 0.0 6.75 7.5 6.75 6.75 11.45 7.5 11.25 0.0 7.5 18.97 14.15 10.82 11.25 11.45 14.15 8.75 14.15 18.97 6.75 14.15 18.97 7.5 6.75 6.75 10.82 10.82 11.45 11.45 11.25 3.75 11.45 0.0 11.15 0.0 12.09 6.75 6.75 14.15 12.09 14.15 3.75 20.12 0.0 8.75 7.72 12.09 7.5 11.15
16.77 3.75 0.0 3.18 3.75 3.18 2.7 3.75 3.75 8.25 3.75 16.77 2.7 9.06 3.18 3.18 16.77 2.7 8.25 2.7 2.7 15.46 9.06 2.7 2.7 15.46 9.06 16.77 9.86 9.06 16.77 8.25 3.18 9.86 9.06 3.75 3.75 3.18 0.0 2.7 9.06 3.75 9.06 3.18 3.75 15.46 16.77 2.7 9.06 0.0 9.06 16.77 11.15 16.77 8.25 16.77 16.77 3.18 8.25 9.06 11.15 8.25 9.86 3.75 2.7 9.06 3.18 3.75 3.75 3.75 9.86 16.77 3.75 9.86 8.25 16.77 16.77 2.7 2.7 3.18 3.18 9.06 9.06 3.18 11.15 0.0 11.15 2.7 16.77 16.77 3.75 2.7 3.75 9.06 9.86 11.15 3.75 15.46 2.7 8.25 0.0
6.75 8.75 11.15 11.45 8.75 11.45 10.82 8.75 14.15 7.5 14.15 6.75 10.82 11.25 11.45 11.45 6.75 10.82 7.5 12.09 12.09 7.72 11.25 12.09 10.82 7.72 3.75 6.75 18.97 3.75 6.75 7.5 11.45 18.97 3.75 14.15 14.15 11.45 11.15 10.82 3.75 14.15 3.75 11.45 14.15 7.72 6.75 12.09 11.25 11.15 11.25 6.75 0.0 6.75 7.5 6.75 6.75 11.45 7.5 11.25 0.0 7.5 18.97 14.15 10.82 11.25 11.45 14.15 8.75 14.15 18.97 6.75 14.15 18.97 7.5 6.75 6.75 10.82 10.82 11.45 11.45 11.25 3.75 11.45 0.0 11.15 0.0 12.09 6.75 6.75 14.15 12.09 14.15 3.75 20.12 0.0 8.75 7.72 12.09 7.5 11.15
18.26 6.18 2.7 5.86 6.18 5.86 5.41 6.18 2.12 10.61 2.12 18.26 5.41 11.74 5.86 5.86 18.26 5.41 10.61 0.0 0.0 17.4 11.74 0.0 5.41 17.4 10.74 18.26 7.5 10.74 18.26 10.61 5.86 7.5 10.74 2.12 2.12 5.86 2.7 5.41 10.74 2.12 10.74 5.86 2.12 17.4 18.26 0.0 11.74 2.7 11.74 18.26 12.09 18.26 10.61 18.26 18.26 5.86 10.61 11.74 12.09 10.61 7.5 2.12 5.41 11.74 5.86 2.12 6.18 2.12 7.5 18.26 2.12 7.5 10.61 18.26 18.26 5.41 5.41 5.86 5.86 11.74 10.74 5.86 12.09 2.7 12.09 0.0 18.26 18.26 2.12 0.0 2.12 10.74 8.08 12.09 6.18 17.4 0.0 10.61 2.7
0.0 13.52 16.77 16.05 13.52 16.05 15.61 13.52 20.19 10.09 20.19 0.0 15.61 13.12 16.05 16.05 0.0 15.61 10.09 18.26 18.26 3.75 13.12 18.26 15.61 3.75 7.72 0.0 25.47 7.72 0.0 10.09 16.05 25.47 7.72 20.19 20.19 16.05 16.77 15.61 7.72 20.19 7.72 16.05 20.19 3.75 0.0 18.26 13.12 16.77 13.12 0.0 6.75 0.0 10.09 0.0 0.0 16.05 10.09 13.12 6.75 10.09 25.47 20.19 15.61 13.12 16.05 20.19 13.52 20.19 25.47 0.0 20.19 25.47 10.09 0.0 0.0 15.61 15.61 16.05 16.05 13.12 7.72 16.05 6.75 16.77 6.75 18.26 0.0 0.0 20.19 18.26 20.19 7.72 26.34 6.75 13.52 3.75 18.26 10.09 16.77
0.0 13.52 16.77 16.05 13.52 16.05 15.61 13.52 20.19 10.09 20.19 0.0 15.61 13.12 16.05 16.05 0.0 15.61 10.09 18.26 18.26 3.75 13.12 18.26 15.61 3.75 7.72 0.0 25.47 7.72 0.0 10.09 16.05 25.47 7.72 20.19 20.19 16.05 16.77 15.61 7.72 20.19 7.72 16.05 20.19 3.75 0.0 18.26 13.12 16.77 13.12 0.0 6.75 0.0 10.09 0.0 0.0 16.05 10.09 13.12 6.75 10.09 25.47 20.19 15.61 13.12 16.05 20.19 13.52 20.19 25.47 0.0 20.19 25.47 10.09 0.0 0.0 15.61 15.61 16.05 16.05 13.12 7.72 16.05 6.75 16.77 6.75 18.26 0.0 0.0 20.19 18.26 20.19 7.72 26.34 6.75 13.52 3.75 18.26 10.09 16.77
20.19 7.5 3.75 6.41 7.5 6.41 6.18 7.5 0.0 12.0 0.0 20.19 6.18 12.57 6.41 6.41 20.19 6.18 12.0 2.12 2.12 19.12 12.57 2.12 6.18 19.12 12.57 20.19 6.18 12.57 20.19 12.0 6.41 6.18 12.57 0.0 0.0 6.41 3.75 6.18 12.57 0.0 12.57 6.41 0.0 19.12 20.19 2.12 12.57 3.75 12.57 20.19 14.15 20.19 12.0 20.19 20.19 6.41 12.0 12.57 14.15 12.0 6.18 0.0 6.18 12.57 6.41 0.0 7.5 0.0 6.18 20.19 0.0 6.18 12.0 20.19 20.19 6.18 6.18 6.41 6.41 12.57 12.57 6.41 14.15 3.75 14.15 2.12 20.19 20.19 0.0 2.12 0.0 12.57 6.18 14.15 7.5 19.12 2.12 12.0 3.75
18.26 6.18 2.7 5.86 6.18 5.86 5.41 6.18 2.12 10.61 2.12 18.26 5.41 11.74 5.86 5.86 18.26 5.41 10.61 0.0 0.0 17.4 11.74 0.0 5.41 17.4 10.74 18.26 7.5 10.74 18.26 10.61 5.86 7.5 10.74 2.12 2.12 5.86 2.7 5.41 10.74 2.12 10.74 5.86 2.12 17.4 18.26 0.0 11.74 2.7 11.74 18.26 12.09 18.26 10.61 18.26 18.26 5.86 10.61 11.74 12.09 10.61 7.5 2.12 5.41 11.74 5.86 2.12 6.18 2.12 7.5 18.26 2.12 7.5 10.61 18.26 18.26 5.41 5.41 5.86 5.86 11.74 10.74 5.86 12.09 2.7 12.09 0.0 18.26 18.26 2.12 0.0 2.12 10.74 8.08 12.09 6.18 17.4 0.0 10.61 2.7
20.19 7.5 3.75 6.41 7.5 6.41 6.18 7.5 0.0 12.0 0.0 20.19 6.18 12.57 6.41 6.41 20.19 6.18 12.0 2.12 2.12 19.12 12.57 2.12 6.18 19.12 12.57 20.19 6.18 12.57 20.19 12.0 6.41 6.18 12.57 0.0 0.0 6.41 3.75 6.18 12.57 0.0 12.57 6.41 0.0 19.12 20.19 2.12 12.57 3.75 12.57 20.19 14.15 20.19 12.0 20.19 20.19 6.41 12.0 12.57 14.15 12.0 6.18 0.0 6.18 12.57 6.41 0.0 7.5 0.0 6.18 20.19 0.0 6.18 12.0 20.19 20.19 6.18 6.18 6.41 6.41 12.57 12.57 6.41 14.15 3.75 14.15 2.12 20.19 20.19 0.0 2.12 0.0 12.57 6.18 14.15 7.5 19.12 2.12 12.0 3.75
7.72 5.86 9.06 8.49 5.86 8.49 7.97 5.86 12.57 3.75 12.57 7.72 7.97 7.5 8.49 8.49 7.72 7.97 3.75 10.74 10.74 6.75 7.5 10.74 7.97 6.75 0.0 7.72 18.14 0.0 7.72 3.75 8.49 18.14 0.0 12.57 12.57 8.49 9.06 7.97 0.0 12.57 0.0 8.49 12.57 6.75 7.72 10.74 7.5 9.06 7.5 7.72 3.75 7.72 3.75 7.72 7.72 8.49 3.75 7.5 3.75 3.75 18.14 12.57 7.97 7.5 8.49 12.57 5.86 12.57 18.14 7.72 12.57 18.14 3.75 7.72 7.72 7.97 7.97 8.49 8.49 7.5 0.0 8.49 3.75 9.06 3.75 10.74 7.72 7.72 12.57 10.74 12.57 0.0 18.75 3.75 5.86 6.75 10.74 3.75 9.06
26.34 13.58 9.86 12.02 13.58 12.02 12.0 13.58 6.18 18.06 6.18 26.34 12.0 18.14 12.02 12.02 26.34 12.0 18.06 8.08 8.08 25.3 18.14 8.08 12.0 25.3 18.75 26.34 3.0 18.75 26.34 18.06 12.02 3.0 18.75 6.18 6.18 12.02 9.86 12.0 18.75 6.18 18.75 12.02 6.18 25.3 26.34 8.08 18.14 9.86 18.14 26.34 20.12 26.34 18.06 26.34 26.34 12.02 18.06 18.14 20.12 18.06 3.0 6.18 12.0 18.14 12.02 6.18 13.58 6.18 3.0 26.34 6.18 3.0 18.06 26.34 26.34 12.0 12.0 12.02 12.02 18.14 18.75 12.02 20.12 9.86 20.12 8.08 26.34 26.34 6.18 8.08 6.18 18.75 0.0 20.12 13.58 25.3 8.08 18.06 9.86
6.75 8.75 11.15 11.45 8.75 11.45 10.82 8.75 14.15 7.5 14.15 6.75 10.82 11.25 11.45 11.45 6.75 10.82 7.5 12.09 12.09 7.72 11.25 12.09 10.82 7.72 3.75 6.75 18.97 3.75 6.75 7.5 11.45 18.97 3.75 14.15 14.15 11.45 11.15 10.82 3.75 14.15 3.75 11.45 14.15 7.72 6.75 12.09 11.25 11.15 11.25 6.75 0.0 6.75 7.5 6.75 6.75 11.45 7.5 11.25 0.0 7.5 18.97 14.15 10.82 11.25 11.45 14.15 8.75 14.15 18.97 6.75 14.15 18.97 7.5 6.75 6.75 10.82 10.82 11.45 11.45 11.25 3.75 11.45 0.0 11.15 0.0 12.09 6.75 6.75 14.15 12.09 14.15 3.75 20.12 0.0 8.75 7.72 12.09 7.5 11.15
13.52 0.0 3.75 2.7 0.0 2.7 2.12 0.0 7.5 4.5 7.5 13.52 2.12 5.86 2.7 2.7 13.52 2.12 4.5 6.18 6.18 11.86 5.86 6.18 2.12 11.86 5.86 13.52 13.58 5.86 13.52 4.5 2.7 13.58 5.86 7.5 7.5 2.7 3.75 2.12 5.86 7.5 5.86 2.7 7.5 11.86 13.52 6.18 5.86 3.75 5.86 13.52 8.75 13.52 4.5 13.52 13.52 2.7 4.5 5.86 8.75 4.5 13.58 7.5 2.12 5.86 2.7 7.5 0.0 7.5 13.58 13.52 7.5 13.58 4.5 13.52 13.52 2.12 2.12 2.7 2.7 5.86 5.86 2.7 8.75 3.75 8.75 6.18 13.52 13.52 7.5 6.18 7.5 5.86 13.58 8.75 0.0 11.86 6.18 4.5 3.75
3.75 11.86 15.46 14.09 11.86 14.09 13.79 11.86 19.12 7.72 19.12 3.75 13.79 10.09 14.09 14.09 3.75 13.79 7.72 17.4 17.4 0.0 10.09 17.4 13.79 0.0 6.75 3.75 24.85 6.75 3.75 7.72 14.09 24.85 6.75 19.12 19.12 14.09 15.46 13.79 6.75 19.12 6.75 14.09 19.12 0.0 3.75 17.4 10.09 15.46 10.09 3.75 7.72 3.75 7.72 3.75 3.75 14.09 7.72 10.09 7.72 7.72 24.85 19.12 13.79 10.09 14.09 19.12 11.86 19.12 24.85 3.75 19.12 24.85 7.72 3.75 3.75 13.79 13.79 14.09 14.09 10.09 6.75 14.09 7.72 15.46 7.72 17.4 3.75 3.75 19.12 17.4 19.12 6.75 25.3 7.72 11.86 0.0 17.4 7.72 15.46
18.26 6.18 2.7 5.86 6.18 5.86 5.41 6.18 2.12 10.61 2.12 18.26 5.41 11.74 5.86 5.86 18.26 5.41 10.61 0.0 0.0 17.4 11.74 0.0 5.41 17.4 10.74 18.26 7.5 10.74 18.26 10.61 5.86 7.5 10.74 2.12 2.12 5.86 2.7 5.41 10.74 2.12 10.74 5.86 2.12 17.4 18.26 0.0 11.74 2.7 11.74 18.26 12.09 18.26 10.61 18.26 18.26 5.86 10.61 11.74 12.09 10.61 7.5 2.12 5.41 11.74 5.86 2.12 6.18 2.12 7.5 18.26 2.12 7.5 10.61 18.26 18.26 5.41 5.41 5.86 5.86 11.74 10.74 5.86 12.09 2.7 12.09 0.0 18.26 18.26 2.12 0.0 2.12 10.74 8.08 12.09 6.18 17.4 0.0 10.61 2.7
10.09 4.5 8.25 6.41 4.5 6.41 6.18 4.5 12.0 0.0 12.0 10.09 6.18 3.75 6.41 6.41 10.09 6.18 0.0 10.61 10.61 7.72 3.75 10.61 6.18 7.72 3.75 10.09 18.06 3.75 10.09 0.0 6.41 18.06 3.75 12.0 12.0 6.41 8.25 6.18 3.75 12.0 3.75 6.41 12.0 7.72 10.09 10.61 3.75 8.25 3.75 10.09 7.5 10.09 0.0 10.09 10.09 6.41 0.0 3.75 7.5 0.0 18.06 12.0 6.18 3.75 6.41 12.0 4.5 12.0 18.06 10.09 12.0 18.06 0.0 10.09 10.09 6.18 6.18 6.41 6.41 3.75 3.75 6.41 7.5 8.25 7.5 10.61 10.09 10.09 12.0 10.61 12.0 3.75 18.06 7.5 4.5 7.72 10.61 0.0 8.25
16.77 3.75 0.0 3.18 3.75 3.18 2.7 3.75 3.75 8.25 3.75 16.77 2.7 9.06 3.18 3.18 16.77 2.7 8.25 2.7 2.7 15.46 9.06 2.7 2.7 15.46 9.06 16.77 9.86 9.06 16.77 8.25 3.18 9.86 9.06 3.75 3.75 3.18 0.0 2.7 9.06 3.75 9.06 3.18 3.75 15.46 16.77 2.7 9.06 0.0 9.06 16.77 11.15 16.77 8.25 16.77 16.77 3.18 8.25 9.06 11.15 8.25 9.86 3.75 2.7 9.06 3.18 3.75 3.75 3.75 9.86 16.77 3.75 9.86 8.25 16.77 16.77 2.7 2.7 3.18 3.18 9.06 9.06 3.18 11.15 0.0 11.15 2.7 16.77 16.77 3.75 2.7 3.75 9.06 9.86 11.15 3.75 15.46 2.7 8.25 0.0
