0.0 18.26 6.75 0.0 15.61 6.75 7.72 6.75 16.05 7.72 26.34 3.75 3.75 3.75 7.72 25.47 18.26 7.72 10.09 18.26 6.75
18.26 0.0 12.09 18.26 5.41 12.09 10.74 12.09 5.86 10.74 8.08 17.4 17.4 17.4 10.74 7.5 0.0 10.74 10.61 0.0 12.09
6.75 12.09 0.0 6.75 10.82 0.0 3.75 0.0 11.45 3.75 20.12 7.72 7.72 7.72 3.75 18.97 12.09 3.75 7.5 12.09 0.0
0.0 18.26 6.75 0.0 15.61 6.75 7.72 6.75 16.05 7.72 26.34 3.75 3.75 3.75 7.72 25.47 18.26 7.72 10.09 18.26 6.75
15.61 5.41 10.82 15.61 0.0 10.82 7.97 10.82 0.75 7.97 12.0 13.79 13.79 13.79 7.97 12.37 5.41 7.97 6.18 5.41 10.82
6.75 12.09 0.0 6.75 10.82 0.0 3.75 0.0 11.45 3.75 20.12 7.72 7.72 7.72 3.75 18.97 12.09 3.75 7.5 12.09 0.0
7.72 10.74 3.75 7.72 7.97 3.75 0.0 3.75 8.49 0.0 18.75 6.75 6.75 6.75 0.0 18.14 10.74 0.0 3.75 10.74 3.75
6.75 12.09 0.0 6.75 10.82 0.0 3.75 0.0 11.45 3.75 20.12 7.72 7.72 7.72 3.75 18.97 12.09 3.75 7.5 12.09 0.0
16.05 5.86 11.45 16.05 0.75 11.45 8.49 11.45 0.0 8.49 12.02 14.09 14.09 14.09 8.49 12.57 5.86 8.49 6.41 5.86 11.45
7.72 10.74 3.75 7.72 7.97 3.75 0.0 3.75 8.49 0.0 18.75 6.75 6.75 6.75 0.0 18.14 10.74 0.0 3.75 10.74 3.75
26.34 8.08 20.12 26.34 12.0 20.12 18.75 20.12 12.02 18.75 0.0 25.3 25.3 25.3 18.75 3.0 8.08 18.75 18.06 8.08 20.12
3.75 17.4 7.72 3.75 13.79 7.72 6.75 7.72 14.09 6.75 25.3 0.0 0.0 0.0 6.75 24.85 17.4 6.75 7.72 17.4 7.72
3.75 17.4 7.72 3.75 13.79 7.72 6.75 7.72 14.09 6.75 25.3 0.0 0.0 0.0 6.75 24.85 17.4 6.75 7.72 17.4 7.72
3.75 17.4 7.72 3.75 13.79 7.72 6.75 7.72 14.09 6.75 25.3 0.0 0.0 0.0 6.75 24.85 17.4 6.75 7.72 17.4 7.72
7.72 10.74 3.75 7.72 7.97 3.75 0.0 3.75 8.49 0.0 18.75 6.75 6.75 6.75 0.0 18.14 10.74 0.0 3.75 10.74 3.75
25.47 7.5 18.97 25.47 12.37 18.97 18.14 18.97 12.57 18.14 3.0 24.85 24.85 24.85 18.14 0.0 7.5 18.14 18.06 7.5 18.97
18.26 0.0 12.09 18.26 5.41 12.09 10.74 12.09 5.86 10.74 8.08 17.4 17.4 17.4 10.74 7.5 0.0 10.74 10.61 0.0 12.09
7.72 10.74 3.75 7.72 7.97 3.75 0.0 3.75 8.49 0.0 18.75 6.75 6.75 6.75 0.0 18.14 10.74 0.0 3.75 10.74 3.75
10.09 10.61 7.5 10.09 6.18 7.5 3.75 7.5 6.41 3.75 18.06 7.72 7.72 7.72 3.75 18.06 10.61 3.75 0.0 10.61 7.5
18.26 0.0 12.09 18.26 5.41 12.09 10.74 12.09 5.86 10.74 8.08 17.4 17.4 17.4 10.74 7.5 0.0 10.74 10.61 0.0 12.09
6.75 12.09 0.0 6.75 10.82 0.0 3.75 0.0 11.45 3.75 20.12 7.72 7.72 7.72 3.75 18.97 12.09 3.75 7.5 12.09 0.0
