0.0 0.0 26.34 26.34 16.77 20.19 25.47 18.26 16.05 13.52 16.77 26.34 16.05 16.05 16.05 10.09 0.0 16.77 13.52 13.12 26.34 18.26 16.77 18.26 13.52 25.47 26.34 13.52 16.77 16.77 13.52 3.75 16.77 13.12 13.12 13.12 6.75 6.75 20.19 26.34 10.09
0.0 0.0 26.34 26.34 16.77 20.19 25.47 18.26 16.05 13.52 16.77 26.34 16.05 16.05 16.05 10.09 0.0 16.77 13.52 13.12 26.34 18.26 16.77 18.26 13.52 25.47 26.34 13.52 16.77 16.77 13.52 3.75 16.77 13.12 13.12 13.12 6.75 6.75 20.19 26.34 10.09
26.34 26.34 0.0 0.0 9.86 6.18 3.0 8.08 12.02 13.58 9.86 0.0 12.02 12.02 12.02 18.06 26.34 9.86 13.58 18.14 0.0 8.08 9.86 8.08 13.58 3.0 0.0 13.58 9.86 9.86 13.58 25.3 9.86 18.14 18.14 18.14 20.12 20.12 6.18 0.0 18.06
26.34 26.34 0.0 0.0 9.86 6.18 3.0 8.08 12.02 13.58 9.86 0.0 12.02 12.02 12.02 18.06 26.34 9.86 13.58 18.14 0.0 8.08 9.86 8.08 13.58 3.0 0.0 13.58 9.86 9.86 13.58 25.3 9.86 18.14 18.14 18.14 20.12 20.12 6.18 0.0 18.06
16.77 16.77 9.86 9.86 0.0 3.75 9.86 2.7 3.18 3.75 0.0 9.86 3.18 3.18 3.18 8.25 16.77 0.0 3.75 9.06 9.86 2.7 0.0 2.7 3.75 9.86 9.86 3.75 0.0 0.0 3.75 15.46 0.0 9.06 9.06 9.06 11.15 11.15 3.75 9.86 8.25
20.19 20.19 6.18 6.18 3.75 0.0 6.18 2.12 6.41 7.5 3.75 6.18 6.41 6.41 6.41 12.0 20.19 3.75 7.5 12.57 6.18 2.12 3.75 2.12 7.5 6.18 6.18 7.5 3.75 3.75 7.5 19.12 3.75 12.57 12.57 12.57 14.15 14.15 0.0 6.18 12.0
25.47 25.47 3.0 3.0 9.86 6.18 0.0 7.5 12.57 13.58 9.86 3.0 12.57 12.57 12.57 18.06 25.47 9.86 13.58 18.75 3.0 7.5 9.86 7.5 13.58 0.0 3.0 13.58 9.86 9.86 13.58 24.85 9.86 18.75 18.75 18.75 18.97 18.97 6.18 3.0 18.06
18.26 18.26 8.08 8.08 2.7 2.12 7.5 0.0 5.86 6.18 2.7 8.08 5.86 5.86 5.86 10.61 18.26 2.7 6.18 11.74 8.08 0.0 2.7 0.0 6.18 7.5 8.08 6.18 2.7 2.7 6.18 17.4 2.7 11.74 11.74 11.74 12.09 12.09 2.12 8.08 10.61
16.05 16.05 12.02 12.02 3.18 6.41 12.57 5.86 0.0 2.7 3.18 12.02 0.0 0.0 0.0 6.41 16.05 3.18 2.7 6.18 12.02 5.86 3.18 5.86 2.7 12.57 12.02 2.7 3.18 3.18 2.7 14.09 3.18 6.18 6.18 6.18 11.45 11.45 6.41 12.02 6.41
13.52 13.52 13.58 13.58 3.75 7.5 13.58 6.18 2.7 0.0 3.75 13.58 2.7 2.7 2.7 4.5 13.52 3.75 0.0 5.86 13.58 6.18 3.75 6.18 0.0 13.58 13.58 0.0 3.75 3.75 0.0 11.86 3.75 5.86 5.86 5.86 8.75 8.75 7.5 13.58 4.5
16.77 16.77 9.86 9.86 0.0 3.75 9.86 2.7 3.18 3.75 0.0 9.86 3.18 3.18 3.18 8.25 16.77 0.0 3.75 9.06 9.86 2.7 0.0 2.7 3.75 9.86 9.86 3.75 0.0 0.0 3.75 15.46 0.0 9.06 9.06 9.06 11.15 11.15 3.75 9.86 8.25
26.34 26.34 0.0 0.0 9.86 6.18 3.0 8.08 12.02 13.58 9.86 0.0 12.02 12.02 12.02 18.06 26.34 9.86 13.58 18.14 0.0 8.08 9.86 8.08 13.58 3.0 0.0 13.58 9.86 9.86 13.58 25.3 9.86 18.14 18.14 18.14 20.12 20.12 6.18 0.0 18.06
16.05 16.05 12.02 12.02 3.18 6.41 12.57 5.86 0.0 2.7 3.18 12.02 0.0 0.0 0.0 6.41 16.05 3.18 2.7 6.18 12.02 5.86 3.18 5.86 2.7 12.57 12.02 2.7 3.18 3.18 2.7 14.09 3.18 6.18 6.18 6.18 11.45 11.45 6.41 12.02 6.41
16.05 16.05 12.02 12.02 3.18 6.41 12.57 5.86 0.0 2.7 3.18 12.02 0.0 0.0 0.0 6.41 16.05 3.18 2.7 6.18 12.02 5.86 3.18 5.86 2.7 12.57 12.02 2.7 3.18 3.18 2.7 14.09 3.18 6.18 6.18 6.18 11.45 11.45 6.41 12.02 6.41
16.05 16.05 12.02 12.02 3.18 6.41 12.57 5.86 0.0 2.7 3.18 12.02 0.0 0.0 0.0 6.41 16.05 3.18 2.7 6.18 12.02 5.86 3.18 5.86 2.7 12.57 12.02 2.7 3.18 3.18 2.7 14.09 3.18 6.18 6.18 6.18 11.45 11.45 6.41 12.02 6.41
10.09 10.09 18.06 18.06 8.25 12.0 18.06 10.61 6.41 4.5 8.25 18.06 6.41 6.41 6.41 0.0 10.09 8.25 4.5 3.75 18.06 10.61 8.25 10.61 4.5 18.06 18.06 4.5 8.25 8.25 4.5 7.72 8.25 3.75 3.75 3.75 7.5 7.5 12.0 18.06 0.0
0.0 0.0 26.34 26.34 16.77 20.19 25.47 18.26 16.05 13.52 16.77 26.34 16.05 16.05 16.05 10.09 0.0 16.77 13.52 13.12 26.34 18.26 16.77 18.26 13.52 25.47 26.34 13.52 16.77 16.77 13.52 3.75 16.77 13.12 13.12 13.12 6.75 6.75 20.19 26.34 10.09
16.77 16.77 9.86 9.86 0.0 3.75 9.86 2.7 3.18 3.75 0.0 9.86 3.18 3.18 3.18 8.25 16.77 0.0 3.75 9.06 9.86 2.7 0.0 2.7 3.75 9.86 9.86 3.75 0.0 0.0 3.75 15.46 0.0 9.06 9.06 9.06 11.15 11.15 3.75 9.86 8.25
13.52 13.52 13.58 13.58 3.75 7.5 13.58 6.18 2.7 0.0 3.75 13.58 2.7 2.7 2.7 4.5 13.52 3.75 0.0 5.86 13.58 6.18 3.75 6.18 0.0 13.58 13.58 0.0 3.75 3.75 0.0 11.86 3.75 5.86 5.86 5.86 8.75 8.75 7.5 13.58 4.5
13.12 13.12 18.14 18.14 9.06 12.57 18.75 11.74 6.18 5.86 9.06 18.14 6.18 6.18 6.18 3.75 13.12 9.06 5.86 0.0 18.14 11.74 9.06 11.74 5.86 18.75 18.14 5.86 9.06 9.06 5.86 10.09 9.06 0.0 0.0 0.0 11.25 11.25 12.57 18.14 3.75
26.34 26.34 0.0 0.0 9.86 6.18 3.0 8.08 12.02 13.58 9.86 0.0 12.02 12.02 12.02 18.06 26.34 9.86 13.58 18.14 0.0 8.08 9.86 8.08 13.58 3.0 0.0 13.58 9.86 9.86 13.58 25.3 9.86 18.14 18.14 18.14 20.12 20.12 6.18 0.0 18.06
18.26 18.26 8.08 8.08 2.7 2.12 7.5 0.0 5.86 6.18 2.7 8.08 5.86 5.86 5.86 10.61 18.26 2.7 6.18 11.74 8.08 0.0 2.7 0.0 6.18 7.5 8.08 6.18 2.7 2.7 6.18 17.4 2.7 11.74 11.74 11.74 12.09 12.09 2.12 8.08 10.61
16.77 16.77 9.86 9.86 0.0 3.75 9.86 2.7 3.18 3.75 0.0 9.86 3.18 3.18 3.18 8.25 16.77 0.0 3.75 9.06 9.86 2.7 0.0 2.7 3.75 9.86 9.86 3.75 0.0 0.0 3.75 15.46 0.0 9.06 9.06 9.06 11.15 11.15 3.75 9.86 8.25
18.26 18.26 8.08 8.08 2.7 2.12 7.5 0.0 5.86 6.18 2.7 8.08 5.86 5.86 5.86 10.61 18.26 2.7 6.18 11.74 8.08 0.0 2.7 0.0 6.18 7.5 8.08 6.18 2.7 2.7 6.18 17.4 2.7 11.74 11.74 11.74 12.09 12.09 2.12 8.08 10.61
13.52 13.52 13.58 13.58 3.75 7.5 13.58 6.18 2.7 0.0 3.75 13.58 2.7 2.7 2.7 4.5 13.52 3.75 0.0 5.86 13.58 6.18 3.75 6.18 0.0 13.58 13.58 0.0 3.75 3.75 0.0 11.86 3.75 5.86 5.86 5.86 8.75 8.75 7.5 13.58 4.5
25.47 25.47 3.0 3.0 9.86 6.18 0.0 7.5 12.57 13.58 9.86 3.0 12.57 12.57 12.57 18.06 25.47 9.86 13.58 18.75 3.0 7.5 9.86 7.5 13.58 0.0 3.0 13.58 9.86 9.86 13.58 24.85 9.86 18.75 18.75 18.75 18.97 18.97 6.18 3.0 18.06
26.34 26.34 0.0 0.0 9.86 6.18 3.0 8.08 12.02 13.58 9.86 0.0 12.02 12.02 12.02 18.06 26.34 9.86 13.58 18.14 0.0 8.08 9.86 8.08 13.58 3.0 0.0 13.58 9.86 9.86 13.58 25.3 9.86 18.14 18.14 18.14 20.12 20.12 6.18 0.0 18.06
13.52 13.52 13.58 13.58 3.75 7.5 13.58 6.18 2.7 0.0 3.75 13.58 2.7 2.7 2.7 4.5 13.52 3.75 0.0 5.86 13.58 6.18 3.75 6.18 0.0 13.58 13.58 0.0 3.75 3.75 0.0 11.86 3.75 5.86 5.86 5.86 8.75 8.75 7.5 13.58 4.5
16.77 16.77 9.86 9.86 0.0 3.75 9.86 2.7 3.18 3.75 0.0 9.86 3.18 3.18 3.18 8.25 16.77 0.0 3.75 9.06 9.86 2.7 0.0 2.7 3.75 9.86 9.86 3.75 0.0 0.0 3.75 15.46 0.0 9.06 9.06 9.06 11.15 11.15 3.75 9.86 8.25
16.77 16.77 9.86 9.86 0.0 3.75 9.86 2.7 3.18 3.75 0.0 9.86 3.18 3.18 3.18 8.25 16.77 0.0 3.75 9.06 9.86 2.7 0.0 2.7 3.75 9.86 9.86 3.75 0.0 0.0 3.75 15.46 0.0 9.06 9.06 9.06 11.15 11.15 3.75 9.86 8.25
13.52 13.52 13.58 13.58 3.75 7.5 13.58 6.18 2.7 0.0 3.75 13.58 2.7 2.7 2.7 4.5 13.52 3.75 0.0 5.86 13.58 6.18 3.75 6.18 0.0 13.58 13.58 0.0 3.75 3.75 0.0 11.86 3.75 5.86 5.86 5.86 8.75 8.75 7.5 13.58 4.5
3.75 3.75 25.3 25.3 15.46 19.12 24.85 17.4 14.09 11.86 15.46 25.3 14.09 14.09 14.09 7.72 3.75 15.46 11.86 10.09 25.3 17.4 15.46 17.4 11.86 24.85 25.3 11.86 15.46 15.46 11.86 0.0 15.46 10.09 10.09 10.09 7.72 7.72 19.12 25.3 7.72
16.77 16.77 9.86 9.86 0.0 3.75 9.86 2.7 3.18 3.75 0.0 9.86 3.18 3.18 3.18 8.25 16.77 0.0 3.75 9.06 9.86 2.7 0.0 2.7 3.75 9.86 9.86 3.75 0.0 0.0 3.75 15.46 0.0 9.06 9.06 9.06 11.15 11.15 3.75 9.86 8.25
13.12 13.12 18.14 18.14 9.06 12.57 18.75 11.74 6.18 5.86 9.06 18.14 6.18 6.18 6.18 3.75 13.12 9.06 5.86 0.0 18.14 11.74 9.06 11.74 5.86 18.75 18.14 5.86 9.06 9.06 5.86 10.09 9.06 0.0 0.0 0.0 11.25 11.25 12.57 18.14 3.75
13.12 13.12 18.14 18.14 9.06 12.57 18.75 11.74 6.18 5.86 9.06 18.14 6.18 6.18 6.18 3.75 13.12 9.06 5.86 0.0 18.14 11.74 9.06 11.74 5.86 18.75 18.14 5.86 9.06 9.06 5.86 10.09 9.06 0.0 0.0 0.0 11.25 11.25 12.57 18.14 3.75
13.12 13.12 18.14 18.14 9.06 12.57 18.75 11.74 6.18 5.86 9.06 18.14 6.18 6.18 6.18 3.75 13.12 9.06 5.86 0.0 18.14 11.74 9.06 11.74 5.86 18.75 18.14 5.86 9.06 9.06 5.86 10.09 9.06 0.0 0.0 0.0 11.25 11.25 12.57 18.14 3.75
6.75 6.75 20.12 20.12 11.15 14.15 18.97 12.09 11.45 8.75 11.15 20.12 11.45 11.45 11.45 7.5 6.75 11.15 8.75 11.25 20.12 12.09 11.15 12.09 8.75 18.97 20.12 8.75 11.15 11.15 8.75 7.72 11.15 11.25 11.25 11.25 0.0 0.0 14.15 20.12 7.5
6.75 6.75 20.12 20.12 11.15 14.15 18.97 12.09 11.45 8.75 11.15 20.12 11.45 11.45 11.45 7.5 6.75 11.15 8.75 11.25 20.12 12.09 11.15 12.09 8.75 18.97 20.12 8.75 11.15 11.15 8.75 7.72 11.15 11.25 11.25 11.25 0.0 0.0 14.15 20.12 7.5
20.19 20.19 6.18 6.18 3.75 0.0 6.18 2.12 6.41 7.5 3.75 6.18 6.41 6.41 6.41 12.0 20.19 3.75 7.5 12.57 6.18 2.12 3.75 2.12 7.5 6.18 6.18 7.5 3.75 3.75 7.5 19.12 3.75 12.57 12.57 12.57 14.15 14.15 0.0 6.18 12.0
26.34 26.34 0.0 0.0 9.86 6.18 3.0 8.08 12.02 13.58 9.86 0.0 12.02 12.02 12.02 18.06 26.34 9.86 13.58 18.14 0.0 8.08 9.86 8.08 13.58 3.0 0.0 13.58 9.86 9.86 13.58 25.3 9.86 18.14 18.14 18.14 20.12 20.12 6.18 0.0 18.06
10.09 10.09 18.06 18.06 8.25 12.0 18.06 10.61 6.41 4.5 8.25 18.06 6.41 6.41 6.41 0.0 10.09 8.25 4.5 3.75 18.06 10.61 8.25 10.61 4.5 18.06 18.06 4.5 8.25 8.25 4.5 7.72 8.25 3.75 3.75 3.75 7.5 7.5 12.0 18.06 0.0
