4 140 480 6 0
0 0.0 0 0.0 480 480
1 2.0 1 225.0 240.0 24.83
2 2.0 1 225.0 240.0 29.95
3 2.0 1 210.0 225.0 36.48
4 2.0 2 240.0 255.0 39.7
5 2.0 1 190.0 205.0 46.5
6 2.0 1 180.0 195.0 21.92
7 2.0 1 120.0 135.0 21.92
8 2.0 1 105.0 120.0 37.55
9 2.0 1 115.0 130.0 16.47
10 2.0 1 160.0 175.0 20.72
11 2.0 2 220.0 235.0 31.07
12 2.0 1 185.0 200.0 36.25
13 2.0 1 200.0 215.0 32.53
14 2.0 2 75.0 90.0 16.47
15 2.0 1 110.0 125.0 20.72
16 2.0 1 95.0 110.0 27.32
17 2.0 1 80.0 95.0 27.1
18 2.0 1 175.0 190.0 37.53
19 2.0 1 215.0 230.0 18.15
20 2.0 1 235.0 250.0 39.65
21 2.0 2 200.0 215.0 36.53
22 2.0 1 70.0 85.0 37.55
23 2.0 1 115.0 130.0 27.1
24 2.0 1 75.0 90.0 34.4
25 2.0 1 60.0 75.0 35.82
26 2.0 1 185.0 200.0 32.6
27 2.0 2 210.0 225.0 48.38
28 2.0 1 150.0 165.0 22.92
29 2.0 1 95.0 110.0 29.57
30 2.0 1 225.0 240.0 32.53
31 2.0 1 185.0 200.0 31.12
32 2.0 1 210.0 225.0 24.45
33 2.0 1 205.0 220.0 30.87
34 2.0 1 215.0 230.0 30.7
35 2.0 1 220.0 235.0 39.7
36 2.0 1 185.0 200.0 14.77
37 2.0 2 230.0 245.0 34.27
38 2.0 1 85.0 100.0 39.65
39 2.0 1 65.0 80.0 41.0
40 2.0 1 210.0 225.0 32.6
41 2.0 1 115.0 130.0 22.92
42 2.0 1 165.0 180.0 40.63
43 2.0 1 120.0 135.0 16.47
44 2.0 1 155.0 170.0 30.87
45 2.0 1 100.0 115.0 24.37
46 2.0 1 150.0 165.0 48.32
47 2.0 1 180.0 195.0 45.13
48 2.0 1 105.0 120.0 45.13
49 2.0 1 170.0 185.0 39.5
50 2.0 1 195.0 210.0 16.47
51 2.0 2 105.0 120.0 49.58
52 2.0 1 135.0 150.0 30.08
53 2.0 1 85.0 100.0 24.37
54 2.0 1 120.0 135.0 16.47
55 2.0 1 125.0 140.0 33.07
56 2.0 1 195.0 210.0 33.07
57 2.0 1 110.0 125.0 36.48
58 2.0 1 175.0 190.0 22.92
59 2.0 2 105.0 120.0 37.53
60 2.0 1 205.0 220.0 39.65
61 2.0 1 170.0 185.0 46.5
62 2.0 1 140.0 155.0 39.7
63 2.0 1 220.0 235.0 29.95
64 2.0 1 215.0 230.0 16.47
65 2.0 1 130.0 145.0 20.72
66 2.0 3 170.0 185.0 46.5
67 2.0 1 165.0 180.0 22.92
68 2.0 1 100.0 115.0 36.05
69 2.0 1 190.0 205.0 36.48
70 2.0 1 170.0 185.0 14.5
71 2.0 -1 234.83 264.83 24.83
72 2.0 -1 237.95 269.95 29.95
73 2.0 -1 227.48 261.48 36.48
74 2.0 -2 259.7 294.7 39.7
75 2.0 -1 215.5 251.5 46.5
76 2.0 -1 187.92 216.92 21.92
77 2.0 -1 127.92 156.92 21.92
78 2.0 -1 123.55 157.55 37.55
79 2.0 -1 120.47 146.47 16.47
80 2.0 -1 167.72 195.72 20.72
81 2.0 -2 234.07 266.07 31.07
82 2.0 -1 202.25 236.25 36.25
83 2.0 -1 214.53 247.53 32.53
84 2.0 -2 80.47 106.47 16.47
85 2.0 -1 117.72 145.72 20.72
86 2.0 -1 106.32 137.32 27.32
87 2.0 -1 91.1 122.1 27.1
88 2.0 -1 193.53 227.53 37.53
89 2.0 -1 221.15 248.15 18.15
90 2.0 -1 254.65 289.65 39.65
91 2.0 -2 217.53 251.53 36.53
92 2.0 -1 88.55 122.55 37.55
93 2.0 -1 126.1 157.1 27.1
94 2.0 -1 91.4 124.4 34.4
95 2.0 -1 76.82 110.82 35.82
96 2.0 -1 199.6 232.6 32.6
97 2.0 -2 236.38 273.38 48.38
98 2.0 -1 158.92 187.92 22.92
99 2.0 -1 107.57 139.57 29.57
100 2.0 -1 239.53 272.53 32.53
101 2.0 -1 199.12 231.12 31.12
102 2.0 -1 219.45 249.45 24.45
103 2.0 -1 218.87 250.87 30.87
104 2.0 -1 228.7 260.7 30.7
105 2.0 -1 239.7 274.7 39.7
106 2.0 -1 189.77 214.77 14.77
107 2.0 -2 246.27 279.27 34.27
108 2.0 -1 104.65 139.65 39.65
109 2.0 -1 86.0 121.0 41.0
110 2.0 -1 224.6 257.6 32.6
111 2.0 -1 123.92 152.92 22.92
112 2.0 -1 185.63 220.63 40.63
113 2.0 -1 125.47 151.47 16.47
114 2.0 -1 168.87 200.87 30.87
115 2.0 -1 109.37 139.37 24.37
116 2.0 -1 176.32 213.32 48.32
117 2.0 -1 204.13 240.13 45.13
118 2.0 -1 129.13 165.13 45.13
119 2.0 -1 189.5 224.5 39.5
120 2.0 -1 200.47 226.47 16.47
121 2.0 -2 132.58 169.58 49.58
122 2.0 -1 148.08 180.08 30.08
123 2.0 -1 94.37 124.37 24.37
124 2.0 -1 125.47 151.47 16.47
125 2.0 -1 140.07 173.07 33.07
126 2.0 -1 210.07 243.07 33.07
127 2.0 -1 127.48 161.48 36.48
128 2.0 -1 183.92 212.92 22.92
129 2.0 -2 123.53 157.53 37.53
130 2.0 -1 224.65 259.65 39.65
131 2.0 -1 195.5 231.5 46.5
132 2.0 -1 159.7 194.7 39.7
133 2.0 -1 232.95 264.95 29.95
134 2.0 -1 220.47 246.47 16.47
135 2.0 -1 137.72 165.72 20.72
136 2.0 -3 195.5 231.5 46.5
137 2.0 -1 173.92 202.92 22.92
138 2.0 -1 117.05 151.05 36.05
139 2.0 -1 207.48 241.48 36.48
140 2.0 -1 174.5 199.5 14.5
141 0.0 0 0.0 480 480
