0.0 21.26 10.0 25.08 11.66 11.18 11.66 5.83 32.76 7.81 26.08 11.18 5.83 25.08 26.08 25.08 5.83 14.87 23.77 5.83 25.08 14.87 7.81 26.08 17.2 11.66 11.66 25.08 14.87 7.81 17.2 17.89 17.2 14.87 14.87 7.81 26.08 25.08 5.83 25.08 26.08 11.66 0.0 7.81 32.76 17.2 32.76 32.76 0.0 11.18 5.83 14.87 23.77 0.0 17.89 11.66 14.0 21.26 7.81 32.76 26.08 25.08 32.76 14.87 17.89 25.08 11.18 10.0 5.83 32.76 32.76 14.0 0.0 10.0 7.81 0.0 5.83 14.0 17.2 17.89 25.08
21.26 0.0 16.49 8.06 10.0 11.7 10.0 15.56 12.37 13.6 6.0 11.7 15.56 8.06 6.0 8.06 15.56 6.4 10.63 15.56 8.06 6.4 13.6 6.0 6.0 10.0 10.0 8.06 6.4 13.6 6.0 6.0 6.0 6.4 6.4 13.6 6.0 8.06 15.56 8.06 6.0 10.0 21.26 13.6 12.37 6.0 12.37 12.37 21.26 11.7 15.56 6.4 10.63 21.26 6.0 10.0 16.0 0.0 13.6 12.37 6.0 8.06 12.37 6.4 6.0 8.06 11.7 16.49 15.56 12.37 12.37 16.0 21.26 16.49 13.6 21.26 15.56 16.0 6.0 6.0 8.06
10.0 16.49 0.0 23.0 10.77 5.0 10.77 8.6 28.86 6.4 22.36 5.0 8.6 23.0 22.36 23.0 8.6 11.0 23.35 8.6 23.0 11.0 6.4 22.36 10.77 10.77 10.77 23.0 11.0 6.4 10.77 16.12 10.77 11.0 11.0 6.4 22.36 23.0 8.6 23.0 22.36 10.77 10.0 6.4 28.86 10.77 28.86 28.86 10.0 5.0 8.6 11.0 23.35 10.0 16.12 10.77 4.0 16.49 6.4 28.86 22.36 23.0 28.86 11.0 16.12 23.0 5.0 0.0 8.6 28.86 28.86 4.0 10.0 0.0 6.4 10.0 8.6 4.0 10.77 16.12 23.0
25.08 8.06 23.0 0.0 13.6 18.0 13.6 19.31 8.6 18.44 4.12 18.0 19.31 0.0 4.12 0.0 19.31 12.0 4.0 19.31 0.0 12.0 18.44 4.12 13.6 13.6 13.6 0.0 12.0 18.44 13.6 7.28 13.6 12.0 12.0 18.44 4.12 0.0 19.31 0.0 4.12 13.6 25.08 18.44 8.6 13.6 8.6 8.6 25.08 18.0 19.31 12.0 4.0 25.08 7.28 13.6 23.35 8.06 18.44 8.6 4.12 0.0 8.6 12.0 7.28 0.0 18.0 23.0 19.31 8.6 8.6 23.35 25.08 23.0 18.44 25.08 19.31 23.35 13.6 7.28 0.0
11.66 10.0 10.77 13.6 0.0 6.4 0.0 5.83 21.1 5.0 14.42 6.4 5.83 13.6 14.42 13.6 5.83 4.12 13.0 5.83 13.6 4.12 5.0 14.42 8.0 0.0 0.0 13.6 4.12 5.0 8.0 6.32 8.0 4.12 4.12 5.0 14.42 13.6 5.83 13.6 14.42 0.0 11.66 5.0 21.1 8.0 21.1 21.1 11.66 6.4 5.83 4.12 13.0 11.66 6.32 0.0 12.81 10.0 5.0 21.1 14.42 13.6 21.1 4.12 6.32 13.6 6.4 10.77 5.83 21.1 21.1 12.81 11.66 10.77 5.0 11.66 5.83 12.81 8.0 6.32 13.6
11.18 11.7 5.0 18.0 6.4 0.0 6.4 7.0 24.04 4.0 17.46 0.0 7.0 18.0 17.46 18.0 7.0 6.0 18.44 7.0 18.0 6.0 4.0 17.46 6.4 6.4 6.4 18.0 6.0 4.0 6.4 11.18 6.4 6.0 6.0 4.0 17.46 18.0 7.0 18.0 17.46 6.4 11.18 4.0 24.04 6.4 24.04 24.04 11.18 0.0 7.0 6.0 18.44 11.18 11.18 6.4 6.4 11.7 4.0 24.04 17.46 18.0 24.04 6.0 11.18 18.0 0.0 5.0 7.0 24.04 24.04 6.4 11.18 5.0 4.0 11.18 7.0 6.4 6.4 11.18 18.0
11.66 10.0 10.77 13.6 0.0 6.4 0.0 5.83 21.1 5.0 14.42 6.4 5.83 13.6 14.42 13.6 5.83 4.12 13.0 5.83 13.6 4.12 5.0 14.42 8.0 0.0 0.0 13.6 4.12 5.0 8.0 6.32 8.0 4.12 4.12 5.0 14.42 13.6 5.83 13.6 14.42 0.0 11.66 5.0 21.1 8.0 21.1 21.1 11.66 6.4 5.83 4.12 13.0 11.66 6.32 0.0 12.81 10.0 5.0 21.1 14.42 13.6 21.1 4.12 6.32 13.6 6.4 10.77 5.83 21.1 21.1 12.81 11.66 10.77 5.0 11.66 5.83 12.81 8.0 6.32 13.6
5.83 15.56 8.6 19.31 5.83 7.0 5.83 0.0 26.93 3.0 20.25 7.0 0.0 19.31 20.25 19.31 0.0 9.22 18.25 0.0 19.31 9.22 3.0 20.25 12.08 5.83 5.83 19.31 9.22 3.0 12.08 12.08 12.08 9.22 9.22 3.0 20.25 19.31 0.0 19.31 20.25 5.83 5.83 3.0 26.93 12.08 26.93 26.93 5.83 7.0 0.0 9.22 18.25 5.83 12.08 5.83 12.08 15.56 3.0 26.93 20.25 19.31 26.93 9.22 12.08 19.31 7.0 8.6 0.0 26.93 26.93 12.08 5.83 8.6 3.0 5.83 0.0 12.08 12.08 12.08 19.31
32.76 12.37 28.86 8.6 21.1 24.04 21.1 26.93 0.0 25.5 6.71 24.04 26.93 8.6 6.71 8.6 26.93 18.38 12.08 26.93 8.6 18.38 25.5 6.71 18.25 21.1 21.1 8.6 18.38 25.5 18.25 15.0 18.25 18.38 18.38 25.5 6.71 8.6 26.93 8.6 6.71 21.1 32.76 25.5 0.0 18.25 0.0 0.0 32.76 24.04 26.93 18.38 12.08 32.76 15.0 21.1 28.16 12.37 25.5 0.0 6.71 8.6 0.0 18.38 15.0 8.6 24.04 28.86 26.93 0.0 0.0 28.16 32.76 28.86 25.5 32.76 26.93 28.16 18.25 15.0 8.6
7.81 13.6 6.4 18.44 5.0 4.0 5.0 3.0 25.5 0.0 18.79 4.0 3.0 18.44 18.79 18.44 3.0 7.21 18.0 3.0 18.44 7.21 0.0 18.79 9.43 5.0 5.0 18.44 7.21 0.0 9.43 11.18 9.43 7.21 7.21 0.0 18.79 18.44 3.0 18.44 18.79 5.0 7.81 0.0 25.5 9.43 25.5 25.5 7.81 4.0 3.0 7.21 18.0 7.81 11.18 5.0 9.43 13.6 0.0 25.5 18.79 18.44 25.5 7.21 11.18 18.44 4.0 6.4 3.0 25.5 25.5 9.43 7.81 6.4 0.0 7.81 3.0 9.43 9.43 11.18 18.44
26.08 6.0 22.36 4.12 14.42 17.46 14.42 20.25 6.71 18.79 0.0 17.46 20.25 4.12 0.0 4.12 20.25 11.7 8.06 20.25 4.12 11.7 18.79 0.0 12.0 14.42 14.42 4.12 11.7 18.79 12.0 8.49 12.0 11.7 11.7 18.79 0.0 4.12 20.25 4.12 0.0 14.42 26.08 18.79 6.71 12.0 6.71 6.71 26.08 17.46 20.25 11.7 8.06 26.08 8.49 14.42 22.0 6.0 18.79 6.71 0.0 4.12 6.71 11.7 8.49 4.12 17.46 22.36 20.25 6.71 6.71 22.0 26.08 22.36 18.79 26.08 20.25 22.0 12.0 8.49 4.12
11.18 11.7 5.0 18.0 6.4 0.0 6.4 7.0 24.04 4.0 17.46 0.0 7.0 18.0 17.46 18.0 7.0 6.0 18.44 7.0 18.0 6.0 4.0 17.46 6.4 6.4 6.4 18.0 6.0 4.0 6.4 11.18 6.4 6.0 6.0 4.0 17.46 18.0 7.0 18.0 17.46 6.4 11.18 4.0 24.04 6.4 24.04 24.04 11.18 0.0 7.0 6.0 18.44 11.18 11.18 6.4 6.4 11.7 4.0 24.04 17.46 18.0 24.04 6.0 11.18 18.0 0.0 5.0 7.0 24.04 24.04 6.4 11.18 5.0 4.0 11.18 7.0 6.4 6.4 11.18 18.0
5.83 15.56 8.6 19.31 5.83 7.0 5.83 0.0 26.93 3.0 20.25 7.0 0.0 19.31 20.25 19.31 0.0 9.22 18.25 0.0 19.31 9.22 3.0 20.25 12.08 5.83 5.83 19.31 9.22 3.0 12.08 12.08 12.08 9.22 9.22 3.0 20.25 19.31 0.0 19.31 20.25 5.83 5.83 3.0 26.93 12.08 26.93 26.93 5.83 7.0 0.0 9.22 18.25 5.83 12.08 5.83 12.08 15.56 3.0 26.93 20.25 19.31 26.93 9.22 12.08 19.31 7.0 8.6 0.0 26.93 26.93 12.08 5.83 8.6 3.0 5.83 0.0 12.08 12.08 12.08 19.31
25.08 8.06 23.0 0.0 13.6 18.0 13.6 19.31 8.6 18.44 4.12 18.0 19.31 0.0 4.12 0.0 19.31 12.0 4.0 19.31 0.0 12.0 18.44 4.12 13.6 13.6 13.6 0.0 12.0 18.44 13.6 7.28 13.6 12.0 12.0 18.44 4.12 0.0 19.31 0.0 4.12 13.6 25.08 18.44 8.6 13.6 8.6 8.6 25.08 18.0 19.31 12.0 4.0 25.08 7.28 13.6 23.35 8.06 18.44 8.6 4.12 0.0 8.6 12.0 7.28 0.0 18.0 23.0 19.31 8.6 8.6 23.35 25.08 23.0 18.44 25.08 19.31 23.35 13.6 7.28 0.0
26.08 6.0 22.36 4.12 14.42 17.46 14.42 20.25 6.71 18.79 0.0 17.46 20.25 4.12 0.0 4.12 20.25 11.7 8.06 20.25 4.12 11.7 18.79 0.0 12.0 14.42 14.42 4.12 11.7 18.79 12.0 8.49 12.0 11.7 11.7 18.79 0.0 4.12 20.25 4.12 0.0 14.42 26.08 18.79 6.71 12.0 6.71 6.71 26.08 17.46 20.25 11.7 8.06 26.08 8.49 14.42 22.0 6.0 18.79 6.71 0.0 4.12 6.71 11.7 8.49 4.12 17.46 22.36 20.25 6.71 6.71 22.0 26.08 22.36 18.79 26.08 20.25 22.0 12.0 8.49 4.12
25.08 8.06 23.0 0.0 13.6 18.0 13.6 19.31 8.6 18.44 4.12 18.0 19.31 0.0 4.12 0.0 19.31 12.0 4.0 19.31 0.0 12.0 18.44 4.12 13.6 13.6 13.6 0.0 12.0 18.44 13.6 7.28 13.6 12.0 12.0 18.44 4.12 0.0 19.31 0.0 4.12 13.6 25.08 18.44 8.6 13.6 8.6 8.6 25.08 18.0 19.31 12.0 4.0 25.08 7.28 13.6 23.35 8.06 18.44 8.6 4.12 0.0 8.6 12.0 7.28 0.0 18.0 23.0 19.31 8.6 8.6 23.35 25.08 23.0 18.44 25.08 19.31 23.35 13.6 7.28 0.0
5.83 15.56 8.6 19.31 5.83 7.0 5.83 0.0 26.93 3.0 20.25 7.0 0.0 19.31 20.25 19.31 0.0 9.22 18.25 0.0 19.31 9.22 3.0 20.25 12.08 5.83 5.83 19.31 9.22 3.0 12.08 12.08 12.08 9.22 9.22 3.0 20.25 19.31 0.0 19.31 20.25 5.83 5.83 3.0 26.93 12.08 26.93 26.93 5.83 7.0 0.0 9.22 18.25 5.83 12.08 5.83 12.08 15.56 3.0 26.93 20.25 19.31 26.93 9.22 12.08 19.31 7.0 8.6 0.0 26.93 26.93 12.08 5.83 8.6 3.0 5.83 0.0 12.08 12.08 12.08 19.31
14.87 6.4 11.0 12.0 4.12 6.0 4.12 9.22 18.38 7.21 11.7 6.0 9.22 12.0 11.7 12.0 9.22 0.0 12.65 9.22 12.0 0.0 7.21 11.7 4.12 4.12 4.12 12.0 0.0 7.21 4.12 5.39 4.12 0.0 0.0 7.21 11.7 12.0 9.22 12.0 11.7 4.12 14.87 7.21 18.38 4.12 18.38 18.38 14.87 6.0 9.22 0.0 12.65 14.87 5.39 4.12 11.7 6.4 7.21 18.38 11.7 12.0 18.38 0.0 5.39 12.0 6.0 11.0 9.22 18.38 18.38 11.7 14.87 11.0 7.21 14.87 9.22 11.7 4.12 5.39 12.0
23.77 10.63 23.35 4.0 13.0 18.44 13.0 18.25 12.08 18.0 8.06 18.44 18.25 4.0 8.06 4.0 18.25 12.65 0.0 18.25 4.0 12.65 18.0 8.06 15.26 13.0 13.0 4.0 12.65 18.0 15.26 7.28 15.26 12.65 12.65 18.0 8.06 4.0 18.25 4.0 8.06 13.0 23.77 18.0 12.08 15.26 12.08 12.08 23.77 18.44 18.25 12.65 0.0 23.77 7.28 13.0 24.35 10.63 18.0 12.08 8.06 4.0 12.08 12.65 7.28 4.0 18.44 23.35 18.25 12.08 12.08 24.35 23.77 23.35 18.0 23.77 18.25 24.35 15.26 7.28 4.0
5.83 15.56 8.6 19.31 5.83 7.0 5.83 0.0 26.93 3.0 20.25 7.0 0.0 19.31 20.25 19.31 0.0 9.22 18.25 0.0 19.31 9.22 3.0 20.25 12.08 5.83 5.83 19.31 9.22 3.0 12.08 12.08 12.08 9.22 9.22 3.0 20.25 19.31 0.0 19.31 20.25 5.83 5.83 3.0 26.93 12.08 26.93 26.93 5.83 7.0 0.0 9.22 18.25 5.83 12.08 5.83 12.08 15.56 3.0 26.93 20.25 19.31 26.93 9.22 12.08 19.31 7.0 8.6 0.0 26.93 26.93 12.08 5.83 8.6 3.0 5.83 0.0 12.08 12.08 12.08 19.31
25.08 8.06 23.0 0.0 13.6 18.0 13.6 19.31 8.6 18.44 4.12 18.0 19.31 0.0 4.12 0.0 19.31 12.0 4.0 19.31 0.0 12.0 18.44 4.12 13.6 13.6 13.6 0.0 12.0 18.44 13.6 7.28 13.6 12.0 12.0 18.44 4.12 0.0 19.31 0.0 4.12 13.6 25.08 18.44 8.6 13.6 8.6 8.6 25.08 18.0 19.31 12.0 4.0 25.08 7.28 13.6 23.35 8.06 18.44 8.6 4.12 0.0 8.6 12.0 7.28 0.0 18.0 23.0 19.31 8.6 8.6 23.35 25.08 23.0 18.44 25.08 19.31 23.35 13.6 7.28 0.0
14.87 6.4 11.0 12.0 4.12 6.0 4.12 9.22 18.38 7.21 11.7 6.0 9.22 12.0 11.7 12.0 9.22 0.0 12.65 9.22 12.0 0.0 7.21 11.7 4.12 4.12 4.12 12.0 0.0 7.21 4.12 5.39 4.12 0.0 0.0 7.21 11.7 12.0 9.22 12.0 11.7 4.12 14.87 7.21 18.38 4.12 18.38 18.38 14.87 6.0 9.22 0.0 12.65 14.87 5.39 4.12 11.7 6.4 7.21 18.38 11.7 12.0 18.38 0.0 5.39 12.0 6.0 11.0 9.22 18.38 18.38 11.7 14.87 11.0 7.21 14.87 9.22 11.7 4.12 5.39 12.0
7.81 13.6 6.4 18.44 5.0 4.0 5.0 3.0 25.5 0.0 18.79 4.0 3.0 18.44 18.79 18.44 3.0 7.21 18.0 3.0 18.44 7.21 0.0 18.79 9.43 5.0 5.0 18.44 7.21 0.0 9.43 11.18 9.43 7.21 7.21 0.0 18.79 18.44 3.0 18.44 18.79 5.0 7.81 0.0 25.5 9.43 25.5 25.5 7.81 4.0 3.0 7.21 18.0 7.81 11.18 5.0 9.43 13.6 0.0 25.5 18.79 18.44 25.5 7.21 11.18 18.44 4.0 6.4 3.0 25.5 25.5 9.43 7.81 6.4 0.0 7.81 3.0 9.43 9.43 11.18 18.44
26.08 6.0 22.36 4.12 14.42 17.46 14.42 20.25 6.71 18.79 0.0 17.46 20.25 4.12 0.0 4.12 20.25 11.7 8.06 20.25 4.12 11.7 18.79 0.0 12.0 14.42 14.42 4.12 11.7 18.79 12.0 8.49 12.0 11.7 11.7 18.79 0.0 4.12 20.25 4.12 0.0 14.42 26.08 18.79 6.71 12.0 6.71 6.71 26.08 17.46 20.25 11.7 8.06 26.08 8.49 14.42 22.0 6.0 18.79 6.71 0.0 4.12 6.71 11.7 8.49 4.12 17.46 22.36 20.25 6.71 6.71 22.0 26.08 22.36 18.79 26.08 20.25 22.0 12.0 8.49 4.12
17.2 6.0 10.77 13.6 8.0 6.4 8.0 12.08 18.25 9.43 12.0 6.4 12.08 13.6 12.0 13.6 12.08 4.12 15.26 12.08 13.6 4.12 9.43 12.0 0.0 8.0 8.0 13.6 4.12 9.43 0.0 8.49 0.0 4.12 4.12 9.43 12.0 13.6 12.08 13.6 12.0 8.0 17.2 9.43 18.25 0.0 18.25 18.25 17.2 6.4 12.08 4.12 15.26 17.2 8.49 8.0 10.0 6.0 9.43 18.25 12.0 13.6 18.25 4.12 8.49 13.6 6.4 10.77 12.08 18.25 18.25 10.0 17.2 10.77 9.43 17.2 12.08 10.0 0.0 8.49 13.6
11.66 10.0 10.77 13.6 0.0 6.4 0.0 5.83 21.1 5.0 14.42 6.4 5.83 13.6 14.42 13.6 5.83 4.12 13.0 5.83 13.6 4.12 5.0 14.42 8.0 0.0 0.0 13.6 4.12 5.0 8.0 6.32 8.0 4.12 4.12 5.0 14.42 13.6 5.83 13.6 14.42 0.0 11.66 5.0 21.1 8.0 21.1 21.1 11.66 6.4 5.83 4.12 13.0 11.66 6.32 0.0 12.81 10.0 5.0 21.1 14.42 13.6 21.1 4.12 6.32 13.6 6.4 10.77 5.83 21.1 21.1 12.81 11.66 10.77 5.0 11.66 5.83 12.81 8.0 6.32 13.6
11.66 10.0 10.77 13.6 0.0 6.4 0.0 5.83 21.1 5.0 14.42 6.4 5.83 13.6 14.42 13.6 5.83 4.12 13.0 5.83 13.6 4.12 5.0 14.42 8.0 0.0 0.0 13.6 4.12 5.0 8.0 6.32 8.0 4.12 4.12 5.0 14.42 13.6 5.83 13.6 14.42 0.0 11.66 5.0 21.1 8.0 21.1 21.1 11.66 6.4 5.83 4.12 13.0 11.66 6.32 0.0 12.81 10.0 5.0 21.1 14.42 13.6 21.1 4.12 6.32 13.6 6.4 10.77 5.83 21.1 21.1 12.81 11.66 10.77 5.0 11.66 5.83 12.81 8.0 6.32 13.6
25.08 8.06 23.0 0.0 13.6 18.0 13.6 19.31 8.6 18.44 4.12 18.0 19.31 0.0 4.12 0.0 19.31 12.0 4.0 19.31 0.0 12.0 18.44 4.12 13.6 13.6 13.6 0.0 12.0 18.44 13.6 7.28 13.6 12.0 12.0 18.44 4.12 0.0 19.31 0.0 4.12 13.6 25.08 18.44 8.6 13.6 8.6 8.6 25.08 18.0 19.31 12.0 4.0 25.08 7.28 13.6 23.35 8.06 18.44 8.6 4.12 0.0 8.6 12.0 7.28 0.0 18.0 23.0 19.31 8.6 8.6 23.35 25.08 23.0 18.44 25.08 19.31 23.35 13.6 7.28 0.0
14.87 6.4 11.0 12.0 4.12 6.0 4.12 9.22 18.38 7.21 11.7 6.0 9.22 12.0 11.7 12.0 9.22 0.0 12.65 9.22 12.0 0.0 7.21 11.7 4.12 4.12 4.12 12.0 0.0 7.21 4.12 5.39 4.12 0.0 0.0 7.21 11.7 12.0 9.22 12.0 11.7 4.12 14.87 7.21 18.38 4.12 18.38 18.38 14.87 6.0 9.22 0.0 12.65 14.87 5.39 4.12 11.7 6.4 7.21 18.38 11.7 12.0 18.38 0.0 5.39 12.0 6.0 11.0 9.22 18.38 18.38 11.7 14.87 11.0 7.21 14.87 9.22 11.7 4.12 5.39 12.0
7.81 13.6 6.4 18.44 5.0 4.0 5.0 3.0 25.5 0.0 18.79 4.0 3.0 18.44 18.79 18.44 3.0 7.21 18.0 3.0 18.44 7.21 0.0 18.79 9.43 5.0 5.0 18.44 7.21 0.0 9.43 11.18 9.43 7.21 7.21 0.0 18.79 18.44 3.0 18.44 18.79 5.0 7.81 0.0 25.5 9.43 25.5 25.5 7.81 4.0 3.0 7.21 18.0 7.81 11.18 5.0 9.43 13.6 0.0 25.5 18.79 18.44 25.5 7.21 11.18 18.44 4.0 6.4 3.0 25.5 25.5 9.43 7.81 6.4 0.0 7.81 3.0 9.43 9.43 11.18 18.44
17.2 6.0 10.77 13.6 8.0 6.4 8.0 12.08 18.25 9.43 12.0 6.4 12.08 13.6 12.0 13.6 12.08 4.12 15.26 12.08 13.6 4.12 9.43 12.0 0.0 8.0 8.0 13.6 4.12 9.43 0.0 8.49 0.0 4.12 4.12 9.43 12.0 13.6 12.08 13.6 12.0 8.0 17.2 9.43 18.25 0.0 18.25 18.25 17.2 6.4 12.08 4.12 15.26 17.2 8.49 8.0 10.0 6.0 9.43 18.25 12.0 13.6 18.25 4.12 8.49 13.6 6.4 10.77 12.08 18.25 18.25 10.0 17.2 10.77 9.43 17.2 12.08 10.0 0.0 8.49 13.6
17.89 6.0 16.12 7.28 6.32 11.18 6.32 12.08 15.0 11.18 8.49 11.18 12.08 7.28 8.49 7.28 12.08 5.39 7.28 12.08 7.28 5.39 11.18 8.49 8.49 6.32 6.32 7.28 5.39 11.18 8.49 0.0 8.49 5.39 5.39 11.18 8.49 7.28 12.08 7.28 8.49 6.32 17.89 11.18 15.0 8.49 15.0 15.0 17.89 11.18 12.08 5.39 7.28 17.89 0.0 6.32 17.09 6.0 11.18 15.0 8.49 7.28 15.0 5.39 0.0 7.28 11.18 16.12 12.08 15.0 15.0 17.09 17.89 16.12 11.18 17.89 12.08 17.09 8.49 0.0 7.28
17.2 6.0 10.77 13.6 8.0 6.4 8.0 12.08 18.25 9.43 12.0 6.4 12.08 13.6 12.0 13.6 12.08 4.12 15.26 12.08 13.6 4.12 9.43 12.0 0.0 8.0 8.0 13.6 4.12 9.43 0.0 8.49 0.0 4.12 4.12 9.43 12.0 13.6 12.08 13.6 12.0 8.0 17.2 9.43 18.25 0.0 18.25 18.25 17.2 6.4 12.08 4.12 15.26 17.2 8.49 8.0 10.0 6.0 9.43 18.25 12.0 13.6 18.25 4.12 8.49 13.6 6.4 10.77 12.08 18.25 18.25 10.0 17.2 10.77 9.43 17.2 12.08 10.0 0.0 8.49 13.6
14.87 6.4 11.0 12.0 4.12 6.0 4.12 9.22 18.38 7.21 11.7 6.0 9.22 12.0 11.7 12.0 9.22 0.0 12.65 9.22 12.0 0.0 7.21 11.7 4.12 4.12 4.12 12.0 0.0 7.21 4.12 5.39 4.12 0.0 0.0 7.21 11.7 12.0 9.22 12.0 11.7 4.12 14.87 7.21 18.38 4.12 18.38 18.38 14.87 6.0 9.22 0.0 12.65 14.87 5.39 4.12 11.7 6.4 7.21 18.38 11.7 12.0 18.38 0.0 5.39 12.0 6.0 11.0 9.22 18.38 18.38 11.7 14.87 11.0 7.21 14.87 9.22 11.7 4.12 5.39 12.0
14.87 6.4 11.0 12.0 4.12 6.0 4.12 9.22 18.38 7.21 11.7 6.0 9.22 12.0 11.7 12.0 9.22 0.0 12.65 9.22 12.0 0.0 7.21 11.7 4.12 4.12 4.12 12.0 0.0 7.21 4.12 5.39 4.12 0.0 0.0 7.21 11.7 12.0 9.22 12.0 11.7 4.12 14.87 7.21 18.38 4.12 18.38 18.38 14.87 6.0 9.22 0.0 12.65 14.87 5.39 4.12 11.7 6.4 7.21 18.38 11.7 12.0 18.38 0.0 5.39 12.0 6.0 11.0 9.22 18.38 18.38 11.7 14.87 11.0 7.21 14.87 9.22 11.7 4.12 5.39 12.0
7.81 13.6 6.4 18.44 5.0 4.0 5.0 3.0 25.5 0.0 18.79 4.0 3.0 18.44 18.79 18.44 3.0 7.21 18.0 3.0 18.44 7.21 0.0 18.79 9.43 5.0 5.0 18.44 7.21 0.0 9.43 11.18 9.43 7.21 7.21 0.0 18.79 18.44 3.0 18.44 18.79 5.0 7.81 0.0 25.5 9.43 25.5 25.5 7.81 4.0 3.0 7.21 18.0 7.81 11.18 5.0 9.43 13.6 0.0 25.5 18.79 18.44 25.5 7.21 11.18 18.44 4.0 6.4 3.0 25.5 25.5 9.43 7.81 6.4 0.0 7.81 3.0 9.43 9.43 11.18 18.44
26.08 6.0 22.36 4.12 14.42 17.46 14.42 20.25 6.71 18.79 0.0 17.46 20.25 4.12 0.0 4.12 20.25 11.7 8.06 20.25 4.12 11.7 18.79 0.0 12.0 14.42 14.42 4.12 11.7 18.79 12.0 8.49 12.0 11.7 11.7 18.79 0.0 4.12 20.25 4.12 0.0 14.42 26.08 18.79 6.71 12.0 6.71 6.71 26.08 17.46 20.25 11.7 8.06 26.08 8.49 14.42 22.0 6.0 18.79 6.71 0.0 4.12 6.71 11.7 8.49 4.12 17.46 22.36 20.25 6.71 6.71 22.0 26.08 22.36 18.79 26.08 20.25 22.0 12.0 8.49 4.12
25.08 8.06 23.0 0.0 13.6 18.0 13.6 19.31 8.6 18.44 4.12 18.0 19.31 0.0 4.12 0.0 19.31 12.0 4.0 19.31 0.0 12.0 18.44 4.12 13.6 13.6 13.6 0.0 12.0 18.44 13.6 7.28 13.6 12.0 12.0 18.44 4.12 0.0 19.31 0.0 4.12 13.6 25.08 18.44 8.6 13.6 8.6 8.6 25.08 18.0 19.31 12.0 4.0 25.08 7.28 13.6 23.35 8.06 18.44 8.6 4.12 0.0 8.6 12.0 7.28 0.0 18.0 23.0 19.31 8.6 8.6 23.35 25.08 23.0 18.44 25.08 19.31 23.35 13.6 7.28 0.0
5.83 15.56 8.6 19.31 5.83 7.0 5.83 0.0 26.93 3.0 20.25 7.0 0.0 19.31 20.25 19.31 0.0 9.22 18.25 0.0 19.31 9.22 3.0 20.25 12.08 5.83 5.83 19.31 9.22 3.0 12.08 12.08 12.08 9.22 9.22 3.0 20.25 19.31 0.0 19.31 20.25 5.83 5.83 3.0 26.93 12.08 26.93 26.93 5.83 7.0 0.0 9.22 18.25 5.83 12.08 5.83 12.08 15.56 3.0 26.93 20.25 19.31 26.93 9.22 12.08 19.31 7.0 8.6 0.0 26.93 26.93 12.08 5.83 8.6 3.0 5.83 0.0 12.08 12.08 12.08 19.31
25.08 8.06 23.0 0.0 13.6 18.0 13.6 19.31 8.6 18.44 4.12 18.0 19.31 0.0 4.12 0.0 19.31 12.0 4.0 19.31 0.0 12.0 18.44 4.12 13.6 13.6 13.6 0.0 12.0 18.44 13.6 7.28 13.6 12.0 12.0 18.44 4.12 0.0 19.31 0.0 4.12 13.6 25.08 18.44 8.6 13.6 8.6 8.6 25.08 18.0 19.31 12.0 4.0 25.08 7.28 13.6 23.35 8.06 18.44 8.6 4.12 0.0 8.6 12.0 7.28 0.0 18.0 23.0 19.31 8.6 8.6 23.35 25.08 23.0 18.44 25.08 19.31 23.35 13.6 7.28 0.0
26.08 6.0 22.36 4.12 14.42 17.46 14.42 20.25 6.71 18.79 0.0 17.46 20.25 4.12 0.0 4.12 20.25 11.7 8.06 20.25 4.12 11.7 18.79 0.0 12.0 14.42 14.42 4.12 11.7 18.79 12.0 8.49 12.0 11.7 11.7 18.79 0.0 4.12 20.25 4.12 0.0 14.42 26.08 18.79 6.71 12.0 6.71 6.71 26.08 17.46 20.25 11.7 8.06 26.08 8.49 14.42 22.0 6.0 18.79 6.71 0.0 4.12 6.71 11.7 8.49 4.12 17.46 22.36 20.25 6.71 6.71 22.0 26.08 22.36 18.79 26.08 20.25 22.0 12.0 8.49 4.12
11.66 10.0 10.77 13.6 0.0 6.4 0.0 5.83 21.1 5.0 14.42 6.4 5.83 13.6 14.42 13.6 5.83 4.12 13.0 5.83 13.6 4.12 5.0 14.42 8.0 0.0 0.0 13.6 4.12 5.0 8.0 6.32 8.0 4.12 4.12 5.0 14.42 13.6 5.83 13.6 14.42 0.0 11.66 5.0 21.1 8.0 21.1 21.1 11.66 6.4 5.83 4.12 13.0 11.66 6.32 0.0 12.81 10.0 5.0 21.1 14.42 13.6 21.1 4.12 6.32 13.6 6.4 10.77 5.83 21.1 21.1 12.81 11.66 10.77 5.0 11.66 5.83 12.81 8.0 6.32 13.6
0.0 21.26 10.0 25.08 11.66 11.18 11.66 5.83 32.76 7.81 26.08 11.18 5.83 25.08 26.08 25.08 5.83 14.87 23.77 5.83 25.08 14.87 7.81 26.08 17.2 11.66 11.66 25.08 14.87 7.81 17.2 17.89 17.2 14.87 14.87 7.81 26.08 25.08 5.83 25.08 26.08 11.66 0.0 7.81 32.76 17.2 32.76 32.76 0.0 11.18 5.83 14.87 23.77 0.0 17.89 11.66 14.0 21.26 7.81 32.76 26.08 25.08 32.76 14.87 17.89 25.08 11.18 10.0 5.83 32.76 32.76 14.0 0.0 10.0 7.81 0.0 5.83 14.0 17.2 17.89 25.08
7.81 13.6 6.4 18.44 5.0 4.0 5.0 3.0 25.5 0.0 18.79 4.0 3.0 18.44 18.79 18.44 3.0 7.21 18.0 3.0 18.44 7.21 0.0 18.79 9.43 5.0 5.0 18.44 7.21 0.0 9.43 11.18 9.43 7.21 7.21 0.0 18.79 18.44 3.0 18.44 18.79 5.0 7.81 0.0 25.5 9.43 25.5 25.5 7.81 4.0 3.0 7.21 18.0 7.81 11.18 5.0 9.43 13.6 0.0 25.5 18.79 18.44 25.5 7.21 11.18 18.44 4.0 6.4 3.0 25.5 25.5 9.43 7.81 6.4 0.0 7.81 3.0 9.43 9.43 11.18 18.44
32.76 12.37 28.86 8.6 21.1 24.04 21.1 26.93 0.0 25.5 6.71 24.04 26.93 8.6 6.71 8.6 26.93 18.38 12.08 26.93 8.6 18.38 25.5 6.71 18.25 21.1 21.1 8.6 18.38 25.5 18.25 15.0 18.25 18.38 18.38 25.5 6.71 8.6 26.93 8.6 6.71 21.1 32.76 25.5 0.0 18.25 0.0 0.0 32.76 24.04 26.93 18.38 12.08 32.76 15.0 21.1 28.16 12.37 25.5 0.0 6.71 8.6 0.0 18.38 15.0 8.6 24.04 28.86 26.93 0.0 0.0 28.16 32.76 28.86 25.5 32.76 26.93 28.16 18.25 15.0 8.6
17.2 6.0 10.77 13.6 8.0 6.4 8.0 12.08 18.25 9.43 12.0 6.4 12.08 13.6 12.0 13.6 12.08 4.12 15.26 12.08 13.6 4.12 9.43 12.0 0.0 8.0 8.0 13.6 4.12 9.43 0.0 8.49 0.0 4.12 4.12 9.43 12.0 13.6 12.08 13.6 12.0 8.0 17.2 9.43 18.25 0.0 18.25 18.25 17.2 6.4 12.08 4.12 15.26 17.2 8.49 8.0 10.0 6.0 9.43 18.25 12.0 13.6 18.25 4.12 8.49 13.6 6.4 10.77 12.08 18.25 18.25 10.0 17.2 10.77 9.43 17.2 12.08 10.0 0.0 8.49 13.6
32.76 12.37 28.86 8.6 21.1 24.04 21.1 26.93 0.0 25.5 6.71 24.04 26.93 8.6 6.71 8.6 26.93 18.38 12.08 26.93 8.6 18.38 25.5 6.71 18.25 21.1 21.1 8.6 18.38 25.5 18.25 15.0 18.25 18.38 18.38 25.5 6.71 8.6 26.93 8.6 6.71 21.1 32.76 25.5 0.0 18.25 0.0 0.0 32.76 24.04 26.93 18.38 12.08 32.76 15.0 21.1 28.16 12.37 25.5 0.0 6.71 8.6 0.0 18.38 15.0 8.6 24.04 28.86 26.93 0.0 0.0 28.16 32.76 28.86 25.5 32.76 26.93 28.16 18.25 15.0 8.6
32.76 12.37 28.86 8.6 21.1 24.04 21.1 26.93 0.0 25.5 6.71 24.04 26.93 8.6 6.71 8.6 26.93 18.38 12.08 26.93 8.6 18.38 25.5 6.71 18.25 21.1 21.1 8.6 18.38 25.5 18.25 15.0 18.25 18.38 18.38 25.5 6.71 8.6 26.93 8.6 6.71 21.1 32.76 25.5 0.0 18.25 0.0 0.0 32.76 24.04 26.93 18.38 12.08 32.76 15.0 21.1 28.16 12.37 25.5 0.0 6.71 8.6 0.0 18.38 15.0 8.6 24.04 28.86 26.93 0.0 0.0 28.16 32.76 28.86 25.5 32.76 26.93 28.16 18.25 15.0 8.6
0.0 21.26 10.0 25.08 11.66 11.18 11.66 5.83 32.76 7.81 26.08 11.18 5.83 25.08 26.08 25.08 5.83 14.87 23.77 5.83 25.08 14.87 7.81 26.08 17.2 11.66 11.66 25.08 14.87 7.81 17.2 17.89 17.2 14.87 14.87 7.81 26.08 25.08 5.83 25.08 26.08 11.66 0.0 7.81 32.76 17.2 32.76 32.76 0.0 11.18 5.83 14.87 23.77 0.0 17.89 11.66 14.0 21.26 7.81 32.76 26.08 25.08 32.76 14.87 17.89 25.08 11.18 10.0 5.83 32.76 32.76 14.0 0.0 10.0 7.81 0.0 5.83 14.0 17.2 17.89 25.08
11.18 11.7 5.0 18.0 6.4 0.0 6.4 7.0 24.04 4.0 17.46 0.0 7.0 18.0 17.46 18.0 7.0 6.0 18.44 7.0 18.0 6.0 4.0 17.46 6.4 6.4 6.4 18.0 6.0 4.0 6.4 11.18 6.4 6.0 6.0 4.0 17.46 18.0 7.0 18.0 17.46 6.4 11.18 4.0 24.04 6.4 24.04 24.04 11.18 0.0 7.0 6.0 18.44 11.18 11.18 6.4 6.4 11.7 4.0 24.04 17.46 18.0 24.04 6.0 11.18 18.0 0.0 5.0 7.0 24.04 24.04 6.4 11.18 5.0 4.0 11.18 7.0 6.4 6.4 11.18 18.0
5.83 15.56 8.6 19.31 5.83 7.0 5.83 0.0 26.93 3.0 20.25 7.0 0.0 19.31 20.25 19.31 0.0 9.22 18.25 0.0 19.31 9.22 3.0 20.25 12.08 5.83 5.83 19.31 9.22 3.0 12.08 12.08 12.08 9.22 9.22 3.0 20.25 19.31 0.0 19.31 20.25 5.83 5.83 3.0 26.93 12.08 26.93 26.93 5.83 7.0 0.0 9.22 18.25 5.83 12.08 5.83 12.08 15.56 3.0 26.93 20.25 19.31 26.93 9.22 12.08 19.31 7.0 8.6 0.0 26.93 26.93 12.08 5.83 8.6 3.0 5.83 0.0 12.08 12.08 12.08 19.31
14.87 6.4 11.0 12.0 4.12 6.0 4.12 9.22 18.38 7.21 11.7 6.0 9.22 12.0 11.7 12.0 9.22 0.0 12.65 9.22 12.0 0.0 7.21 11.7 4.12 4.12 4.12 12.0 0.0 7.21 4.12 5.39 4.12 0.0 0.0 7.21 11.7 12.0 9.22 12.0 11.7 4.12 14.87 7.21 18.38 4.12 18.38 18.38 14.87 6.0 9.22 0.0 12.65 14.87 5.39 4.12 11.7 6.4 7.21 18.38 11.7 12.0 18.38 0.0 5.39 12.0 6.0 11.0 9.22 18.38 18.38 11.7 14.87 11.0 7.21 14.87 9.22 11.7 4.12 5.39 12.0
23.77 10.63 23.35 4.0 13.0 18.44 13.0 18.25 12.08 18.0 8.06 18.44 18.25 4.0 8.06 4.0 18.25 12.65 0.0 18.25 4.0 12.65 18.0 8.06 15.26 13.0 13.0 4.0 12.65 18.0 15.26 7.28 15.26 12.65 12.65 18.0 8.06 4.0 18.25 4.0 8.06 13.0 23.77 18.0 12.08 15.26 12.08 12.08 23.77 18.44 18.25 12.65 0.0 23.77 7.28 13.0 24.35 10.63 18.0 12.08 8.06 4.0 12.08 12.65 7.28 4.0 18.44 23.35 18.25 12.08 12.08 24.35 23.77 23.35 18.0 23.77 18.25 24.35 15.26 7.28 4.0
0.0 21.26 10.0 25.08 11.66 11.18 11.66 5.83 32.76 7.81 26.08 11.18 5.83 25.08 26.08 25.08 5.83 14.87 23.77 5.83 25.08 14.87 7.81 26.08 17.2 11.66 11.66 25.08 14.87 7.81 17.2 17.89 17.2 14.87 14.87 7.81 26.08 25.08 5.83 25.08 26.08 11.66 0.0 7.81 32.76 17.2 32.76 32.76 0.0 11.18 5.83 14.87 23.77 0.0 17.89 11.66 14.0 21.26 7.81 32.76 26.08 25.08 32.76 14.87 17.89 25.08 11.18 10.0 5.83 32.76 32.76 14.0 0.0 10.0 7.81 0.0 5.83 14.0 17.2 17.89 25.08
17.89 6.0 16.12 7.28 6.32 11.18 6.32 12.08 15.0 11.18 8.49 11.18 12.08 7.28 8.49 7.28 12.08 5.39 7.28 12.08 7.28 5.39 11.18 8.49 8.49 6.32 6.32 7.28 5.39 11.18 8.49 0.0 8.49 5.39 5.39 11.18 8.49 7.28 12.08 7.28 8.49 6.32 17.89 11.18 15.0 8.49 15.0 15.0 17.89 11.18 12.08 5.39 7.28 17.89 0.0 6.32 17.09 6.0 11.18 15.0 8.49 7.28 15.0 5.39 0.0 7.28 11.18 16.12 12.08 15.0 15.0 17.09 17.89 16.12 11.18 17.89 12.08 17.09 8.49 0.0 7.28
11.66 10.0 10.77 13.6 0.0 6.4 0.0 5.83 21.1 5.0 14.42 6.4 5.83 13.6 14.42 13.6 5.83 4.12 13.0 5.83 13.6 4.12 5.0 14.42 8.0 0.0 0.0 13.6 4.12 5.0 8.0 6.32 8.0 4.12 4.12 5.0 14.42 13.6 5.83 13.6 14.42 0.0 11.66 5.0 21.1 8.0 21.1 21.1 11.66 6.4 5.83 4.12 13.0 11.66 6.32 0.0 12.81 10.0 5.0 21.1 14.42 13.6 21.1 4.12 6.32 13.6 6.4 10.77 5.83 21.1 21.1 12.81 11.66 10.77 5.0 11.66 5.83 12.81 8.0 6.32 13.6
14.0 16.0 4.0 23.35 12.81 6.4 12.81 12.08 28.16 9.43 22.0 6.4 12.08 23.35 22.0 23.35 12.08 11.7 24.35 12.08 23.35 11.7 9.43 22.0 10.0 12.81 12.81 23.35 11.7 9.43 10.0 17.09 10.0 11.7 11.7 9.43 22.0 23.35 12.08 23.35 22.0 12.81 14.0 9.43 28.16 10.0 28.16 28.16 14.0 6.4 12.08 11.7 24.35 14.0 17.09 12.81 0.0 16.0 9.43 28.16 22.0 23.35 28.16 11.7 17.09 23.35 6.4 4.0 12.08 28.16 28.16 0.0 14.0 4.0 9.43 14.0 12.08 0.0 10.0 17.09 23.35
21.26 0.0 16.49 8.06 10.0 11.7 10.0 15.56 12.37 13.6 6.0 11.7 15.56 8.06 6.0 8.06 15.56 6.4 10.63 15.56 8.06 6.4 13.6 6.0 6.0 10.0 10.0 8.06 6.4 13.6 6.0 6.0 6.0 6.4 6.4 13.6 6.0 8.06 15.56 8.06 6.0 10.0 21.26 13.6 12.37 6.0 12.37 12.37 21.26 11.7 15.56 6.4 10.63 21.26 6.0 10.0 16.0 0.0 13.6 12.37 6.0 8.06 12.37 6.4 6.0 8.06 11.7 16.49 15.56 12.37 12.37 16.0 21.26 16.49 13.6 21.26 15.56 16.0 6.0 6.0 8.06
7.81 13.6 6.4 18.44 5.0 4.0 5.0 3.0 25.5 0.0 18.79 4.0 3.0 18.44 18.79 18.44 3.0 7.21 18.0 3.0 18.44 7.21 0.0 18.79 9.43 5.0 5.0 18.44 7.21 0.0 9.43 11.18 9.43 7.21 7.21 0.0 18.79 18.44 3.0 18.44 18.79 5.0 7.81 0.0 25.5 9.43 25.5 25.5 7.81 4.0 3.0 7.21 18.0 7.81 11.18 5.0 9.43 13.6 0.0 25.5 18.79 18.44 25.5 7.21 11.18 18.44 4.0 6.4 3.0 25.5 25.5 9.43 7.81 6.4 0.0 7.81 3.0 9.43 9.43 11.18 18.44
32.76 12.37 28.86 8.6 21.1 24.04 21.1 26.93 0.0 25.5 6.71 24.04 26.93 8.6 6.71 8.6 26.93 18.38 12.08 26.93 8.6 18.38 25.5 6.71 18.25 21.1 21.1 8.6 18.38 25.5 18.25 15.0 18.25 18.38 18.38 25.5 6.71 8.6 26.93 8.6 6.71 21.1 32.76 25.5 0.0 18.25 0.0 0.0 32.76 24.04 26.93 18.38 12.08 32.76 15.0 21.1 28.16 12.37 25.5 0.0 6.71 8.6 0.0 18.38 15.0 8.6 24.04 28.86 26.93 0.0 0.0 28.16 32.76 28.86 25.5 32.76 26.93 28.16 18.25 15.0 8.6
26.08 6.0 22.36 4.12 14.42 17.46 14.42 20.25 6.71 18.79 0.0 17.46 20.25 4.12 0.0 4.12 20.25 11.7 8.06 20.25 4.12 11.7 18.79 0.0 12.0 14.42 14.42 4.12 11.7 18.79 12.0 8.49 12.0 11.7 11.7 18.79 0.0 4.12 20.25 4.12 0.0 14.42 26.08 18.79 6.71 12.0 6.71 6.71 26.08 17.46 20.25 11.7 8.06 26.08 8.49 14.42 22.0 6.0 18.79 6.71 0.0 4.12 6.71 11.7 8.49 4.12 17.46 22.36 20.25 6.71 6.71 22.0 26.08 22.36 18.79 26.08 20.25 22.0 12.0 8.49 4.12
25.08 8.06 23.0 0.0 13.6 18.0 13.6 19.31 8.6 18.44 4.12 18.0 19.31 0.0 4.12 0.0 19.31 12.0 4.0 19.31 0.0 12.0 18.44 4.12 13.6 13.6 13.6 0.0 12.0 18.44 13.6 7.28 13.6 12.0 12.0 18.44 4.12 0.0 19.31 0.0 4.12 13.6 25.08 18.44 8.6 13.6 8.6 8.6 25.08 18.0 19.31 12.0 4.0 25.08 7.28 13.6 23.35 8.06 18.44 8.6 4.12 0.0 8.6 12.0 7.28 0.0 18.0 23.0 19.31 8.6 8.6 23.35 25.08 23.0 18.44 25.08 19.31 23.35 13.6 7.28 0.0
32.76 12.37 28.86 8.6 21.1 24.04 21.1 26.93 0.0 25.5 6.71 24.04 26.93 8.6 6.71 8.6 26.93 18.38 12.08 26.93 8.6 18.38 25.5 6.71 18.25 21.1 21.1 8.6 18.38 25.5 18.25 15.0 18.25 18.38 18.38 25.5 6.71 8.6 26.93 8.6 6.71 21.1 32.76 25.5 0.0 18.25 0.0 0.0 32.76 24.04 26.93 18.38 12.08 32.76 15.0 21.1 28.16 12.37 25.5 0.0 6.71 8.6 0.0 18.38 15.0 8.6 24.04 28.86 26.93 0.0 0.0 28.16 32.76 28.86 25.5 32.76 26.93 28.16 18.25 15.0 8.6
14.87 6.4 11.0 12.0 4.12 6.0 4.12 9.22 18.38 7.21 11.7 6.0 9.22 12.0 11.7 12.0 9.22 0.0 12.65 9.22 12.0 0.0 7.21 11.7 4.12 4.12 4.12 12.0 0.0 7.21 4.12 5.39 4.12 0.0 0.0 7.21 11.7 12.0 9.22 12.0 11.7 4.12 14.87 7.21 18.38 4.12 18.38 18.38 14.87 6.0 9.22 0.0 12.65 14.87 5.39 4.12 11.7 6.4 7.21 18.38 11.7 12.0 18.38 0.0 5.39 12.0 6.0 11.0 9.22 18.38 18.38 11.7 14.87 11.0 7.21 14.87 9.22 11.7 4.12 5.39 12.0
17.89 6.0 16.12 7.28 6.32 11.18 6.32 12.08 15.0 11.18 8.49 11.18 12.08 7.28 8.49 7.28 12.08 5.39 7.28 12.08 7.28 5.39 11.18 8.49 8.49 6.32 6.32 7.28 5.39 11.18 8.49 0.0 8.49 5.39 5.39 11.18 8.49 7.28 12.08 7.28 8.49 6.32 17.89 11.18 15.0 8.49 15.0 15.0 17.89 11.18 12.08 5.39 7.28 17.89 0.0 6.32 17.09 6.0 11.18 15.0 8.49 7.28 15.0 5.39 0.0 7.28 11.18 16.12 12.08 15.0 15.0 17.09 17.89 16.12 11.18 17.89 12.08 17.09 8.49 0.0 7.28
25.08 8.06 23.0 0.0 13.6 18.0 13.6 19.31 8.6 18.44 4.12 18.0 19.31 0.0 4.12 0.0 19.31 12.0 4.0 19.31 0.0 12.0 18.44 4.12 13.6 13.6 13.6 0.0 12.0 18.44 13.6 7.28 13.6 12.0 12.0 18.44 4.12 0.0 19.31 0.0 4.12 13.6 25.08 18.44 8.6 13.6 8.6 8.6 25.08 18.0 19.31 12.0 4.0 25.08 7.28 13.6 23.35 8.06 18.44 8.6 4.12 0.0 8.6 12.0 7.28 0.0 18.0 23.0 19.31 8.6 8.6 23.35 25.08 23.0 18.44 25.08 19.31 23.35 13.6 7.28 0.0
11.18 11.7 5.0 18.0 6.4 0.0 6.4 7.0 24.04 4.0 17.46 0.0 7.0 18.0 17.46 18.0 7.0 6.0 18.44 7.0 18.0 6.0 4.0 17.46 6.4 6.4 6.4 18.0 6.0 4.0 6.4 11.18 6.4 6.0 6.0 4.0 17.46 18.0 7.0 18.0 17.46 6.4 11.18 4.0 24.04 6.4 24.04 24.04 11.18 0.0 7.0 6.0 18.44 11.18 11.18 6.4 6.4 11.7 4.0 24.04 17.46 18.0 24.04 6.0 11.18 18.0 0.0 5.0 7.0 24.04 24.04 6.4 11.18 5.0 4.0 11.18 7.0 6.4 6.4 11.18 18.0
10.0 16.49 0.0 23.0 10.77 5.0 10.77 8.6 28.86 6.4 22.36 5.0 8.6 23.0 22.36 23.0 8.6 11.0 23.35 8.6 23.0 11.0 6.4 22.36 10.77 10.77 10.77 23.0 11.0 6.4 10.77 16.12 10.77 11.0 11.0 6.4 22.36 23.0 8.6 23.0 22.36 10.77 10.0 6.4 28.86 10.77 28.86 28.86 10.0 5.0 8.6 11.0 23.35 10.0 16.12 10.77 4.0 16.49 6.4 28.86 22.36 23.0 28.86 11.0 16.12 23.0 5.0 0.0 8.6 28.86 28.86 4.0 10.0 0.0 6.4 10.0 8.6 4.0 10.77 16.12 23.0
5.83 15.56 8.6 19.31 5.83 7.0 5.83 0.0 26.93 3.0 20.25 7.0 0.0 19.31 20.25 19.31 0.0 9.22 18.25 0.0 19.31 9.22 3.0 20.25 12.08 5.83 5.83 19.31 9.22 3.0 12.08 12.08 12.08 9.22 9.22 3.0 20.25 19.31 0.0 19.31 20.25 5.83 5.83 3.0 26.93 12.08 26.93 26.93 5.83 7.0 0.0 9.22 18.25 5.83 12.08 5.83 12.08 15.56 3.0 26.93 20.25 19.31 26.93 9.22 12.08 19.31 7.0 8.6 0.0 26.93 26.93 12.08 5.83 8.6 3.0 5.83 0.0 12.08 12.08 12.08 19.31
32.76 12.37 28.86 8.6 21.1 24.04 21.1 26.93 0.0 25.5 6.71 24.04 26.93 8.6 6.71 8.6 26.93 18.38 12.08 26.93 8.6 18.38 25.5 6.71 18.25 21.1 21.1 8.6 18.38 25.5 18.25 15.0 18.25 18.38 18.38 25.5 6.71 8.6 26.93 8.6 6.71 21.1 32.76 25.5 0.0 18.25 0.0 0.0 32.76 24.04 26.93 18.38 12.08 32.76 15.0 21.1 28.16 12.37 25.5 0.0 6.71 8.6 0.0 18.38 15.0 8.6 24.04 28.86 26.93 0.0 0.0 28.16 32.76 28.86 25.5 32.76 26.93 28.16 18.25 15.0 8.6
32.76 12.37 28.86 8.6 21.1 24.04 21.1 26.93 0.0 25.5 6.71 24.04 26.93 8.6 6.71 8.6 26.93 18.38 12.08 26.93 8.6 18.38 25.5 6.71 18.25 21.1 21.1 8.6 18.38 25.5 18.25 15.0 18.25 18.38 18.38 25.5 6.71 8.6 26.93 8.6 6.71 21.1 32.76 25.5 0.0 18.25 0.0 0.0 32.76 24.04 26.93 18.38 12.08 32.76 15.0 21.1 28.16 12.37 25.5 0.0 6.71 8.6 0.0 18.38 15.0 8.6 24.04 28.86 26.93 0.0 0.0 28.16 32.76 28.86 25.5 32.76 26.93 28.16 18.25 15.0 8.6
14.0 16.0 4.0 23.35 12.81 6.4 12.81 12.08 28.16 9.43 22.0 6.4 12.08 23.35 22.0 23.35 12.08 11.7 24.35 12.08 23.35 11.7 9.43 22.0 10.0 12.81 12.81 23.35 11.7 9.43 10.0 17.09 10.0 11.7 11.7 9.43 22.0 23.35 12.08 23.35 22.0 12.81 14.0 9.43 28.16 10.0 28.16 28.16 14.0 6.4 12.08 11.7 24.35 14.0 17.09 12.81 0.0 16.0 9.43 28.16 22.0 23.35 28.16 11.7 17.09 23.35 6.4 4.0 12.08 28.16 28.16 0.0 14.0 4.0 9.43 14.0 12.08 0.0 10.0 17.09 23.35
0.0 21.26 10.0 25.08 11.66 11.18 11.66 5.83 32.76 7.81 26.08 11.18 5.83 25.08 26.08 25.08 5.83 14.87 23.77 5.83 25.08 14.87 7.81 26.08 17.2 11.66 11.66 25.08 14.87 7.81 17.2 17.89 17.2 14.87 14.87 7.81 26.08 25.08 5.83 25.08 26.08 11.66 0.0 7.81 32.76 17.2 32.76 32.76 0.0 11.18 5.83 14.87 23.77 0.0 17.89 11.66 14.0 21.26 7.81 32.76 26.08 25.08 32.76 14.87 17.89 25.08 11.18 10.0 5.83 32.76 32.76 14.0 0.0 10.0 7.81 0.0 5.83 14.0 17.2 17.89 25.08
10.0 16.49 0.0 23.0 10.77 5.0 10.77 8.6 28.86 6.4 22.36 5.0 8.6 23.0 22.36 23.0 8.6 11.0 23.35 8.6 23.0 11.0 6.4 22.36 10.77 10.77 10.77 23.0 11.0 6.4 10.77 16.12 10.77 11.0 11.0 6.4 22.36 23.0 8.6 23.0 22.36 10.77 10.0 6.4 28.86 10.77 28.86 28.86 10.0 5.0 8.6 11.0 23.35 10.0 16.12 10.77 4.0 16.49 6.4 28.86 22.36 23.0 28.86 11.0 16.12 23.0 5.0 0.0 8.6 28.86 28.86 4.0 10.0 0.0 6.4 10.0 8.6 4.0 10.77 16.12 23.0
7.81 13.6 6.4 18.44 5.0 4.0 5.0 3.0 25.5 0.0 18.79 4.0 3.0 18.44 18.79 18.44 3.0 7.21 18.0 3.0 18.44 7.21 0.0 18.79 9.43 5.0 5.0 18.44 7.21 0.0 9.43 11.18 9.43 7.21 7.21 0.0 18.79 18.44 3.0 18.44 18.79 5.0 7.81 0.0 25.5 9.43 25.5 25.5 7.81 4.0 3.0 7.21 18.0 7.81 11.18 5.0 9.43 13.6 0.0 25.5 18.79 18.44 25.5 7.21 11.18 18.44 4.0 6.4 3.0 25.5 25.5 9.43 7.81 6.4 0.0 7.81 3.0 9.43 9.43 11.18 18.44
0.0 21.26 10.0 25.08 11.66 11.18 11.66 5.83 32.76 7.81 26.08 11.18 5.83 25.08 26.08 25.08 5.83 14.87 23.77 5.83 25.08 14.87 7.81 26.08 17.2 11.66 11.66 25.08 14.87 7.81 17.2 17.89 17.2 14.87 14.87 7.81 26.08 25.08 5.83 25.08 26.08 11.66 0.0 7.81 32.76 17.2 32.76 32.76 0.0 11.18 5.83 14.87 23.77 0.0 17.89 11.66 14.0 21.26 7.81 32.76 26.08 25.08 32.76 14.87 17.89 25.08 11.18 10.0 5.83 32.76 32.76 14.0 0.0 10.0 7.81 0.0 5.83 14.0 17.2 17.89 25.08
5.83 15.56 8.6 19.31 5.83 7.0 5.83 0.0 26.93 3.0 20.25 7.0 0.0 19.31 20.25 19.31 0.0 9.22 18.25 0.0 19.31 9.22 3.0 20.25 12.08 5.83 5.83 19.31 9.22 3.0 12.08 12.08 12.08 9.22 9.22 3.0 20.25 19.31 0.0 19.31 20.25 5.83 5.83 3.0 26.93 12.08 26.93 26.93 5.83 7.0 0.0 9.22 18.25 5.83 12.08 5.83 12.08 15.56 3.0 26.93 20.25 19.31 26.93 9.22 12.08 19.31 7.0 8.6 0.0 26.93 26.93 12.08 5.83 8.6 3.0 5.83 0.0 12.08 12.08 12.08 19.31
14.0 16.0 4.0 23.35 12.81 6.4 12.81 12.08 28.16 9.43 22.0 6.4 12.08 23.35 22.0 23.35 12.08 11.7 24.35 12.08 23.35 11.7 9.43 22.0 10.0 12.81 12.81 23.35 11.7 9.43 10.0 17.09 10.0 11.7 11.7 9.43 22.0 23.35 12.08 23.35 22.0 12.81 14.0 9.43 28.16 10.0 28.16 28.16 14.0 6.4 12.08 11.7 24.35 14.0 17.09 12.81 0.0 16.0 9.43 28.16 22.0 23.35 28.16 11.7 17.09 23.35 6.4 4.0 12.08 28.16 28.16 0.0 14.0 4.0 9.43 14.0 12.08 0.0 10.0 17.09 23.35
17.2 6.0 10.77 13.6 8.0 6.4 8.0 12.08 18.25 9.43 12.0 6.4 12.08 13.6 12.0 13.6 12.08 4.12 15.26 12.08 13.6 4.12 9.43 12.0 0.0 8.0 8.0 13.6 4.12 9.43 0.0 8.49 0.0 4.12 4.12 9.43 12.0 13.6 12.08 13.6 12.0 8.0 17.2 9.43 18.25 0.0 18.25 18.25 17.2 6.4 12.08 4.12 15.26 17.2 8.49 8.0 10.0 6.0 9.43 18.25 12.0 13.6 18.25 4.12 8.49 13.6 6.4 10.77 12.08 18.25 18.25 10.0 17.2 10.77 9.43 17.2 12.08 10.0 0.0 8.49 13.6
17.89 6.0 16.12 7.28 6.32 11.18 6.32 12.08 15.0 11.18 8.49 11.18 12.08 7.28 8.49 7.28 12.08 5.39 7.28 12.08 7.28 5.39 11.18 8.49 8.49 6.32 6.32 7.28 5.39 11.18 8.49 0.0 8.49 5.39 5.39 11.18 8.49 7.28 12.08 7.28 8.49 6.32 17.89 11.18 15.0 8.49 15.0 15.0 17.89 11.18 12.08 5.39 7.28 17.89 0.0 6.32 17.09 6.0 11.18 15.0 8.49 7.28 15.0 5.39 0.0 7.28 11.18 16.12 12.08 15.0 15.0 17.09 17.89 16.12 11.18 17.89 12.08 17.09 8.49 0.0 7.28
25.08 8.06 23.0 0.0 13.6 18.0 13.6 19.31 8.6 18.44 4.12 18.0 19.31 0.0 4.12 0.0 19.31 12.0 4.0 19.31 0.0 12.0 18.44 4.12 13.6 13.6 13.6 0.0 12.0 18.44 13.6 7.28 13.6 12.0 12.0 18.44 4.12 0.0 19.31 0.0 4.12 13.6 25.08 18.44 8.6 13.6 8.6 8.6 25.08 18.0 19.31 12.0 4.0 25.08 7.28 13.6 23.35 8.06 18.44 8.6 4.12 0.0 8.6 12.0 7.28 0.0 18.0 23.0 19.31 8.6 8.6 23.35 25.08 23.0 18.44 25.08 19.31 23.35 13.6 7.28 0.0
