0.0 26.08 21.26 17.89 25.08 11.18 21.26 32.76 14.87 14.0 26.08 32.76 7.81 10.0 11.18 7.81 32.76 14.0 10.0 26.08 11.18 5.83 7.81 10.0 17.2 5.83 11.66 0.0 11.66 17.2 14.87 21.26 17.2 26.08 26.08 17.2 10.0 14.0 25.08 5.83 23.77 26.08 17.89 26.08 17.2 11.18 5.83 17.89 23.77 10.0 14.87 17.2 26.08 0.0 5.83 14.87 23.77 32.76 32.76 25.08 7.81
26.08 0.0 6.0 8.49 4.12 17.46 6.0 6.71 11.7 22.0 0.0 6.71 18.79 22.36 17.46 18.79 6.71 22.0 22.36 0.0 17.46 20.25 18.79 22.36 12.0 20.25 14.42 26.08 14.42 12.0 11.7 6.0 12.0 0.0 0.0 12.0 22.36 22.0 4.12 20.25 8.06 0.0 8.49 0.0 12.0 17.46 20.25 8.49 8.06 22.36 11.7 12.0 0.0 26.08 20.25 11.7 8.06 6.71 6.71 4.12 18.79
21.26 6.0 0.0 6.0 8.06 11.7 0.0 12.37 6.4 16.0 6.0 12.37 13.6 16.49 11.7 13.6 12.37 16.0 16.49 6.0 11.7 15.56 13.6 16.49 6.0 15.56 10.0 21.26 10.0 6.0 6.4 0.0 6.0 6.0 6.0 6.0 16.49 16.0 8.06 15.56 10.63 6.0 6.0 6.0 6.0 11.7 15.56 6.0 10.63 16.49 6.4 6.0 6.0 21.26 15.56 6.4 10.63 12.37 12.37 8.06 13.6
17.89 8.49 6.0 0.0 7.28 11.18 6.0 15.0 5.39 17.09 8.49 15.0 11.18 16.12 11.18 11.18 15.0 17.09 16.12 8.49 11.18 12.08 11.18 16.12 8.49 12.08 6.32 17.89 6.32 8.49 5.39 6.0 8.49 8.49 8.49 8.49 16.12 17.09 7.28 12.08 7.28 8.49 0.0 8.49 8.49 11.18 12.08 0.0 7.28 16.12 5.39 8.49 8.49 17.89 12.08 5.39 7.28 15.0 15.0 7.28 11.18
25.08 4.12 8.06 7.28 0.0 18.0 8.06 8.6 12.0 23.35 4.12 8.6 18.44 23.0 18.0 18.44 8.6 23.35 23.0 4.12 18.0 19.31 18.44 23.0 13.6 19.31 13.6 25.08 13.6 13.6 12.0 8.06 13.6 4.12 4.12 13.6 23.0 23.35 0.0 19.31 4.0 4.12 7.28 4.12 13.6 18.0 19.31 7.28 4.0 23.0 12.0 13.6 4.12 25.08 19.31 12.0 4.0 8.6 8.6 0.0 18.44
11.18 17.46 11.7 11.18 18.0 0.0 11.7 24.04 6.0 6.4 17.46 24.04 4.0 5.0 0.0 4.0 24.04 6.4 5.0 17.46 0.0 7.0 4.0 5.0 6.4 7.0 6.4 11.18 6.4 6.4 6.0 11.7 6.4 17.46 17.46 6.4 5.0 6.4 18.0 7.0 18.44 17.46 11.18 17.46 6.4 0.0 7.0 11.18 18.44 5.0 6.0 6.4 17.46 11.18 7.0 6.0 18.44 24.04 24.04 18.0 4.0
21.26 6.0 0.0 6.0 8.06 11.7 0.0 12.37 6.4 16.0 6.0 12.37 13.6 16.49 11.7 13.6 12.37 16.0 16.49 6.0 11.7 15.56 13.6 16.49 6.0 15.56 10.0 21.26 10.0 6.0 6.4 0.0 6.0 6.0 6.0 6.0 16.49 16.0 8.06 15.56 10.63 6.0 6.0 6.0 6.0 11.7 15.56 6.0 10.63 16.49 6.4 6.0 6.0 21.26 15.56 6.4 10.63 12.37 12.37 8.06 13.6
32.76 6.71 12.37 15.0 8.6 24.04 12.37 0.0 18.38 28.16 6.71 0.0 25.5 28.86 24.04 25.5 0.0 28.16 28.86 6.71 24.04 26.93 25.5 28.86 18.25 26.93 21.1 32.76 21.1 18.25 18.38 12.37 18.25 6.71 6.71 18.25 28.86 28.16 8.6 26.93 12.08 6.71 15.0 6.71 18.25 24.04 26.93 15.0 12.08 28.86 18.38 18.25 6.71 32.76 26.93 18.38 12.08 0.0 0.0 8.6 25.5
14.87 11.7 6.4 5.39 12.0 6.0 6.4 18.38 0.0 11.7 11.7 18.38 7.21 11.0 6.0 7.21 18.38 11.7 11.0 11.7 6.0 9.22 7.21 11.0 4.12 9.22 4.12 14.87 4.12 4.12 0.0 6.4 4.12 11.7 11.7 4.12 11.0 11.7 12.0 9.22 12.65 11.7 5.39 11.7 4.12 6.0 9.22 5.39 12.65 11.0 0.0 4.12 11.7 14.87 9.22 0.0 12.65 18.38 18.38 12.0 7.21
14.0 22.0 16.0 17.09 23.35 6.4 16.0 28.16 11.7 0.0 22.0 28.16 9.43 4.0 6.4 9.43 28.16 0.0 4.0 22.0 6.4 12.08 9.43 4.0 10.0 12.08 12.81 14.0 12.81 10.0 11.7 16.0 10.0 22.0 22.0 10.0 4.0 0.0 23.35 12.08 24.35 22.0 17.09 22.0 10.0 6.4 12.08 17.09 24.35 4.0 11.7 10.0 22.0 14.0 12.08 11.7 24.35 28.16 28.16 23.35 9.43
26.08 0.0 6.0 8.49 4.12 17.46 6.0 6.71 11.7 22.0 0.0 6.71 18.79 22.36 17.46 18.79 6.71 22.0 22.36 0.0 17.46 20.25 18.79 22.36 12.0 20.25 14.42 26.08 14.42 12.0 11.7 6.0 12.0 0.0 0.0 12.0 22.36 22.0 4.12 20.25 8.06 0.0 8.49 0.0 12.0 17.46 20.25 8.49 8.06 22.36 11.7 12.0 0.0 26.08 20.25 11.7 8.06 6.71 6.71 4.12 18.79
32.76 6.71 12.37 15.0 8.6 24.04 12.37 0.0 18.38 28.16 6.71 0.0 25.5 28.86 24.04 25.5 0.0 28.16 28.86 6.71 24.04 26.93 25.5 28.86 18.25 26.93 21.1 32.76 21.1 18.25 18.38 12.37 18.25 6.71 6.71 18.25 28.86 28.16 8.6 26.93 12.08 6.71 15.0 6.71 18.25 24.04 26.93 15.0 12.08 28.86 18.38 18.25 6.71 32.76 26.93 18.38 12.08 0.0 0.0 8.6 25.5
7.81 18.79 13.6 11.18 18.44 4.0 13.6 25.5 7.21 9.43 18.79 25.5 0.0 6.4 4.0 0.0 25.5 9.43 6.4 18.79 4.0 3.0 0.0 6.4 9.43 3.0 5.0 7.81 5.0 9.43 7.21 13.6 9.43 18.79 18.79 9.43 6.4 9.43 18.44 3.0 18.0 18.79 11.18 18.79 9.43 4.0 3.0 11.18 18.0 6.4 7.21 9.43 18.79 7.81 3.0 7.21 18.0 25.5 25.5 18.44 0.0
10.0 22.36 16.49 16.12 23.0 5.0 16.49 28.86 11.0 4.0 22.36 28.86 6.4 0.0 5.0 6.4 28.86 4.0 0.0 22.36 5.0 8.6 6.4 0.0 10.77 8.6 10.77 10.0 10.77 10.77 11.0 16.49 10.77 22.36 22.36 10.77 0.0 4.0 23.0 8.6 23.35 22.36 16.12 22.36 10.77 5.0 8.6 16.12 23.35 0.0 11.0 10.77 22.36 10.0 8.6 11.0 23.35 28.86 28.86 23.0 6.4
11.18 17.46 11.7 11.18 18.0 0.0 11.7 24.04 6.0 6.4 17.46 24.04 4.0 5.0 0.0 4.0 24.04 6.4 5.0 17.46 0.0 7.0 4.0 5.0 6.4 7.0 6.4 11.18 6.4 6.4 6.0 11.7 6.4 17.46 17.46 6.4 5.0 6.4 18.0 7.0 18.44 17.46 11.18 17.46 6.4 0.0 7.0 11.18 18.44 5.0 6.0 6.4 17.46 11.18 7.0 6.0 18.44 24.04 24.04 18.0 4.0
7.81 18.79 13.6 11.18 18.44 4.0 13.6 25.5 7.21 9.43 18.79 25.5 0.0 6.4 4.0 0.0 25.5 9.43 6.4 18.79 4.0 3.0 0.0 6.4 9.43 3.0 5.0 7.81 5.0 9.43 7.21 13.6 9.43 18.79 18.79 9.43 6.4 9.43 18.44 3.0 18.0 18.79 11.18 18.79 9.43 4.0 3.0 11.18 18.0 6.4 7.21 9.43 18.79 7.81 3.0 7.21 18.0 25.5 25.5 18.44 0.0
32.76 6.71 12.37 15.0 8.6 24.04 12.37 0.0 18.38 28.16 6.71 0.0 25.5 28.86 24.04 25.5 0.0 28.16 28.86 6.71 24.04 26.93 25.5 28.86 18.25 26.93 21.1 32.76 21.1 18.25 18.38 12.37 18.25 6.71 6.71 18.25 28.86 28.16 8.6 26.93 12.08 6.71 15.0 6.71 18.25 24.04 26.93 15.0 12.08 28.86 18.38 18.25 6.71 32.76 26.93 18.38 12.08 0.0 0.0 8.6 25.5
14.0 22.0 16.0 17.09 23.35 6.4 16.0 28.16 11.7 0.0 22.0 28.16 9.43 4.0 6.4 9.43 28.16 0.0 4.0 22.0 6.4 12.08 9.43 4.0 10.0 12.08 12.81 14.0 12.81 10.0 11.7 16.0 10.0 22.0 22.0 10.0 4.0 0.0 23.35 12.08 24.35 22.0 17.09 22.0 10.0 6.4 12.08 17.09 24.35 4.0 11.7 10.0 22.0 14.0 12.08 11.7 24.35 28.16 28.16 23.35 9.43
10.0 22.36 16.49 16.12 23.0 5.0 16.49 28.86 11.0 4.0 22.36 28.86 6.4 0.0 5.0 6.4 28.86 4.0 0.0 22.36 5.0 8.6 6.4 0.0 10.77 8.6 10.77 10.0 10.77 10.77 11.0 16.49 10.77 22.36 22.36 10.77 0.0 4.0 23.0 8.6 23.35 22.36 16.12 22.36 10.77 5.0 8.6 16.12 23.35 0.0 11.0 10.77 22.36 10.0 8.6 11.0 23.35 28.86 28.86 23.0 6.4
26.08 0.0 6.0 8.49 4.12 17.46 6.0 6.71 11.7 22.0 0.0 6.71 18.79 22.36 17.46 18.79 6.71 22.0 22.36 0.0 17.46 20.25 18.79 22.36 12.0 20.25 14.42 26.08 14.42 12.0 11.7 6.0 12.0 0.0 0.0 12.0 22.36 22.0 4.12 20.25 8.06 0.0 8.49 0.0 12.0 17.46 20.25 8.49 8.06 22.36 11.7 12.0 0.0 26.08 20.25 11.7 8.06 6.71 6.71 4.12 18.79
11.18 17.46 11.7 11.18 18.0 0.0 11.7 24.04 6.0 6.4 17.46 24.04 4.0 5.0 0.0 4.0 24.04 6.4 5.0 17.46 0.0 7.0 4.0 5.0 6.4 7.0 6.4 11.18 6.4 6.4 6.0 11.7 6.4 17.46 17.46 6.4 5.0 6.4 18.0 7.0 18.44 17.46 11.18 17.46 6.4 0.0 7.0 11.18 18.44 5.0 6.0 6.4 17.46 11.18 7.0 6.0 18.44 24.04 24.04 18.0 4.0
5.83 20.25 15.56 12.08 19.31 7.0 15.56 26.93 9.22 12.08 20.25 26.93 3.0 8.6 7.0 3.0 26.93 12.08 8.6 20.25 7.0 0.0 3.0 8.6 12.08 0.0 5.83 5.83 5.83 12.08 9.22 15.56 12.08 20.25 20.25 12.08 8.6 12.08 19.31 0.0 18.25 20.25 12.08 20.25 12.08 7.0 0.0 12.08 18.25 8.6 9.22 12.08 20.25 5.83 0.0 9.22 18.25 26.93 26.93 19.31 3.0
7.81 18.79 13.6 11.18 18.44 4.0 13.6 25.5 7.21 9.43 18.79 25.5 0.0 6.4 4.0 0.0 25.5 9.43 6.4 18.79 4.0 3.0 0.0 6.4 9.43 3.0 5.0 7.81 5.0 9.43 7.21 13.6 9.43 18.79 18.79 9.43 6.4 9.43 18.44 3.0 18.0 18.79 11.18 18.79 9.43 4.0 3.0 11.18 18.0 6.4 7.21 9.43 18.79 7.81 3.0 7.21 18.0 25.5 25.5 18.44 0.0
10.0 22.36 16.49 16.12 23.0 5.0 16.49 28.86 11.0 4.0 22.36 28.86 6.4 0.0 5.0 6.4 28.86 4.0 0.0 22.36 5.0 8.6 6.4 0.0 10.77 8.6 10.77 10.0 10.77 10.77 11.0 16.49 10.77 22.36 22.36 10.77 0.0 4.0 23.0 8.6 23.35 22.36 16.12 22.36 10.77 5.0 8.6 16.12 23.35 0.0 11.0 10.77 22.36 10.0 8.6 11.0 23.35 28.86 28.86 23.0 6.4
17.2 12.0 6.0 8.49 13.6 6.4 6.0 18.25 4.12 10.0 12.0 18.25 9.43 10.77 6.4 9.43 18.25 10.0 10.77 12.0 6.4 12.08 9.43 10.77 0.0 12.08 8.0 17.2 8.0 0.0 4.12 6.0 0.0 12.0 12.0 0.0 10.77 10.0 13.6 12.08 15.26 12.0 8.49 12.0 0.0 6.4 12.08 8.49 15.26 10.77 4.12 0.0 12.0 17.2 12.08 4.12 15.26 18.25 18.25 13.6 9.43
5.83 20.25 15.56 12.08 19.31 7.0 15.56 26.93 9.22 12.08 20.25 26.93 3.0 8.6 7.0 3.0 26.93 12.08 8.6 20.25 7.0 0.0 3.0 8.6 12.08 0.0 5.83 5.83 5.83 12.08 9.22 15.56 12.08 20.25 20.25 12.08 8.6 12.08 19.31 0.0 18.25 20.25 12.08 20.25 12.08 7.0 0.0 12.08 18.25 8.6 9.22 12.08 20.25 5.83 0.0 9.22 18.25 26.93 26.93 19.31 3.0
11.66 14.42 10.0 6.32 13.6 6.4 10.0 21.1 4.12 12.81 14.42 21.1 5.0 10.77 6.4 5.0 21.1 12.81 10.77 14.42 6.4 5.83 5.0 10.77 8.0 5.83 0.0 11.66 0.0 8.0 4.12 10.0 8.0 14.42 14.42 8.0 10.77 12.81 13.6 5.83 13.0 14.42 6.32 14.42 8.0 6.4 5.83 6.32 13.0 10.77 4.12 8.0 14.42 11.66 5.83 4.12 13.0 21.1 21.1 13.6 5.0
0.0 26.08 21.26 17.89 25.08 11.18 21.26 32.76 14.87 14.0 26.08 32.76 7.81 10.0 11.18 7.81 32.76 14.0 10.0 26.08 11.18 5.83 7.81 10.0 17.2 5.83 11.66 0.0 11.66 17.2 14.87 21.26 17.2 26.08 26.08 17.2 10.0 14.0 25.08 5.83 23.77 26.08 17.89 26.08 17.2 11.18 5.83 17.89 23.77 10.0 14.87 17.2 26.08 0.0 5.83 14.87 23.77 32.76 32.76 25.08 7.81
11.66 14.42 10.0 6.32 13.6 6.4 10.0 21.1 4.12 12.81 14.42 21.1 5.0 10.77 6.4 5.0 21.1 12.81 10.77 14.42 6.4 5.83 5.0 10.77 8.0 5.83 0.0 11.66 0.0 8.0 4.12 10.0 8.0 14.42 14.42 8.0 10.77 12.81 13.6 5.83 13.0 14.42 6.32 14.42 8.0 6.4 5.83 6.32 13.0 10.77 4.12 8.0 14.42 11.66 5.83 4.12 13.0 21.1 21.1 13.6 5.0
17.2 12.0 6.0 8.49 13.6 6.4 6.0 18.25 4.12 10.0 12.0 18.25 9.43 10.77 6.4 9.43 18.25 10.0 10.77 12.0 6.4 12.08 9.43 10.77 0.0 12.08 8.0 17.2 8.0 0.0 4.12 6.0 0.0 12.0 12.0 0.0 10.77 10.0 13.6 12.08 15.26 12.0 8.49 12.0 0.0 6.4 12.08 8.49 15.26 10.77 4.12 0.0 12.0 17.2 12.08 4.12 15.26 18.25 18.25 13.6 9.43
14.87 11.7 6.4 5.39 12.0 6.0 6.4 18.38 0.0 11.7 11.7 18.38 7.21 11.0 6.0 7.21 18.38 11.7 11.0 11.7 6.0 9.22 7.21 11.0 4.12 9.22 4.12 14.87 4.12 4.12 0.0 6.4 4.12 11.7 11.7 4.12 11.0 11.7 12.0 9.22 12.65 11.7 5.39 11.7 4.12 6.0 9.22 5.39 12.65 11.0 0.0 4.12 11.7 14.87 9.22 0.0 12.65 18.38 18.38 12.0 7.21
21.26 6.0 0.0 6.0 8.06 11.7 0.0 12.37 6.4 16.0 6.0 12.37 13.6 16.49 11.7 13.6 12.37 16.0 16.49 6.0 11.7 15.56 13.6 16.49 6.0 15.56 10.0 21.26 10.0 6.0 6.4 0.0 6.0 6.0 6.0 6.0 16.49 16.0 8.06 15.56 10.63 6.0 6.0 6.0 6.0 11.7 15.56 6.0 10.63 16.49 6.4 6.0 6.0 21.26 15.56 6.4 10.63 12.37 12.37 8.06 13.6
17.2 12.0 6.0 8.49 13.6 6.4 6.0 18.25 4.12 10.0 12.0 18.25 9.43 10.77 6.4 9.43 18.25 10.0 10.77 12.0 6.4 12.08 9.43 10.77 0.0 12.08 8.0 17.2 8.0 0.0 4.12 6.0 0.0 12.0 12.0 0.0 10.77 10.0 13.6 12.08 15.26 12.0 8.49 12.0 0.0 6.4 12.08 8.49 15.26 10.77 4.12 0.0 12.0 17.2 12.08 4.12 15.26 18.25 18.25 13.6 9.43
26.08 0.0 6.0 8.49 4.12 17.46 6.0 6.71 11.7 22.0 0.0 6.71 18.79 22.36 17.46 18.79 6.71 22.0 22.36 0.0 17.46 20.25 18.79 22.36 12.0 20.25 14.42 26.08 14.42 12.0 11.7 6.0 12.0 0.0 0.0 12.0 22.36 22.0 4.12 20.25 8.06 0.0 8.49 0.0 12.0 17.46 20.25 8.49 8.06 22.36 11.7 12.0 0.0 26.08 20.25 11.7 8.06 6.71 6.71 4.12 18.79
26.08 0.0 6.0 8.49 4.12 17.46 6.0 6.71 11.7 22.0 0.0 6.71 18.79 22.36 17.46 18.79 6.71 22.0 22.36 0.0 17.46 20.25 18.79 22.36 12.0 20.25 14.42 26.08 14.42 12.0 11.7 6.0 12.0 0.0 0.0 12.0 22.36 22.0 4.12 20.25 8.06 0.0 8.49 0.0 12.0 17.46 20.25 8.49 8.06 22.36 11.7 12.0 0.0 26.08 20.25 11.7 8.06 6.71 6.71 4.12 18.79
17.2 12.0 6.0 8.49 13.6 6.4 6.0 18.25 4.12 10.0 12.0 18.25 9.43 10.77 6.4 9.43 18.25 10.0 10.77 12.0 6.4 12.08 9.43 10.77 0.0 12.08 8.0 17.2 8.0 0.0 4.12 6.0 0.0 12.0 12.0 0.0 10.77 10.0 13.6 12.08 15.26 12.0 8.49 12.0 0.0 6.4 12.08 8.49 15.26 10.77 4.12 0.0 12.0 17.2 12.08 4.12 15.26 18.25 18.25 13.6 9.43
10.0 22.36 16.49 16.12 23.0 5.0 16.49 28.86 11.0 4.0 22.36 28.86 6.4 0.0 5.0 6.4 28.86 4.0 0.0 22.36 5.0 8.6 6.4 0.0 10.77 8.6 10.77 10.0 10.77 10.77 11.0 16.49 10.77 22.36 22.36 10.77 0.0 4.0 23.0 8.6 23.35 22.36 16.12 22.36 10.77 5.0 8.6 16.12 23.35 0.0 11.0 10.77 22.36 10.0 8.6 11.0 23.35 28.86 28.86 23.0 6.4
14.0 22.0 16.0 17.09 23.35 6.4 16.0 28.16 11.7 0.0 22.0 28.16 9.43 4.0 6.4 9.43 28.16 0.0 4.0 22.0 6.4 12.08 9.43 4.0 10.0 12.08 12.81 14.0 12.81 10.0 11.7 16.0 10.0 22.0 22.0 10.0 4.0 0.0 23.35 12.08 24.35 22.0 17.09 22.0 10.0 6.4 12.08 17.09 24.35 4.0 11.7 10.0 22.0 14.0 12.08 11.7 24.35 28.16 28.16 23.35 9.43
25.08 4.12 8.06 7.28 0.0 18.0 8.06 8.6 12.0 23.35 4.12 8.6 18.44 23.0 18.0 18.44 8.6 23.35 23.0 4.12 18.0 19.31 18.44 23.0 13.6 19.31 13.6 25.08 13.6 13.6 12.0 8.06 13.6 4.12 4.12 13.6 23.0 23.35 0.0 19.31 4.0 4.12 7.28 4.12 13.6 18.0 19.31 7.28 4.0 23.0 12.0 13.6 4.12 25.08 19.31 12.0 4.0 8.6 8.6 0.0 18.44
5.83 20.25 15.56 12.08 19.31 7.0 15.56 26.93 9.22 12.08 20.25 26.93 3.0 8.6 7.0 3.0 26.93 12.08 8.6 20.25 7.0 0.0 3.0 8.6 12.08 0.0 5.83 5.83 5.83 12.08 9.22 15.56 12.08 20.25 20.25 12.08 8.6 12.08 19.31 0.0 18.25 20.25 12.08 20.25 12.08 7.0 0.0 12.08 18.25 8.6 9.22 12.08 20.25 5.83 0.0 9.22 18.25 26.93 26.93 19.31 3.0
23.77 8.06 10.63 7.28 4.0 18.44 10.63 12.08 12.65 24.35 8.06 12.08 18.0 23.35 18.44 18.0 12.08 24.35 23.35 8.06 18.44 18.25 18.0 23.35 15.26 18.25 13.0 23.77 13.0 15.26 12.65 10.63 15.26 8.06 8.06 15.26 23.35 24.35 4.0 18.25 0.0 8.06 7.28 8.06 15.26 18.44 18.25 7.28 0.0 23.35 12.65 15.26 8.06 23.77 18.25 12.65 0.0 12.08 12.08 4.0 18.0
26.08 0.0 6.0 8.49 4.12 17.46 6.0 6.71 11.7 22.0 0.0 6.71 18.79 22.36 17.46 18.79 6.71 22.0 22.36 0.0 17.46 20.25 18.79 22.36 12.0 20.25 14.42 26.08 14.42 12.0 11.7 6.0 12.0 0.0 0.0 12.0 22.36 22.0 4.12 20.25 8.06 0.0 8.49 0.0 12.0 17.46 20.25 8.49 8.06 22.36 11.7 12.0 0.0 26.08 20.25 11.7 8.06 6.71 6.71 4.12 18.79
17.89 8.49 6.0 0.0 7.28 11.18 6.0 15.0 5.39 17.09 8.49 15.0 11.18 16.12 11.18 11.18 15.0 17.09 16.12 8.49 11.18 12.08 11.18 16.12 8.49 12.08 6.32 17.89 6.32 8.49 5.39 6.0 8.49 8.49 8.49 8.49 16.12 17.09 7.28 12.08 7.28 8.49 0.0 8.49 8.49 11.18 12.08 0.0 7.28 16.12 5.39 8.49 8.49 17.89 12.08 5.39 7.28 15.0 15.0 7.28 11.18
26.08 0.0 6.0 8.49 4.12 17.46 6.0 6.71 11.7 22.0 0.0 6.71 18.79 22.36 17.46 18.79 6.71 22.0 22.36 0.0 17.46 20.25 18.79 22.36 12.0 20.25 14.42 26.08 14.42 12.0 11.7 6.0 12.0 0.0 0.0 12.0 22.36 22.0 4.12 20.25 8.06 0.0 8.49 0.0 12.0 17.46 20.25 8.49 8.06 22.36 11.7 12.0 0.0 26.08 20.25 11.7 8.06 6.71 6.71 4.12 18.79
17.2 12.0 6.0 8.49 13.6 6.4 6.0 18.25 4.12 10.0 12.0 18.25 9.43 10.77 6.4 9.43 18.25 10.0 10.77 12.0 6.4 12.08 9.43 10.77 0.0 12.08 8.0 17.2 8.0 0.0 4.12 6.0 0.0 12.0 12.0 0.0 10.77 10.0 13.6 12.08 15.26 12.0 8.49 12.0 0.0 6.4 12.08 8.49 15.26 10.77 4.12 0.0 12.0 17.2 12.08 4.12 15.26 18.25 18.25 13.6 9.43
11.18 17.46 11.7 11.18 18.0 0.0 11.7 24.04 6.0 6.4 17.46 24.04 4.0 5.0 0.0 4.0 24.04 6.4 5.0 17.46 0.0 7.0 4.0 5.0 6.4 7.0 6.4 11.18 6.4 6.4 6.0 11.7 6.4 17.46 17.46 6.4 5.0 6.4 18.0 7.0 18.44 17.46 11.18 17.46 6.4 0.0 7.0 11.18 18.44 5.0 6.0 6.4 17.46 11.18 7.0 6.0 18.44 24.04 24.04 18.0 4.0
5.83 20.25 15.56 12.08 19.31 7.0 15.56 26.93 9.22 12.08 20.25 26.93 3.0 8.6 7.0 3.0 26.93 12.08 8.6 20.25 7.0 0.0 3.0 8.6 12.08 0.0 5.83 5.83 5.83 12.08 9.22 15.56 12.08 20.25 20.25 12.08 8.6 12.08 19.31 0.0 18.25 20.25 12.08 20.25 12.08 7.0 0.0 12.08 18.25 8.6 9.22 12.08 20.25 5.83 0.0 9.22 18.25 26.93 26.93 19.31 3.0
17.89 8.49 6.0 0.0 7.28 11.18 6.0 15.0 5.39 17.09 8.49 15.0 11.18 16.12 11.18 11.18 15.0 17.09 16.12 8.49 11.18 12.08 11.18 16.12 8.49 12.08 6.32 17.89 6.32 8.49 5.39 6.0 8.49 8.49 8.49 8.49 16.12 17.09 7.28 12.08 7.28 8.49 0.0 8.49 8.49 11.18 12.08 0.0 7.28 16.12 5.39 8.49 8.49 17.89 12.08 5.39 7.28 15.0 15.0 7.28 11.18
23.77 8.06 10.63 7.28 4.0 18.44 10.63 12.08 12.65 24.35 8.06 12.08 18.0 23.35 18.44 18.0 12.08 24.35 23.35 8.06 18.44 18.25 18.0 23.35 15.26 18.25 13.0 23.77 13.0 15.26 12.65 10.63 15.26 8.06 8.06 15.26 23.35 24.35 4.0 18.25 0.0 8.06 7.28 8.06 15.26 18.44 18.25 7.28 0.0 23.35 12.65 15.26 8.06 23.77 18.25 12.65 0.0 12.08 12.08 4.0 18.0
10.0 22.36 16.49 16.12 23.0 5.0 16.49 28.86 11.0 4.0 22.36 28.86 6.4 0.0 5.0 6.4 28.86 4.0 0.0 22.36 5.0 8.6 6.4 0.0 10.77 8.6 10.77 10.0 10.77 10.77 11.0 16.49 10.77 22.36 22.36 10.77 0.0 4.0 23.0 8.6 23.35 22.36 16.12 22.36 10.77 5.0 8.6 16.12 23.35 0.0 11.0 10.77 22.36 10.0 8.6 11.0 23.35 28.86 28.86 23.0 6.4
14.87 11.7 6.4 5.39 12.0 6.0 6.4 18.38 0.0 11.7 11.7 18.38 7.21 11.0 6.0 7.21 18.38 11.7 11.0 11.7 6.0 9.22 7.21 11.0 4.12 9.22 4.12 14.87 4.12 4.12 0.0 6.4 4.12 11.7 11.7 4.12 11.0 11.7 12.0 9.22 12.65 11.7 5.39 11.7 4.12 6.0 9.22 5.39 12.65 11.0 0.0 4.12 11.7 14.87 9.22 0.0 12.65 18.38 18.38 12.0 7.21
17.2 12.0 6.0 8.49 13.6 6.4 6.0 18.25 4.12 10.0 12.0 18.25 9.43 10.77 6.4 9.43 18.25 10.0 10.77 12.0 6.4 12.08 9.43 10.77 0.0 12.08 8.0 17.2 8.0 0.0 4.12 6.0 0.0 12.0 12.0 0.0 10.77 10.0 13.6 12.08 15.26 12.0 8.49 12.0 0.0 6.4 12.08 8.49 15.26 10.77 4.12 0.0 12.0 17.2 12.08 4.12 15.26 18.25 18.25 13.6 9.43
26.08 0.0 6.0 8.49 4.12 17.46 6.0 6.71 11.7 22.0 0.0 6.71 18.79 22.36 17.46 18.79 6.71 22.0 22.36 0.0 17.46 20.25 18.79 22.36 12.0 20.25 14.42 26.08 14.42 12.0 11.7 6.0 12.0 0.0 0.0 12.0 22.36 22.0 4.12 20.25 8.06 0.0 8.49 0.0 12.0 17.46 20.25 8.49 8.06 22.36 11.7 12.0 0.0 26.08 20.25 11.7 8.06 6.71 6.71 4.12 18.79
0.0 26.08 21.26 17.89 25.08 11.18 21.26 32.76 14.87 14.0 26.08 32.76 7.81 10.0 11.18 7.81 32.76 14.0 10.0 26.08 11.18 5.83 7.81 10.0 17.2 5.83 11.66 0.0 11.66 17.2 14.87 21.26 17.2 26.08 26.08 17.2 10.0 14.0 25.08 5.83 23.77 26.08 17.89 26.08 17.2 11.18 5.83 17.89 23.77 10.0 14.87 17.2 26.08 0.0 5.83 14.87 23.77 32.76 32.76 25.08 7.81
5.83 20.25 15.56 12.08 19.31 7.0 15.56 26.93 9.22 12.08 20.25 26.93 3.0 8.6 7.0 3.0 26.93 12.08 8.6 20.25 7.0 0.0 3.0 8.6 12.08 0.0 5.83 5.83 5.83 12.08 9.22 15.56 12.08 20.25 20.25 12.08 8.6 12.08 19.31 0.0 18.25 20.25 12.08 20.25 12.08 7.0 0.0 12.08 18.25 8.6 9.22 12.08 20.25 5.83 0.0 9.22 18.25 26.93 26.93 19.31 3.0
14.87 11.7 6.4 5.39 12.0 6.0 6.4 18.38 0.0 11.7 11.7 18.38 7.21 11.0 6.0 7.21 18.38 11.7 11.0 11.7 6.0 9.22 7.21 11.0 4.12 9.22 4.12 14.87 4.12 4.12 0.0 6.4 4.12 11.7 11.7 4.12 11.0 11.7 12.0 9.22 12.65 11.7 5.39 11.7 4.12 6.0 9.22 5.39 12.65 11.0 0.0 4.12 11.7 14.87 9.22 0.0 12.65 18.38 18.38 12.0 7.21
23.77 8.06 10.63 7.28 4.0 18.44 10.63 12.08 12.65 24.35 8.06 12.08 18.0 23.35 18.44 18.0 12.08 24.35 23.35 8.06 18.44 18.25 18.0 23.35 15.26 18.25 13.0 23.77 13.0 15.26 12.65 10.63 15.26 8.06 8.06 15.26 23.35 24.35 4.0 18.25 0.0 8.06 7.28 8.06 15.26 18.44 18.25 7.28 0.0 23.35 12.65 15.26 8.06 23.77 18.25 12.65 0.0 12.08 12.08 4.0 18.0
32.76 6.71 12.37 15.0 8.6 24.04 12.37 0.0 18.38 28.16 6.71 0.0 25.5 28.86 24.04 25.5 0.0 28.16 28.86 6.71 24.04 26.93 25.5 28.86 18.25 26.93 21.1 32.76 21.1 18.25 18.38 12.37 18.25 6.71 6.71 18.25 28.86 28.16 8.6 26.93 12.08 6.71 15.0 6.71 18.25 24.04 26.93 15.0 12.08 28.86 18.38 18.25 6.71 32.76 26.93 18.38 12.08 0.0 0.0 8.6 25.5
32.76 6.71 12.37 15.0 8.6 24.04 12.37 0.0 18.38 28.16 6.71 0.0 25.5 28.86 24.04 25.5 0.0 28.16 28.86 6.71 24.04 26.93 25.5 28.86 18.25 26.93 21.1 32.76 21.1 18.25 18.38 12.37 18.25 6.71 6.71 18.25 28.86 28.16 8.6 26.93 12.08 6.71 15.0 6.71 18.25 24.04 26.93 15.0 12.08 28.86 18.38 18.25 6.71 32.76 26.93 18.38 12.08 0.0 0.0 8.6 25.5
25.08 4.12 8.06 7.28 0.0 18.0 8.06 8.6 12.0 23.35 4.12 8.6 18.44 23.0 18.0 18.44 8.6 23.35 23.0 4.12 18.0 19.31 18.44 23.0 13.6 19.31 13.6 25.08 13.6 13.6 12.0 8.06 13.6 4.12 4.12 13.6 23.0 23.35 0.0 19.31 4.0 4.12 7.28 4.12 13.6 18.0 19.31 7.28 4.0 23.0 12.0 13.6 4.12 25.08 19.31 12.0 4.0 8.6 8.6 0.0 18.44
7.81 18.79 13.6 11.18 18.44 4.0 13.6 25.5 7.21 9.43 18.79 25.5 0.0 6.4 4.0 0.0 25.5 9.43 6.4 18.79 4.0 3.0 0.0 6.4 9.43 3.0 5.0 7.81 5.0 9.43 7.21 13.6 9.43 18.79 18.79 9.43 6.4 9.43 18.44 3.0 18.0 18.79 11.18 18.79 9.43 4.0 3.0 11.18 18.0 6.4 7.21 9.43 18.79 7.81 3.0 7.21 18.0 25.5 25.5 18.44 0.0
