0.0 25.08 11.66 10.0 21.26 23.77 7.81 5.83 0.0 10.0 17.89 7.81 5.83 11.18 23.77 7.81 14.87 14.0 14.0 32.76 17.89 14.0 14.87 5.83 32.76 5.83 25.08 23.77 17.89 5.83 14.0 23.77 11.66 21.26 14.87 14.87 17.89 26.08 25.08 11.18 14.0
25.08 0.0 13.6 23.0 8.06 4.0 18.44 19.31 25.08 23.0 7.28 18.44 19.31 18.0 4.0 18.44 12.0 23.35 23.35 8.6 7.28 23.35 12.0 19.31 8.6 19.31 0.0 4.0 7.28 19.31 23.35 4.0 13.6 8.06 12.0 12.0 7.28 4.12 0.0 18.0 23.35
11.66 13.6 0.0 10.77 10.0 13.0 5.0 5.83 11.66 10.77 6.32 5.0 5.83 6.4 13.0 5.0 4.12 12.81 12.81 21.1 6.32 12.81 4.12 5.83 21.1 5.83 13.6 13.0 6.32 5.83 12.81 13.0 0.0 10.0 4.12 4.12 6.32 14.42 13.6 6.4 12.81
10.0 23.0 10.77 0.0 16.49 23.35 6.4 8.6 10.0 0.0 16.12 6.4 8.6 5.0 23.35 6.4 11.0 4.0 4.0 28.86 16.12 4.0 11.0 8.6 28.86 8.6 23.0 23.35 16.12 8.6 4.0 23.35 10.77 16.49 11.0 11.0 16.12 22.36 23.0 5.0 4.0
21.26 8.06 10.0 16.49 0.0 10.63 13.6 15.56 21.26 16.49 6.0 13.6 15.56 11.7 10.63 13.6 6.4 16.0 16.0 12.37 6.0 16.0 6.4 15.56 12.37 15.56 8.06 10.63 6.0 15.56 16.0 10.63 10.0 0.0 6.4 6.4 6.0 6.0 8.06 11.7 16.0
23.77 4.0 13.0 23.35 10.63 0.0 18.0 18.25 23.77 23.35 7.28 18.0 18.25 18.44 0.0 18.0 12.65 24.35 24.35 12.08 7.28 24.35 12.65 18.25 12.08 18.25 4.0 0.0 7.28 18.25 24.35 0.0 13.0 10.63 12.65 12.65 7.28 8.06 4.0 18.44 24.35
7.81 18.44 5.0 6.4 13.6 18.0 0.0 3.0 7.81 6.4 11.18 0.0 3.0 4.0 18.0 0.0 7.21 9.43 9.43 25.5 11.18 9.43 7.21 3.0 25.5 3.0 18.44 18.0 11.18 3.0 9.43 18.0 5.0 13.6 7.21 7.21 11.18 18.79 18.44 4.0 9.43
5.83 19.31 5.83 8.6 15.56 18.25 3.0 0.0 5.83 8.6 12.08 3.0 0.0 7.0 18.25 3.0 9.22 12.08 12.08 26.93 12.08 12.08 9.22 0.0 26.93 0.0 19.31 18.25 12.08 0.0 12.08 18.25 5.83 15.56 9.22 9.22 12.08 20.25 19.31 7.0 12.08
0.0 25.08 11.66 10.0 21.26 23.77 7.81 5.83 0.0 10.0 17.89 7.81 5.83 11.18 23.77 7.81 14.87 14.0 14.0 32.76 17.89 14.0 14.87 5.83 32.76 5.83 25.08 23.77 17.89 5.83 14.0 23.77 11.66 21.26 14.87 14.87 17.89 26.08 25.08 11.18 14.0
10.0 23.0 10.77 0.0 16.49 23.35 6.4 8.6 10.0 0.0 16.12 6.4 8.6 5.0 23.35 6.4 11.0 4.0 4.0 28.86 16.12 4.0 11.0 8.6 28.86 8.6 23.0 23.35 16.12 8.6 4.0 23.35 10.77 16.49 11.0 11.0 16.12 22.36 23.0 5.0 4.0
17.89 7.28 6.32 16.12 6.0 7.28 11.18 12.08 17.89 16.12 0.0 11.18 12.08 11.18 7.28 11.18 5.39 17.09 17.09 15.0 0.0 17.09 5.39 12.08 15.0 12.08 7.28 7.28 0.0 12.08 17.09 7.28 6.32 6.0 5.39 5.39 0.0 8.49 7.28 11.18 17.09
7.81 18.44 5.0 6.4 13.6 18.0 0.0 3.0 7.81 6.4 11.18 0.0 3.0 4.0 18.0 0.0 7.21 9.43 9.43 25.5 11.18 9.43 7.21 3.0 25.5 3.0 18.44 18.0 11.18 3.0 9.43 18.0 5.0 13.6 7.21 7.21 11.18 18.79 18.44 4.0 9.43
5.83 19.31 5.83 8.6 15.56 18.25 3.0 0.0 5.83 8.6 12.08 3.0 0.0 7.0 18.25 3.0 9.22 12.08 12.08 26.93 12.08 12.08 9.22 0.0 26.93 0.0 19.31 18.25 12.08 0.0 12.08 18.25 5.83 15.56 9.22 9.22 12.08 20.25 19.31 7.0 12.08
11.18 18.0 6.4 5.0 11.7 18.44 4.0 7.0 11.18 5.0 11.18 4.0 7.0 0.0 18.44 4.0 6.0 6.4 6.4 24.04 11.18 6.4 6.0 7.0 24.04 7.0 18.0 18.44 11.18 7.0 6.4 18.44 6.4 11.7 6.0 6.0 11.18 17.46 18.0 0.0 6.4
23.77 4.0 13.0 23.35 10.63 0.0 18.0 18.25 23.77 23.35 7.28 18.0 18.25 18.44 0.0 18.0 12.65 24.35 24.35 12.08 7.28 24.35 12.65 18.25 12.08 18.25 4.0 0.0 7.28 18.25 24.35 0.0 13.0 10.63 12.65 12.65 7.28 8.06 4.0 18.44 24.35
7.81 18.44 5.0 6.4 13.6 18.0 0.0 3.0 7.81 6.4 11.18 0.0 3.0 4.0 18.0 0.0 7.21 9.43 9.43 25.5 11.18 9.43 7.21 3.0 25.5 3.0 18.44 18.0 11.18 3.0 9.43 18.0 5.0 13.6 7.21 7.21 11.18 18.79 18.44 4.0 9.43
14.87 12.0 4.12 11.0 6.4 12.65 7.21 9.22 14.87 11.0 5.39 7.21 9.22 6.0 12.65 7.21 0.0 11.7 11.7 18.38 5.39 11.7 0.0 9.22 18.38 9.22 12.0 12.65 5.39 9.22 11.7 12.65 4.12 6.4 0.0 0.0 5.39 11.7 12.0 6.0 11.7
14.0 23.35 12.81 4.0 16.0 24.35 9.43 12.08 14.0 4.0 17.09 9.43 12.08 6.4 24.35 9.43 11.7 0.0 0.0 28.16 17.09 0.0 11.7 12.08 28.16 12.08 23.35 24.35 17.09 12.08 0.0 24.35 12.81 16.0 11.7 11.7 17.09 22.0 23.35 6.4 0.0
14.0 23.35 12.81 4.0 16.0 24.35 9.43 12.08 14.0 4.0 17.09 9.43 12.08 6.4 24.35 9.43 11.7 0.0 0.0 28.16 17.09 0.0 11.7 12.08 28.16 12.08 23.35 24.35 17.09 12.08 0.0 24.35 12.81 16.0 11.7 11.7 17.09 22.0 23.35 6.4 0.0
32.76 8.6 21.1 28.86 12.37 12.08 25.5 26.93 32.76 28.86 15.0 25.5 26.93 24.04 12.08 25.5 18.38 28.16 28.16 0.0 15.0 28.16 18.38 26.93 0.0 26.93 8.6 12.08 15.0 26.93 28.16 12.08 21.1 12.37 18.38 18.38 15.0 6.71 8.6 24.04 28.16
17.89 7.28 6.32 16.12 6.0 7.28 11.18 12.08 17.89 16.12 0.0 11.18 12.08 11.18 7.28 11.18 5.39 17.09 17.09 15.0 0.0 17.09 5.39 12.08 15.0 12.08 7.28 7.28 0.0 12.08 17.09 7.28 6.32 6.0 5.39 5.39 0.0 8.49 7.28 11.18 17.09
14.0 23.35 12.81 4.0 16.0 24.35 9.43 12.08 14.0 4.0 17.09 9.43 12.08 6.4 24.35 9.43 11.7 0.0 0.0 28.16 17.09 0.0 11.7 12.08 28.16 12.08 23.35 24.35 17.09 12.08 0.0 24.35 12.81 16.0 11.7 11.7 17.09 22.0 23.35 6.4 0.0
14.87 12.0 4.12 11.0 6.4 12.65 7.21 9.22 14.87 11.0 5.39 7.21 9.22 6.0 12.65 7.21 0.0 11.7 11.7 18.38 5.39 11.7 0.0 9.22 18.38 9.22 12.0 12.65 5.39 9.22 11.7 12.65 4.12 6.4 0.0 0.0 5.39 11.7 12.0 6.0 11.7
5.83 19.31 5.83 8.6 15.56 18.25 3.0 0.0 5.83 8.6 12.08 3.0 0.0 7.0 18.25 3.0 9.22 12.08 12.08 26.93 12.08 12.08 9.22 0.0 26.93 0.0 19.31 18.25 12.08 0.0 12.08 18.25 5.83 15.56 9.22 9.22 12.08 20.25 19.31 7.0 12.08
32.76 8.6 21.1 28.86 12.37 12.08 25.5 26.93 32.76 28.86 15.0 25.5 26.93 24.04 12.08 25.5 18.38 28.16 28.16 0.0 15.0 28.16 18.38 26.93 0.0 26.93 8.6 12.08 15.0 26.93 28.16 12.08 21.1 12.37 18.38 18.38 15.0 6.71 8.6 24.04 28.16
5.83 19.31 5.83 8.6 15.56 18.25 3.0 0.0 5.83 8.6 12.08 3.0 0.0 7.0 18.25 3.0 9.22 12.08 12.08 26.93 12.08 12.08 9.22 0.0 26.93 0.0 19.31 18.25 12.08 0.0 12.08 18.25 5.83 15.56 9.22 9.22 12.08 20.25 19.31 7.0 12.08
25.08 0.0 13.6 23.0 8.06 4.0 18.44 19.31 25.08 23.0 7.28 18.44 19.31 18.0 4.0 18.44 12.0 23.35 23.35 8.6 7.28 23.35 12.0 19.31 8.6 19.31 0.0 4.0 7.28 19.31 23.35 4.0 13.6 8.06 12.0 12.0 7.28 4.12 0.0 18.0 23.35
23.77 4.0 13.0 23.35 10.63 0.0 18.0 18.25 23.77 23.35 7.28 18.0 18.25 18.44 0.0 18.0 12.65 24.35 24.35 12.08 7.28 24.35 12.65 18.25 12.08 18.25 4.0 0.0 7.28 18.25 24.35 0.0 13.0 10.63 12.65 12.65 7.28 8.06 4.0 18.44 24.35
17.89 7.28 6.32 16.12 6.0 7.28 11.18 12.08 17.89 16.12 0.0 11.18 12.08 11.18 7.28 11.18 5.39 17.09 17.09 15.0 0.0 17.09 5.39 12.08 15.0 12.08 7.28 7.28 0.0 12.08 17.09 7.28 6.32 6.0 5.39 5.39 0.0 8.49 7.28 11.18 17.09
5.83 19.31 5.83 8.6 15.56 18.25 3.0 0.0 5.83 8.6 12.08 3.0 0.0 7.0 18.25 3.0 9.22 12.08 12.08 26.93 12.08 12.08 9.22 0.0 26.93 0.0 19.31 18.25 12.08 0.0 12.08 18.25 5.83 15.56 9.22 9.22 12.08 20.25 19.31 7.0 12.08
14.0 23.35 12.81 4.0 16.0 24.35 9.43 12.08 14.0 4.0 17.09 9.43 12.08 6.4 24.35 9.43 11.7 0.0 0.0 28.16 17.09 0.0 11.7 12.08 28.16 12.08 23.35 24.35 17.09 12.08 0.0 24.35 12.81 16.0 11.7 11.7 17.09 22.0 23.35 6.4 0.0
23.77 4.0 13.0 23.35 10.63 0.0 18.0 18.25 23.77 23.35 7.28 18.0 18.25 18.44 0.0 18.0 12.65 24.35 24.35 12.08 7.28 24.35 12.65 18.25 12.08 18.25 4.0 0.0 7.28 18.25 24.35 0.0 13.0 10.63 12.65 12.65 7.28 8.06 4.0 18.44 24.35
11.66 13.6 0.0 10.77 10.0 13.0 5.0 5.83 11.66 10.77 6.32 5.0 5.83 6.4 13.0 5.0 4.12 12.81 12.81 21.1 6.32 12.81 4.12 5.83 21.1 5.83 13.6 13.0 6.32 5.83 12.81 13.0 0.0 10.0 4.12 4.12 6.32 14.42 13.6 6.4 12.81
21.26 8.06 10.0 16.49 0.0 10.63 13.6 15.56 21.26 16.49 6.0 13.6 15.56 11.7 10.63 13.6 6.4 16.0 16.0 12.37 6.0 16.0 6.4 15.56 12.37 15.56 8.06 10.63 6.0 15.56 16.0 10.63 10.0 0.0 6.4 6.4 6.0 6.0 8.06 11.7 16.0
14.87 12.0 4.12 11.0 6.4 12.65 7.21 9.22 14.87 11.0 5.39 7.21 9.22 6.0 12.65 7.21 0.0 11.7 11.7 18.38 5.39 11.7 0.0 9.22 18.38 9.22 12.0 12.65 5.39 9.22 11.7 12.65 4.12 6.4 0.0 0.0 5.39 11.7 12.0 6.0 11.7
14.87 12.0 4.12 11.0 6.4 12.65 7.21 9.22 14.87 11.0 5.39 7.21 9.22 6.0 12.65 7.21 0.0 11.7 11.7 18.38 5.39 11.7 0.0 9.22 18.38 9.22 12.0 12.65 5.39 9.22 11.7 12.65 4.12 6.4 0.0 0.0 5.39 11.7 12.0 6.0 11.7
17.89 7.28 6.32 16.12 6.0 7.28 11.18 12.08 17.89 16.12 0.0 11.18 12.08 11.18 7.28 11.18 5.39 17.09 17.09 15.0 0.0 17.09 5.39 12.08 15.0 12.08 7.28 7.28 0.0 12.08 17.09 7.28 6.32 6.0 5.39 5.39 0.0 8.49 7.28 11.18 17.09
26.08 4.12 14.42 22.36 6.0 8.06 18.79 20.25 26.08 22.36 8.49 18.79 20.25 17.46 8.06 18.79 11.7 22.0 22.0 6.71 8.49 22.0 11.7 20.25 6.71 20.25 4.12 8.06 8.49 20.25 22.0 8.06 14.42 6.0 11.7 11.7 8.49 0.0 4.12 17.46 22.0
25.08 0.0 13.6 23.0 8.06 4.0 18.44 19.31 25.08 23.0 7.28 18.44 19.31 18.0 4.0 18.44 12.0 23.35 23.35 8.6 7.28 23.35 12.0 19.31 8.6 19.31 0.0 4.0 7.28 19.31 23.35 4.0 13.6 8.06 12.0 12.0 7.28 4.12 0.0 18.0 23.35
11.18 18.0 6.4 5.0 11.7 18.44 4.0 7.0 11.18 5.0 11.18 4.0 7.0 0.0 18.44 4.0 6.0 6.4 6.4 24.04 11.18 6.4 6.0 7.0 24.04 7.0 18.0 18.44 11.18 7.0 6.4 18.44 6.4 11.7 6.0 6.0 11.18 17.46 18.0 0.0 6.4
14.0 23.35 12.81 4.0 16.0 24.35 9.43 12.08 14.0 4.0 17.09 9.43 12.08 6.4 24.35 9.43 11.7 0.0 0.0 28.16 17.09 0.0 11.7 12.08 28.16 12.08 23.35 24.35 17.09 12.08 0.0 24.35 12.81 16.0 11.7 11.7 17.09 22.0 23.35 6.4 0.0
