0.0 11.18 21.26 14.87 14.0 14.87 25.08 17.2 17.89 14.0 11.18 14.0 17.2 23.77 14.0 7.81 0.0 14.0 26.08 10.0 17.2 26.08 11.66 0.0 14.87 14.87 26.08 0.0 21.26 23.77 23.77 25.08 23.77 10.0 14.0 17.89 25.08 25.08 25.08 11.18 17.2 26.08 17.2 14.0 14.0 17.89 23.77 17.2 14.0 26.08 32.76 25.08 11.66 7.81 25.08 25.08 10.0 25.08 25.08 11.18 23.77 10.0 14.87 14.0 17.2 32.76 17.89 17.89 11.18 32.76 10.0 17.89 5.83 17.2 26.08 0.0 17.89 7.81 17.89 7.81 32.76 21.26 17.89 26.08 11.66 25.08 0.0 14.0 11.18 17.89 10.0 14.87 17.89 23.77 26.08 32.76 21.26 25.08 17.2 11.18 14.87
11.18 0.0 11.7 6.0 6.4 6.0 18.0 6.4 11.18 6.4 0.0 6.4 6.4 18.44 6.4 4.0 11.18 6.4 17.46 5.0 6.4 17.46 6.4 11.18 6.0 6.0 17.46 11.18 11.7 18.44 18.44 18.0 18.44 5.0 6.4 11.18 18.0 18.0 18.0 0.0 6.4 17.46 6.4 6.4 6.4 11.18 18.44 6.4 6.4 17.46 24.04 18.0 6.4 4.0 18.0 18.0 5.0 18.0 18.0 0.0 18.44 5.0 6.0 6.4 6.4 24.04 11.18 11.18 0.0 24.04 5.0 11.18 7.0 6.4 17.46 11.18 11.18 4.0 11.18 4.0 24.04 11.7 11.18 17.46 6.4 18.0 11.18 6.4 0.0 11.18 5.0 6.0 11.18 18.44 17.46 24.04 11.7 18.0 6.4 0.0 6.0
21.26 11.7 0.0 6.4 16.0 6.4 8.06 6.0 6.0 16.0 11.7 16.0 6.0 10.63 16.0 13.6 21.26 16.0 6.0 16.49 6.0 6.0 10.0 21.26 6.4 6.4 6.0 21.26 0.0 10.63 10.63 8.06 10.63 16.49 16.0 6.0 8.06 8.06 8.06 11.7 6.0 6.0 6.0 16.0 16.0 6.0 10.63 6.0 16.0 6.0 12.37 8.06 10.0 13.6 8.06 8.06 16.49 8.06 8.06 11.7 10.63 16.49 6.4 16.0 6.0 12.37 6.0 6.0 11.7 12.37 16.49 6.0 15.56 6.0 6.0 21.26 6.0 13.6 6.0 13.6 12.37 0.0 6.0 6.0 10.0 8.06 21.26 16.0 11.7 6.0 16.49 6.4 6.0 10.63 6.0 12.37 0.0 8.06 6.0 11.7 6.4
14.87 6.0 6.4 0.0 11.7 0.0 12.0 4.12 5.39 11.7 6.0 11.7 4.12 12.65 11.7 7.21 14.87 11.7 11.7 11.0 4.12 11.7 4.12 14.87 0.0 0.0 11.7 14.87 6.4 12.65 12.65 12.0 12.65 11.0 11.7 5.39 12.0 12.0 12.0 6.0 4.12 11.7 4.12 11.7 11.7 5.39 12.65 4.12 11.7 11.7 18.38 12.0 4.12 7.21 12.0 12.0 11.0 12.0 12.0 6.0 12.65 11.0 0.0 11.7 4.12 18.38 5.39 5.39 6.0 18.38 11.0 5.39 9.22 4.12 11.7 14.87 5.39 7.21 5.39 7.21 18.38 6.4 5.39 11.7 4.12 12.0 14.87 11.7 6.0 5.39 11.0 0.0 5.39 12.65 11.7 18.38 6.4 12.0 4.12 6.0 0.0
14.0 6.4 16.0 11.7 0.0 11.7 23.35 10.0 17.09 0.0 6.4 0.0 10.0 24.35 0.0 9.43 14.0 0.0 22.0 4.0 10.0 22.0 12.81 14.0 11.7 11.7 22.0 14.0 16.0 24.35 24.35 23.35 24.35 4.0 0.0 17.09 23.35 23.35 23.35 6.4 10.0 22.0 10.0 0.0 0.0 17.09 24.35 10.0 0.0 22.0 28.16 23.35 12.81 9.43 23.35 23.35 4.0 23.35 23.35 6.4 24.35 4.0 11.7 0.0 10.0 28.16 17.09 17.09 6.4 28.16 4.0 17.09 12.08 10.0 22.0 14.0 17.09 9.43 17.09 9.43 28.16 16.0 17.09 22.0 12.81 23.35 14.0 0.0 6.4 17.09 4.0 11.7 17.09 24.35 22.0 28.16 16.0 23.35 10.0 6.4 11.7
14.87 6.0 6.4 0.0 11.7 0.0 12.0 4.12 5.39 11.7 6.0 11.7 4.12 12.65 11.7 7.21 14.87 11.7 11.7 11.0 4.12 11.7 4.12 14.87 0.0 0.0 11.7 14.87 6.4 12.65 12.65 12.0 12.65 11.0 11.7 5.39 12.0 12.0 12.0 6.0 4.12 11.7 4.12 11.7 11.7 5.39 12.65 4.12 11.7 11.7 18.38 12.0 4.12 7.21 12.0 12.0 11.0 12.0 12.0 6.0 12.65 11.0 0.0 11.7 4.12 18.38 5.39 5.39 6.0 18.38 11.0 5.39 9.22 4.12 11.7 14.87 5.39 7.21 5.39 7.21 18.38 6.4 5.39 11.7 4.12 12.0 14.87 11.7 6.0 5.39 11.0 0.0 5.39 12.65 11.7 18.38 6.4 12.0 4.12 6.0 0.0
25.08 18.0 8.06 12.0 23.35 12.0 0.0 13.6 7.28 23.35 18.0 23.35 13.6 4.0 23.35 18.44 25.08 23.35 4.12 23.0 13.6 4.12 13.6 25.08 12.0 12.0 4.12 25.08 8.06 4.0 4.0 0.0 4.0 23.0 23.35 7.28 0.0 0.0 0.0 18.0 13.6 4.12 13.6 23.35 23.35 7.28 4.0 13.6 23.35 4.12 8.6 0.0 13.6 18.44 0.0 0.0 23.0 0.0 0.0 18.0 4.0 23.0 12.0 23.35 13.6 8.6 7.28 7.28 18.0 8.6 23.0 7.28 19.31 13.6 4.12 25.08 7.28 18.44 7.28 18.44 8.6 8.06 7.28 4.12 13.6 0.0 25.08 23.35 18.0 7.28 23.0 12.0 7.28 4.0 4.12 8.6 8.06 0.0 13.6 18.0 12.0
17.2 6.4 6.0 4.12 10.0 4.12 13.6 0.0 8.49 10.0 6.4 10.0 0.0 15.26 10.0 9.43 17.2 10.0 12.0 10.77 0.0 12.0 8.0 17.2 4.12 4.12 12.0 17.2 6.0 15.26 15.26 13.6 15.26 10.77 10.0 8.49 13.6 13.6 13.6 6.4 0.0 12.0 0.0 10.0 10.0 8.49 15.26 0.0 10.0 12.0 18.25 13.6 8.0 9.43 13.6 13.6 10.77 13.6 13.6 6.4 15.26 10.77 4.12 10.0 0.0 18.25 8.49 8.49 6.4 18.25 10.77 8.49 12.08 0.0 12.0 17.2 8.49 9.43 8.49 9.43 18.25 6.0 8.49 12.0 8.0 13.6 17.2 10.0 6.4 8.49 10.77 4.12 8.49 15.26 12.0 18.25 6.0 13.6 0.0 6.4 4.12
17.89 11.18 6.0 5.39 17.09 5.39 7.28 8.49 0.0 17.09 11.18 17.09 8.49 7.28 17.09 11.18 17.89 17.09 8.49 16.12 8.49 8.49 6.32 17.89 5.39 5.39 8.49 17.89 6.0 7.28 7.28 7.28 7.28 16.12 17.09 0.0 7.28 7.28 7.28 11.18 8.49 8.49 8.49 17.09 17.09 0.0 7.28 8.49 17.09 8.49 15.0 7.28 6.32 11.18 7.28 7.28 16.12 7.28 7.28 11.18 7.28 16.12 5.39 17.09 8.49 15.0 0.0 0.0 11.18 15.0 16.12 0.0 12.08 8.49 8.49 17.89 0.0 11.18 0.0 11.18 15.0 6.0 0.0 8.49 6.32 7.28 17.89 17.09 11.18 0.0 16.12 5.39 0.0 7.28 8.49 15.0 6.0 7.28 8.49 11.18 5.39
14.0 6.4 16.0 11.7 0.0 11.7 23.35 10.0 17.09 0.0 6.4 0.0 10.0 24.35 0.0 9.43 14.0 0.0 22.0 4.0 10.0 22.0 12.81 14.0 11.7 11.7 22.0 14.0 16.0 24.35 24.35 23.35 24.35 4.0 0.0 17.09 23.35 23.35 23.35 6.4 10.0 22.0 10.0 0.0 0.0 17.09 24.35 10.0 0.0 22.0 28.16 23.35 12.81 9.43 23.35 23.35 4.0 23.35 23.35 6.4 24.35 4.0 11.7 0.0 10.0 28.16 17.09 17.09 6.4 28.16 4.0 17.09 12.08 10.0 22.0 14.0 17.09 9.43 17.09 9.43 28.16 16.0 17.09 22.0 12.81 23.35 14.0 0.0 6.4 17.09 4.0 11.7 17.09 24.35 22.0 28.16 16.0 23.35 10.0 6.4 11.7
11.18 0.0 11.7 6.0 6.4 6.0 18.0 6.4 11.18 6.4 0.0 6.4 6.4 18.44 6.4 4.0 11.18 6.4 17.46 5.0 6.4 17.46 6.4 11.18 6.0 6.0 17.46 11.18 11.7 18.44 18.44 18.0 18.44 5.0 6.4 11.18 18.0 18.0 18.0 0.0 6.4 17.46 6.4 6.4 6.4 11.18 18.44 6.4 6.4 17.46 24.04 18.0 6.4 4.0 18.0 18.0 5.0 18.0 18.0 0.0 18.44 5.0 6.0 6.4 6.4 24.04 11.18 11.18 0.0 24.04 5.0 11.18 7.0 6.4 17.46 11.18 11.18 4.0 11.18 4.0 24.04 11.7 11.18 17.46 6.4 18.0 11.18 6.4 0.0 11.18 5.0 6.0 11.18 18.44 17.46 24.04 11.7 18.0 6.4 0.0 6.0
14.0 6.4 16.0 11.7 0.0 11.7 23.35 10.0 17.09 0.0 6.4 0.0 10.0 24.35 0.0 9.43 14.0 0.0 22.0 4.0 10.0 22.0 12.81 14.0 11.7 11.7 22.0 14.0 16.0 24.35 24.35 23.35 24.35 4.0 0.0 17.09 23.35 23.35 23.35 6.4 10.0 22.0 10.0 0.0 0.0 17.09 24.35 10.0 0.0 22.0 28.16 23.35 12.81 9.43 23.35 23.35 4.0 23.35 23.35 6.4 24.35 4.0 11.7 0.0 10.0 28.16 17.09 17.09 6.4 28.16 4.0 17.09 12.08 10.0 22.0 14.0 17.09 9.43 17.09 9.43 28.16 16.0 17.09 22.0 12.81 23.35 14.0 0.0 6.4 17.09 4.0 11.7 17.09 24.35 22.0 28.16 16.0 23.35 10.0 6.4 11.7
17.2 6.4 6.0 4.12 10.0 4.12 13.6 0.0 8.49 10.0 6.4 10.0 0.0 15.26 10.0 9.43 17.2 10.0 12.0 10.77 0.0 12.0 8.0 17.2 4.12 4.12 12.0 17.2 6.0 15.26 15.26 13.6 15.26 10.77 10.0 8.49 13.6 13.6 13.6 6.4 0.0 12.0 0.0 10.0 10.0 8.49 15.26 0.0 10.0 12.0 18.25 13.6 8.0 9.43 13.6 13.6 10.77 13.6 13.6 6.4 15.26 10.77 4.12 10.0 0.0 18.25 8.49 8.49 6.4 18.25 10.77 8.49 12.08 0.0 12.0 17.2 8.49 9.43 8.49 9.43 18.25 6.0 8.49 12.0 8.0 13.6 17.2 10.0 6.4 8.49 10.77 4.12 8.49 15.26 12.0 18.25 6.0 13.6 0.0 6.4 4.12
23.77 18.44 10.63 12.65 24.35 12.65 4.0 15.26 7.28 24.35 18.44 24.35 15.26 0.0 24.35 18.0 23.77 24.35 8.06 23.35 15.26 8.06 13.0 23.77 12.65 12.65 8.06 23.77 10.63 0.0 0.0 4.0 0.0 23.35 24.35 7.28 4.0 4.0 4.0 18.44 15.26 8.06 15.26 24.35 24.35 7.28 0.0 15.26 24.35 8.06 12.08 4.0 13.0 18.0 4.0 4.0 23.35 4.0 4.0 18.44 0.0 23.35 12.65 24.35 15.26 12.08 7.28 7.28 18.44 12.08 23.35 7.28 18.25 15.26 8.06 23.77 7.28 18.0 7.28 18.0 12.08 10.63 7.28 8.06 13.0 4.0 23.77 24.35 18.44 7.28 23.35 12.65 7.28 0.0 8.06 12.08 10.63 4.0 15.26 18.44 12.65
14.0 6.4 16.0 11.7 0.0 11.7 23.35 10.0 17.09 0.0 6.4 0.0 10.0 24.35 0.0 9.43 14.0 0.0 22.0 4.0 10.0 22.0 12.81 14.0 11.7 11.7 22.0 14.0 16.0 24.35 24.35 23.35 24.35 4.0 0.0 17.09 23.35 23.35 23.35 6.4 10.0 22.0 10.0 0.0 0.0 17.09 24.35 10.0 0.0 22.0 28.16 23.35 12.81 9.43 23.35 23.35 4.0 23.35 23.35 6.4 24.35 4.0 11.7 0.0 10.0 28.16 17.09 17.09 6.4 28.16 4.0 17.09 12.08 10.0 22.0 14.0 17.09 9.43 17.09 9.43 28.16 16.0 17.09 22.0 12.81 23.35 14.0 0.0 6.4 17.09 4.0 11.7 17.09 24.35 22.0 28.16 16.0 23.35 10.0 6.4 11.7
7.81 4.0 13.6 7.21 9.43 7.21 18.44 9.43 11.18 9.43 4.0 9.43 9.43 18.0 9.43 0.0 7.81 9.43 18.79 6.4 9.43 18.79 5.0 7.81 7.21 7.21 18.79 7.81 13.6 18.0 18.0 18.44 18.0 6.4 9.43 11.18 18.44 18.44 18.44 4.0 9.43 18.79 9.43 9.43 9.43 11.18 18.0 9.43 9.43 18.79 25.5 18.44 5.0 0.0 18.44 18.44 6.4 18.44 18.44 4.0 18.0 6.4 7.21 9.43 9.43 25.5 11.18 11.18 4.0 25.5 6.4 11.18 3.0 9.43 18.79 7.81 11.18 0.0 11.18 0.0 25.5 13.6 11.18 18.79 5.0 18.44 7.81 9.43 4.0 11.18 6.4 7.21 11.18 18.0 18.79 25.5 13.6 18.44 9.43 4.0 7.21
0.0 11.18 21.26 14.87 14.0 14.87 25.08 17.2 17.89 14.0 11.18 14.0 17.2 23.77 14.0 7.81 0.0 14.0 26.08 10.0 17.2 26.08 11.66 0.0 14.87 14.87 26.08 0.0 21.26 23.77 23.77 25.08 23.77 10.0 14.0 17.89 25.08 25.08 25.08 11.18 17.2 26.08 17.2 14.0 14.0 17.89 23.77 17.2 14.0 26.08 32.76 25.08 11.66 7.81 25.08 25.08 10.0 25.08 25.08 11.18 23.77 10.0 14.87 14.0 17.2 32.76 17.89 17.89 11.18 32.76 10.0 17.89 5.83 17.2 26.08 0.0 17.89 7.81 17.89 7.81 32.76 21.26 17.89 26.08 11.66 25.08 0.0 14.0 11.18 17.89 10.0 14.87 17.89 23.77 26.08 32.76 21.26 25.08 17.2 11.18 14.87
14.0 6.4 16.0 11.7 0.0 11.7 23.35 10.0 17.09 0.0 6.4 0.0 10.0 24.35 0.0 9.43 14.0 0.0 22.0 4.0 10.0 22.0 12.81 14.0 11.7 11.7 22.0 14.0 16.0 24.35 24.35 23.35 24.35 4.0 0.0 17.09 23.35 23.35 23.35 6.4 10.0 22.0 10.0 0.0 0.0 17.09 24.35 10.0 0.0 22.0 28.16 23.35 12.81 9.43 23.35 23.35 4.0 23.35 23.35 6.4 24.35 4.0 11.7 0.0 10.0 28.16 17.09 17.09 6.4 28.16 4.0 17.09 12.08 10.0 22.0 14.0 17.09 9.43 17.09 9.43 28.16 16.0 17.09 22.0 12.81 23.35 14.0 0.0 6.4 17.09 4.0 11.7 17.09 24.35 22.0 28.16 16.0 23.35 10.0 6.4 11.7
26.08 17.46 6.0 11.7 22.0 11.7 4.12 12.0 8.49 22.0 17.46 22.0 12.0 8.06 22.0 18.79 26.08 22.0 0.0 22.36 12.0 0.0 14.42 26.08 11.7 11.7 0.0 26.08 6.0 8.06 8.06 4.12 8.06 22.36 22.0 8.49 4.12 4.12 4.12 17.46 12.0 0.0 12.0 22.0 22.0 8.49 8.06 12.0 22.0 0.0 6.71 4.12 14.42 18.79 4.12 4.12 22.36 4.12 4.12 17.46 8.06 22.36 11.7 22.0 12.0 6.71 8.49 8.49 17.46 6.71 22.36 8.49 20.25 12.0 0.0 26.08 8.49 18.79 8.49 18.79 6.71 6.0 8.49 0.0 14.42 4.12 26.08 22.0 17.46 8.49 22.36 11.7 8.49 8.06 0.0 6.71 6.0 4.12 12.0 17.46 11.7
10.0 5.0 16.49 11.0 4.0 11.0 23.0 10.77 16.12 4.0 5.0 4.0 10.77 23.35 4.0 6.4 10.0 4.0 22.36 0.0 10.77 22.36 10.77 10.0 11.0 11.0 22.36 10.0 16.49 23.35 23.35 23.0 23.35 0.0 4.0 16.12 23.0 23.0 23.0 5.0 10.77 22.36 10.77 4.0 4.0 16.12 23.35 10.77 4.0 22.36 28.86 23.0 10.77 6.4 23.0 23.0 0.0 23.0 23.0 5.0 23.35 0.0 11.0 4.0 10.77 28.86 16.12 16.12 5.0 28.86 0.0 16.12 8.6 10.77 22.36 10.0 16.12 6.4 16.12 6.4 28.86 16.49 16.12 22.36 10.77 23.0 10.0 4.0 5.0 16.12 0.0 11.0 16.12 23.35 22.36 28.86 16.49 23.0 10.77 5.0 11.0
17.2 6.4 6.0 4.12 10.0 4.12 13.6 0.0 8.49 10.0 6.4 10.0 0.0 15.26 10.0 9.43 17.2 10.0 12.0 10.77 0.0 12.0 8.0 17.2 4.12 4.12 12.0 17.2 6.0 15.26 15.26 13.6 15.26 10.77 10.0 8.49 13.6 13.6 13.6 6.4 0.0 12.0 0.0 10.0 10.0 8.49 15.26 0.0 10.0 12.0 18.25 13.6 8.0 9.43 13.6 13.6 10.77 13.6 13.6 6.4 15.26 10.77 4.12 10.0 0.0 18.25 8.49 8.49 6.4 18.25 10.77 8.49 12.08 0.0 12.0 17.2 8.49 9.43 8.49 9.43 18.25 6.0 8.49 12.0 8.0 13.6 17.2 10.0 6.4 8.49 10.77 4.12 8.49 15.26 12.0 18.25 6.0 13.6 0.0 6.4 4.12
26.08 17.46 6.0 11.7 22.0 11.7 4.12 12.0 8.49 22.0 17.46 22.0 12.0 8.06 22.0 18.79 26.08 22.0 0.0 22.36 12.0 0.0 14.42 26.08 11.7 11.7 0.0 26.08 6.0 8.06 8.06 4.12 8.06 22.36 22.0 8.49 4.12 4.12 4.12 17.46 12.0 0.0 12.0 22.0 22.0 8.49 8.06 12.0 22.0 0.0 6.71 4.12 14.42 18.79 4.12 4.12 22.36 4.12 4.12 17.46 8.06 22.36 11.7 22.0 12.0 6.71 8.49 8.49 17.46 6.71 22.36 8.49 20.25 12.0 0.0 26.08 8.49 18.79 8.49 18.79 6.71 6.0 8.49 0.0 14.42 4.12 26.08 22.0 17.46 8.49 22.36 11.7 8.49 8.06 0.0 6.71 6.0 4.12 12.0 17.46 11.7
11.66 6.4 10.0 4.12 12.81 4.12 13.6 8.0 6.32 12.81 6.4 12.81 8.0 13.0 12.81 5.0 11.66 12.81 14.42 10.77 8.0 14.42 0.0 11.66 4.12 4.12 14.42 11.66 10.0 13.0 13.0 13.6 13.0 10.77 12.81 6.32 13.6 13.6 13.6 6.4 8.0 14.42 8.0 12.81 12.81 6.32 13.0 8.0 12.81 14.42 21.1 13.6 0.0 5.0 13.6 13.6 10.77 13.6 13.6 6.4 13.0 10.77 4.12 12.81 8.0 21.1 6.32 6.32 6.4 21.1 10.77 6.32 5.83 8.0 14.42 11.66 6.32 5.0 6.32 5.0 21.1 10.0 6.32 14.42 0.0 13.6 11.66 12.81 6.4 6.32 10.77 4.12 6.32 13.0 14.42 21.1 10.0 13.6 8.0 6.4 4.12
0.0 11.18 21.26 14.87 14.0 14.87 25.08 17.2 17.89 14.0 11.18 14.0 17.2 23.77 14.0 7.81 0.0 14.0 26.08 10.0 17.2 26.08 11.66 0.0 14.87 14.87 26.08 0.0 21.26 23.77 23.77 25.08 23.77 10.0 14.0 17.89 25.08 25.08 25.08 11.18 17.2 26.08 17.2 14.0 14.0 17.89 23.77 17.2 14.0 26.08 32.76 25.08 11.66 7.81 25.08 25.08 10.0 25.08 25.08 11.18 23.77 10.0 14.87 14.0 17.2 32.76 17.89 17.89 11.18 32.76 10.0 17.89 5.83 17.2 26.08 0.0 17.89 7.81 17.89 7.81 32.76 21.26 17.89 26.08 11.66 25.08 0.0 14.0 11.18 17.89 10.0 14.87 17.89 23.77 26.08 32.76 21.26 25.08 17.2 11.18 14.87
14.87 6.0 6.4 0.0 11.7 0.0 12.0 4.12 5.39 11.7 6.0 11.7 4.12 12.65 11.7 7.21 14.87 11.7 11.7 11.0 4.12 11.7 4.12 14.87 0.0 0.0 11.7 14.87 6.4 12.65 12.65 12.0 12.65 11.0 11.7 5.39 12.0 12.0 12.0 6.0 4.12 11.7 4.12 11.7 11.7 5.39 12.65 4.12 11.7 11.7 18.38 12.0 4.12 7.21 12.0 12.0 11.0 12.0 12.0 6.0 12.65 11.0 0.0 11.7 4.12 18.38 5.39 5.39 6.0 18.38 11.0 5.39 9.22 4.12 11.7 14.87 5.39 7.21 5.39 7.21 18.38 6.4 5.39 11.7 4.12 12.0 14.87 11.7 6.0 5.39 11.0 0.0 5.39 12.65 11.7 18.38 6.4 12.0 4.12 6.0 0.0
14.87 6.0 6.4 0.0 11.7 0.0 12.0 4.12 5.39 11.7 6.0 11.7 4.12 12.65 11.7 7.21 14.87 11.7 11.7 11.0 4.12 11.7 4.12 14.87 0.0 0.0 11.7 14.87 6.4 12.65 12.65 12.0 12.65 11.0 11.7 5.39 12.0 12.0 12.0 6.0 4.12 11.7 4.12 11.7 11.7 5.39 12.65 4.12 11.7 11.7 18.38 12.0 4.12 7.21 12.0 12.0 11.0 12.0 12.0 6.0 12.65 11.0 0.0 11.7 4.12 18.38 5.39 5.39 6.0 18.38 11.0 5.39 9.22 4.12 11.7 14.87 5.39 7.21 5.39 7.21 18.38 6.4 5.39 11.7 4.12 12.0 14.87 11.7 6.0 5.39 11.0 0.0 5.39 12.65 11.7 18.38 6.4 12.0 4.12 6.0 0.0
26.08 17.46 6.0 11.7 22.0 11.7 4.12 12.0 8.49 22.0 17.46 22.0 12.0 8.06 22.0 18.79 26.08 22.0 0.0 22.36 12.0 0.0 14.42 26.08 11.7 11.7 0.0 26.08 6.0 8.06 8.06 4.12 8.06 22.36 22.0 8.49 4.12 4.12 4.12 17.46 12.0 0.0 12.0 22.0 22.0 8.49 8.06 12.0 22.0 0.0 6.71 4.12 14.42 18.79 4.12 4.12 22.36 4.12 4.12 17.46 8.06 22.36 11.7 22.0 12.0 6.71 8.49 8.49 17.46 6.71 22.36 8.49 20.25 12.0 0.0 26.08 8.49 18.79 8.49 18.79 6.71 6.0 8.49 0.0 14.42 4.12 26.08 22.0 17.46 8.49 22.36 11.7 8.49 8.06 0.0 6.71 6.0 4.12 12.0 17.46 11.7
0.0 11.18 21.26 14.87 14.0 14.87 25.08 17.2 17.89 14.0 11.18 14.0 17.2 23.77 14.0 7.81 0.0 14.0 26.08 10.0 17.2 26.08 11.66 0.0 14.87 14.87 26.08 0.0 21.26 23.77 23.77 25.08 23.77 10.0 14.0 17.89 25.08 25.08 25.08 11.18 17.2 26.08 17.2 14.0 14.0 17.89 23.77 17.2 14.0 26.08 32.76 25.08 11.66 7.81 25.08 25.08 10.0 25.08 25.08 11.18 23.77 10.0 14.87 14.0 17.2 32.76 17.89 17.89 11.18 32.76 10.0 17.89 5.83 17.2 26.08 0.0 17.89 7.81 17.89 7.81 32.76 21.26 17.89 26.08 11.66 25.08 0.0 14.0 11.18 17.89 10.0 14.87 17.89 23.77 26.08 32.76 21.26 25.08 17.2 11.18 14.87
21.26 11.7 0.0 6.4 16.0 6.4 8.06 6.0 6.0 16.0 11.7 16.0 6.0 10.63 16.0 13.6 21.26 16.0 6.0 16.49 6.0 6.0 10.0 21.26 6.4 6.4 6.0 21.26 0.0 10.63 10.63 8.06 10.63 16.49 16.0 6.0 8.06 8.06 8.06 11.7 6.0 6.0 6.0 16.0 16.0 6.0 10.63 6.0 16.0 6.0 12.37 8.06 10.0 13.6 8.06 8.06 16.49 8.06 8.06 11.7 10.63 16.49 6.4 16.0 6.0 12.37 6.0 6.0 11.7 12.37 16.49 6.0 15.56 6.0 6.0 21.26 6.0 13.6 6.0 13.6 12.37 0.0 6.0 6.0 10.0 8.06 21.26 16.0 11.7 6.0 16.49 6.4 6.0 10.63 6.0 12.37 0.0 8.06 6.0 11.7 6.4
23.77 18.44 10.63 12.65 24.35 12.65 4.0 15.26 7.28 24.35 18.44 24.35 15.26 0.0 24.35 18.0 23.77 24.35 8.06 23.35 15.26 8.06 13.0 23.77 12.65 12.65 8.06 23.77 10.63 0.0 0.0 4.0 0.0 23.35 24.35 7.28 4.0 4.0 4.0 18.44 15.26 8.06 15.26 24.35 24.35 7.28 0.0 15.26 24.35 8.06 12.08 4.0 13.0 18.0 4.0 4.0 23.35 4.0 4.0 18.44 0.0 23.35 12.65 24.35 15.26 12.08 7.28 7.28 18.44 12.08 23.35 7.28 18.25 15.26 8.06 23.77 7.28 18.0 7.28 18.0 12.08 10.63 7.28 8.06 13.0 4.0 23.77 24.35 18.44 7.28 23.35 12.65 7.28 0.0 8.06 12.08 10.63 4.0 15.26 18.44 12.65
23.77 18.44 10.63 12.65 24.35 12.65 4.0 15.26 7.28 24.35 18.44 24.35 15.26 0.0 24.35 18.0 23.77 24.35 8.06 23.35 15.26 8.06 13.0 23.77 12.65 12.65 8.06 23.77 10.63 0.0 0.0 4.0 0.0 23.35 24.35 7.28 4.0 4.0 4.0 18.44 15.26 8.06 15.26 24.35 24.35 7.28 0.0 15.26 24.35 8.06 12.08 4.0 13.0 18.0 4.0 4.0 23.35 4.0 4.0 18.44 0.0 23.35 12.65 24.35 15.26 12.08 7.28 7.28 18.44 12.08 23.35 7.28 18.25 15.26 8.06 23.77 7.28 18.0 7.28 18.0 12.08 10.63 7.28 8.06 13.0 4.0 23.77 24.35 18.44 7.28 23.35 12.65 7.28 0.0 8.06 12.08 10.63 4.0 15.26 18.44 12.65
25.08 18.0 8.06 12.0 23.35 12.0 0.0 13.6 7.28 23.35 18.0 23.35 13.6 4.0 23.35 18.44 25.08 23.35 4.12 23.0 13.6 4.12 13.6 25.08 12.0 12.0 4.12 25.08 8.06 4.0 4.0 0.0 4.0 23.0 23.35 7.28 0.0 0.0 0.0 18.0 13.6 4.12 13.6 23.35 23.35 7.28 4.0 13.6 23.35 4.12 8.6 0.0 13.6 18.44 0.0 0.0 23.0 0.0 0.0 18.0 4.0 23.0 12.0 23.35 13.6 8.6 7.28 7.28 18.0 8.6 23.0 7.28 19.31 13.6 4.12 25.08 7.28 18.44 7.28 18.44 8.6 8.06 7.28 4.12 13.6 0.0 25.08 23.35 18.0 7.28 23.0 12.0 7.28 4.0 4.12 8.6 8.06 0.0 13.6 18.0 12.0
23.77 18.44 10.63 12.65 24.35 12.65 4.0 15.26 7.28 24.35 18.44 24.35 15.26 0.0 24.35 18.0 23.77 24.35 8.06 23.35 15.26 8.06 13.0 23.77 12.65 12.65 8.06 23.77 10.63 0.0 0.0 4.0 0.0 23.35 24.35 7.28 4.0 4.0 4.0 18.44 15.26 8.06 15.26 24.35 24.35 7.28 0.0 15.26 24.35 8.06 12.08 4.0 13.0 18.0 4.0 4.0 23.35 4.0 4.0 18.44 0.0 23.35 12.65 24.35 15.26 12.08 7.28 7.28 18.44 12.08 23.35 7.28 18.25 15.26 8.06 23.77 7.28 18.0 7.28 18.0 12.08 10.63 7.28 8.06 13.0 4.0 23.77 24.35 18.44 7.28 23.35 12.65 7.28 0.0 8.06 12.08 10.63 4.0 15.26 18.44 12.65
10.0 5.0 16.49 11.0 4.0 11.0 23.0 10.77 16.12 4.0 5.0 4.0 10.77 23.35 4.0 6.4 10.0 4.0 22.36 0.0 10.77 22.36 10.77 10.0 11.0 11.0 22.36 10.0 16.49 23.35 23.35 23.0 23.35 0.0 4.0 16.12 23.0 23.0 23.0 5.0 10.77 22.36 10.77 4.0 4.0 16.12 23.35 10.77 4.0 22.36 28.86 23.0 10.77 6.4 23.0 23.0 0.0 23.0 23.0 5.0 23.35 0.0 11.0 4.0 10.77 28.86 16.12 16.12 5.0 28.86 0.0 16.12 8.6 10.77 22.36 10.0 16.12 6.4 16.12 6.4 28.86 16.49 16.12 22.36 10.77 23.0 10.0 4.0 5.0 16.12 0.0 11.0 16.12 23.35 22.36 28.86 16.49 23.0 10.77 5.0 11.0
14.0 6.4 16.0 11.7 0.0 11.7 23.35 10.0 17.09 0.0 6.4 0.0 10.0 24.35 0.0 9.43 14.0 0.0 22.0 4.0 10.0 22.0 12.81 14.0 11.7 11.7 22.0 14.0 16.0 24.35 24.35 23.35 24.35 4.0 0.0 17.09 23.35 23.35 23.35 6.4 10.0 22.0 10.0 0.0 0.0 17.09 24.35 10.0 0.0 22.0 28.16 23.35 12.81 9.43 23.35 23.35 4.0 23.35 23.35 6.4 24.35 4.0 11.7 0.0 10.0 28.16 17.09 17.09 6.4 28.16 4.0 17.09 12.08 10.0 22.0 14.0 17.09 9.43 17.09 9.43 28.16 16.0 17.09 22.0 12.81 23.35 14.0 0.0 6.4 17.09 4.0 11.7 17.09 24.35 22.0 28.16 16.0 23.35 10.0 6.4 11.7
17.89 11.18 6.0 5.39 17.09 5.39 7.28 8.49 0.0 17.09 11.18 17.09 8.49 7.28 17.09 11.18 17.89 17.09 8.49 16.12 8.49 8.49 6.32 17.89 5.39 5.39 8.49 17.89 6.0 7.28 7.28 7.28 7.28 16.12 17.09 0.0 7.28 7.28 7.28 11.18 8.49 8.49 8.49 17.09 17.09 0.0 7.28 8.49 17.09 8.49 15.0 7.28 6.32 11.18 7.28 7.28 16.12 7.28 7.28 11.18 7.28 16.12 5.39 17.09 8.49 15.0 0.0 0.0 11.18 15.0 16.12 0.0 12.08 8.49 8.49 17.89 0.0 11.18 0.0 11.18 15.0 6.0 0.0 8.49 6.32 7.28 17.89 17.09 11.18 0.0 16.12 5.39 0.0 7.28 8.49 15.0 6.0 7.28 8.49 11.18 5.39
25.08 18.0 8.06 12.0 23.35 12.0 0.0 13.6 7.28 23.35 18.0 23.35 13.6 4.0 23.35 18.44 25.08 23.35 4.12 23.0 13.6 4.12 13.6 25.08 12.0 12.0 4.12 25.08 8.06 4.0 4.0 0.0 4.0 23.0 23.35 7.28 0.0 0.0 0.0 18.0 13.6 4.12 13.6 23.35 23.35 7.28 4.0 13.6 23.35 4.12 8.6 0.0 13.6 18.44 0.0 0.0 23.0 0.0 0.0 18.0 4.0 23.0 12.0 23.35 13.6 8.6 7.28 7.28 18.0 8.6 23.0 7.28 19.31 13.6 4.12 25.08 7.28 18.44 7.28 18.44 8.6 8.06 7.28 4.12 13.6 0.0 25.08 23.35 18.0 7.28 23.0 12.0 7.28 4.0 4.12 8.6 8.06 0.0 13.6 18.0 12.0
25.08 18.0 8.06 12.0 23.35 12.0 0.0 13.6 7.28 23.35 18.0 23.35 13.6 4.0 23.35 18.44 25.08 23.35 4.12 23.0 13.6 4.12 13.6 25.08 12.0 12.0 4.12 25.08 8.06 4.0 4.0 0.0 4.0 23.0 23.35 7.28 0.0 0.0 0.0 18.0 13.6 4.12 13.6 23.35 23.35 7.28 4.0 13.6 23.35 4.12 8.6 0.0 13.6 18.44 0.0 0.0 23.0 0.0 0.0 18.0 4.0 23.0 12.0 23.35 13.6 8.6 7.28 7.28 18.0 8.6 23.0 7.28 19.31 13.6 4.12 25.08 7.28 18.44 7.28 18.44 8.6 8.06 7.28 4.12 13.6 0.0 25.08 23.35 18.0 7.28 23.0 12.0 7.28 4.0 4.12 8.6 8.06 0.0 13.6 18.0 12.0
25.08 18.0 8.06 12.0 23.35 12.0 0.0 13.6 7.28 23.35 18.0 23.35 13.6 4.0 23.35 18.44 25.08 23.35 4.12 23.0 13.6 4.12 13.6 25.08 12.0 12.0 4.12 25.08 8.06 4.0 4.0 0.0 4.0 23.0 23.35 7.28 0.0 0.0 0.0 18.0 13.6 4.12 13.6 23.35 23.35 7.28 4.0 13.6 23.35 4.12 8.6 0.0 13.6 18.44 0.0 0.0 23.0 0.0 0.0 18.0 4.0 23.0 12.0 23.35 13.6 8.6 7.28 7.28 18.0 8.6 23.0 7.28 19.31 13.6 4.12 25.08 7.28 18.44 7.28 18.44 8.6 8.06 7.28 4.12 13.6 0.0 25.08 23.35 18.0 7.28 23.0 12.0 7.28 4.0 4.12 8.6 8.06 0.0 13.6 18.0 12.0
11.18 0.0 11.7 6.0 6.4 6.0 18.0 6.4 11.18 6.4 0.0 6.4 6.4 18.44 6.4 4.0 11.18 6.4 17.46 5.0 6.4 17.46 6.4 11.18 6.0 6.0 17.46 11.18 11.7 18.44 18.44 18.0 18.44 5.0 6.4 11.18 18.0 18.0 18.0 0.0 6.4 17.46 6.4 6.4 6.4 11.18 18.44 6.4 6.4 17.46 24.04 18.0 6.4 4.0 18.0 18.0 5.0 18.0 18.0 0.0 18.44 5.0 6.0 6.4 6.4 24.04 11.18 11.18 0.0 24.04 5.0 11.18 7.0 6.4 17.46 11.18 11.18 4.0 11.18 4.0 24.04 11.7 11.18 17.46 6.4 18.0 11.18 6.4 0.0 11.18 5.0 6.0 11.18 18.44 17.46 24.04 11.7 18.0 6.4 0.0 6.0
17.2 6.4 6.0 4.12 10.0 4.12 13.6 0.0 8.49 10.0 6.4 10.0 0.0 15.26 10.0 9.43 17.2 10.0 12.0 10.77 0.0 12.0 8.0 17.2 4.12 4.12 12.0 17.2 6.0 15.26 15.26 13.6 15.26 10.77 10.0 8.49 13.6 13.6 13.6 6.4 0.0 12.0 0.0 10.0 10.0 8.49 15.26 0.0 10.0 12.0 18.25 13.6 8.0 9.43 13.6 13.6 10.77 13.6 13.6 6.4 15.26 10.77 4.12 10.0 0.0 18.25 8.49 8.49 6.4 18.25 10.77 8.49 12.08 0.0 12.0 17.2 8.49 9.43 8.49 9.43 18.25 6.0 8.49 12.0 8.0 13.6 17.2 10.0 6.4 8.49 10.77 4.12 8.49 15.26 12.0 18.25 6.0 13.6 0.0 6.4 4.12
26.08 17.46 6.0 11.7 22.0 11.7 4.12 12.0 8.49 22.0 17.46 22.0 12.0 8.06 22.0 18.79 26.08 22.0 0.0 22.36 12.0 0.0 14.42 26.08 11.7 11.7 0.0 26.08 6.0 8.06 8.06 4.12 8.06 22.36 22.0 8.49 4.12 4.12 4.12 17.46 12.0 0.0 12.0 22.0 22.0 8.49 8.06 12.0 22.0 0.0 6.71 4.12 14.42 18.79 4.12 4.12 22.36 4.12 4.12 17.46 8.06 22.36 11.7 22.0 12.0 6.71 8.49 8.49 17.46 6.71 22.36 8.49 20.25 12.0 0.0 26.08 8.49 18.79 8.49 18.79 6.71 6.0 8.49 0.0 14.42 4.12 26.08 22.0 17.46 8.49 22.36 11.7 8.49 8.06 0.0 6.71 6.0 4.12 12.0 17.46 11.7
17.2 6.4 6.0 4.12 10.0 4.12 13.6 0.0 8.49 10.0 6.4 10.0 0.0 15.26 10.0 9.43 17.2 10.0 12.0 10.77 0.0 12.0 8.0 17.2 4.12 4.12 12.0 17.2 6.0 15.26 15.26 13.6 15.26 10.77 10.0 8.49 13.6 13.6 13.6 6.4 0.0 12.0 0.0 10.0 10.0 8.49 15.26 0.0 10.0 12.0 18.25 13.6 8.0 9.43 13.6 13.6 10.77 13.6 13.6 6.4 15.26 10.77 4.12 10.0 0.0 18.25 8.49 8.49 6.4 18.25 10.77 8.49 12.08 0.0 12.0 17.2 8.49 9.43 8.49 9.43 18.25 6.0 8.49 12.0 8.0 13.6 17.2 10.0 6.4 8.49 10.77 4.12 8.49 15.26 12.0 18.25 6.0 13.6 0.0 6.4 4.12
14.0 6.4 16.0 11.7 0.0 11.7 23.35 10.0 17.09 0.0 6.4 0.0 10.0 24.35 0.0 9.43 14.0 0.0 22.0 4.0 10.0 22.0 12.81 14.0 11.7 11.7 22.0 14.0 16.0 24.35 24.35 23.35 24.35 4.0 0.0 17.09 23.35 23.35 23.35 6.4 10.0 22.0 10.0 0.0 0.0 17.09 24.35 10.0 0.0 22.0 28.16 23.35 12.81 9.43 23.35 23.35 4.0 23.35 23.35 6.4 24.35 4.0 11.7 0.0 10.0 28.16 17.09 17.09 6.4 28.16 4.0 17.09 12.08 10.0 22.0 14.0 17.09 9.43 17.09 9.43 28.16 16.0 17.09 22.0 12.81 23.35 14.0 0.0 6.4 17.09 4.0 11.7 17.09 24.35 22.0 28.16 16.0 23.35 10.0 6.4 11.7
14.0 6.4 16.0 11.7 0.0 11.7 23.35 10.0 17.09 0.0 6.4 0.0 10.0 24.35 0.0 9.43 14.0 0.0 22.0 4.0 10.0 22.0 12.81 14.0 11.7 11.7 22.0 14.0 16.0 24.35 24.35 23.35 24.35 4.0 0.0 17.09 23.35 23.35 23.35 6.4 10.0 22.0 10.0 0.0 0.0 17.09 24.35 10.0 0.0 22.0 28.16 23.35 12.81 9.43 23.35 23.35 4.0 23.35 23.35 6.4 24.35 4.0 11.7 0.0 10.0 28.16 17.09 17.09 6.4 28.16 4.0 17.09 12.08 10.0 22.0 14.0 17.09 9.43 17.09 9.43 28.16 16.0 17.09 22.0 12.81 23.35 14.0 0.0 6.4 17.09 4.0 11.7 17.09 24.35 22.0 28.16 16.0 23.35 10.0 6.4 11.7
17.89 11.18 6.0 5.39 17.09 5.39 7.28 8.49 0.0 17.09 11.18 17.09 8.49 7.28 17.09 11.18 17.89 17.09 8.49 16.12 8.49 8.49 6.32 17.89 5.39 5.39 8.49 17.89 6.0 7.28 7.28 7.28 7.28 16.12 17.09 0.0 7.28 7.28 7.28 11.18 8.49 8.49 8.49 17.09 17.09 0.0 7.28 8.49 17.09 8.49 15.0 7.28 6.32 11.18 7.28 7.28 16.12 7.28 7.28 11.18 7.28 16.12 5.39 17.09 8.49 15.0 0.0 0.0 11.18 15.0 16.12 0.0 12.08 8.49 8.49 17.89 0.0 11.18 0.0 11.18 15.0 6.0 0.0 8.49 6.32 7.28 17.89 17.09 11.18 0.0 16.12 5.39 0.0 7.28 8.49 15.0 6.0 7.28 8.49 11.18 5.39
23.77 18.44 10.63 12.65 24.35 12.65 4.0 15.26 7.28 24.35 18.44 24.35 15.26 0.0 24.35 18.0 23.77 24.35 8.06 23.35 15.26 8.06 13.0 23.77 12.65 12.65 8.06 23.77 10.63 0.0 0.0 4.0 0.0 23.35 24.35 7.28 4.0 4.0 4.0 18.44 15.26 8.06 15.26 24.35 24.35 7.28 0.0 15.26 24.35 8.06 12.08 4.0 13.0 18.0 4.0 4.0 23.35 4.0 4.0 18.44 0.0 23.35 12.65 24.35 15.26 12.08 7.28 7.28 18.44 12.08 23.35 7.28 18.25 15.26 8.06 23.77 7.28 18.0 7.28 18.0 12.08 10.63 7.28 8.06 13.0 4.0 23.77 24.35 18.44 7.28 23.35 12.65 7.28 0.0 8.06 12.08 10.63 4.0 15.26 18.44 12.65
17.2 6.4 6.0 4.12 10.0 4.12 13.6 0.0 8.49 10.0 6.4 10.0 0.0 15.26 10.0 9.43 17.2 10.0 12.0 10.77 0.0 12.0 8.0 17.2 4.12 4.12 12.0 17.2 6.0 15.26 15.26 13.6 15.26 10.77 10.0 8.49 13.6 13.6 13.6 6.4 0.0 12.0 0.0 10.0 10.0 8.49 15.26 0.0 10.0 12.0 18.25 13.6 8.0 9.43 13.6 13.6 10.77 13.6 13.6 6.4 15.26 10.77 4.12 10.0 0.0 18.25 8.49 8.49 6.4 18.25 10.77 8.49 12.08 0.0 12.0 17.2 8.49 9.43 8.49 9.43 18.25 6.0 8.49 12.0 8.0 13.6 17.2 10.0 6.4 8.49 10.77 4.12 8.49 15.26 12.0 18.25 6.0 13.6 0.0 6.4 4.12
14.0 6.4 16.0 11.7 0.0 11.7 23.35 10.0 17.09 0.0 6.4 0.0 10.0 24.35 0.0 9.43 14.0 0.0 22.0 4.0 10.0 22.0 12.81 14.0 11.7 11.7 22.0 14.0 16.0 24.35 24.35 23.35 24.35 4.0 0.0 17.09 23.35 23.35 23.35 6.4 10.0 22.0 10.0 0.0 0.0 17.09 24.35 10.0 0.0 22.0 28.16 23.35 12.81 9.43 23.35 23.35 4.0 23.35 23.35 6.4 24.35 4.0 11.7 0.0 10.0 28.16 17.09 17.09 6.4 28.16 4.0 17.09 12.08 10.0 22.0 14.0 17.09 9.43 17.09 9.43 28.16 16.0 17.09 22.0 12.81 23.35 14.0 0.0 6.4 17.09 4.0 11.7 17.09 24.35 22.0 28.16 16.0 23.35 10.0 6.4 11.7
26.08 17.46 6.0 11.7 22.0 11.7 4.12 12.0 8.49 22.0 17.46 22.0 12.0 8.06 22.0 18.79 26.08 22.0 0.0 22.36 12.0 0.0 14.42 26.08 11.7 11.7 0.0 26.08 6.0 8.06 8.06 4.12 8.06 22.36 22.0 8.49 4.12 4.12 4.12 17.46 12.0 0.0 12.0 22.0 22.0 8.49 8.06 12.0 22.0 0.0 6.71 4.12 14.42 18.79 4.12 4.12 22.36 4.12 4.12 17.46 8.06 22.36 11.7 22.0 12.0 6.71 8.49 8.49 17.46 6.71 22.36 8.49 20.25 12.0 0.0 26.08 8.49 18.79 8.49 18.79 6.71 6.0 8.49 0.0 14.42 4.12 26.08 22.0 17.46 8.49 22.36 11.7 8.49 8.06 0.0 6.71 6.0 4.12 12.0 17.46 11.7
32.76 24.04 12.37 18.38 28.16 18.38 8.6 18.25 15.0 28.16 24.04 28.16 18.25 12.08 28.16 25.5 32.76 28.16 6.71 28.86 18.25 6.71 21.1 32.76 18.38 18.38 6.71 32.76 12.37 12.08 12.08 8.6 12.08 28.86 28.16 15.0 8.6 8.6 8.6 24.04 18.25 6.71 18.25 28.16 28.16 15.0 12.08 18.25 28.16 6.71 0.0 8.6 21.1 25.5 8.6 8.6 28.86 8.6 8.6 24.04 12.08 28.86 18.38 28.16 18.25 0.0 15.0 15.0 24.04 0.0 28.86 15.0 26.93 18.25 6.71 32.76 15.0 25.5 15.0 25.5 0.0 12.37 15.0 6.71 21.1 8.6 32.76 28.16 24.04 15.0 28.86 18.38 15.0 12.08 6.71 0.0 12.37 8.6 18.25 24.04 18.38
25.08 18.0 8.06 12.0 23.35 12.0 0.0 13.6 7.28 23.35 18.0 23.35 13.6 4.0 23.35 18.44 25.08 23.35 4.12 23.0 13.6 4.12 13.6 25.08 12.0 12.0 4.12 25.08 8.06 4.0 4.0 0.0 4.0 23.0 23.35 7.28 0.0 0.0 0.0 18.0 13.6 4.12 13.6 23.35 23.35 7.28 4.0 13.6 23.35 4.12 8.6 0.0 13.6 18.44 0.0 0.0 23.0 0.0 0.0 18.0 4.0 23.0 12.0 23.35 13.6 8.6 7.28 7.28 18.0 8.6 23.0 7.28 19.31 13.6 4.12 25.08 7.28 18.44 7.28 18.44 8.6 8.06 7.28 4.12 13.6 0.0 25.08 23.35 18.0 7.28 23.0 12.0 7.28 4.0 4.12 8.6 8.06 0.0 13.6 18.0 12.0
11.66 6.4 10.0 4.12 12.81 4.12 13.6 8.0 6.32 12.81 6.4 12.81 8.0 13.0 12.81 5.0 11.66 12.81 14.42 10.77 8.0 14.42 0.0 11.66 4.12 4.12 14.42 11.66 10.0 13.0 13.0 13.6 13.0 10.77 12.81 6.32 13.6 13.6 13.6 6.4 8.0 14.42 8.0 12.81 12.81 6.32 13.0 8.0 12.81 14.42 21.1 13.6 0.0 5.0 13.6 13.6 10.77 13.6 13.6 6.4 13.0 10.77 4.12 12.81 8.0 21.1 6.32 6.32 6.4 21.1 10.77 6.32 5.83 8.0 14.42 11.66 6.32 5.0 6.32 5.0 21.1 10.0 6.32 14.42 0.0 13.6 11.66 12.81 6.4 6.32 10.77 4.12 6.32 13.0 14.42 21.1 10.0 13.6 8.0 6.4 4.12
7.81 4.0 13.6 7.21 9.43 7.21 18.44 9.43 11.18 9.43 4.0 9.43 9.43 18.0 9.43 0.0 7.81 9.43 18.79 6.4 9.43 18.79 5.0 7.81 7.21 7.21 18.79 7.81 13.6 18.0 18.0 18.44 18.0 6.4 9.43 11.18 18.44 18.44 18.44 4.0 9.43 18.79 9.43 9.43 9.43 11.18 18.0 9.43 9.43 18.79 25.5 18.44 5.0 0.0 18.44 18.44 6.4 18.44 18.44 4.0 18.0 6.4 7.21 9.43 9.43 25.5 11.18 11.18 4.0 25.5 6.4 11.18 3.0 9.43 18.79 7.81 11.18 0.0 11.18 0.0 25.5 13.6 11.18 18.79 5.0 18.44 7.81 9.43 4.0 11.18 6.4 7.21 11.18 18.0 18.79 25.5 13.6 18.44 9.43 4.0 7.21
25.08 18.0 8.06 12.0 23.35 12.0 0.0 13.6 7.28 23.35 18.0 23.35 13.6 4.0 23.35 18.44 25.08 23.35 4.12 23.0 13.6 4.12 13.6 25.08 12.0 12.0 4.12 25.08 8.06 4.0 4.0 0.0 4.0 23.0 23.35 7.28 0.0 0.0 0.0 18.0 13.6 4.12 13.6 23.35 23.35 7.28 4.0 13.6 23.35 4.12 8.6 0.0 13.6 18.44 0.0 0.0 23.0 0.0 0.0 18.0 4.0 23.0 12.0 23.35 13.6 8.6 7.28 7.28 18.0 8.6 23.0 7.28 19.31 13.6 4.12 25.08 7.28 18.44 7.28 18.44 8.6 8.06 7.28 4.12 13.6 0.0 25.08 23.35 18.0 7.28 23.0 12.0 7.28 4.0 4.12 8.6 8.06 0.0 13.6 18.0 12.0
25.08 18.0 8.06 12.0 23.35 12.0 0.0 13.6 7.28 23.35 18.0 23.35 13.6 4.0 23.35 18.44 25.08 23.35 4.12 23.0 13.6 4.12 13.6 25.08 12.0 12.0 4.12 25.08 8.06 4.0 4.0 0.0 4.0 23.0 23.35 7.28 0.0 0.0 0.0 18.0 13.6 4.12 13.6 23.35 23.35 7.28 4.0 13.6 23.35 4.12 8.6 0.0 13.6 18.44 0.0 0.0 23.0 0.0 0.0 18.0 4.0 23.0 12.0 23.35 13.6 8.6 7.28 7.28 18.0 8.6 23.0 7.28 19.31 13.6 4.12 25.08 7.28 18.44 7.28 18.44 8.6 8.06 7.28 4.12 13.6 0.0 25.08 23.35 18.0 7.28 23.0 12.0 7.28 4.0 4.12 8.6 8.06 0.0 13.6 18.0 12.0
10.0 5.0 16.49 11.0 4.0 11.0 23.0 10.77 16.12 4.0 5.0 4.0 10.77 23.35 4.0 6.4 10.0 4.0 22.36 0.0 10.77 22.36 10.77 10.0 11.0 11.0 22.36 10.0 16.49 23.35 23.35 23.0 23.35 0.0 4.0 16.12 23.0 23.0 23.0 5.0 10.77 22.36 10.77 4.0 4.0 16.12 23.35 10.77 4.0 22.36 28.86 23.0 10.77 6.4 23.0 23.0 0.0 23.0 23.0 5.0 23.35 0.0 11.0 4.0 10.77 28.86 16.12 16.12 5.0 28.86 0.0 16.12 8.6 10.77 22.36 10.0 16.12 6.4 16.12 6.4 28.86 16.49 16.12 22.36 10.77 23.0 10.0 4.0 5.0 16.12 0.0 11.0 16.12 23.35 22.36 28.86 16.49 23.0 10.77 5.0 11.0
25.08 18.0 8.06 12.0 23.35 12.0 0.0 13.6 7.28 23.35 18.0 23.35 13.6 4.0 23.35 18.44 25.08 23.35 4.12 23.0 13.6 4.12 13.6 25.08 12.0 12.0 4.12 25.08 8.06 4.0 4.0 0.0 4.0 23.0 23.35 7.28 0.0 0.0 0.0 18.0 13.6 4.12 13.6 23.35 23.35 7.28 4.0 13.6 23.35 4.12 8.6 0.0 13.6 18.44 0.0 0.0 23.0 0.0 0.0 18.0 4.0 23.0 12.0 23.35 13.6 8.6 7.28 7.28 18.0 8.6 23.0 7.28 19.31 13.6 4.12 25.08 7.28 18.44 7.28 18.44 8.6 8.06 7.28 4.12 13.6 0.0 25.08 23.35 18.0 7.28 23.0 12.0 7.28 4.0 4.12 8.6 8.06 0.0 13.6 18.0 12.0
25.08 18.0 8.06 12.0 23.35 12.0 0.0 13.6 7.28 23.35 18.0 23.35 13.6 4.0 23.35 18.44 25.08 23.35 4.12 23.0 13.6 4.12 13.6 25.08 12.0 12.0 4.12 25.08 8.06 4.0 4.0 0.0 4.0 23.0 23.35 7.28 0.0 0.0 0.0 18.0 13.6 4.12 13.6 23.35 23.35 7.28 4.0 13.6 23.35 4.12 8.6 0.0 13.6 18.44 0.0 0.0 23.0 0.0 0.0 18.0 4.0 23.0 12.0 23.35 13.6 8.6 7.28 7.28 18.0 8.6 23.0 7.28 19.31 13.6 4.12 25.08 7.28 18.44 7.28 18.44 8.6 8.06 7.28 4.12 13.6 0.0 25.08 23.35 18.0 7.28 23.0 12.0 7.28 4.0 4.12 8.6 8.06 0.0 13.6 18.0 12.0
11.18 0.0 11.7 6.0 6.4 6.0 18.0 6.4 11.18 6.4 0.0 6.4 6.4 18.44 6.4 4.0 11.18 6.4 17.46 5.0 6.4 17.46 6.4 11.18 6.0 6.0 17.46 11.18 11.7 18.44 18.44 18.0 18.44 5.0 6.4 11.18 18.0 18.0 18.0 0.0 6.4 17.46 6.4 6.4 6.4 11.18 18.44 6.4 6.4 17.46 24.04 18.0 6.4 4.0 18.0 18.0 5.0 18.0 18.0 0.0 18.44 5.0 6.0 6.4 6.4 24.04 11.18 11.18 0.0 24.04 5.0 11.18 7.0 6.4 17.46 11.18 11.18 4.0 11.18 4.0 24.04 11.7 11.18 17.46 6.4 18.0 11.18 6.4 0.0 11.18 5.0 6.0 11.18 18.44 17.46 24.04 11.7 18.0 6.4 0.0 6.0
23.77 18.44 10.63 12.65 24.35 12.65 4.0 15.26 7.28 24.35 18.44 24.35 15.26 0.0 24.35 18.0 23.77 24.35 8.06 23.35 15.26 8.06 13.0 23.77 12.65 12.65 8.06 23.77 10.63 0.0 0.0 4.0 0.0 23.35 24.35 7.28 4.0 4.0 4.0 18.44 15.26 8.06 15.26 24.35 24.35 7.28 0.0 15.26 24.35 8.06 12.08 4.0 13.0 18.0 4.0 4.0 23.35 4.0 4.0 18.44 0.0 23.35 12.65 24.35 15.26 12.08 7.28 7.28 18.44 12.08 23.35 7.28 18.25 15.26 8.06 23.77 7.28 18.0 7.28 18.0 12.08 10.63 7.28 8.06 13.0 4.0 23.77 24.35 18.44 7.28 23.35 12.65 7.28 0.0 8.06 12.08 10.63 4.0 15.26 18.44 12.65
10.0 5.0 16.49 11.0 4.0 11.0 23.0 10.77 16.12 4.0 5.0 4.0 10.77 23.35 4.0 6.4 10.0 4.0 22.36 0.0 10.77 22.36 10.77 10.0 11.0 11.0 22.36 10.0 16.49 23.35 23.35 23.0 23.35 0.0 4.0 16.12 23.0 23.0 23.0 5.0 10.77 22.36 10.77 4.0 4.0 16.12 23.35 10.77 4.0 22.36 28.86 23.0 10.77 6.4 23.0 23.0 0.0 23.0 23.0 5.0 23.35 0.0 11.0 4.0 10.77 28.86 16.12 16.12 5.0 28.86 0.0 16.12 8.6 10.77 22.36 10.0 16.12 6.4 16.12 6.4 28.86 16.49 16.12 22.36 10.77 23.0 10.0 4.0 5.0 16.12 0.0 11.0 16.12 23.35 22.36 28.86 16.49 23.0 10.77 5.0 11.0
14.87 6.0 6.4 0.0 11.7 0.0 12.0 4.12 5.39 11.7 6.0 11.7 4.12 12.65 11.7 7.21 14.87 11.7 11.7 11.0 4.12 11.7 4.12 14.87 0.0 0.0 11.7 14.87 6.4 12.65 12.65 12.0 12.65 11.0 11.7 5.39 12.0 12.0 12.0 6.0 4.12 11.7 4.12 11.7 11.7 5.39 12.65 4.12 11.7 11.7 18.38 12.0 4.12 7.21 12.0 12.0 11.0 12.0 12.0 6.0 12.65 11.0 0.0 11.7 4.12 18.38 5.39 5.39 6.0 18.38 11.0 5.39 9.22 4.12 11.7 14.87 5.39 7.21 5.39 7.21 18.38 6.4 5.39 11.7 4.12 12.0 14.87 11.7 6.0 5.39 11.0 0.0 5.39 12.65 11.7 18.38 6.4 12.0 4.12 6.0 0.0
14.0 6.4 16.0 11.7 0.0 11.7 23.35 10.0 17.09 0.0 6.4 0.0 10.0 24.35 0.0 9.43 14.0 0.0 22.0 4.0 10.0 22.0 12.81 14.0 11.7 11.7 22.0 14.0 16.0 24.35 24.35 23.35 24.35 4.0 0.0 17.09 23.35 23.35 23.35 6.4 10.0 22.0 10.0 0.0 0.0 17.09 24.35 10.0 0.0 22.0 28.16 23.35 12.81 9.43 23.35 23.35 4.0 23.35 23.35 6.4 24.35 4.0 11.7 0.0 10.0 28.16 17.09 17.09 6.4 28.16 4.0 17.09 12.08 10.0 22.0 14.0 17.09 9.43 17.09 9.43 28.16 16.0 17.09 22.0 12.81 23.35 14.0 0.0 6.4 17.09 4.0 11.7 17.09 24.35 22.0 28.16 16.0 23.35 10.0 6.4 11.7
17.2 6.4 6.0 4.12 10.0 4.12 13.6 0.0 8.49 10.0 6.4 10.0 0.0 15.26 10.0 9.43 17.2 10.0 12.0 10.77 0.0 12.0 8.0 17.2 4.12 4.12 12.0 17.2 6.0 15.26 15.26 13.6 15.26 10.77 10.0 8.49 13.6 13.6 13.6 6.4 0.0 12.0 0.0 10.0 10.0 8.49 15.26 0.0 10.0 12.0 18.25 13.6 8.0 9.43 13.6 13.6 10.77 13.6 13.6 6.4 15.26 10.77 4.12 10.0 0.0 18.25 8.49 8.49 6.4 18.25 10.77 8.49 12.08 0.0 12.0 17.2 8.49 9.43 8.49 9.43 18.25 6.0 8.49 12.0 8.0 13.6 17.2 10.0 6.4 8.49 10.77 4.12 8.49 15.26 12.0 18.25 6.0 13.6 0.0 6.4 4.12
32.76 24.04 12.37 18.38 28.16 18.38 8.6 18.25 15.0 28.16 24.04 28.16 18.25 12.08 28.16 25.5 32.76 28.16 6.71 28.86 18.25 6.71 21.1 32.76 18.38 18.38 6.71 32.76 12.37 12.08 12.08 8.6 12.08 28.86 28.16 15.0 8.6 8.6 8.6 24.04 18.25 6.71 18.25 28.16 28.16 15.0 12.08 18.25 28.16 6.71 0.0 8.6 21.1 25.5 8.6 8.6 28.86 8.6 8.6 24.04 12.08 28.86 18.38 28.16 18.25 0.0 15.0 15.0 24.04 0.0 28.86 15.0 26.93 18.25 6.71 32.76 15.0 25.5 15.0 25.5 0.0 12.37 15.0 6.71 21.1 8.6 32.76 28.16 24.04 15.0 28.86 18.38 15.0 12.08 6.71 0.0 12.37 8.6 18.25 24.04 18.38
17.89 11.18 6.0 5.39 17.09 5.39 7.28 8.49 0.0 17.09 11.18 17.09 8.49 7.28 17.09 11.18 17.89 17.09 8.49 16.12 8.49 8.49 6.32 17.89 5.39 5.39 8.49 17.89 6.0 7.28 7.28 7.28 7.28 16.12 17.09 0.0 7.28 7.28 7.28 11.18 8.49 8.49 8.49 17.09 17.09 0.0 7.28 8.49 17.09 8.49 15.0 7.28 6.32 11.18 7.28 7.28 16.12 7.28 7.28 11.18 7.28 16.12 5.39 17.09 8.49 15.0 0.0 0.0 11.18 15.0 16.12 0.0 12.08 8.49 8.49 17.89 0.0 11.18 0.0 11.18 15.0 6.0 0.0 8.49 6.32 7.28 17.89 17.09 11.18 0.0 16.12 5.39 0.0 7.28 8.49 15.0 6.0 7.28 8.49 11.18 5.39
17.89 11.18 6.0 5.39 17.09 5.39 7.28 8.49 0.0 17.09 11.18 17.09 8.49 7.28 17.09 11.18 17.89 17.09 8.49 16.12 8.49 8.49 6.32 17.89 5.39 5.39 8.49 17.89 6.0 7.28 7.28 7.28 7.28 16.12 17.09 0.0 7.28 7.28 7.28 11.18 8.49 8.49 8.49 17.09 17.09 0.0 7.28 8.49 17.09 8.49 15.0 7.28 6.32 11.18 7.28 7.28 16.12 7.28 7.28 11.18 7.28 16.12 5.39 17.09 8.49 15.0 0.0 0.0 11.18 15.0 16.12 0.0 12.08 8.49 8.49 17.89 0.0 11.18 0.0 11.18 15.0 6.0 0.0 8.49 6.32 7.28 17.89 17.09 11.18 0.0 16.12 5.39 0.0 7.28 8.49 15.0 6.0 7.28 8.49 11.18 5.39
11.18 0.0 11.7 6.0 6.4 6.0 18.0 6.4 11.18 6.4 0.0 6.4 6.4 18.44 6.4 4.0 11.18 6.4 17.46 5.0 6.4 17.46 6.4 11.18 6.0 6.0 17.46 11.18 11.7 18.44 18.44 18.0 18.44 5.0 6.4 11.18 18.0 18.0 18.0 0.0 6.4 17.46 6.4 6.4 6.4 11.18 18.44 6.4 6.4 17.46 24.04 18.0 6.4 4.0 18.0 18.0 5.0 18.0 18.0 0.0 18.44 5.0 6.0 6.4 6.4 24.04 11.18 11.18 0.0 24.04 5.0 11.18 7.0 6.4 17.46 11.18 11.18 4.0 11.18 4.0 24.04 11.7 11.18 17.46 6.4 18.0 11.18 6.4 0.0 11.18 5.0 6.0 11.18 18.44 17.46 24.04 11.7 18.0 6.4 0.0 6.0
32.76 24.04 12.37 18.38 28.16 18.38 8.6 18.25 15.0 28.16 24.04 28.16 18.25 12.08 28.16 25.5 32.76 28.16 6.71 28.86 18.25 6.71 21.1 32.76 18.38 18.38 6.71 32.76 12.37 12.08 12.08 8.6 12.08 28.86 28.16 15.0 8.6 8.6 8.6 24.04 18.25 6.71 18.25 28.16 28.16 15.0 12.08 18.25 28.16 6.71 0.0 8.6 21.1 25.5 8.6 8.6 28.86 8.6 8.6 24.04 12.08 28.86 18.38 28.16 18.25 0.0 15.0 15.0 24.04 0.0 28.86 15.0 26.93 18.25 6.71 32.76 15.0 25.5 15.0 25.5 0.0 12.37 15.0 6.71 21.1 8.6 32.76 28.16 24.04 15.0 28.86 18.38 15.0 12.08 6.71 0.0 12.37 8.6 18.25 24.04 18.38
10.0 5.0 16.49 11.0 4.0 11.0 23.0 10.77 16.12 4.0 5.0 4.0 10.77 23.35 4.0 6.4 10.0 4.0 22.36 0.0 10.77 22.36 10.77 10.0 11.0 11.0 22.36 10.0 16.49 23.35 23.35 23.0 23.35 0.0 4.0 16.12 23.0 23.0 23.0 5.0 10.77 22.36 10.77 4.0 4.0 16.12 23.35 10.77 4.0 22.36 28.86 23.0 10.77 6.4 23.0 23.0 0.0 23.0 23.0 5.0 23.35 0.0 11.0 4.0 10.77 28.86 16.12 16.12 5.0 28.86 0.0 16.12 8.6 10.77 22.36 10.0 16.12 6.4 16.12 6.4 28.86 16.49 16.12 22.36 10.77 23.0 10.0 4.0 5.0 16.12 0.0 11.0 16.12 23.35 22.36 28.86 16.49 23.0 10.77 5.0 11.0
17.89 11.18 6.0 5.39 17.09 5.39 7.28 8.49 0.0 17.09 11.18 17.09 8.49 7.28 17.09 11.18 17.89 17.09 8.49 16.12 8.49 8.49 6.32 17.89 5.39 5.39 8.49 17.89 6.0 7.28 7.28 7.28 7.28 16.12 17.09 0.0 7.28 7.28 7.28 11.18 8.49 8.49 8.49 17.09 17.09 0.0 7.28 8.49 17.09 8.49 15.0 7.28 6.32 11.18 7.28 7.28 16.12 7.28 7.28 11.18 7.28 16.12 5.39 17.09 8.49 15.0 0.0 0.0 11.18 15.0 16.12 0.0 12.08 8.49 8.49 17.89 0.0 11.18 0.0 11.18 15.0 6.0 0.0 8.49 6.32 7.28 17.89 17.09 11.18 0.0 16.12 5.39 0.0 7.28 8.49 15.0 6.0 7.28 8.49 11.18 5.39
5.83 7.0 15.56 9.22 12.08 9.22 19.31 12.08 12.08 12.08 7.0 12.08 12.08 18.25 12.08 3.0 5.83 12.08 20.25 8.6 12.08 20.25 5.83 5.83 9.22 9.22 20.25 5.83 15.56 18.25 18.25 19.31 18.25 8.6 12.08 12.08 19.31 19.31 19.31 7.0 12.08 20.25 12.08 12.08 12.08 12.08 18.25 12.08 12.08 20.25 26.93 19.31 5.83 3.0 19.31 19.31 8.6 19.31 19.31 7.0 18.25 8.6 9.22 12.08 12.08 26.93 12.08 12.08 7.0 26.93 8.6 12.08 0.0 12.08 20.25 5.83 12.08 3.0 12.08 3.0 26.93 15.56 12.08 20.25 5.83 19.31 5.83 12.08 7.0 12.08 8.6 9.22 12.08 18.25 20.25 26.93 15.56 19.31 12.08 7.0 9.22
17.2 6.4 6.0 4.12 10.0 4.12 13.6 0.0 8.49 10.0 6.4 10.0 0.0 15.26 10.0 9.43 17.2 10.0 12.0 10.77 0.0 12.0 8.0 17.2 4.12 4.12 12.0 17.2 6.0 15.26 15.26 13.6 15.26 10.77 10.0 8.49 13.6 13.6 13.6 6.4 0.0 12.0 0.0 10.0 10.0 8.49 15.26 0.0 10.0 12.0 18.25 13.6 8.0 9.43 13.6 13.6 10.77 13.6 13.6 6.4 15.26 10.77 4.12 10.0 0.0 18.25 8.49 8.49 6.4 18.25 10.77 8.49 12.08 0.0 12.0 17.2 8.49 9.43 8.49 9.43 18.25 6.0 8.49 12.0 8.0 13.6 17.2 10.0 6.4 8.49 10.77 4.12 8.49 15.26 12.0 18.25 6.0 13.6 0.0 6.4 4.12
26.08 17.46 6.0 11.7 22.0 11.7 4.12 12.0 8.49 22.0 17.46 22.0 12.0 8.06 22.0 18.79 26.08 22.0 0.0 22.36 12.0 0.0 14.42 26.08 11.7 11.7 0.0 26.08 6.0 8.06 8.06 4.12 8.06 22.36 22.0 8.49 4.12 4.12 4.12 17.46 12.0 0.0 12.0 22.0 22.0 8.49 8.06 12.0 22.0 0.0 6.71 4.12 14.42 18.79 4.12 4.12 22.36 4.12 4.12 17.46 8.06 22.36 11.7 22.0 12.0 6.71 8.49 8.49 17.46 6.71 22.36 8.49 20.25 12.0 0.0 26.08 8.49 18.79 8.49 18.79 6.71 6.0 8.49 0.0 14.42 4.12 26.08 22.0 17.46 8.49 22.36 11.7 8.49 8.06 0.0 6.71 6.0 4.12 12.0 17.46 11.7
0.0 11.18 21.26 14.87 14.0 14.87 25.08 17.2 17.89 14.0 11.18 14.0 17.2 23.77 14.0 7.81 0.0 14.0 26.08 10.0 17.2 26.08 11.66 0.0 14.87 14.87 26.08 0.0 21.26 23.77 23.77 25.08 23.77 10.0 14.0 17.89 25.08 25.08 25.08 11.18 17.2 26.08 17.2 14.0 14.0 17.89 23.77 17.2 14.0 26.08 32.76 25.08 11.66 7.81 25.08 25.08 10.0 25.08 25.08 11.18 23.77 10.0 14.87 14.0 17.2 32.76 17.89 17.89 11.18 32.76 10.0 17.89 5.83 17.2 26.08 0.0 17.89 7.81 17.89 7.81 32.76 21.26 17.89 26.08 11.66 25.08 0.0 14.0 11.18 17.89 10.0 14.87 17.89 23.77 26.08 32.76 21.26 25.08 17.2 11.18 14.87
17.89 11.18 6.0 5.39 17.09 5.39 7.28 8.49 0.0 17.09 11.18 17.09 8.49 7.28 17.09 11.18 17.89 17.09 8.49 16.12 8.49 8.49 6.32 17.89 5.39 5.39 8.49 17.89 6.0 7.28 7.28 7.28 7.28 16.12 17.09 0.0 7.28 7.28 7.28 11.18 8.49 8.49 8.49 17.09 17.09 0.0 7.28 8.49 17.09 8.49 15.0 7.28 6.32 11.18 7.28 7.28 16.12 7.28 7.28 11.18 7.28 16.12 5.39 17.09 8.49 15.0 0.0 0.0 11.18 15.0 16.12 0.0 12.08 8.49 8.49 17.89 0.0 11.18 0.0 11.18 15.0 6.0 0.0 8.49 6.32 7.28 17.89 17.09 11.18 0.0 16.12 5.39 0.0 7.28 8.49 15.0 6.0 7.28 8.49 11.18 5.39
7.81 4.0 13.6 7.21 9.43 7.21 18.44 9.43 11.18 9.43 4.0 9.43 9.43 18.0 9.43 0.0 7.81 9.43 18.79 6.4 9.43 18.79 5.0 7.81 7.21 7.21 18.79 7.81 13.6 18.0 18.0 18.44 18.0 6.4 9.43 11.18 18.44 18.44 18.44 4.0 9.43 18.79 9.43 9.43 9.43 11.18 18.0 9.43 9.43 18.79 25.5 18.44 5.0 0.0 18.44 18.44 6.4 18.44 18.44 4.0 18.0 6.4 7.21 9.43 9.43 25.5 11.18 11.18 4.0 25.5 6.4 11.18 3.0 9.43 18.79 7.81 11.18 0.0 11.18 0.0 25.5 13.6 11.18 18.79 5.0 18.44 7.81 9.43 4.0 11.18 6.4 7.21 11.18 18.0 18.79 25.5 13.6 18.44 9.43 4.0 7.21
17.89 11.18 6.0 5.39 17.09 5.39 7.28 8.49 0.0 17.09 11.18 17.09 8.49 7.28 17.09 11.18 17.89 17.09 8.49 16.12 8.49 8.49 6.32 17.89 5.39 5.39 8.49 17.89 6.0 7.28 7.28 7.28 7.28 16.12 17.09 0.0 7.28 7.28 7.28 11.18 8.49 8.49 8.49 17.09 17.09 0.0 7.28 8.49 17.09 8.49 15.0 7.28 6.32 11.18 7.28 7.28 16.12 7.28 7.28 11.18 7.28 16.12 5.39 17.09 8.49 15.0 0.0 0.0 11.18 15.0 16.12 0.0 12.08 8.49 8.49 17.89 0.0 11.18 0.0 11.18 15.0 6.0 0.0 8.49 6.32 7.28 17.89 17.09 11.18 0.0 16.12 5.39 0.0 7.28 8.49 15.0 6.0 7.28 8.49 11.18 5.39
7.81 4.0 13.6 7.21 9.43 7.21 18.44 9.43 11.18 9.43 4.0 9.43 9.43 18.0 9.43 0.0 7.81 9.43 18.79 6.4 9.43 18.79 5.0 7.81 7.21 7.21 18.79 7.81 13.6 18.0 18.0 18.44 18.0 6.4 9.43 11.18 18.44 18.44 18.44 4.0 9.43 18.79 9.43 9.43 9.43 11.18 18.0 9.43 9.43 18.79 25.5 18.44 5.0 0.0 18.44 18.44 6.4 18.44 18.44 4.0 18.0 6.4 7.21 9.43 9.43 25.5 11.18 11.18 4.0 25.5 6.4 11.18 3.0 9.43 18.79 7.81 11.18 0.0 11.18 0.0 25.5 13.6 11.18 18.79 5.0 18.44 7.81 9.43 4.0 11.18 6.4 7.21 11.18 18.0 18.79 25.5 13.6 18.44 9.43 4.0 7.21
32.76 24.04 12.37 18.38 28.16 18.38 8.6 18.25 15.0 28.16 24.04 28.16 18.25 12.08 28.16 25.5 32.76 28.16 6.71 28.86 18.25 6.71 21.1 32.76 18.38 18.38 6.71 32.76 12.37 12.08 12.08 8.6 12.08 28.86 28.16 15.0 8.6 8.6 8.6 24.04 18.25 6.71 18.25 28.16 28.16 15.0 12.08 18.25 28.16 6.71 0.0 8.6 21.1 25.5 8.6 8.6 28.86 8.6 8.6 24.04 12.08 28.86 18.38 28.16 18.25 0.0 15.0 15.0 24.04 0.0 28.86 15.0 26.93 18.25 6.71 32.76 15.0 25.5 15.0 25.5 0.0 12.37 15.0 6.71 21.1 8.6 32.76 28.16 24.04 15.0 28.86 18.38 15.0 12.08 6.71 0.0 12.37 8.6 18.25 24.04 18.38
21.26 11.7 0.0 6.4 16.0 6.4 8.06 6.0 6.0 16.0 11.7 16.0 6.0 10.63 16.0 13.6 21.26 16.0 6.0 16.49 6.0 6.0 10.0 21.26 6.4 6.4 6.0 21.26 0.0 10.63 10.63 8.06 10.63 16.49 16.0 6.0 8.06 8.06 8.06 11.7 6.0 6.0 6.0 16.0 16.0 6.0 10.63 6.0 16.0 6.0 12.37 8.06 10.0 13.6 8.06 8.06 16.49 8.06 8.06 11.7 10.63 16.49 6.4 16.0 6.0 12.37 6.0 6.0 11.7 12.37 16.49 6.0 15.56 6.0 6.0 21.26 6.0 13.6 6.0 13.6 12.37 0.0 6.0 6.0 10.0 8.06 21.26 16.0 11.7 6.0 16.49 6.4 6.0 10.63 6.0 12.37 0.0 8.06 6.0 11.7 6.4
17.89 11.18 6.0 5.39 17.09 5.39 7.28 8.49 0.0 17.09 11.18 17.09 8.49 7.28 17.09 11.18 17.89 17.09 8.49 16.12 8.49 8.49 6.32 17.89 5.39 5.39 8.49 17.89 6.0 7.28 7.28 7.28 7.28 16.12 17.09 0.0 7.28 7.28 7.28 11.18 8.49 8.49 8.49 17.09 17.09 0.0 7.28 8.49 17.09 8.49 15.0 7.28 6.32 11.18 7.28 7.28 16.12 7.28 7.28 11.18 7.28 16.12 5.39 17.09 8.49 15.0 0.0 0.0 11.18 15.0 16.12 0.0 12.08 8.49 8.49 17.89 0.0 11.18 0.0 11.18 15.0 6.0 0.0 8.49 6.32 7.28 17.89 17.09 11.18 0.0 16.12 5.39 0.0 7.28 8.49 15.0 6.0 7.28 8.49 11.18 5.39
26.08 17.46 6.0 11.7 22.0 11.7 4.12 12.0 8.49 22.0 17.46 22.0 12.0 8.06 22.0 18.79 26.08 22.0 0.0 22.36 12.0 0.0 14.42 26.08 11.7 11.7 0.0 26.08 6.0 8.06 8.06 4.12 8.06 22.36 22.0 8.49 4.12 4.12 4.12 17.46 12.0 0.0 12.0 22.0 22.0 8.49 8.06 12.0 22.0 0.0 6.71 4.12 14.42 18.79 4.12 4.12 22.36 4.12 4.12 17.46 8.06 22.36 11.7 22.0 12.0 6.71 8.49 8.49 17.46 6.71 22.36 8.49 20.25 12.0 0.0 26.08 8.49 18.79 8.49 18.79 6.71 6.0 8.49 0.0 14.42 4.12 26.08 22.0 17.46 8.49 22.36 11.7 8.49 8.06 0.0 6.71 6.0 4.12 12.0 17.46 11.7
11.66 6.4 10.0 4.12 12.81 4.12 13.6 8.0 6.32 12.81 6.4 12.81 8.0 13.0 12.81 5.0 11.66 12.81 14.42 10.77 8.0 14.42 0.0 11.66 4.12 4.12 14.42 11.66 10.0 13.0 13.0 13.6 13.0 10.77 12.81 6.32 13.6 13.6 13.6 6.4 8.0 14.42 8.0 12.81 12.81 6.32 13.0 8.0 12.81 14.42 21.1 13.6 0.0 5.0 13.6 13.6 10.77 13.6 13.6 6.4 13.0 10.77 4.12 12.81 8.0 21.1 6.32 6.32 6.4 21.1 10.77 6.32 5.83 8.0 14.42 11.66 6.32 5.0 6.32 5.0 21.1 10.0 6.32 14.42 0.0 13.6 11.66 12.81 6.4 6.32 10.77 4.12 6.32 13.0 14.42 21.1 10.0 13.6 8.0 6.4 4.12
25.08 18.0 8.06 12.0 23.35 12.0 0.0 13.6 7.28 23.35 18.0 23.35 13.6 4.0 23.35 18.44 25.08 23.35 4.12 23.0 13.6 4.12 13.6 25.08 12.0 12.0 4.12 25.08 8.06 4.0 4.0 0.0 4.0 23.0 23.35 7.28 0.0 0.0 0.0 18.0 13.6 4.12 13.6 23.35 23.35 7.28 4.0 13.6 23.35 4.12 8.6 0.0 13.6 18.44 0.0 0.0 23.0 0.0 0.0 18.0 4.0 23.0 12.0 23.35 13.6 8.6 7.28 7.28 18.0 8.6 23.0 7.28 19.31 13.6 4.12 25.08 7.28 18.44 7.28 18.44 8.6 8.06 7.28 4.12 13.6 0.0 25.08 23.35 18.0 7.28 23.0 12.0 7.28 4.0 4.12 8.6 8.06 0.0 13.6 18.0 12.0
0.0 11.18 21.26 14.87 14.0 14.87 25.08 17.2 17.89 14.0 11.18 14.0 17.2 23.77 14.0 7.81 0.0 14.0 26.08 10.0 17.2 26.08 11.66 0.0 14.87 14.87 26.08 0.0 21.26 23.77 23.77 25.08 23.77 10.0 14.0 17.89 25.08 25.08 25.08 11.18 17.2 26.08 17.2 14.0 14.0 17.89 23.77 17.2 14.0 26.08 32.76 25.08 11.66 7.81 25.08 25.08 10.0 25.08 25.08 11.18 23.77 10.0 14.87 14.0 17.2 32.76 17.89 17.89 11.18 32.76 10.0 17.89 5.83 17.2 26.08 0.0 17.89 7.81 17.89 7.81 32.76 21.26 17.89 26.08 11.66 25.08 0.0 14.0 11.18 17.89 10.0 14.87 17.89 23.77 26.08 32.76 21.26 25.08 17.2 11.18 14.87
14.0 6.4 16.0 11.7 0.0 11.7 23.35 10.0 17.09 0.0 6.4 0.0 10.0 24.35 0.0 9.43 14.0 0.0 22.0 4.0 10.0 22.0 12.81 14.0 11.7 11.7 22.0 14.0 16.0 24.35 24.35 23.35 24.35 4.0 0.0 17.09 23.35 23.35 23.35 6.4 10.0 22.0 10.0 0.0 0.0 17.09 24.35 10.0 0.0 22.0 28.16 23.35 12.81 9.43 23.35 23.35 4.0 23.35 23.35 6.4 24.35 4.0 11.7 0.0 10.0 28.16 17.09 17.09 6.4 28.16 4.0 17.09 12.08 10.0 22.0 14.0 17.09 9.43 17.09 9.43 28.16 16.0 17.09 22.0 12.81 23.35 14.0 0.0 6.4 17.09 4.0 11.7 17.09 24.35 22.0 28.16 16.0 23.35 10.0 6.4 11.7
11.18 0.0 11.7 6.0 6.4 6.0 18.0 6.4 11.18 6.4 0.0 6.4 6.4 18.44 6.4 4.0 11.18 6.4 17.46 5.0 6.4 17.46 6.4 11.18 6.0 6.0 17.46 11.18 11.7 18.44 18.44 18.0 18.44 5.0 6.4 11.18 18.0 18.0 18.0 0.0 6.4 17.46 6.4 6.4 6.4 11.18 18.44 6.4 6.4 17.46 24.04 18.0 6.4 4.0 18.0 18.0 5.0 18.0 18.0 0.0 18.44 5.0 6.0 6.4 6.4 24.04 11.18 11.18 0.0 24.04 5.0 11.18 7.0 6.4 17.46 11.18 11.18 4.0 11.18 4.0 24.04 11.7 11.18 17.46 6.4 18.0 11.18 6.4 0.0 11.18 5.0 6.0 11.18 18.44 17.46 24.04 11.7 18.0 6.4 0.0 6.0
17.89 11.18 6.0 5.39 17.09 5.39 7.28 8.49 0.0 17.09 11.18 17.09 8.49 7.28 17.09 11.18 17.89 17.09 8.49 16.12 8.49 8.49 6.32 17.89 5.39 5.39 8.49 17.89 6.0 7.28 7.28 7.28 7.28 16.12 17.09 0.0 7.28 7.28 7.28 11.18 8.49 8.49 8.49 17.09 17.09 0.0 7.28 8.49 17.09 8.49 15.0 7.28 6.32 11.18 7.28 7.28 16.12 7.28 7.28 11.18 7.28 16.12 5.39 17.09 8.49 15.0 0.0 0.0 11.18 15.0 16.12 0.0 12.08 8.49 8.49 17.89 0.0 11.18 0.0 11.18 15.0 6.0 0.0 8.49 6.32 7.28 17.89 17.09 11.18 0.0 16.12 5.39 0.0 7.28 8.49 15.0 6.0 7.28 8.49 11.18 5.39
10.0 5.0 16.49 11.0 4.0 11.0 23.0 10.77 16.12 4.0 5.0 4.0 10.77 23.35 4.0 6.4 10.0 4.0 22.36 0.0 10.77 22.36 10.77 10.0 11.0 11.0 22.36 10.0 16.49 23.35 23.35 23.0 23.35 0.0 4.0 16.12 23.0 23.0 23.0 5.0 10.77 22.36 10.77 4.0 4.0 16.12 23.35 10.77 4.0 22.36 28.86 23.0 10.77 6.4 23.0 23.0 0.0 23.0 23.0 5.0 23.35 0.0 11.0 4.0 10.77 28.86 16.12 16.12 5.0 28.86 0.0 16.12 8.6 10.77 22.36 10.0 16.12 6.4 16.12 6.4 28.86 16.49 16.12 22.36 10.77 23.0 10.0 4.0 5.0 16.12 0.0 11.0 16.12 23.35 22.36 28.86 16.49 23.0 10.77 5.0 11.0
14.87 6.0 6.4 0.0 11.7 0.0 12.0 4.12 5.39 11.7 6.0 11.7 4.12 12.65 11.7 7.21 14.87 11.7 11.7 11.0 4.12 11.7 4.12 14.87 0.0 0.0 11.7 14.87 6.4 12.65 12.65 12.0 12.65 11.0 11.7 5.39 12.0 12.0 12.0 6.0 4.12 11.7 4.12 11.7 11.7 5.39 12.65 4.12 11.7 11.7 18.38 12.0 4.12 7.21 12.0 12.0 11.0 12.0 12.0 6.0 12.65 11.0 0.0 11.7 4.12 18.38 5.39 5.39 6.0 18.38 11.0 5.39 9.22 4.12 11.7 14.87 5.39 7.21 5.39 7.21 18.38 6.4 5.39 11.7 4.12 12.0 14.87 11.7 6.0 5.39 11.0 0.0 5.39 12.65 11.7 18.38 6.4 12.0 4.12 6.0 0.0
17.89 11.18 6.0 5.39 17.09 5.39 7.28 8.49 0.0 17.09 11.18 17.09 8.49 7.28 17.09 11.18 17.89 17.09 8.49 16.12 8.49 8.49 6.32 17.89 5.39 5.39 8.49 17.89 6.0 7.28 7.28 7.28 7.28 16.12 17.09 0.0 7.28 7.28 7.28 11.18 8.49 8.49 8.49 17.09 17.09 0.0 7.28 8.49 17.09 8.49 15.0 7.28 6.32 11.18 7.28 7.28 16.12 7.28 7.28 11.18 7.28 16.12 5.39 17.09 8.49 15.0 0.0 0.0 11.18 15.0 16.12 0.0 12.08 8.49 8.49 17.89 0.0 11.18 0.0 11.18 15.0 6.0 0.0 8.49 6.32 7.28 17.89 17.09 11.18 0.0 16.12 5.39 0.0 7.28 8.49 15.0 6.0 7.28 8.49 11.18 5.39
23.77 18.44 10.63 12.65 24.35 12.65 4.0 15.26 7.28 24.35 18.44 24.35 15.26 0.0 24.35 18.0 23.77 24.35 8.06 23.35 15.26 8.06 13.0 23.77 12.65 12.65 8.06 23.77 10.63 0.0 0.0 4.0 0.0 23.35 24.35 7.28 4.0 4.0 4.0 18.44 15.26 8.06 15.26 24.35 24.35 7.28 0.0 15.26 24.35 8.06 12.08 4.0 13.0 18.0 4.0 4.0 23.35 4.0 4.0 18.44 0.0 23.35 12.65 24.35 15.26 12.08 7.28 7.28 18.44 12.08 23.35 7.28 18.25 15.26 8.06 23.77 7.28 18.0 7.28 18.0 12.08 10.63 7.28 8.06 13.0 4.0 23.77 24.35 18.44 7.28 23.35 12.65 7.28 0.0 8.06 12.08 10.63 4.0 15.26 18.44 12.65
26.08 17.46 6.0 11.7 22.0 11.7 4.12 12.0 8.49 22.0 17.46 22.0 12.0 8.06 22.0 18.79 26.08 22.0 0.0 22.36 12.0 0.0 14.42 26.08 11.7 11.7 0.0 26.08 6.0 8.06 8.06 4.12 8.06 22.36 22.0 8.49 4.12 4.12 4.12 17.46 12.0 0.0 12.0 22.0 22.0 8.49 8.06 12.0 22.0 0.0 6.71 4.12 14.42 18.79 4.12 4.12 22.36 4.12 4.12 17.46 8.06 22.36 11.7 22.0 12.0 6.71 8.49 8.49 17.46 6.71 22.36 8.49 20.25 12.0 0.0 26.08 8.49 18.79 8.49 18.79 6.71 6.0 8.49 0.0 14.42 4.12 26.08 22.0 17.46 8.49 22.36 11.7 8.49 8.06 0.0 6.71 6.0 4.12 12.0 17.46 11.7
32.76 24.04 12.37 18.38 28.16 18.38 8.6 18.25 15.0 28.16 24.04 28.16 18.25 12.08 28.16 25.5 32.76 28.16 6.71 28.86 18.25 6.71 21.1 32.76 18.38 18.38 6.71 32.76 12.37 12.08 12.08 8.6 12.08 28.86 28.16 15.0 8.6 8.6 8.6 24.04 18.25 6.71 18.25 28.16 28.16 15.0 12.08 18.25 28.16 6.71 0.0 8.6 21.1 25.5 8.6 8.6 28.86 8.6 8.6 24.04 12.08 28.86 18.38 28.16 18.25 0.0 15.0 15.0 24.04 0.0 28.86 15.0 26.93 18.25 6.71 32.76 15.0 25.5 15.0 25.5 0.0 12.37 15.0 6.71 21.1 8.6 32.76 28.16 24.04 15.0 28.86 18.38 15.0 12.08 6.71 0.0 12.37 8.6 18.25 24.04 18.38
21.26 11.7 0.0 6.4 16.0 6.4 8.06 6.0 6.0 16.0 11.7 16.0 6.0 10.63 16.0 13.6 21.26 16.0 6.0 16.49 6.0 6.0 10.0 21.26 6.4 6.4 6.0 21.26 0.0 10.63 10.63 8.06 10.63 16.49 16.0 6.0 8.06 8.06 8.06 11.7 6.0 6.0 6.0 16.0 16.0 6.0 10.63 6.0 16.0 6.0 12.37 8.06 10.0 13.6 8.06 8.06 16.49 8.06 8.06 11.7 10.63 16.49 6.4 16.0 6.0 12.37 6.0 6.0 11.7 12.37 16.49 6.0 15.56 6.0 6.0 21.26 6.0 13.6 6.0 13.6 12.37 0.0 6.0 6.0 10.0 8.06 21.26 16.0 11.7 6.0 16.49 6.4 6.0 10.63 6.0 12.37 0.0 8.06 6.0 11.7 6.4
25.08 18.0 8.06 12.0 23.35 12.0 0.0 13.6 7.28 23.35 18.0 23.35 13.6 4.0 23.35 18.44 25.08 23.35 4.12 23.0 13.6 4.12 13.6 25.08 12.0 12.0 4.12 25.08 8.06 4.0 4.0 0.0 4.0 23.0 23.35 7.28 0.0 0.0 0.0 18.0 13.6 4.12 13.6 23.35 23.35 7.28 4.0 13.6 23.35 4.12 8.6 0.0 13.6 18.44 0.0 0.0 23.0 0.0 0.0 18.0 4.0 23.0 12.0 23.35 13.6 8.6 7.28 7.28 18.0 8.6 23.0 7.28 19.31 13.6 4.12 25.08 7.28 18.44 7.28 18.44 8.6 8.06 7.28 4.12 13.6 0.0 25.08 23.35 18.0 7.28 23.0 12.0 7.28 4.0 4.12 8.6 8.06 0.0 13.6 18.0 12.0
17.2 6.4 6.0 4.12 10.0 4.12 13.6 0.0 8.49 10.0 6.4 10.0 0.0 15.26 10.0 9.43 17.2 10.0 12.0 10.77 0.0 12.0 8.0 17.2 4.12 4.12 12.0 17.2 6.0 15.26 15.26 13.6 15.26 10.77 10.0 8.49 13.6 13.6 13.6 6.4 0.0 12.0 0.0 10.0 10.0 8.49 15.26 0.0 10.0 12.0 18.25 13.6 8.0 9.43 13.6 13.6 10.77 13.6 13.6 6.4 15.26 10.77 4.12 10.0 0.0 18.25 8.49 8.49 6.4 18.25 10.77 8.49 12.08 0.0 12.0 17.2 8.49 9.43 8.49 9.43 18.25 6.0 8.49 12.0 8.0 13.6 17.2 10.0 6.4 8.49 10.77 4.12 8.49 15.26 12.0 18.25 6.0 13.6 0.0 6.4 4.12
11.18 0.0 11.7 6.0 6.4 6.0 18.0 6.4 11.18 6.4 0.0 6.4 6.4 18.44 6.4 4.0 11.18 6.4 17.46 5.0 6.4 17.46 6.4 11.18 6.0 6.0 17.46 11.18 11.7 18.44 18.44 18.0 18.44 5.0 6.4 11.18 18.0 18.0 18.0 0.0 6.4 17.46 6.4 6.4 6.4 11.18 18.44 6.4 6.4 17.46 24.04 18.0 6.4 4.0 18.0 18.0 5.0 18.0 18.0 0.0 18.44 5.0 6.0 6.4 6.4 24.04 11.18 11.18 0.0 24.04 5.0 11.18 7.0 6.4 17.46 11.18 11.18 4.0 11.18 4.0 24.04 11.7 11.18 17.46 6.4 18.0 11.18 6.4 0.0 11.18 5.0 6.0 11.18 18.44 17.46 24.04 11.7 18.0 6.4 0.0 6.0
14.87 6.0 6.4 0.0 11.7 0.0 12.0 4.12 5.39 11.7 6.0 11.7 4.12 12.65 11.7 7.21 14.87 11.7 11.7 11.0 4.12 11.7 4.12 14.87 0.0 0.0 11.7 14.87 6.4 12.65 12.65 12.0 12.65 11.0 11.7 5.39 12.0 12.0 12.0 6.0 4.12 11.7 4.12 11.7 11.7 5.39 12.65 4.12 11.7 11.7 18.38 12.0 4.12 7.21 12.0 12.0 11.0 12.0 12.0 6.0 12.65 11.0 0.0 11.7 4.12 18.38 5.39 5.39 6.0 18.38 11.0 5.39 9.22 4.12 11.7 14.87 5.39 7.21 5.39 7.21 18.38 6.4 5.39 11.7 4.12 12.0 14.87 11.7 6.0 5.39 11.0 0.0 5.39 12.65 11.7 18.38 6.4 12.0 4.12 6.0 0.0
